,,,,,,,,,,,,,,,,,,,,,,,,,,,,,,,,,,,,,,,,,,,,,,,,,,,,,,,,,,,,,,,,,,,,,,,,,,,,,,,,,,,,,,,,,,,,,,,,,,,,,,,,
0,-0.11372,-0.38888,-0.18945,-0.033739,-0.47376,0.23931,-0.12958,0.39828,-0.30232,-0.17128,-0.39817,-0.36459,-0.2939,-0.60764,-0.72043,-0.40952,-0.56328,-0.1468,-0.38502,-0.53542,-0.56836,-0.1197,-0.38955,0.019873,-0.07419,-0.22098,-0.12457,-0.1523,-0.033299,-0.35048,-0.32666,-0.68368,-0.38507,-0.24016,-0.082629,-0.33527,-0.10039,0.051094,0.13375,0.26296,-0.18208,-0.19226,-0.32551,-0.43737,-0.16844,-0.50846,-0.44756,-0.73445,-0.31687,-0.35489,-0.52457,0.12598,-0.31909,-0.35367,-0.30728,-0.26955,-0.47692,-0.51167,-0.058706,-0.45036,-0.73027,-0.50414,-0.47043,-0.54828,-0.42726,-0.44449,-0.29406,-0.19593,-0.27404,-0.39465,-0.33822,-0.30657,-0.40272,-0.31548,-0.073271,-0.15071,-0.48739,-0.31405,-0.43321,-0.26996,-0.36134,-0.32584,-0.17108,-0.214,-0.22542,-0.17471,-0.49725,-0.41051,-0.41,-0.33145,-0.29163,-0.35555,-0.12433,-0.45337,-0.34991,-0.31761,-0.55961,-0.21684,-0.6727,-0.51346,-0.57506,-0.38146,-0.32462,-0.41252
-0.11372,0,-0.43256,-0.192,-0.40511,-0.10897,-0.39793,0.20853,-0.15014,0.20035,-0.18802,-0.01986,-0.27032,-0.21037,-0.5681,-0.36162,-0.27532,-0.3376,-0.062882,-0.37878,-0.22187,-0.37317,0.024841,-0.11168,-0.24177,-0.17782,0.045726,-0.21388,-0.40147,-0.13546,-0.11438,-0.091293,-0.6058,-0.39812,-0.48331,0.036369,-0.71848,-0.40419,-0.38102,0.11454,-0.059486,0.20237,-0.26248,-0.068876,-0.18217,-0.017675,-0.55213,-0.50533,-0.4903,-0.40801,-0.29456,-0.40711,-0.17866,0.092505,-0.23433,-0.26202,-0.3205,-0.53935,-0.49281,-0.075729,0.10245,-0.7899,-0.45104,-0.55554,-0.39753,-0.52844,-0.50434,-0.61398,-0.29955,-0.36581,-0.44278,-0.35702,-0.23921,-0.44111,-0.33387,-0.52009,-0.018668,-0.49195,-0.40464,-0.59223,-0.55691,-0.33232,-0.31764,-0.18072,-0.30095,-0.33388,-0.42909,-0.59614,-0.45164,-0.35463,-0.32559,-0.5036,-0.26745,-0.023443,-0.12747,-0.24598,-0.24296,-0.50299,-0.18592,-0.71141,-0.56331,-0.78485,-0.29929,-0.20626,-0.29215
-0.38888,-0.43256,0,0.44484,-0.34413,-0.23912,-0.38142,-0.28378,-0.30587,-0.54736,-0.28589,-0.28802,0.08809,0.024715,-0.16404,-0.49676,0.15062,0.080377,-0.03567,0.050428,-0.3334,-0.35426,-0.5042,-0.35252,-0.36919,-0.35483,-0.60608,-0.51108,-0.296,-0.45249,-0.44754,-0.29825,-0.0013919,0.11773,-0.54795,-0.46247,-0.011162,-0.071034,-0.35646,-0.32407,-0.52791,-0.50548,-0.71292,-0.53048,-0.27799,-0.13279,-0.21771,-0.21011,-0.51941,-0.33222,-0.27012,-0.35732,-0.35527,-0.4107,-0.13432,-0.64333,-0.62645,-0.4643,-0.41642,-0.31486,-0.35752,-0.29473,-0.24349,0.023243,0.017269,-0.34437,-0.2162,-0.32314,-0.34831,-0.34553,-0.4195,-0.24559,-0.26484,-0.29971,-0.098239,0.056003,-0.099984,0.36379,0.34474,0.024182,-0.065286,0.22972,0.4776,0.19052,0.17657,0.34707,0.093497,-0.27208,-0.36933,-0.26808,-0.12989,-0.11887,0.010329,-0.30545,-0.16103,-0.070814,-0.12548,-0.077008,-0.33051,-0.1641,-0.28258,-0.10673,-0.28161,-0.43064,0.043748
-0.18945,-0.192,0.44484,0,-0.36016,-0.22831,-0.31725,-0.12995,-0.087177,-0.40109,-0.24053,-0.25651,0.040039,0.06456,-0.24278,-0.45954,0.12357,-0.041198,0.07768,-0.037455,-0.35853,-0.3646,-0.3848,-0.34311,-0.257,-0.28513,-0.4742,-0.38659,-0.20358,-0.33385,-0.458,-0.23226,-0.24464,0.16028,-0.58591,-0.26079,-0.19278,0.017695,-0.33273,-0.12253,-0.29706,-0.3852,-0.5553,-0.36171,-0.31163,-0.0050881,-0.23457,-0.19824,-0.63145,-0.36324,-0.26074,-0.34271,-0.1315,-0.20601,0.006127,-0.5044,-0.4568,-0.39055,-0.35873,-0.19822,-0.26174,-0.45644,-0.25908,-0.16209,-0.073305,-0.3144,-0.21573,-0.38832,-0.26721,-0.30297,-0.3611,-0.25451,-0.18273,-0.32731,-0.032966,0.060545,0.18474,0.2368,0.34547,-0.049522,-0.029929,0.21197,0.56451,0.41427,0.33468,0.38636,0.16495,-0.29835,-0.29265,-0.23367,0.008811,-0.15617,0.033659,-0.1788,-0.14446,-0.064407,-0.072233,-0.17658,-0.27788,-0.40112,-0.43116,-0.2506,-0.29275,-0.35567,0.0024908
-0.033739,-0.40511,-0.34413,-0.36016,0,-0.27694,0.17417,-0.21752,-0.20308,-0.50099,0.18774,-0.24663,-0.2367,-0.25341,-0.60461,-0.78477,-0.43951,-0.47334,-0.38056,-0.42826,-0.73919,-0.76116,-0.28599,-0.31227,-0.025028,-0.29557,-0.34319,-0.31087,-0.29672,-0.19635,-0.39708,-0.68025,-0.39265,-0.38873,-0.22524,-0.29203,-0.11622,-0.25838,0.23108,-0.076548,-0.1736,-0.28901,-0.61631,-0.76868,-0.59928,-0.41901,-0.63304,-0.6294,-0.8024,-0.056375,-0.146,-0.8189,-0.157,-0.55037,-0.66656,-0.81494,-0.70708,-0.68205,-0.69168,-0.22797,-0.70642,-0.68295,-0.89155,-0.40921,-0.83653,-0.6197,-0.58802,-0.073185,-0.33701,-0.56245,-0.79187,-0.58117,-0.60122,-0.5693,-0.49481,-0.049589,-0.27613,-0.45969,-0.24188,-0.21624,-0.24965,-0.34777,-0.32549,-0.4384,-0.33113,-0.23867,-0.16233,-0.66086,-0.5427,-0.55479,-0.54749,-0.35028,-0.50286,-0.19165,-0.36503,-0.41522,-0.49724,-0.62321,-0.45655,-0.57245,-0.61567,-0.60716,-0.50997,-0.5792,-0.54711
-0.47376,-0.10897,-0.23912,-0.22831,-0.27694,0,-0.55341,0.093884,-0.4523,-0.19351,-0.16723,0.058473,0.047824,0.19528,-0.47226,-0.35159,-0.12125,-0.098719,-0.29586,-0.20614,-0.14558,-0.32766,-0.21616,0.021205,-0.33405,-0.20037,-0.11657,-0.38671,-0.50169,-0.41568,-0.38004,-0.31835,-0.03936,-0.051654,-0.7499,-0.36523,-0.51489,-0.38656,-0.60585,-0.34727,-0.58658,-0.19468,-0.6341,-0.23774,-0.42654,-0.32362,-0.49408,-0.48526,-0.25159,-0.14496,0.0073325,-0.29781,-0.27321,0.078599,-0.27644,-0.49814,-0.575,-0.58568,-0.48587,-0.34477,-0.047318,-0.65106,-0.62144,-0.51389,-0.31783,-0.52408,-0.44837,-0.58072,-0.60517,-0.46844,-0.59373,-0.53251,-0.49737,-0.53519,-0.49932,-0.49403,-0.14151,-0.30012,-0.10849,-0.23,-0.27582,-0.27249,-0.16791,-0.3352,-0.22583,-0.24817,-0.25499,-0.55435,-0.49259,-0.43412,-0.43743,-0.34861,-0.15252,0.037115,0.41667,-0.22374,-0.17171,-0.27149,-0.12363,-0.48815,-0.45204,-0.42553,-0.19866,-0.2117,-0.036369
0.23931,-0.39793,-0.38142,-0.31725,0.17417,-0.55341,0,-0.19547,-0.028284,-0.47682,-0.067124,-0.37193,-0.38537,-0.36387,-0.75541,-0.79749,-0.51524,-0.60686,-0.23018,-0.28923,-0.69922,-0.73725,-0.18877,-0.37058,0.049369,-0.28227,-0.44789,-0.23601,-0.039886,-0.015071,-0.29215,-0.49876,-0.64024,-0.4723,-0.11717,-0.10323,-0.18898,-0.20948,0.42466,-0.046885,0.051787,-0.30009,-0.31033,-0.56248,-0.50212,-0.29765,-0.51954,-0.51136,-0.78448,-0.39287,-0.48139,-0.67619,-0.13806,-0.61235,-0.65707,-0.60081,-0.51606,-0.53742,-0.581,-0.18351,-0.69393,-0.54372,-0.51213,-0.27979,-0.59143,-0.4846,-0.46286,-0.19179,-0.31517,-0.32793,-0.5145,-0.32037,-0.32732,-0.40734,-0.3075,0.058114,-0.32307,-0.50376,-0.33217,-0.47998,-0.37017,-0.42902,-0.39386,-0.28051,-0.2404,-0.24169,-0.17086,-0.51548,-0.42246,-0.49972,-0.41741,-0.35554,-0.52843,-0.19722,-0.57569,-0.43189,-0.48863,-0.55474,-0.32363,-0.52957,-0.45819,-0.58695,-0.46199,-0.53528,-0.63242
-0.12958,0.20853,-0.28378,-0.12995,-0.21752,0.093884,-0.19547,0,-0.21971,-0.12426,-0.096568,0.063308,-0.13246,-0.042063,-0.76937,-0.56482,-0.17098,-0.27763,0.016343,-0.1474,-0.28074,-0.46629,0.0057141,0.077127,-0.10267,-0.11151,-0.15523,-0.23568,-0.21765,-0.052699,-0.15757,-0.17118,-0.42334,-0.23963,-0.5527,0.075329,-0.50741,-0.26255,-0.27802,0.038234,-0.21349,0.043336,-0.37847,-0.13892,-0.35046,-0.12439,-0.43005,-0.39042,-0.44948,-0.35825,-0.2494,-0.36488,-0.21918,-0.044741,-0.378,-0.4618,-0.44144,-0.5213,-0.4636,-0.21263,-0.12453,-0.81774,-0.46324,-0.4386,-0.30633,-0.43213,-0.33775,-0.58074,-0.51582,-0.34039,-0.4868,-0.32335,-0.19898,-0.41826,-0.22871,-0.37741,-0.12461,-0.44189,-0.22502,-0.48742,-0.45686,-0.25289,-0.18715,-0.13109,-0.14084,-0.19536,-0.22364,-0.50215,-0.34227,-0.36791,-0.27985,-0.34026,-0.18012,0.09726,-0.044354,-0.27946,-0.26141,-0.32844,-0.043662,-0.53657,-0.43721,-0.63179,-0.23372,-0.20458,-0.19301
0.39828,-0.15014,-0.30587,-0.087177,-0.20308,-0.4523,-0.028284,-0.21971,0,-0.3525,-0.191,-0.41847,-0.35189,-0.27549,-0.489,-0.72852,-0.47737,-0.55186,-0.213,-0.40636,-0.60083,-0.68277,-0.2943,-0.55558,-0.03286,-0.13286,-0.3595,-0.38319,-0.23909,-0.15936,-0.37536,-0.19265,-0.57067,-0.19172,-0.19246,-0.042496,-0.21925,0.138,-0.081183,0.057541,0.0079452,-0.32735,-0.15789,-0.26299,-0.35107,-0.054264,-0.44646,-0.41822,-0.7164,-0.41221,-0.45631,-0.47262,0.27215,-0.24725,-0.14224,-0.1653,-0.13731,-0.38964,-0.36102,-0.025627,-0.37544,-0.60912,-0.44018,-0.41303,-0.4425,-0.38905,-0.40346,-0.23684,-0.045946,-0.16797,-0.28525,-0.30515,-0.29271,-0.40515,-0.35101,-0.004189,-0.032054,-0.37934,-0.27038,-0.36304,-0.17652,-0.35183,-0.27734,-0.19987,-0.22348,-0.18333,-0.17392,-0.42429,-0.43327,-0.56298,-0.36173,-0.23634,-0.30254,-0.23726,-0.39736,-0.42845,-0.42317,-0.54984,-0.3004,-0.70779,-0.55263,-0.51421,-0.41684,-0.33201,-0.37273
-0.30232,0.20035,-0.54736,-0.40109,-0.50099,-0.19351,-0.47682,-0.12426,-0.3525,0,-0.29051,0.017475,-0.21273,-0.20766,-0.35405,-0.026013,-0.348,-0.29293,-0.093258,-0.36558,-0.025227,-0.17099,0.29499,0.042989,-0.29491,-0.25376,0.31044,-0.0020779,-0.55287,-0.44424,0.024222,-0.027838,-0.52669,-0.55135,-0.3998,-0.18674,-0.88372,-0.72107,-0.53438,-0.16871,-0.17762,0.36745,-0.2734,-0.12407,-0.0072526,0.02239,-0.81667,-0.77272,-0.30932,-0.33989,-0.26739,-0.41241,-0.32363,-0.040165,-0.36969,-0.21078,-0.44254,-0.72448,-0.71825,-0.030515,0.30431,-0.43059,-0.43809,-0.4254,-0.35317,-0.72847,-0.77768,-0.61994,-0.31878,-0.36958,-0.52433,-0.42175,-0.37207,-0.49771,-0.50863,-0.64126,-0.11204,-0.45021,-0.50338,-0.63456,-0.59711,-0.47443,-0.46476,-0.29421,-0.41597,-0.39452,-0.49509,-0.82443,-0.76589,-0.53369,-0.59883,-0.67546,-0.4453,-0.057221,-0.15213,-0.23026,-0.25058,-0.50806,-0.19225,-0.55042,-0.40511,-0.60909,-0.20306,-0.33083,-0.36488
-0.17128,-0.18802,-0.28589,-0.24053,0.18774,-0.16723,-0.067124,-0.096568,-0.191,-0.29051,0,0.17533,-0.13753,-0.086857,-0.59286,-0.65774,-0.39746,-0.36037,-0.34329,-0.46672,-0.59693,-0.88905,-0.2455,-0.27684,-0.0009457,-0.33842,-0.30333,-0.45103,-0.48599,-0.31402,-0.20608,-0.45897,-0.39666,-0.314,-0.251,-0.031081,-0.29051,-0.24397,0.01575,0.10042,-0.16702,-0.12564,-0.57344,-0.59536,-0.35531,-0.12086,-0.75397,-0.72373,-0.82974,-0.30932,-0.33294,-0.91758,-0.17909,-0.38722,-0.64531,-0.78894,-0.73411,-0.8441,-0.74842,-0.064008,-0.39928,-0.69156,-0.79221,-0.36547,-0.6784,-0.83913,-0.70498,-0.25171,-0.29421,-0.5876,-0.81809,-0.53399,-0.4988,-0.66409,-0.50147,-0.070814,0.023483,-0.35748,-0.18164,-0.34436,-0.385,-0.45494,-0.33327,-0.40406,-0.40311,-0.25945,-0.33613,-0.79325,-0.66794,-0.62636,-0.52065,-0.50511,-0.43214,-0.1263,-0.13984,-0.31029,-0.45782,-0.60722,-0.36329,-0.70942,-0.63175,-0.73121,-0.39899,-0.65597,-0.51589
-0.39817,-0.01986,-0.28802,-0.25651,-0.24663,0.058473,-0.37193,0.063308,-0.41847,0.017475,0.17533,0,-0.055383,0.035936,-0.45936,-0.33879,-0.18919,-0.19574,-0.1849,-0.27106,-0.17834,-0.53163,-0.066685,0.0088443,-0.26004,-0.34238,-0.047724,-0.34111,-0.66378,-0.4543,-0.1091,-0.23869,-0.32074,-0.34074,-0.50009,-0.093997,-0.56415,-0.44097,-0.37205,-0.031081,-0.33288,0.1092,-0.63184,-0.3978,-0.22324,-0.077101,-0.81466,-0.75007,-0.53319,-0.4214,-0.33,-0.62879,-0.33185,-0.19639,-0.55982,-0.68376,-0.79104,-0.92661,-0.80483,-0.014658,0.023503,-0.55461,-0.59699,-0.32148,-0.37019,-0.93013,-0.76076,-0.51671,-0.38311,-0.59938,-0.81839,-0.56026,-0.52135,-0.72782,-0.55102,-0.34212,0.019833,-0.28051,-0.19496,-0.48414,-0.55168,-0.45539,-0.31763,-0.35126,-0.38025,-0.3113,-0.42969,-0.8601,-0.75716,-0.56611,-0.52492,-0.66432,-0.41147,-0.011388,0.19021,-0.18568,-0.32236,-0.45499,-0.21431,-0.5629,-0.46469,-0.67288,-0.24031,-0.54241,-0.31573
-0.36459,-0.27032,0.08809,0.040039,-0.2367,0.047824,-0.38537,-0.13246,-0.35189,-0.21273,-0.13753,-0.055383,0,0.39988,-0.25309,-0.34319,-0.0091573,-0.078626,-0.13971,-0.19517,-0.2848,-0.2759,-0.26051,-0.15451,-0.31982,-0.31207,-0.30686,-0.22781,-0.35482,-0.45751,-0.27803,-0.2769,0.092438,-0.021898,-0.49674,-0.37989,-0.3146,-0.29813,-0.47171,-0.28922,-0.48815,-0.2532,-0.55466,-0.32178,-0.22847,0.0055077,-0.41154,-0.39348,-0.31095,-0.103,0.046133,-0.24039,-0.25399,-0.15938,-0.24166,-0.55678,-0.58901,-0.55221,-0.5044,-0.28404,-0.17327,-0.40985,-0.35103,-0.15441,-0.15989,-0.45297,-0.38945,-0.53438,-0.4379,-0.22318,-0.48115,-0.26489,-0.32302,-0.33525,-0.18801,-0.15765,0.042403,0.1219,0.08729,-0.078819,-0.10369,-0.049975,0.044807,-0.1014,-0.1074,0.041151,-0.10519,-0.45472,-0.48934,-0.33321,-0.26145,-0.29333,-0.057794,0.068823,0.12469,0.083607,0.018494,-0.24571,-0.1378,-0.32084,-0.42371,-0.21216,-0.1999,-0.31495,-0.10172
-0.2939,-0.21037,0.024715,0.06456,-0.25341,0.19528,-0.36387,-0.042063,-0.27549,-0.20766,-0.086857,0.035936,0.39988,0,-0.31721,-0.35606,0.026719,-0.06532,-0.12636,-0.13551,-0.12058,-0.32982,-0.16815,-0.12153,-0.17302,-0.13057,-0.21537,-0.28235,-0.38404,-0.51433,-0.43038,-0.32607,-0.021551,0.15003,-0.65382,-0.34032,-0.42645,-0.24172,-0.4982,-0.23574,-0.39797,-0.20291,-0.58371,-0.26042,-0.38479,-0.081476,-0.48081,-0.43745,-0.40422,-0.15766,-0.063541,-0.32163,-0.12049,-0.073897,-0.23479,-0.54737,-0.58996,-0.62367,-0.55032,-0.20904,-0.11108,-0.53702,-0.48585,-0.27543,-0.19101,-0.55003,-0.44741,-0.48775,-0.43481,-0.37311,-0.53433,-0.43003,-0.41435,-0.52505,-0.35658,-0.13978,0.12294,0.015537,0.26169,-0.095162,-0.044854,-0.19802,0.028018,-0.098173,-0.025167,0.040172,-0.060471,-0.52044,-0.52109,-0.3801,-0.26349,-0.26567,-0.01332,0.18392,0.35892,0.04917,0.059439,-0.2446,-0.0133,-0.51014,-0.44247,-0.28693,-0.093351,-0.25399,0.064574
-0.60764,-0.5681,-0.16404,-0.24278,-0.60461,-0.47226,-0.75541,-0.76937,-0.489,-0.35405,-0.59286,-0.45936,-0.25309,-0.31721,0,0.0038427,-0.18853,-0.12089,-0.31955,-0.33616,-0.22272,-0.087623,-0.50096,-0.45925,-0.63732,-0.48188,-0.31482,-0.36369,-0.68992,-0.90391,-0.59045,-0.34352,-0.19974,-0.28457,-0.52173,-0.79727,-0.33631,-0.47059,-0.69051,-0.56607,-0.60462,-0.52297,-0.68911,-0.56761,-0.30788,-0.35464,-0.47394,-0.4771,-0.43095,-0.25359,-0.22852,-0.39712,-0.45589,-0.45431,-0.17852,-0.40101,-0.51349,-0.44712,-0.49347,-0.30785,-0.27588,0.012354,-0.38232,-0.23955,-0.23679,-0.48731,-0.5449,-0.25464,-0.18493,-0.51602,-0.4762,-0.56393,-0.61774,-0.49046,-0.50697,-0.36233,-0.25787,0.047498,-0.20645,-0.087177,-0.1498,-0.17908,-0.16811,-0.26061,-0.29506,-0.20569,-0.24655,-0.45293,-0.62891,-0.39846,-0.45717,-0.41689,-0.39105,-0.54023,-0.33141,-0.31964,-0.34344,-0.37557,-0.64114,-0.22163,-0.3411,-0.092385,-0.35821,-0.53418,-0.19712
-0.72043,-0.36162,-0.49676,-0.45954,-0.78477,-0.35159,-0.79749,-0.56482,-0.72852,-0.026013,-0.65774,-0.33879,-0.34319,-0.35606,0.0038427,0,-0.32094,-0.17439,-0.35082,-0.29913,-0.021911,0.17874,-0.24981,-0.18661,-0.68602,-0.5682,-0.092985,-0.16161,-0.62193,-0.71849,-0.42482,-0.32291,-0.4525,-0.54323,-0.67284,-0.65537,-0.82402,-0.93156,-0.8854,-0.67484,-0.55091,-0.33251,-0.50865,-0.33687,-0.28541,-0.42784,-0.5685,-0.5752,-0.20763,-0.41665,-0.30322,-0.30221,-0.53877,-0.22076,-0.32211,-0.32422,-0.52206,-0.44209,-0.52282,-0.38146,-0.054144,-0.061031,-0.33367,-0.45703,-0.27783,-0.53171,-0.61496,-0.61274,-0.45787,-0.52044,-0.46806,-0.50858,-0.4911,-0.41984,-0.51753,-0.72556,-0.329,-0.27162,-0.45301,-0.48117,-0.49791,-0.4206,-0.4184,-0.34345,-0.36895,-0.45887,-0.45441,-0.55027,-0.57199,-0.32609,-0.50111,-0.67479,-0.54264,-0.33475,-0.29448,-0.30984,-0.24543,-0.347,-0.45688,-0.34392,-0.31652,-0.3284,-0.33813,-0.41806,-0.37812
-0.40952,-0.27532,0.15062,0.12357,-0.43951,-0.12125,-0.51524,-0.17098,-0.47737,-0.348,-0.39746,-0.18919,-0.0091573,0.026719,-0.18853,-0.32094,0,0.022097,0.015151,-0.053512,-0.014891,-0.084606,-0.28513,-0.12976,-0.44423,-0.33362,-0.27888,-0.19993,-0.439,-0.54504,-0.4998,-0.35989,-0.11069,-0.062316,-0.88977,-0.51291,-0.46689,-0.32684,-0.5797,-0.29185,-0.40448,-0.24718,-0.80149,-0.41752,-0.38453,-0.26485,-0.36395,-0.29818,-0.42302,-0.21146,-0.075989,-0.28735,-0.38821,-0.21894,-0.16816,-0.61851,-0.66089,-0.56826,-0.56322,-0.28018,-0.15038,-0.48867,-0.37459,-0.221,-0.090614,-0.45413,-0.36195,-0.59044,-0.51552,-0.52392,-0.56622,-0.50705,-0.43201,-0.51434,-0.25353,-0.27696,-0.10471,0.14474,0.23448,-0.036669,-0.15794,0.13183,0.27002,0.089841,0.095815,0.063322,-0.048717,-0.45391,-0.41376,-0.12578,-0.078673,-0.36748,-0.077467,-0.28306,-0.070381,0.11775,0.12009,-0.14219,-0.12148,-0.24484,-0.33807,-0.13084,-0.185,-0.40854,0.2303
-0.56328,-0.3376,0.080377,-0.041198,-0.47334,-0.098719,-0.60686,-0.27763,-0.55186,-0.29293,-0.36037,-0.19574,-0.078626,-0.06532,-0.12089,-0.17439,0.022097,0,-0.097034,0.01017,-0.095529,-0.075223,-0.34026,0.0329,-0.37548,-0.26127,-0.29325,-0.3672,-0.48245,-0.63411,-0.34553,-0.16065,-0.1355,-0.19143,-0.71344,-0.56549,-0.32088,-0.46021,-0.59564,-0.50057,-0.64315,-0.35422,-0.72973,-0.45545,-0.18649,-0.22131,-0.41561,-0.37864,-0.30895,-0.28884,-0.19469,-0.42479,-0.57452,-0.2724,-0.32441,-0.50144,-0.66051,-0.58818,-0.58773,-0.41442,-0.17513,-0.25547,-0.3742,-0.30988,-0.078726,-0.44427,-0.36497,-0.42339,-0.59795,-0.57945,-0.51817,-0.36178,-0.28756,-0.29334,-0.2762,-0.44043,-0.22871,-0.035857,-0.021172,-0.15483,-0.26581,-0.042456,0.063415,0.057921,-0.062762,-0.0016383,-0.083581,-0.45775,-0.51369,-0.32732,-0.42258,-0.18807,-0.056542,-0.29494,-0.084134,-0.28292,-0.14802,0.092059,-0.36906,-0.095722,-0.014878,-0.1323,-0.14945,-0.39565,0.076388
-0.1468,-0.062882,-0.03567,0.07768,-0.38056,-0.29586,-0.23018,0.016343,-0.213,-0.093258,-0.34329,-0.1849,-0.13971,-0.12636,-0.31955,-0.35082,0.015151,-0.097034,0,0.13047,-0.13421,-0.21363,0.099704,0.017848,-0.11743,-0.20241,-0.20699,-0.085992,-0.21694,-0.33544,-0.18662,-0.088722,-0.44159,-0.26186,-0.4858,-0.19828,-0.4035,-0.34087,-0.266,-0.043535,-0.13362,0.010176,-0.48244,-0.34375,-0.14019,0.030049,-0.45279,-0.42061,-0.52616,-0.3185,-0.26557,-0.41688,-0.29083,-0.28228,-0.20483,-0.41703,-0.52984,-0.57209,-0.59723,-0.030176,-0.10672,-0.39583,-0.31191,-0.099271,-0.10638,-0.47317,-0.41534,-0.36436,-0.26954,-0.35949,-0.47989,-0.30998,-0.19403,-0.35501,-0.17276,-0.24938,-0.12007,-0.15719,-0.12594,-0.35145,-0.35823,0.02574,0.068004,0.31857,0.18516,0.21068,0.053791,-0.51797,-0.5019,-0.38283,-0.30643,-0.31769,-0.23668,-0.18841,-0.29179,-0.18596,-0.21197,-0.25281,-0.21529,-0.31739,-0.2691,-0.40404,-0.25981,-0.32612,-0.060971
-0.38502,-0.37878,0.050428,-0.037455,-0.42826,-0.20614,-0.28923,-0.1474,-0.40636,-0.36558,-0.46672,-0.27106,-0.19517,-0.13551,-0.33616,-0.29913,-0.053512,0.01017,0.13047,0,-0.10873,-0.19099,-0.20497,-0.039473,-0.36723,-0.32188,-0.37876,-0.34224,-0.23654,-0.34348,-0.35091,-0.19986,-0.27731,-0.19743,-0.62786,-0.44398,-0.27366,-0.36797,-0.38204,-0.43145,-0.50557,-0.37805,-0.62694,-0.44697,-0.30495,-0.30977,-0.36338,-0.38077,-0.37757,-0.46314,-0.39127,-0.32702,-0.40316,-0.37011,-0.26615,-0.5235,-0.67902,-0.50482,-0.51084,-0.26113,-0.23138,-0.16044,-0.23531,-0.08095,0.079605,-0.40661,-0.33149,-0.39276,-0.4745,-0.37492,-0.45933,-0.29249,-0.29453,-0.30716,-0.27987,-0.24996,-0.31771,-0.11944,-0.057434,-0.35297,-0.35243,-0.073045,0.028677,0.11395,0.26968,0.051833,0.064254,-0.39223,-0.44376,-0.3712,-0.3773,-0.27827,-0.29581,-0.20621,-0.23335,-0.28633,-0.24625,-0.045646,-0.25961,-0.11745,-0.062696,-0.25191,-0.26921,-0.36821,-0.086951
-0.53542,-0.22187,-0.3334,-0.35853,-0.73919,-0.14558,-0.69922,-0.28074,-0.60083,-0.025227,-0.59693,-0.17834,-0.2848,-0.12058,-0.22272,-0.021911,-0.014891,-0.095529,-0.13421,-0.10873,0,0.10154,-0.060465,-0.025034,-0.50639,-0.19924,0.0012387,-0.20393,-0.61191,-0.67084,-0.38076,-0.1949,-0.26589,-0.34074,-0.78292,-0.54932,-0.83764,-0.66211,-0.85478,-0.498,-0.47556,-0.10962,-0.50657,-0.16889,-0.26652,-0.32698,-0.54988,-0.49993,-0.13624,-0.37957,-0.30839,-0.22444,-0.51935,-0.17872,-0.28246,-0.30668,-0.53202,-0.64513,-0.62041,-0.29537,0.17778,-0.33849,-0.33622,-0.37119,-0.04197,-0.5929,-0.5527,-0.66947,-0.51754,-0.49806,-0.46285,-0.51189,-0.47574,-0.54832,-0.55512,-0.65998,-0.36544,-0.30272,-0.29627,-0.46981,-0.46972,-0.40516,-0.32563,-0.22673,-0.26535,-0.34921,-0.42139,-0.55985,-0.61656,-0.32585,-0.42717,-0.50284,-0.26091,-0.23512,-0.076295,-0.097054,-0.020839,-0.18135,-0.036423,-0.30919,-0.14524,-0.2746,0.0011854,-0.22381,0.076009
-0.56836,-0.37317,-0.35426,-0.3646,-0.76116,-0.32766,-0.73725,-0.46629,-0.68277,-0.17099,-0.88905,-0.53163,-0.2759,-0.32982,-0.087623,0.17874,-0.084606,-0.075223,-0.21363,-0.19099,0.10154,0,-0.23563,-0.095402,-0.66201,-0.37456,-0.14182,0.0030902,-0.42913,-0.59026,-0.43739,-0.26528,-0.30681,-0.44728,-0.77016,-0.79269,-0.72142,-0.78745,-0.92606,-0.73309,-0.55733,-0.35018,-0.44526,-0.22669,-0.28618,-0.4371,-0.33835,-0.32253,0.021345,-0.22782,-0.10914,-0.040139,-0.59825,-0.19816,-0.20253,-0.21114,-0.3999,-0.34424,-0.43946,-0.5311,-0.12373,-0.19632,-0.21214,-0.44508,-0.12102,-0.27217,-0.34944,-0.72319,-0.66072,-0.36824,-0.31259,-0.34939,-0.32733,-0.20594,-0.2985,-0.76025,-0.46388,-0.25592,-0.37579,-0.34425,-0.35347,-0.17954,-0.25965,-0.14034,-0.20944,-0.32257,-0.30569,-0.35733,-0.3914,-0.086085,-0.3293,-0.40474,-0.26611,-0.35975,-0.35369,-0.20895,0.0070528,-0.13475,-0.24004,-0.092945,-0.12017,-0.044867,-0.20083,-0.21408,-0.10125
-0.1197,0.024841,-0.5042,-0.3848,-0.28599,-0.21616,-0.18877,0.0057141,-0.2943,0.29499,-0.2455,-0.066685,-0.26051,-0.16815,-0.50096,-0.24981,-0.28513,-0.34026,0.099704,-0.20497,-0.060465,-0.23563,0,0.21636,-0.021152,-0.14325,0.20796,0.1385,-0.37385,-0.36882,-0.063708,-0.21381,-0.57163,-0.50668,-0.42697,-0.20181,-0.77377,-0.66614,-0.32282,-0.096654,0.0042223,0.4764,-0.35497,-0.26858,-0.20434,-0.10708,-0.82819,-0.80055,-0.42422,-0.20699,-0.22799,-0.52095,-0.25543,-0.19662,-0.4676,-0.3526,-0.56236,-0.80613,-0.84744,0.0393,-0.013107,-0.51292,-0.58994,-0.34416,-0.43474,-0.74354,-0.76412,-0.47829,-0.40174,-0.43678,-0.65509,-0.50438,-0.40969,-0.55672,-0.51687,-0.49656,-0.19479,-0.5021,-0.39496,-0.55099,-0.49736,-0.4055,-0.38909,-0.21807,-0.23072,-0.24388,-0.27408,-0.88592,-0.75508,-0.5457,-0.59593,-0.58413,-0.47894,-0.069149,-0.26276,-0.28097,-0.28798,-0.54071,-0.083934,-0.53474,-0.38268,-0.59302,-0.21404,-0.37255,-0.31966
-0.38955,-0.11168,-0.35252,-0.34311,-0.31227,0.021205,-0.37058,0.077127,-0.55558,0.042989,-0.27684,0.0088443,-0.15451,-0.12153,-0.45925,-0.18661,-0.12976,0.0329,0.017848,-0.039473,-0.025034,-0.095402,0.21636,0,-0.21146,-0.20143,0.090494,0.0014652,-0.43059,-0.4242,-0.092165,-0.16943,-0.36893,-0.45478,-0.63907,-0.35322,-0.63446,-0.70022,-0.47635,-0.3289,-0.38601,0.094376,-0.56593,-0.33578,-0.22003,-0.24318,-0.66275,-0.63027,-0.25724,-0.19311,-0.1125,-0.45831,-0.50273,-0.17208,-0.54246,-0.47965,-0.69568,-0.7435,-0.78539,-0.25706,-0.045087,-0.44746,-0.5525,-0.40766,-0.3102,-0.60451,-0.57241,-0.56657,-0.71303,-0.55416,-0.69114,-0.46558,-0.35487,-0.42316,-0.4127,-0.62831,-0.289,-0.40844,-0.29515,-0.44725,-0.49944,-0.27174,-0.25694,-0.15798,-0.19055,-0.21958,-0.21271,-0.736,-0.62983,-0.42702,-0.58824,-0.46037,-0.34655,-0.10148,-0.12071,-0.34112,-0.24835,-0.23838,-0.14674,-0.2582,-0.14078,-0.41669,-0.14968,-0.38258,-0.17744
0.019873,-0.24177,-0.36919,-0.257,-0.025028,-0.33405,0.049369,-0.10267,-0.03286,-0.29491,-0.0009457,-0.26004,-0.31982,-0.17302,-0.63732,-0.68602,-0.44423,-0.37548,-0.11743,-0.36723,-0.50639,-0.66201,-0.021152,-0.21146,0,-0.022737,-0.32913,-0.27115,-0.16241,-0.37678,-0.2952,-0.38534,-0.52587,-0.25723,-0.27367,-0.081403,-0.33261,-0.24923,-0.0091573,0.00975,0.04556,-0.08133,-0.34979,-0.41714,-0.41232,-0.11793,-0.60896,-0.57481,-0.68874,-0.20117,-0.33876,-0.71521,-0.10255,-0.37591,-0.50085,-0.43108,-0.4336,-0.65917,-0.64437,-0.16148,-0.46259,-0.68255,-0.70872,-0.35846,-0.59282,-0.56954,-0.52134,-0.12786,-0.32989,-0.46337,-0.56558,-0.48133,-0.33535,-0.53925,-0.40719,-0.16826,-0.18198,-0.46972,-0.2355,-0.28553,-0.21417,-0.37719,-0.28194,-0.24521,-0.21102,-0.068436,-0.072233,-0.65742,-0.56098,-0.71927,-0.51865,-0.19835,-0.29217,-0.22685,-0.3732,-0.47321,-0.45639,-0.48702,-0.29612,-0.68223,-0.49676,-0.55026,-0.33961,-0.39993,-0.33688
-0.07419,-0.17782,-0.35483,-0.28513,-0.29557,-0.20037,-0.28227,-0.11151,-0.13286,-0.25376,-0.33842,-0.34238,-0.31207,-0.13057,-0.48188,-0.5682,-0.33362,-0.26127,-0.20241,-0.32188,-0.19924,-0.37456,-0.14325,-0.20143,-0.022737,0,-0.17851,-0.28781,-0.18518,-0.33342,-0.41684,-0.19734,-0.31626,-0.18739,-0.40337,-0.27416,-0.39127,-0.2432,-0.38771,-0.24248,-0.28296,-0.20215,-0.21423,-0.093424,-0.47666,-0.22517,-0.39615,-0.34946,-0.41577,-0.18745,-0.25722,-0.34425,-0.28502,-0.32108,-0.39826,-0.22398,-0.20289,-0.48485,-0.41773,-0.39821,-0.33999,-0.63124,-0.48292,-0.47111,-0.2965,-0.32367,-0.30502,-0.27532,-0.39117,-0.2931,-0.26318,-0.36641,-0.28896,-0.45747,-0.37849,-0.3983,-0.3486,-0.52777,-0.29429,-0.31956,-0.15192,-0.37138,-0.29118,-0.1906,-0.26735,-0.23157,-0.21602,-0.39771,-0.40162,-0.47528,-0.40432,0.064827,0.045553,-0.097493,-0.22881,-0.40676,-0.29995,-0.2733,-0.20762,-0.4554,-0.27333,-0.32867,0.12657,-0.065786,-0.033386
-0.22098,0.045726,-0.60608,-0.4742,-0.34319,-0.11657,-0.44789,-0.15523,-0.3595,0.31044,-0.30333,-0.047724,-0.30686,-0.21537,-0.31482,-0.092985,-0.27888,-0.29325,-0.20699,-0.37876,0.0012387,-0.14182,0.20796,0.090494,-0.32913,-0.17851,0,0.092452,-0.67806,-0.47308,-0.26533,-0.23181,-0.53517,-0.56089,-0.573,-0.36499,-0.85601,-0.68027,-0.53823,-0.20387,-0.19787,0.19661,-0.46298,-0.27086,-0.31401,-0.29524,-0.91241,-0.81432,-0.3825,-0.189,-0.11276,-0.49009,-0.25276,-0.05166,-0.43123,-0.3019,-0.51528,-0.76039,-0.81613,-0.042976,0.082695,-0.55879,-0.69075,-0.63977,-0.51779,-0.77247,-0.8522,-0.54295,-0.39841,-0.59601,-0.69638,-0.68803,-0.62578,-0.65494,-0.70942,-0.65426,-0.18428,-0.51593,-0.44005,-0.51971,-0.49411,-0.49839,-0.472,-0.37936,-0.41839,-0.45705,-0.42672,-0.90677,-0.78234,-0.4712,-0.65657,-0.66039,-0.51419,-0.079811,-0.11194,-0.31769,-0.25698,-0.54565,-0.21095,-0.57667,-0.40681,-0.58259,-0.22707,-0.35989,-0.29256
-0.12457,-0.21388,-0.51108,-0.38659,-0.31087,-0.38671,-0.23601,-0.23568,-0.38319,-0.0020779,-0.45103,-0.34111,-0.22781,-0.28235,-0.36369,-0.16161,-0.19993,-0.3672,-0.085992,-0.34224,-0.20393,0.0030902,0.1385,0.0014652,-0.27115,-0.28781,0.092452,0,-0.31388,-0.40499,-0.30478,-0.35031,-0.56156,-0.59044,-0.51427,-0.40211,-0.72474,-0.65155,-0.42885,-0.26252,-0.073858,0.0070328,-0.36597,-0.30114,-0.37245,-0.28504,-0.61194,-0.53151,-0.34765,-0.11993,-0.044901,-0.33438,-0.28841,-0.22129,-0.44108,-0.33934,-0.44409,-0.53783,-0.68382,-0.23708,-0.2442,-0.48678,-0.45691,-0.46826,-0.45621,-0.47997,-0.5627,-0.59432,-0.49487,-0.39948,-0.52251,-0.4668,-0.39943,-0.40117,-0.33227,-0.49203,-0.27497,-0.38682,-0.38853,-0.41438,-0.36971,-0.3008,-0.34646,-0.2044,-0.25806,-0.29684,-0.23497,-0.63648,-0.50976,-0.28632,-0.39849,-0.52647,-0.45378,-0.14267,-0.39475,-0.19961,-0.10224,-0.42118,-0.15806,-0.40349,-0.37002,-0.35851,-0.29335,-0.34736,-0.34076
-0.1523,-0.40147,-0.296,-0.20358,-0.29672,-0.50169,-0.039886,-0.21765,-0.23909,-0.55287,-0.48599,-0.66378,-0.35482,-0.38404,-0.68992,-0.62193,-0.439,-0.48245,-0.21694,-0.23654,-0.61191,-0.42913,-0.37385,-0.43059,-0.16241,-0.18518,-0.67806,-0.31388,0,0.020652,-0.4557,-0.44998,-0.45899,-0.26063,-0.29625,-0.22834,-0.22212,-0.23159,-0.15384,-0.34961,-0.24647,-0.50229,-0.1274,-0.25256,-0.57556,-0.35574,0.011009,-0.031947,-0.46564,-0.36899,-0.38697,-0.21306,-0.33311,-0.506,-0.3597,-0.38846,-0.18522,-0.093131,-0.10672,-0.62984,-0.71393,-0.48111,-0.16263,-0.29104,-0.2968,0.072918,0.076368,-0.3225,-0.43036,-0.033386,-0.045107,-0.033612,0.038933,-0.095022,0.13455,-0.21614,-0.47604,-0.44484,-0.34261,-0.35163,-0.21535,-0.17385,-0.20494,-0.085625,-0.060012,-0.14278,-0.082162,-0.040745,0.079698,-0.25924,-0.063675,0.046712,-0.13473,-0.21858,-0.61683,-0.38663,-0.33535,-0.24733,-0.3766,-0.37683,-0.42472,-0.33847,-0.34185,-0.13413,-0.4139
-0.033299,-0.13546,-0.45249,-0.33385,-0.19635,-0.41568,-0.015071,-0.052699,-0.15936,-0.44424,-0.31402,-0.4543,-0.45751,-0.51433,-0.90391,-0.71849,-0.54504,-0.63411,-0.33544,-0.34348,-0.67084,-0.59026,-0.36882,-0.4242,-0.37678,-0.33342,-0.47308,-0.40499,0.020652,0,-0.25417,-0.36488,-0.6323,-0.49185,-0.21419,-0.039027,-0.30843,-0.23388,-0.031747,-0.18998,-0.2165,-0.40053,-0.11052,-0.26663,-0.45584,-0.38876,-0.1797,-0.22296,-0.53183,-0.52122,-0.46835,-0.35286,-0.31413,-0.41198,-0.43671,-0.41478,-0.25229,-0.18643,-0.17316,-0.44096,-0.55144,-0.64717,-0.27935,-0.50622,-0.4644,-0.15525,-0.15053,-0.46084,-0.39757,-0.11785,-0.20288,-0.053938,-0.067644,-0.12875,-0.098359,-0.33163,-0.44771,-0.68598,-0.55472,-0.68337,-0.57283,-0.3749,-0.44722,-0.28257,-0.32251,-0.45966,-0.41602,-0.19108,-0.046912,-0.19429,-0.20153,-0.33205,-0.39084,-0.17806,-0.5627,-0.43877,-0.4564,-0.47127,-0.33507,-0.47962,-0.48193,-0.69014,-0.45173,-0.24405,-0.63286
-0.35048,-0.11438,-0.44754,-0.458,-0.39708,-0.38004,-0.29215,-0.15757,-0.37536,0.024222,-0.20608,-0.1091,-0.27803,-0.43038,-0.59045,-0.42482,-0.4998,-0.34553,-0.18662,-0.35091,-0.38076,-0.43739,-0.063708,-0.092165,-0.2952,-0.41684,-0.26533,-0.30478,-0.4557,-0.25417,0,0.067351,-0.47418,-0.66167,-0.094656,-0.11538,-0.49355,-0.60809,-0.28308,-0.24395,-0.3241,0.0011655,-0.1951,-0.30607,0.3845,0.099598,-0.64929,-0.68375,-0.27397,-0.49669,-0.50955,-0.49708,-0.56746,-0.36649,-0.58414,-0.31842,-0.49945,-0.69589,-0.65266,-0.186,-0.10903,-0.32036,-0.30134,-0.19611,-0.31825,-0.60078,-0.59481,-0.58955,-0.47953,-0.20757,-0.47093,-0.10554,-0.13615,-0.24151,-0.31619,-0.5378,-0.33604,-0.5162,-0.61416,-0.75002,-0.77527,-0.44818,-0.53626,-0.34364,-0.52632,-0.42287,-0.57781,-0.66461,-0.69258,-0.58419,-0.661,-0.61048,-0.47791,-0.33523,-0.40584,-0.41981,-0.5012,-0.47974,-0.25365,-0.25116,-0.21896,-0.55756,-0.31402,-0.54405,-0.56981
-0.32666,-0.091293,-0.29825,-0.23226,-0.68025,-0.31835,-0.49876,-0.17118,-0.19265,-0.027838,-0.45897,-0.23869,-0.2769,-0.32607,-0.34352,-0.32291,-0.35989,-0.16065,-0.088722,-0.19986,-0.1949,-0.26528,-0.21381,-0.16943,-0.38534,-0.19734,-0.23181,-0.35031,-0.44998,-0.36488,0.067351,0,-0.38217,-0.36611,-0.31054,-0.15013,-0.4304,-0.32762,-0.55505,-0.33566,-0.47124,-0.21672,-0.12026,0.0054211,0.21166,0.14585,-0.42194,-0.40318,-0.1836,-0.57984,-0.51211,-0.22704,-0.4511,-0.16584,-0.23897,0.043256,-0.18699,-0.43418,-0.38203,-0.24518,0.088149,-0.24168,-0.087257,-0.30865,0.060571,-0.35202,-0.35578,-0.58671,-0.39508,-0.083454,-0.16827,-0.057374,-0.036269,-0.1832,-0.25453,-0.53575,-0.2526,-0.36069,-0.45838,-0.60837,-0.51779,-0.35568,-0.34584,-0.12473,-0.35543,-0.31777,-0.40981,-0.40607,-0.5274,-0.52844,-0.51361,-0.33882,-0.21526,-0.31292,-0.28222,-0.4447,-0.3879,-0.17643,-0.21408,-0.18777,-0.0022777,-0.29362,-0.10206,-0.29844,-0.21997
-0.68368,-0.6058,-0.0013919,-0.24464,-0.39265,-0.03936,-0.64024,-0.42334,-0.57067,-0.52669,-0.39666,-0.32074,0.092438,-0.021551,-0.19974,-0.4525,-0.11069,-0.1355,-0.44159,-0.27731,-0.26589,-0.30681,-0.57163,-0.36893,-0.52587,-0.31626,-0.53517,-0.56156,-0.45899,-0.6323,-0.47418,-0.38217,0,0.082435,-0.48773,-0.63645,-0.18726,-0.29157,-0.65643,-0.63484,-0.8848,-0.54921,-0.62389,-0.39337,-0.3772,-0.3441,-0.26974,-0.3031,-0.14654,-0.10437,-0.083674,-0.1721,-0.53258,-0.40407,-0.27152,-0.52477,-0.53426,-0.47786,-0.36143,-0.58625,-0.35592,-0.28314,-0.35335,-0.16993,-0.11069,-0.3539,-0.29215,-0.42686,-0.52653,-0.26953,-0.37986,-0.37608,-0.48001,-0.42268,-0.3847,-0.32905,-0.37526,-0.046306,-0.069262,0.052739,-0.044987,-0.17631,-0.12283,-0.35325,-0.29504,-0.17663,-0.26099,-0.30835,-0.45637,-0.43507,-0.36999,-0.17769,-0.034525,-0.34074,-0.076661,-0.13771,-0.19569,-0.13963,-0.27911,-0.1138,-0.29995,0.070627,-0.12408,-0.33899,-0.040498
-0.38507,-0.39812,0.11773,0.16028,-0.38873,-0.051654,-0.4723,-0.23963,-0.19172,-0.55135,-0.314,-0.34074,-0.021898,0.15003,-0.28457,-0.54323,-0.062316,-0.19143,-0.26186,-0.19743,-0.34074,-0.44728,-0.50668,-0.45478,-0.25723,-0.18739,-0.56089,-0.59044,-0.26063,-0.49185,-0.66167,-0.36611,0.082435,0,-0.60391,-0.37274,-0.1952,0.081583,-0.51584,-0.36207,-0.52164,-0.53686,-0.53728,-0.26697,-0.52081,-0.24157,-0.16815,-0.17994,-0.45292,-0.22029,-0.19311,-0.23271,-0.15422,-0.211,0.020099,-0.43232,-0.35194,-0.32728,-0.2119,-0.40879,-0.33769,-0.49002,-0.39332,-0.27414,-0.14184,-0.27163,-0.17914,-0.3328,-0.35681,-0.27412,-0.29865,-0.40728,-0.36552,-0.48016,-0.29197,-0.089954,-0.070175,0.024308,0.26316,0.14841,0.24788,-0.080797,0.1584,-0.10538,0.047458,0.094063,0.039533,-0.23463,-0.2887,-0.40661,-0.12562,-0.033492,0.11815,-0.24913,-0.063155,-0.17987,-0.1766,-0.18995,-0.23645,-0.46305,-0.49048,-0.11451,-0.19591,-0.24153,0.08813
-0.24016,-0.48331,-0.54795,-0.58591,-0.22524,-0.7499,-0.11717,-0.5527,-0.19246,-0.3998,-0.251,-0.50009,-0.49674,-0.65382,-0.52173,-0.67284,-0.88977,-0.71344,-0.4858,-0.62786,-0.78292,-0.77016,-0.42697,-0.63907,-0.27367,-0.40337,-0.573,-0.51427,-0.29625,-0.21419,-0.094656,-0.31054,-0.48773,-0.60391,0,-0.13719,-0.13985,-0.32867,0.015764,-0.2962,-0.28089,-0.40846,-0.059213,-0.47079,-0.18769,-0.20532,-0.46972,-0.53196,-0.55041,-0.4495,-0.59001,-0.61443,-0.47055,-0.80318,-0.61209,-0.33611,-0.29203,-0.44568,-0.40229,-0.35937,-0.63727,-0.27181,-0.34938,-0.25313,-0.55593,-0.45113,-0.49359,-0.10118,-0.078013,-0.13194,-0.26703,-0.17407,-0.27615,-0.30304,-0.3935,-0.27992,-0.5348,-0.64454,-0.7522,-0.60779,-0.54291,-0.62606,-0.69995,-0.54728,-0.6783,-0.51519,-0.58182,-0.4234,-0.52988,-0.71704,-0.64474,-0.40906,-0.58289,-0.49549,-0.78643,-0.54349,-0.75237,-0.61001,-0.57911,-0.40229,-0.4089,-0.54066,-0.42143,-0.53025,-0.86049
-0.082629,0.036369,-0.46247,-0.26079,-0.29203,-0.36523,-0.10323,0.075329,-0.042496,-0.18674,-0.031081,-0.093997,-0.37989,-0.34032,-0.79727,-0.65537,-0.51291,-0.56549,-0.19828,-0.44398,-0.54932,-0.79269,-0.20181,-0.35322,-0.081403,-0.27416,-0.36499,-0.40211,-0.22834,-0.039027,-0.11538,-0.15013,-0.63645,-0.37274,-0.13719,0,-0.42952,-0.1252,-0.086445,0.15864,-0.048524,-0.10173,-0.10752,-0.15046,-0.28415,-0.014472,-0.43292,-0.40036,-0.65859,-0.61234,-0.56974,-0.53568,-0.23363,-0.30668,-0.46349,-0.36058,-0.24559,-0.4304,-0.35424,-0.19555,-0.30298,-0.68954,-0.36195,-0.44295,-0.43127,-0.46062,-0.39025,-0.40957,-0.20298,-0.25077,-0.3158,-0.24817,-0.11655,-0.43916,-0.25142,-0.27807,-0.16751,-0.57034,-0.47254,-0.68445,-0.58863,-0.54358,-0.45462,-0.30025,-0.41057,-0.38866,-0.4523,-0.45561,-0.34577,-0.55431,-0.32937,-0.44533,-0.3798,-0.16646,-0.38925,-0.38425,-0.50172,-0.45716,-0.26862,-0.70332,-0.52057,-0.77458,-0.31782,-0.35413,-0.54611
-0.33527,-0.71848,-0.011162,-0.19278,-0.11622,-0.51489,-0.18898,-0.50741,-0.21925,-0.88372,-0.29051,-0.56415,-0.3146,-0.42645,-0.33631,-0.82402,-0.46689,-0.32088,-0.4035,-0.27366,-0.83764,-0.72142,-0.77377,-0.63446,-0.33261,-0.39127,-0.85601,-0.72474,-0.22212,-0.30843,-0.49355,-0.4304,-0.18726,-0.1952,-0.13985,-0.42952,0,0.06446,-0.041164,-0.39845,-0.58509,-0.78896,-0.5384,-0.72369,-0.45524,-0.3954,-0.19168,-0.22889,-0.62193,-0.38354,-0.44143,-0.52176,-0.39192,-0.76539,-0.40105,-0.5862,-0.45182,-0.31411,-0.28237,-0.49297,-0.83951,-0.26372,-0.35338,-0.16513,-0.34499,-0.23055,-0.176,0.084187,-0.23212,-0.31263,-0.33798,-0.24645,-0.34663,-0.24693,-0.23748,0.056928,-0.46045,-0.22567,-0.22332,-0.13466,-0.16747,-0.17387,-0.16605,-0.29686,-0.26888,-0.129,-0.10999,-0.17499,-0.3156,-0.53261,-0.41947,0.018108,-0.29329,-0.50915,-0.52286,-0.55483,-0.61639,-0.27166,-0.70605,-0.19415,-0.32238,-0.2595,-0.52027,-0.4976,-0.40996
-0.10039,-0.40419,-0.071034,0.017695,-0.25838,-0.38656,-0.20948,-0.26255,0.138,-0.72107,-0.24397,-0.44097,-0.29813,-0.24172,-0.47059,-0.93156,-0.32684,-0.46021,-0.34087,-0.36797,-0.66211,-0.78745,-0.66614,-0.70022,-0.24923,-0.2432,-0.68027,-0.65155,-0.23159,-0.23388,-0.60809,-0.32762,-0.29157,0.081583,-0.32867,-0.1252,0.06446,0,-0.19058,-0.14395,-0.35705,-0.6186,-0.3608,-0.33424,-0.54675,-0.26274,-0.12023,-0.068396,-0.67302,-0.48404,-0.46578,-0.36364,-0.072592,-0.39119,-0.15906,-0.38941,-0.17449,-0.20761,-0.11873,-0.36337,-0.56237,-0.61172,-0.32654,-0.38195,-0.29112,-0.19248,-0.092505,-0.22125,-0.1712,-0.22958,-0.1956,-0.29155,-0.28222,-0.38811,-0.21272,0.11128,-0.20137,-0.2291,-0.10501,-0.19765,-0.096707,-0.27133,-0.13515,-0.22924,-0.2184,-0.1682,-0.15908,-0.11937,-0.17024,-0.42837,-0.13202,-0.040119,-0.11887,-0.34781,-0.33994,-0.37627,-0.40406,-0.28176,-0.36384,-0.52591,-0.48962,-0.34215,-0.39251,-0.29501,-0.22974
0.051094,-0.38102,-0.35646,-0.33273,0.23108,-0.60585,0.42466,-0.27802,-0.081183,-0.53438,0.01575,-0.37205,-0.47171,-0.4982,-0.69051,-0.8854,-0.5797,-0.59564,-0.266,-0.38204,-0.85478,-0.92606,-0.32282,-0.47635,-0.0091573,-0.38771,-0.53823,-0.42885,-0.15384,-0.031747,-0.28308,-0.55505,-0.65643,-0.51584,0.015764,-0.086445,-0.041164,-0.19058,0,0.046412,0.010629,-0.31883,-0.4218,-0.75672,-0.45361,-0.32361,-0.52445,-0.53595,-0.99734,-0.40956,-0.51161,-0.89398,-0.22717,-0.73745,-0.6394,-0.6979,-0.5747,-0.56609,-0.58146,-0.17621,-0.77139,-0.55889,-0.58644,-0.27333,-0.70954,-0.54485,-0.50037,0.030116,-0.13474,-0.45789,-0.5855,-0.38176,-0.38152,-0.44016,-0.35187,0.039573,-0.36413,-0.52975,-0.40408,-0.45815,-0.45989,-0.39076,-0.39337,-0.34706,-0.32469,-0.25179,-0.24474,-0.53133,-0.4531,-0.5751,-0.48017,-0.36759,-0.58683,-0.35553,-0.64885,-0.49798,-0.64823,-0.62638,-0.56491,-0.56948,-0.56003,-0.75392,-0.62283,-0.60594,-0.71182
0.13375,0.11454,-0.32407,-0.12253,-0.076548,-0.34727,-0.046885,0.038234,0.057541,-0.16871,0.10042,-0.031081,-0.28922,-0.23574,-0.56607,-0.67484,-0.29185,-0.50057,-0.043535,-0.43145,-0.498,-0.73309,-0.096654,-0.3289,0.00975,-0.24248,-0.20387,-0.26252,-0.34961,-0.18998,-0.24395,-0.33566,-0.63484,-0.36207,-0.2962,0.15864,-0.39845,-0.14395,0.046412,0,0.26076,0.10028,-0.42261,-0.42847,-0.35299,-0.02596,-0.64132,-0.56281,-0.93673,-0.39155,-0.37774,-0.69269,0.0033166,-0.29375,-0.38982,-0.53676,-0.46632,-0.66632,-0.63386,0.13945,-0.29179,-0.83542,-0.59027,-0.35116,-0.56163,-0.66555,-0.59281,-0.28411,-0.038893,-0.48116,-0.62642,-0.50591,-0.41701,-0.65162,-0.37394,-0.085046,0.047771,-0.37594,-0.25169,-0.42572,-0.41999,-0.3146,-0.24876,-0.23392,-0.27849,-0.18297,-0.27705,-0.68339,-0.52801,-0.52579,-0.32872,-0.47591,-0.39428,-0.15205,-0.26986,-0.26812,-0.40422,-0.6575,-0.34735,-0.81757,-0.73596,-0.84465,-0.47356,-0.45867,-0.40323
0.26296,-0.059486,-0.52791,-0.29706,-0.1736,-0.58658,0.051787,-0.21349,0.0079452,-0.17762,-0.16702,-0.33288,-0.48815,-0.39797,-0.60462,-0.55091,-0.40448,-0.64315,-0.13362,-0.50557,-0.47556,-0.55733,0.0042223,-0.38601,0.04556,-0.28296,-0.19787,-0.073858,-0.24647,-0.2165,-0.3241,-0.47124,-0.8848,-0.52164,-0.28089,-0.048524,-0.58509,-0.35705,0.010629,0.26076,0,0.03589,-0.27423,-0.41713,-0.41762,-0.18604,-0.66233,-0.59572,-0.85398,-0.36538,-0.42339,-0.68457,-0.017982,-0.35737,-0.4252,-0.41137,-0.39281,-0.60616,-0.66485,0.022044,-0.39706,-0.75323,-0.5814,-0.43993,-0.69365,-0.62685,-0.64045,-0.32818,-0.14177,-0.47216,-0.55344,-0.51484,-0.40121,-0.59082,-0.40793,-0.20002,-0.13914,-0.50944,-0.39334,-0.49427,-0.42061,-0.42976,-0.40594,-0.25979,-0.2884,-0.28248,-0.30767,-0.69116,-0.50572,-0.45413,-0.33567,-0.54362,-0.51573,-0.26619,-0.53898,-0.28719,-0.34301,-0.72673,-0.29999,-0.87175,-0.70519,-0.75857,-0.49793,-0.46385,-0.53479
-0.18208,0.20237,-0.50548,-0.3852,-0.28901,-0.19468,-0.30009,0.043336,-0.32735,0.36745,-0.12564,0.1092,-0.2532,-0.20291,-0.52297,-0.33251,-0.24718,-0.35422,0.010176,-0.37805,-0.10962,-0.35018,0.4764,0.094376,-0.08133,-0.20215,0.19661,0.0070328,-0.50229,-0.40053,0.0011655,-0.21672,-0.54921,-0.53686,-0.40846,-0.10173,-0.78896,-0.6186,-0.31883,0.10028,0.03589,0,-0.40532,-0.29458,-0.1502,-0.032886,-0.88419,-0.79735,-0.47861,-0.25526,-0.24221,-0.57853,-0.29319,-0.16982,-0.48496,-0.4123,-0.57087,-0.91882,-0.89944,0.056056,0.04498,-0.66689,-0.61276,-0.37903,-0.4894,-0.84563,-0.81263,-0.51827,-0.33542,-0.52145,-0.71964,-0.55638,-0.45138,-0.65325,-0.52413,-0.51659,-0.14049,-0.48859,-0.41743,-0.55088,-0.58452,-0.41903,-0.4071,-0.30439,-0.37688,-0.30978,-0.4218,-0.96931,-0.77718,-0.56463,-0.56042,-0.65033,-0.44204,-0.12185,-0.18677,-0.20967,-0.28422,-0.57967,-0.14801,-0.6205,-0.49959,-0.71868,-0.27308,-0.40621,-0.32724
