,,,,,,,,,,,,,,,,,,,,,,,,,,,,,,,,,,,,,,,,,,,,,,,,,,,,,,,,,,,,,,,,,,,,,,,,,,,,,,,,,,,,,,,,,,,,,,,,,,,,,,,,
0,-0.25165,-0.33854,-0.2757,-0.038752,-0.49712,0.33625,-0.32222,0.16899,-0.3105,-0.29438,-0.55679,-0.47196,-0.41333,-0.36744,-0.53379,-0.43303,-0.35104,-0.2205,-0.10616,-0.38331,-0.37832,-0.1119,-0.30595,-0.020984,-0.22696,-0.2963,-0.34598,-0.22928,-0.10795,-0.39373,-0.38429,-0.71417,-0.50409,-0.28556,-0.4241,-0.41893,-0.33418,0.021629,-0.13258,0.27574,-0.34098,-0.067522,-0.39855,-0.36103,-0.26119,-0.53728,-0.44467,-0.591,-0.42977,-0.45703,-0.5171,-0.020356,-0.35211,-0.391,-0.12335,-0.15075,-0.32164,-0.30627,-0.0089272,-0.46962,-0.34905,-0.53704,-0.28649,-0.30627,-0.3676,-0.45229,-0.26923,-0.31775,-0.32645,-0.27159,-0.26605,-0.26616,-0.28915,-0.3463,-0.080126,-0.25628,-0.42572,-0.35744,-0.47251,-0.34073,-0.33802,-0.31939,-0.24265,-0.23037,-0.31996,-0.21229,-0.422,-0.41593,-0.42169,-0.4843,-0.28495,-0.55528,-0.096758,-0.44654,-0.40887,-0.46324,-0.50024,-0.45444,-0.36453,-0.38979,-0.34599,-0.39515,-0.43178,-0.3799
-0.25165,0,-0.2275,-0.15817,-0.32027,0.11718,-0.50279,0.22343,-0.25653,0.18653,-0.095438,0.024344,-0.085128,-0.061096,-0.35834,-0.091485,-0.23027,-0.0088234,-0.10491,-0.32725,-0.18649,-0.23154,-0.10789,-0.077884,-0.349,-0.069977,0.080471,-0.20743,-0.35407,-0.042573,-0.046618,0.15932,-0.34824,-0.24386,-0.39778,0.066807,-0.39812,-0.32254,-0.42108,-0.030729,-0.34379,0.10484,-0.35192,0.076328,0.052555,0.17452,-0.61066,-0.5826,-0.37525,-0.26966,-0.22276,-0.31323,-0.22308,-0.0054405,-0.12662,-0.21754,-0.41454,-0.55144,-0.47696,-0.16741,0.30392,-0.49961,-0.37075,-0.33876,-0.23758,-0.51756,-0.47063,-0.47057,-0.21255,-0.056508,-0.34506,-0.20284,-0.14912,-0.26419,-0.2797,-0.4016,-0.013146,-0.31801,-0.2981,-0.39009,-0.38319,-0.18502,-0.20269,-0.15135,-0.24118,-0.23312,-0.29828,-0.60986,-0.6129,-0.36456,-0.37028,-0.28746,-0.096925,-0.091981,0.0077227,-0.27523,-0.24103,-0.35899,-0.20203,-0.45522,-0.33211,-0.51865,-0.078045,-0.19413,-0.16117
-0.33854,-0.2275,0,0.82244,0.0023975,-0.2321,-0.32949,-0.14507,-0.081157,-0.15443,0.22729,0.017163,0.082903,0.11324,0.21819,-0.087514,0.29245,0.089566,0.08726,-0.085964,-0.24303,-0.40978,-0.34403,-0.3118,-0.14413,0.14846,-0.41169,-0.39012,-0.21321,-0.32068,-0.50683,-0.22388,-0.10416,-0.014748,-0.44685,-0.27915,-0.035674,0.109,-0.12941,0.26323,-0.2662,-0.21221,-0.63035,-0.43302,-0.33801,0.089693,-0.15685,-0.11616,-0.52721,-0.14346,-0.21308,-0.14711,0.12851,-0.024194,0.40898,-0.70641,-0.44889,-0.3289,-0.25338,0.046688,-0.15782,-0.18877,-0.27292,-0.0042878,-0.043195,-0.24522,0.0042129,-0.22536,-0.24994,-0.26867,-0.21849,-0.28313,-0.17206,-0.34173,-0.052693,0.20867,0.32127,0.65017,0.33199,0.12158,0.044365,0.4759,0.78227,0.37971,0.28127,0.4227,0.13079,-0.17172,-0.19725,-0.24823,-0.026972,0.27482,0.14198,-0.11429,0.038054,0.31216,0.17576,0.19957,-0.061326,-0.44616,-0.55487,-0.018679,0.025496,-0.14368,0.2554
-0.2757,-0.15817,0.82244,0,0.024465,-0.19634,-0.31308,-0.088972,-0.021998,-0.093675,0.20644,0.014322,0.040873,0.14487,0.15105,-0.086315,0.24179,0.12242,0.15887,-0.082212,-0.23963,-0.3995,-0.28023,-0.25073,-0.10368,0.2577,-0.3586,-0.37669,-0.20683,-0.2696,-0.51449,-0.21109,-0.16132,-0.0019134,-0.5019,-0.26737,-0.11238,0.078869,-0.13916,0.32991,-0.22195,-0.17788,-0.60465,-0.38867,-0.34265,0.12046,-0.24752,-0.20562,-0.53295,-0.14168,-0.21459,-0.1471,0.23454,0.06177,0.48679,-0.59715,-0.42344,-0.39324,-0.31273,0.1008,-0.10866,-0.19835,-0.29019,-0.011832,-0.038902,-0.28244,-0.078062,-0.21836,-0.26186,-0.26929,-0.24688,-0.31225,-0.18976,-0.34684,-0.10978,0.18067,0.48788,0.47889,0.35112,0.10566,0.093254,0.51503,1,0.45549,0.41106,0.52056,0.23459,-0.27459,-0.24819,-0.31207,-0.11766,0.28248,0.13678,-0.041247,0.095064,0.26727,0.15561,0.14343,-0.082736,-0.47712,-0.53353,-0.034354,0.056497,-0.10144,0.21881
-0.038752,-0.32027,0.0023975,0.024465,0,-0.30943,-0.089001,-0.23978,0.019174,-0.24685,0.093047,-0.25551,-0.20101,-0.22416,-0.060917,-0.39338,-0.073141,-0.174,-0.24227,-0.26923,-0.43628,-0.39628,-0.29328,-0.25537,-0.17723,0.021053,-0.28534,-0.33092,-0.4017,-0.22349,-0.50616,-0.3745,-0.27464,-0.23168,-0.35556,-0.42063,-0.1687,-0.034533,-0.040821,0.035011,-0.039034,-0.2466,-0.45448,-0.52565,-0.42096,-0.2048,-0.40269,-0.31509,-0.40496,-0.023986,-0.13463,-0.25709,0.16877,-0.048428,-0.0059822,-0.38511,-0.27966,-0.39044,-0.40538,-0.027467,-0.33277,-0.28956,-0.44704,-0.24969,-0.34355,-0.33265,-0.28736,-0.31005,-0.43313,-0.4196,-0.44513,-0.36579,-0.35677,-0.28675,-0.26479,0.050169,0.049696,-0.041501,-0.04961,-0.021283,0.027738,-0.019987,0.0050255,-0.05067,-0.077503,-0.051846,-0.026384,-0.35277,-0.32741,-0.34018,-0.34449,0.016402,-0.14349,-0.063268,-0.13138,-0.0084085,-0.023808,-0.15743,-0.11861,-0.37009,-0.45246,-0.057678,-0.1537,-0.1969,-0.095081
-0.49712,0.11718,-0.2321,-0.19634,-0.30943,0,-0.73979,0.4095,-0.5463,-0.13865,-0.15212,0.14655,0.064796,0.10356,-0.34166,-0.13999,-0.037605,0.018177,-0.27508,-0.51389,-0.12626,-0.12871,-0.22621,-0.012304,-0.49783,-0.18326,0.12178,-0.123,-0.43349,-0.37553,-0.27946,-0.040031,0.01284,0.11863,-0.71465,-0.099282,-0.35718,-0.20809,-0.74199,-0.23281,-0.57655,0.038942,-0.70752,0.10224,-0.25927,-0.16372,-0.42019,-0.39545,-0.1191,-0.062629,0.063009,-0.10584,-0.33395,0.11718,-0.16689,-0.36614,-0.59118,-0.61828,-0.60959,-0.42897,0.30035,-0.59036,-0.28845,-0.39813,-0.28204,-0.45625,-0.38482,-0.55993,-0.34757,-0.25474,-0.62684,-0.45157,-0.39649,-0.45433,-0.35007,-0.50943,-0.082587,-0.22558,-0.14116,-0.11154,-0.1616,-0.18459,-0.18557,-0.22725,-0.25264,-0.21127,-0.23934,-0.57757,-0.49273,-0.29461,-0.21005,-0.24,0.19332,-0.19941,0.22844,-0.27056,-0.1173,-0.24926,-0.063101,-0.34934,-0.20355,-0.35926,0.0022822,-0.019572,-0.030539
0.33625,-0.50279,-0.32949,-0.31308,-0.089001,-0.73979,0,-0.48121,0.046117,-0.41532,-0.36728,-0.67287,-0.50696,-0.49894,-0.28777,-0.48644,-0.42795,-0.39139,-0.25942,0.066599,-0.37639,-0.34171,-0.16416,-0.35017,0.04395,-0.3161,-0.45735,-0.38667,-0.098966,-0.16125,-0.39952,-0.46329,-0.64575,-0.55976,-0.20567,-0.55818,-0.35663,-0.3901,0.14849,-0.25587,0.34588,-0.4329,-0.0012333,-0.54441,-0.39277,-0.36789,-0.33777,-0.27965,-0.50572,-0.45748,-0.5205,-0.45052,-0.10272,-0.47879,-0.44868,-0.2232,-0.1528,-0.17481,-0.21192,-0.076478,-0.66267,-0.14425,-0.38079,-0.21879,-0.25203,-0.20301,-0.29415,-0.27466,-0.42684,-0.32275,-0.13892,-0.14042,-0.21615,-0.21224,-0.24079,-0.030234,-0.39547,-0.35941,-0.34501,-0.45789,-0.36542,-0.3418,-0.3336,-0.23718,-0.20704,-0.30374,-0.2066,-0.214,-0.23893,-0.31152,-0.38964,-0.23336,-0.60129,-0.16682,-0.59999,-0.35529,-0.41368,-0.37153,-0.47916,-0.28931,-0.36402,-0.20553,-0.47981,-0.44468,-0.41183
-0.32222,0.22343,-0.14507,-0.088972,-0.23978,0.4095,-0.48121,0,-0.40882,-0.011417,-0.1219,0.077348,0.13795,0.15116,-0.2331,-0.012771,0.013411,0.24664,-0.076823,-0.27935,-0.028735,-0.0085814,-0.0017635,0.20517,-0.27113,-0.099208,0.16819,-0.082189,-0.23792,-0.24858,-0.18764,0.13727,-0.084229,0.023537,-0.66095,-0.13543,-0.36247,-0.25997,-0.53778,-0.1201,-0.37814,0.22686,-0.51525,0.16808,-0.13839,-0.01756,-0.34941,-0.31778,-0.1507,-0.080062,0.022136,-0.052785,-0.22584,0.17536,-0.14844,-0.28004,-0.48049,-0.51145,-0.51358,-0.26802,0.30283,-0.42941,-0.21972,-0.26552,-0.11455,-0.30173,-0.26355,-0.54733,-0.37825,-0.10986,-0.42276,-0.25768,-0.19409,-0.32803,-0.19338,-0.42076,-0.053085,-0.17524,-0.11046,-0.15664,-0.19986,-0.037714,-0.08405,-0.040786,-0.10733,-0.091081,-0.11617,-0.48977,-0.42217,-0.23668,-0.18767,-0.094395,0.15389,-0.069164,0.11129,-0.22553,-0.095266,-0.13572,-0.10864,-0.27476,-0.15489,-0.26186,0.051736,0.070478,0.077261
0.16899,-0.25653,-0.081157,-0.021998,0.019174,-0.5463,0.046117,-0.40882,0,-0.21098,0.0088004,-0.35329,-0.42305,-0.31643,-0.17487,-0.44865,-0.32463,-0.26988,-0.15938,-0.024125,-0.45393,-0.65643,-0.3283,-0.44994,0.060923,0.034147,-0.47797,-0.60248,-0.37971,-0.14571,-0.48104,-0.39833,-0.66041,-0.45491,-0.25294,-0.34886,-0.28701,-0.14546,0.15598,0.13664,0.087647,-0.42322,-0.18235,-0.54421,-0.36386,-0.095657,-0.51054,-0.41968,-0.85173,-0.43008,-0.55463,-0.55917,0.28692,-0.26167,-0.087289,-0.32529,-0.078702,-0.2563,-0.14496,0.31274,-0.43362,-0.28817,-0.63925,-0.26111,-0.29249,-0.40738,-0.33099,-0.16313,-0.30035,-0.44713,-0.16883,-0.29102,-0.22407,-0.28747,-0.31314,0.22927,0.010962,-0.18563,-0.17106,-0.34389,-0.24267,-0.18672,-0.09364,-0.12561,-0.11239,-0.15879,-0.15031,-0.31587,-0.34391,-0.44711,-0.45266,-0.12551,-0.42621,-0.072841,-0.28264,-0.15256,-0.30068,-0.33043,-0.36096,-0.67048,-0.74056,-0.27919,-0.34146,-0.47728,-0.27299
-0.3105,0.18653,-0.15443,-0.093675,-0.24685,-0.13865,-0.41532,-0.011417,-0.21098,0,-0.072126,0.024713,-0.076028,-0.11205,-0.12857,0.15072,-0.1346,-0.060081,-0.074927,-0.18978,-0.055695,-0.14817,0.012397,0.016004,-0.25079,0.058358,0.0058727,-0.23184,-0.32833,-0.062646,-0.039438,-0.0071003,-0.28725,-0.34996,-0.34249,-0.23132,-0.49575,-0.47409,-0.37684,-0.058456,-0.20958,0.24162,-0.20899,-0.0022937,0.024891,0.14683,-0.50784,-0.5206,-0.27057,-0.14166,-0.17981,-0.14366,-0.1416,0.044077,-0.031271,-0.22368,-0.2992,-0.43792,-0.37796,-0.048906,0.1767,-0.23698,-0.30234,-0.23778,-0.18261,-0.4035,-0.38062,-0.51889,-0.40053,-0.060064,-0.22459,-0.12538,-0.10993,-0.20213,-0.2095,-0.35121,0.0045068,-0.17883,-0.24509,-0.32119,-0.31271,-0.069585,-0.11732,-0.041927,-0.14933,-0.15506,-0.27609,-0.47879,-0.45713,-0.24059,-0.34173,-0.26084,-0.11698,0.023952,-0.04682,-0.013682,-0.035248,-0.18903,-0.097525,-0.42968,-0.45995,-0.27294,0.0041553,-0.13202,-0.1384
-0.29438,-0.095438,0.22729,0.20644,0.093047,-0.15212,-0.36728,-0.1219,0.0088004,-0.072126,0,0.14102,-0.0098378,0.013578,-0.024211,-0.21441,0.028966,0.0031121,-0.18109,-0.22063,-0.3271,-0.52277,-0.4002,-0.32837,-0.19572,0.20402,-0.2783,-0.44006,-0.47233,-0.25993,-0.36698,-0.15933,-0.18737,-0.13338,-0.35918,-0.15098,-0.078766,0.085468,-0.15543,0.29332,-0.2604,-0.1813,-0.533,-0.38237,-0.24833,0.11858,-0.40747,-0.33395,-0.52689,-0.12942,-0.21618,-0.32782,0.12437,0.034049,0.25828,-0.53824,-0.35403,-0.37322,-0.28691,0.034504,-0.10078,-0.39841,-0.49492,-0.3054,-0.30518,-0.44056,-0.21792,-0.32975,-0.31635,-0.3859,-0.35786,-0.31288,-0.22887,-0.32767,-0.21133,0.037553,0.35971,0.1358,0.099991,-0.023548,-0.070691,0.027542,0.14662,0.024419,-0.058859,0.019785,-0.12488,-0.30908,-0.36758,-0.2754,-0.1996,0.043691,0.067176,-0.12694,0.10636,0.12672,0.095139,-0.046348,0.036008,-0.68191,-0.66682,-0.21508,-0.084102,-0.28104,0.070772
-0.55679,0.024344,0.017163,0.014322,-0.25551,0.14655,-0.67287,0.077348,-0.35329,0.024713,0.14102,0,0.25176,0.29165,-0.092395,-0.034274,0.072478,-0.0010374,-0.14146,-0.33885,-0.11559,-0.33858,-0.31974,-0.20128,-0.40153,-0.011544,-0.051321,-0.27366,-0.46023,-0.30539,-0.22944,0.029882,0.11352,0.040394,-0.47491,-0.068323,-0.17262,-0.073648,-0.46756,0.045437,-0.55018,-0.00038037,-0.67835,-0.14468,-0.17373,0.092747,-0.40906,-0.39785,-0.30203,-0.12035,-0.089001,-0.13739,-0.19856,0.038925,0.045466,-0.55234,-0.60481,-0.57074,-0.4785,-0.21265,0.25672,-0.39903,-0.24854,-0.28518,-0.21191,-0.51238,-0.31223,-0.38505,-0.24317,-0.21539,-0.46185,-0.36866,-0.36605,-0.45912,-0.30342,-0.28331,0.1008,0.060018,0.05471,-0.037939,-0.12404,-0.045218,-0.0011353,-0.08314,-0.13673,-0.035933,-0.20148,-0.45779,-0.48704,-0.25124,-0.15315,-0.17174,0.21377,-0.18868,0.32202,-0.0010489,0.07223,-0.02892,0.0036423,-0.54203,-0.43332,-0.29716,0.0060341,-0.13121,0.027248
-0.47196,-0.085128,0.082903,0.040873,-0.20101,0.064796,-0.50696,0.13795,-0.42305,-0.076028,-0.0098378,0.25176,0,0.39815,-0.038533,0.041553,0.30231,0.11176,0.028424,-0.26204,-0.10354,-0.11802,-0.22098,-0.083491,-0.34327,-0.12271,-0.043305,0.017935,-0.18627,-0.31731,-0.22625,0.0033311,0.18342,0.051811,-0.48801,-0.16845,-0.10712,-0.11352,-0.42074,-0.039184,-0.46734,0.014206,-0.68755,-0.15576,-0.19148,0.091151,-0.16937,-0.16153,-0.2775,0.043697,0.15927,-0.079791,-0.27719,-0.067815,-0.05071,-0.64291,-0.65925,-0.40449,-0.42665,-0.29467,0.035916,-0.39495,-0.20114,-0.25537,-0.19183,-0.2458,-0.10482,-0.39417,-0.26378,-0.10957,-0.40153,-0.26599,-0.19885,-0.31794,-0.022874,-0.26993,-0.0014408,0.15061,0.1241,0.083641,-0.060761,0.10242,0.089808,0.11349,0.0051753,0.10438,-0.033755,-0.2941,-0.29615,0.014045,0.13402,-0.087796,0.25839,-0.23325,0.020217,-0.022338,0.13532,0.060346,0.062133,-0.31775,-0.31443,-0.16696,0.006207,-0.14615,0.10837
-0.41333,-0.061096,0.11324,0.14487,-0.22416,0.10356,-0.49894,0.15116,-0.31643,-0.11205,0.013578,0.29165,0.39815,0,-0.048094,-0.0014005,0.30847,0.076547,0.086286,-0.23156,-0.044423,-0.22842,-0.19738,-0.13161,-0.23291,0.026926,-0.052117,-0.11504,-0.24555,-0.34371,-0.37539,-0.053171,0.077348,0.21207,-0.64105,-0.18388,-0.18574,-0.018102,-0.43051,0.056082,-0.43865,-0.031358,-0.74486,-0.14191,-0.31262,0.03942,-0.29246,-0.2739,-0.3807,-0.050318,-0.025323,-0.1174,-0.13629,0.0080166,0.031277,-0.62379,-0.64717,-0.50796,-0.47107,-0.17311,0.10427,-0.40331,-0.26617,-0.21177,-0.13899,-0.36285,-0.19566,-0.32154,-0.24151,-0.18384,-0.42009,-0.42263,-0.32086,-0.49376,-0.22549,-0.20149,0.11486,0.14717,0.30484,0.09462,0.024799,0.10816,0.15867,0.099392,0.1043,0.17421,0.063925,-0.42154,-0.38793,-0.1512,0.0067084,-0.067193,0.2259,-0.20255,0.15055,-0.012938,0.085249,0.040135,0.031121,-0.47968,-0.35828,-0.15067,0.10045,-0.12329,0.183
-0.36744,-0.35834,0.21819,0.15105,-0.060917,-0.34166,-0.28777,-0.2331,-0.17487,-0.12857,-0.024211,-0.092395,-0.038533,-0.048094,0,-0.0041207,0.17602,-0.037686,-0.0013198,-0.045656,-0.091687,-0.26106,-0.18368,-0.20075,-0.058151,0.1084,-0.31662,-0.39199,-0.27241,-0.38895,-0.44354,-0.21817,-0.044273,-0.11633,-0.37001,-0.47679,-0.19187,-0.1517,-0.20711,0.016644,-0.24247,-0.11978,-0.45121,-0.37972,-0.33497,-0.10614,-0.090044,-0.11381,-0.37364,-0.033934,-0.16848,-0.059482,-0.04036,-0.14319,0.037732,-0.56226,-0.29728,-0.24642,-0.19755,0.037766,-0.21477,0.057488,-0.22581,0.06513,0.0089272,-0.14205,-0.024718,-0.23926,-0.38365,-0.24404,-0.1505,-0.28665,-0.24676,-0.40395,-0.15114,-0.031334,-0.040204,0.20958,0.066087,0.029398,-0.040838,0.26099,0.18929,0.12193,0.039472,0.1333,-0.01635,-0.13618,-0.20852,-0.19274,-0.13107,0.12987,-0.044256,-0.14861,-0.14082,0.18625,0.0094459,0.15154,-0.18624,-0.27947,-0.46516,0.22774,0.10378,-0.095611,0.15658
-0.53379,-0.091485,-0.087514,-0.086315,-0.39338,-0.13999,-0.48644,-0.012771,-0.44865,0.15072,-0.21441,-0.034274,0.041553,-0.0014005,-0.0041207,0,0.06653,0.0083451,-0.02137,-0.12772,0.12741,0.049996,-0.011572,0.026626,-0.24173,-0.028689,-0.091883,-0.13393,-0.12811,-0.23592,-0.1648,-0.015088,-0.11317,-0.22089,-0.46422,-0.31369,-0.43109,-0.45605,-0.4903,-0.22102,-0.36828,0.15712,-0.34233,0.035311,-0.12719,-0.070346,-0.18408,-0.23033,-0.17445,-0.10162,-0.14355,0.087779,-0.27516,-0.047097,-0.065395,-0.43183,-0.3935,-0.29525,-0.29627,-0.19053,0.087065,-0.11457,-0.10035,-0.10551,0.0036078,-0.13835,-0.093652,-0.55868,-0.44296,0.071838,-0.067158,-0.11073,-0.050595,-0.25205,-0.062559,-0.38876,-0.15713,-0.07782,-0.16992,-0.23156,-0.30518,0.060473,-0.056906,0.01363,-0.087376,-0.089024,-0.21149,-0.25828,-0.24393,-0.049183,-0.079884,-0.14724,0.0058266,-0.14956,-0.11914,0.042233,0.048284,0.053062,-0.05256,-0.27518,-0.31883,-0.065435,0.17745,-0.017272,0.05811
-0.43303,-0.23027,0.29245,0.24179,-0.073141,-0.037605,-0.42795,0.013411,-0.32463,-0.1346,0.028966,0.072478,0.30231,0.30847,0.17602,0.06653,0,0.1196,-0.025877,-0.17702,-0.013826,-0.12951,-0.20324,-0.097744,-0.22116,0.086926,-0.18566,-0.16362,-0.21886,-0.4323,-0.49098,-0.22453,0.13666,0.12985,-0.65604,-0.39246,-0.22381,-0.085485,-0.4163,-0.039806,-0.33082,-0.039311,-0.69844,-0.21539,-0.40519,-0.086863,-0.11133,-0.079094,-0.28492,0.12854,0.069516,0.063706,-0.071106,0.065879,0.13668,-0.69044,-0.52686,-0.35419,-0.34644,-0.15474,-0.044682,-0.26738,-0.24537,-0.1118,-0.077953,-0.18875,-0.015186,-0.43814,-0.41946,-0.24124,-0.33736,-0.36561,-0.26023,-0.42103,-0.080091,-0.11137,0.11869,0.38979,0.35602,0.27257,0.13107,0.33164,0.35279,0.21721,0.17022,0.22358,0.079451,-0.22806,-0.18198,-0.039086,0.15125,0.10147,0.35124,-0.12103,0.099144,0.25874,0.37049,0.19426,0.148,-0.33037,-0.424,0.15684,0.25972,-0.03651,0.4548
-0.35104,-0.0088234,0.089566,0.12242,-0.174,0.018177,-0.39139,0.24664,-0.26988,-0.060081,0.0031121,-0.0010374,0.11176,0.076547,-0.037686,0.0083451,0.1196,0,0.015935,-0.04395,-0.15591,-0.10858,-0.1593,0.093335,-0.12492,0.011498,-0.18516,-0.27047,-0.1582,-0.27211,-0.26564,0.012339,-0.13304,0.011025,-0.56395,-0.17285,-0.23184,-0.1874,-0.36522,-0.049241,-0.3121,-0.02058,-0.51088,-0.1372,-0.14151,0.09541,-0.15166,-0.12277,-0.29342,-0.074864,-0.072092,-0.13555,-0.14731,0.054134,-0.0072789,-0.44563,-0.3876,-0.29192,-0.29174,-0.17832,-0.012091,-0.27084,-0.24337,-0.20039,-0.039489,-0.10814,-0.0046682,-0.46718,-0.46378,-0.20875,-0.23836,-0.10526,0.01231,-0.16551,0.080835,-0.20758,0.050405,0.05135,0.06045,-0.041754,-0.11632,0.15492,0.16981,0.18568,0.099807,0.13241,0.068305,-0.22819,-0.19077,-0.15562,-0.078927,0.28438,0.24721,-0.016903,0.039754,-0.082817,-0.016425,-0.020557,-0.17309,-0.31222,-0.32575,-0.089456,-0.018206,-0.056981,0.13381
-0.2205,-0.10491,0.08726,0.15887,-0.24227,-0.27508,-0.25942,-0.076823,-0.15938,-0.074927,-0.18109,-0.14146,0.028424,0.086286,-0.0013198,-0.02137,-0.025877,0.015935,0,-0.05471,-0.20103,-0.23246,-0.068403,-0.14892,-0.05671,-0.045454,-0.22792,-0.15047,0.033991,-0.13824,-0.27086,-0.025041,-0.24496,-0.13384,-0.36322,-0.20671,-0.16548,-0.16816,-0.13165,0.10567,-0.24324,-0.10324,-0.43822,-0.29589,-0.15086,0.17533,-0.23416,-0.26994,-0.52434,-0.20966,-0.22092,-0.23173,-0.13294,-0.20159,-0.035743,-0.4457,-0.45855,-0.3946,-0.37855,-0.035242,-0.12814,-0.157,-0.1839,-0.010927,-0.02979,-0.20818,-0.15203,-0.092954,-0.12213,-0.012137,-0.16361,-0.20469,-0.085145,-0.26346,-0.08186,-0.12766,-0.026228,0.0039766,-0.0085065,-0.13826,-0.14388,0.21358,0.14307,0.31493,0.24514,0.2932,0.20194,-0.35086,-0.34707,-0.26718,-0.18374,-0.025531,-0.11861,-0.21217,-0.22372,-0.116,-0.15706,-0.028683,-0.28308,-0.31086,-0.2811,-0.17638,-0.072876,-0.1745,-0.058156
-0.10616,-0.32725,-0.085964,-0.082212,-0.26923,-0.51389,0.066599,-0.27935,-0.024125,-0.18978,-0.22063,-0.33885,-0.26204,-0.23156,-0.045656,-0.12772,-0.17702,-0.04395,-0.05471,0,-0.13074,-0.23969,-0.14142,-0.20255,0.14225,-0.11102,-0.43895,-0.46292,-0.040002,-0.18649,-0.33522,-0.26292,-0.45431,-0.37424,-0.3516,-0.42944,-0.35815,-0.37371,-0.088765,-0.1379,0.0071175,-0.28461,-0.12643,-0.34977,-0.2554,-0.12626,-0.16004,-0.11918,-0.49097,-0.4184,-0.4858,-0.28475,-0.075867,-0.32657,-0.2386,-0.42961,-0.21613,-0.069567,-0.031796,0.03617,-0.38658,0.00077227,-0.25298,-0.089779,0.078633,-0.066905,-0.032343,-0.38864,-0.48958,-0.19936,0.1615,0.067498,0.012863,-0.16667,0.0043397,0.016293,-0.2195,-0.095444,-0.12526,-0.36032,-0.33988,-0.12044,-0.08333,-0.014195,0.0056076,-0.097554,-0.10526,-0.033259,-0.083169,-0.13649,-0.15979,-0.0042187,-0.31571,0.020039,-0.33205,-0.12795,-0.2196,-0.15268,-0.39431,-0.37783,-0.48464,-0.061649,-0.27622,-0.31732,-0.1761
-0.38331,-0.18649,-0.24303,-0.23963,-0.43628,-0.12626,-0.37639,-0.028735,-0.45393,-0.055695,-0.3271,-0.11559,-0.10354,-0.044423,-0.091687,0.12741,-0.013826,-0.15591,-0.20103,-0.13074,0,0.062767,0.15551,-0.010627,-0.18434,-0.16327,-0.034199,-0.21876,-0.20707,-0.46186,-0.29669,-0.17447,-0.087946,-0.15882,-0.62368,-0.51402,-0.61915,-0.51835,-0.6092,-0.31381,-0.24498,0.14897,-0.28112,0.17749,-0.31259,-0.25972,-0.2465,-0.26998,-0.10885,-0.19514,-0.19149,0.071216,-0.27364,-0.11043,-0.2928,-0.31025,-0.39312,-0.37325,-0.32172,-0.20743,0.022811,-0.18817,-0.17543,-0.092949,0.032268,-0.28583,-0.26189,-0.58753,-0.46916,-0.13366,-0.24041,-0.31443,-0.30056,-0.56542,-0.31498,-0.41708,-0.27931,-0.20686,-0.19149,-0.26772,-0.2891,-0.1643,-0.2181,-0.16327,-0.18866,-0.23786,-0.3156,-0.34457,-0.33839,-0.13459,-0.096522,-0.2904,-0.14343,-0.14507,-0.15884,-0.14774,-0.12677,-0.11594,-0.12468,-0.24914,-0.30379,-0.089946,0.1052,-0.045074,0.0316
-0.37832,-0.23154,-0.40978,-0.3995,-0.39628,-0.12871,-0.34171,-0.0085814,-0.65643,-0.14817,-0.52277,-0.33858,-0.11802,-0.22842,-0.26106,0.049996,-0.12951,-0.10858,-0.23246,-0.23969,0.062767,0,0.16075,0.33499,-0.31745,-0.35406,0.032527,0.10434,-0.071504,-0.32192,-0.15124,-0.17775,-0.155,-0.25327,-0.52744,-0.47303,-0.5888,-0.67936,-0.631,-0.53495,-0.27724,0.096124,-0.2713,0.094286,-0.21312,-0.35018,-0.15301,-0.19863,0.12367,-0.017768,0.048503,0.032562,-0.50501,-0.206,-0.44182,-0.23732,-0.40349,-0.29221,-0.42272,-0.47327,-0.14082,-0.23328,-0.1141,-0.27464,-0.17057,-0.04935,-0.22397,-0.71225,-0.62055,-0.05679,-0.29582,-0.14507,-0.16393,-0.20651,-0.10556,-0.61812,-0.44464,-0.35684,-0.3518,-0.29422,-0.33022,-0.22853,-0.3388,-0.211,-0.25095,-0.29918,-0.26301,-0.3123,-0.22962,0.013584,-0.14099,-0.3011,-0.17138,-0.19189,-0.33545,-0.31819,-0.19833,-0.25788,-0.20772,0.065516,-0.028418,-0.10129,-0.094453,-0.049823,-0.19236
-0.1119,-0.10789,-0.34403,-0.28023,-0.29328,-0.22621,-0.16416,-0.0017635,-0.3283,0.012397,-0.4002,-0.31974,-0.22098,-0.19738,-0.18368,-0.011572,-0.20324,-0.1593,-0.068403,-0.14142,0.15551,0.16075,0,0.22596,-0.03149,-0.18001,0.078771,-0.091145,-0.096631,-0.23302,-0.15037,-0.096908,-0.30413,-0.3047,-0.46669,-0.49244,-0.64462,-0.61524,-0.39674,-0.28362,-0.025738,0.27148,-0.10067,0.084218,-0.16179,-0.21115,-0.36892,-0.40554,-0.12338,-0.15275,-0.16879,-0.073463,-0.24059,-0.11911,-0.35787,-0.0063165,-0.26707,-0.41862,-0.43938,-0.14634,-0.06158,-0.14947,-0.21158,-0.11197,-0.082736,-0.24205,-0.36663,-0.47562,-0.46898,-0.044659,-0.25182,-0.21698,-0.19135,-0.34888,-0.30002,-0.46538,-0.31735,-0.37126,-0.3363,-0.3625,-0.32787,-0.15806,-0.27837,-0.12189,-0.16739,-0.2253,-0.21402,-0.49611,-0.44144,-0.25793,-0.35343,-0.28504,-0.28836,-0.11956,-0.32868,-0.29103,-0.26907,-0.23169,-0.26624,-0.12337,-0.12261,-0.14235,-0.025877,-0.029219,-0.14498
-0.30595,-0.077884,-0.3118,-0.25073,-0.25537,-0.012304,-0.35017,0.20517,-0.44994,0.016004,-0.32837,-0.20128,-0.083491,-0.13161,-0.20075,0.026626,-0.097744,0.093335,-0.14892,-0.20255,-0.010627,0.33499,0.22596,0,-0.16941,-0.17638,0.10628,-0.050958,-0.1981,-0.26044,-0.14075,-0.076028,-0.17658,-0.19085,-0.60786,-0.40775,-0.58014,-0.5564,-0.56591,-0.34692,-0.24609,0.23155,-0.29026,0.11762,-0.15111,-0.20907,-0.27509,-0.28764,0.059453,0.038654,0.066986,0.017964,-0.31207,0.037985,-0.29648,-0.13041,-0.29995,-0.36847,-0.44957,-0.31596,-0.0051004,-0.24457,-0.20379,-0.28513,-0.15649,-0.11507,-0.24337,-0.6541,-0.68697,-0.15503,-0.34232,-0.17296,-0.14797,-0.18041,-0.15128,-0.54379,-0.25412,-0.28683,-0.24707,-0.222,-0.23711,-0.11466,-0.21074,-0.12178,-0.15721,-0.18259,-0.14369,-0.42517,-0.29273,-0.14283,-0.28616,-0.16153,-0.079659,-0.036539,-0.1595,-0.2514,-0.14528,-0.19111,-0.20409,-0.11265,-0.11122,-0.07336,-0.050267,0.06668,-0.12009
-0.020984,-0.349,-0.14413,-0.10368,-0.17723,-0.49783,0.04395,-0.27113,0.060923,-0.25079,-0.19572,-0.40153,-0.34327,-0.23291,-0.058151,-0.24173,-0.22116,-0.12492,-0.05671,0.14225,-0.18434,-0.31745,-0.03149,-0.16941,0,-0.069527,-0.38731,-0.45532,-0.16355,-0.34086,-0.39389,-0.28204,-0.46766,-0.35238,-0.42808,-0.54773,-0.41501,-0.33936,-0.094678,-0.11703,0.036994,-0.24187,-0.11832,-0.33004,-0.32733,-0.20346,-0.23188,-0.20586,-0.49168,-0.32448,-0.4372,-0.33429,0.014016,-0.22991,-0.25179,-0.23065,-0.031634,-0.15011,-0.096441,0.12671,-0.38929,-0.12888,-0.44429,-0.12791,-0.10537,-0.10522,-0.10025,-0.25809,-0.49678,-0.35621,-0.05354,-0.24024,-0.096643,-0.32007,-0.22315,-0.11007,-0.22304,-0.21294,-0.16337,-0.2931,-0.27199,-0.087036,-0.11193,-0.075094,-0.067424,-0.11027,-0.082967,-0.22936,-0.21462,-0.30095,-0.33593,-0.025906,-0.37612,-0.19193,-0.39409,-0.21852,-0.31665,-0.12223,-0.37295,-0.39201,-0.43364,-0.013399,-0.23492,-0.29792,-0.11309
-0.22696,-0.069977,0.14846,0.2577,0.021053,-0.18326,-0.3161,-0.099208,0.034147,0.058358,0.20402,-0.011544,-0.12271,0.026926,0.1084,-0.028689,0.086926,0.011498,-0.045454,-0.11102,-0.16327,-0.35406,-0.18001,-0.17638,-0.069527,0,-0.18381,-0.39774,-0.38763,-0.18737,-0.44678,-0.17733,-0.26784,-0.14513,-0.47146,-0.29463,-0.31562,-0.11223,-0.22981,0.21194,-0.16256,-0.070628,-0.4358,-0.2664,-0.31947,0.0080397,-0.45635,-0.40826,-0.49932,-0.080909,-0.24494,-0.19714,0.25712,0.10408,0.29971,-0.44432,-0.27025,-0.40784,-0.32067,0.23684,-0.034124,-0.21433,-0.42589,-0.1463,-0.1304,-0.3734,-0.25738,-0.35558,-0.40392,-0.26497,-0.22591,-0.34376,-0.2597,-0.39111,-0.28083,-0.010299,0.32853,0.055672,0.072997,-0.079578,-0.037818,0.15735,0.20724,0.092297,0.061874,0.066231,-0.012523,-0.40229,-0.3859,-0.31144,-0.28681,0.079232,0.012132,0.028902,0.097819,0.21059,0.068928,-0.056675,-0.061816,-0.57779,-0.57977,-0.021416,0.21761,-0.14328,0.13196
-0.2963,0.080471,-0.41169,-0.3586,-0.28534,0.12178,-0.45735,0.16819,-0.47797,0.0058727,-0.2783,-0.051321,-0.043305,-0.052117,-0.31662,-0.091883,-0.18566,-0.18516,-0.22792,-0.43895,-0.034199,0.032527,0.078771,0.10628,-0.38731,-0.18381,0,0.10313,-0.36868,-0.18345,-0.061897,0.068069,-0.12713,-0.18057,-0.44441,-0.19949,-0.45988,-0.41852,-0.57283,-0.25808,-0.35756,0.26531,-0.37938,0.14828,-0.13776,-0.18202,-0.56136,-0.57262,-0.10473,-0.0068582,0.060369,-0.17399,-0.38593,-0.095923,-0.346,-0.16782,-0.46903,-0.60368,-0.6662,-0.34829,0.15243,-0.46092,-0.29458,-0.41549,-0.34465,-0.46179,-0.54313,-0.52201,-0.361,-0.076022,-0.53852,-0.36425,-0.39358,-0.4113,-0.41823,-0.61684,-0.26084,-0.40072,-0.31498,-0.28616,-0.28354,-0.28674,-0.35902,-0.27354,-0.33146,-0.31731,-0.30625,-0.69238,-0.65786,-0.21347,-0.34238,-0.40277,-0.13414,-0.22709,-0.13332,-0.34576,-0.2206,-0.33524,-0.12123,-0.27819,-0.098314,-0.34626,-0.019128,-0.12518,-0.19526
-0.34598,-0.20743,-0.39012,-0.37669,-0.33092,-0.123,-0.38667,-0.082189,-0.60248,-0.23184,-0.44006,-0.27366,0.017935,-0.11504,-0.39199,-0.13393,-0.16362,-0.27047,-0.15047,-0.46292,-0.21876,0.10434,-0.091145,-0.050958,-0.45532,-0.39774,0.10313,0,-0.075993,-0.24163,-0.14823,-0.15759,-0.13914,-0.2406,-0.40494,-0.27279,-0.3258,-0.41614,-0.48648,-0.40124,-0.38375,-0.076627,-0.44574,-0.10977,-0.2525,-0.26352,-0.29734,-0.32471,-0.16459,-0.0014811,0.15406,-0.20557,-0.53587,-0.30247,-0.40866,-0.34793,-0.5837,-0.42646,-0.59495,-0.54779,-0.19185,-0.50352,-0.24698,-0.44652,-0.44138,-0.23615,-0.33671,-0.43233,-0.29942,-0.064623,-0.49332,-0.32664,-0.27549,-0.25467,-0.18344,-0.57666,-0.37245,-0.34384,-0.29952,-0.21088,-0.24257,-0.25795,-0.33435,-0.20235,-0.24849,-0.25197,-0.20089,-0.45769,-0.37977,-0.012587,-0.12145,-0.42164,-0.19237,-0.42494,-0.37388,-0.37368,-0.19795,-0.28275,-0.093122,-0.13894,-0.038285,-0.31546,-0.20142,-0.27241,-0.28075
-0.22928,-0.35407,-0.21321,-0.20683,-0.4017,-0.43349,-0.098966,-0.23792,-0.37971,-0.32833,-0.47233,-0.46023,-0.18627,-0.24555,-0.27241,-0.12811,-0.21886,-0.1582,0.033991,-0.040002,-0.20707,-0.071504,-0.096631,-0.1981,-0.16355,-0.38763,-0.36868,-0.075993,0,-0.26968,-0.28229,-0.22947,-0.33824,-0.29136,-0.36485,-0.35132,-0.26084,-0.40828,-0.19936,-0.33789,-0.1492,-0.27418,-0.27089,-0.29231,-0.28513,-0.20571,-0.046273,-0.089733,-0.35766,-0.36011,-0.29897,-0.23373,-0.36809,-0.41175,-0.37019,-0.35801,-0.4338,-0.22431,-0.29947,-0.35574,-0.39671,-0.16671,-0.079232,-0.11511,-0.10198,-0.0011008,-0.062969,-0.27075,-0.26122,-0.074628,-0.12136,-0.090119,-0.0043109,-0.19198,0.046025,-0.26672,-0.37081,-0.21009,-0.23253,-0.28296,-0.28968,-0.13277,-0.17084,0.028113,0.01072,-0.075913,-0.04274,-0.1625,-0.12311,-0.17099,-0.051114,-0.14958,-0.27551,-0.33031,-0.51138,-0.34032,-0.27928,-0.1352,-0.36202,-0.10182,-0.1393,-0.22448,-0.29982,-0.27724,-0.23866
-0.10795,-0.042573,-0.32068,-0.2696,-0.22349,-0.37553,-0.16125,-0.24858,-0.14571,-0.062646,-0.25993,-0.30539,-0.31731,-0.34371,-0.38895,-0.23592,-0.4323,-0.27211,-0.13824,-0.18649,-0.46186,-0.32192,-0.23302,-0.26044,-0.34086,-0.18737,-0.18345,-0.24163,-0.26968,0,-0.018552,-0.05905,-0.56847,-0.53963,-0.055361,-0.052779,-0.27554,-0.36096,-0.038792,-0.10179,-0.20462,-0.20669,-0.19257,-0.37544,0.05467,-0.068052,-0.64816,-0.61573,-0.45319,-0.41414,-0.447,-0.40408,-0.22803,-0.31867,-0.23863,-0.27138,-0.39883,-0.46983,-0.50091,-0.12249,-0.21479,-0.22646,-0.21426,-0.29497,-0.26847,-0.43098,-0.49406,-0.36237,-0.25419,0.097611,-0.16279,0.053373,-0.16958,0.013866,-0.24658,-0.25125,-0.2423,-0.38408,-0.42986,-0.5742,-0.51898,-0.289,-0.32961,-0.24904,-0.28296,-0.29947,-0.28646,-0.50038,-0.54717,-0.37632,-0.54613,-0.33035,-0.38709,-0.10208,-0.30474,-0.27788,-0.31167,-0.40765,-0.40093,-0.39206,-0.25966,-0.46387,-0.34223,-0.31803,-0.4566
-0.39373,-0.046618,-0.50683,-0.51449,-0.50616,-0.27946,-0.39952,-0.18764,-0.48104,-0.039438,-0.36698,-0.22944,-0.22625,-0.37539,-0.44354,-0.1648,-0.49098,-0.26564,-0.27086,-0.33522,-0.29669,-0.15124,-0.15037,-0.14075,-0.39389,-0.44678,-0.061897,-0.14823,-0.28229,-0.018552,0,0.16263,-0.34398,-0.52466,-0.013353,-0.07023,-0.34017,-0.6036,-0.32978,-0.35258,-0.38982,-0.029219,-0.1158,-0.15024,0.56511,-0.081457,-0.4577,-0.52651,-0.18506,-0.34397,-0.2933,-0.3913,-0.60749,-0.39675,-0.48196,-0.14043,-0.40264,-0.40194,-0.44749,-0.4053,-0.13221,-0.32298,-0.19489,-0.42404,-0.37691,-0.37591,-0.45455,-0.4517,-0.30338,0.03719,-0.2653,0.067602,-0.088373,-0.042452,-0.22538,-0.65498,-0.48408,-0.52352,-0.5905,-0.59066,-0.68442,-0.42658,-0.53191,-0.37852,-0.4991,-0.44794,-0.52731,-0.45212,-0.55898,-0.24204,-0.44153,-0.50311,-0.37375,-0.39317,-0.44182,-0.4668,-0.41257,-0.39628,-0.37412,-0.24764,-0.13658,-0.56272,-0.40974,-0.36535,-0.47777
-0.38429,0.15932,-0.22388,-0.21109,-0.3745,-0.040031,-0.46329,0.13727,-0.39833,-0.0071003,-0.15933,0.029882,0.0033311,-0.053171,-0.21817,-0.015088,-0.22453,0.012339,-0.025041,-0.26292,-0.17447,-0.17775,-0.096908,-0.076028,-0.28204,-0.17733,0.068069,-0.15759,-0.22947,-0.05905,0.16263,0,-0.16872,-0.20035,-0.23568,0.093709,-0.17357,-0.27969,-0.31783,-0.069648,-0.44865,0.12042,-0.37819,-0.071141,0.24208,0.11554,-0.3995,-0.43583,-0.28207,-0.25176,-0.21116,-0.26041,-0.38048,-0.18766,-0.24313,-0.27012,-0.47025,-0.49469,-0.48579,-0.24137,0.13197,-0.29072,-0.12529,-0.23955,-0.15398,-0.3508,-0.32238,-0.33369,-0.17565,0.11935,-0.26371,-0.087422,-0.12631,-0.24918,-0.22072,-0.46259,-0.23364,-0.28596,-0.29844,-0.34789,-0.4318,-0.14452,-0.23529,-0.13739,-0.25997,-0.17684,-0.26155,-0.46953,-0.58485,-0.30108,-0.32462,-0.19688,-0.089502,-0.30178,-0.17456,-0.32134,-0.27707,-0.1631,-0.2967,-0.2862,-0.090597,-0.41467,-0.11556,-0.14904,-0.14014
-0.71417,-0.34824,-0.10416,-0.16132,-0.27464,0.01284,-0.64575,-0.084229,-0.66041,-0.28725,-0.18737,0.11352,0.18342,0.077348,-0.044273,-0.11317,0.13666,-0.13304,-0.24496,-0.45431,-0.087946,-0.155,-0.30413,-0.17658,-0.46766,-0.26784,-0.12713,-0.13914,-0.33824,-0.56847,-0.34398,-0.16872,0,0.21025,-0.51926,-0.33302,-0.13928,-0.14328,-0.56488,-0.27163,-0.59783,-0.077382,-0.82793,-0.24397,-0.35503,-0.25843,-0.14344,-0.19637,-0.044423,0.065464,0.13899,0.042336,-0.40995,-0.13795,-0.18341,-0.58665,-0.71363,-0.52935,-0.55628,-0.46742,-0.057764,-0.29237,-0.072086,-0.21869,-0.23792,-0.32991,-0.2208,-0.35452,-0.32995,-0.28155,-0.59185,-0.48312,-0.49986,-0.55286,-0.30603,-0.40627,-0.21679,0.020615,0.013013,0.19542,0.0026223,-0.077037,-0.10739,-0.1526,-0.17692,-0.059672,-0.16778,-0.35442,-0.36002,-0.18135,-0.033184,-0.18264,0.18835,-0.39651,-0.042411,-0.11451,0.026297,0.054837,-0.040308,-0.20459,-0.18972,-0.10627,-0.021111,-0.038319,0.0079647
-0.50409,-0.24386,-0.014748,-0.0019134,-0.23168,0.11863,-0.55976,0.023537,-0.45491,-0.34996,-0.13338,0.040394,0.051811,0.21207,-0.11633,-0.22089,0.12985,0.011025,-0.13384,-0.37424,-0.15882,-0.25327,-0.3047,-0.19085,-0.35238,-0.14513,-0.18057,-0.2406,-0.29136,-0.53963,-0.52466,-0.20035,0.21025,0,-0.68401,-0.21658,-0.12623,0.057355,-0.49359,-0.15872,-0.47811,-0.17554,-1,-0.26117,-0.44787,-0.20175,-0.22785,-0.24997,-0.25993,-0.025468,0.0055961,-0.13923,-0.2507,-0.068202,-0.07389,-0.56122,-0.69835,-0.58201,-0.58287,-0.37378,-0.047765,-0.37536,-0.20684,-0.222,-0.211,-0.39603,-0.26126,-0.24919,-0.2662,-0.38411,-0.63247,-0.57043,-0.48776,-0.59935,-0.34441,-0.25678,-0.037755,0.042342,0.22272,0.28536,0.21042,-0.040331,0.03145,-0.035691,0.034545,0.11385,0.086148,-0.4284,-0.39087,-0.32321,-0.076829,-0.015105,0.30029,-0.30124,0.073544,-0.18003,-0.053753,-0.076662,-0.11615,-0.35749,-0.22143,-0.16478,-0.0078495,-0.047633,0.060917
-0.28556,-0.39778,-0.44685,-0.5019,-0.35556,-0.71465,-0.20567,-0.66095,-0.25294,-0.34249,-0.35918,-0.47491,-0.48801,-0.64105,-0.37001,-0.46422,-0.65604,-0.56395,-0.36322,-0.3516,-0.62368,-0.52744,-0.46669,-0.60786,-0.42808,-0.47146,-0.44441,-0.40494,-0.36485,-0.055361,-0.013353,-0.23568,-0.51926,-0.68401,0,-0.15622,-0.096464,-0.37665,0.065568,-0.29699,-0.2869,-0.45026,-0.12404,-0.65506,-0.013059,-0.23986,-0.44524,-0.50906,-0.5191,-0.48704,-0.53645,-0.67622,-0.49885,-0.74345,-0.453,-0.3152,-0.31663,-0.29042,-0.31508,-0.31711,-0.53152,-0.22244,-0.32642,-0.37924,-0.50603,-0.44117,-0.48438,-0.11446,-0.10819,-0.19652,-0.21478,-0.092465,-0.2506,-0.12326,-0.32443,-0.31466,-0.51481,-0.49397,-0.62128,-0.59503,-0.61735,-0.50597,-0.54551,-0.44441,-0.53523,-0.47233,-0.53107,-0.29354,-0.51318,-0.39225,-0.52677,-0.49495,-0.61096,-0.53616,-0.68586,-0.45332,-0.54033,-0.50399,-0.53267,-0.33666,-0.34102,-0.58312,-0.59421,-0.6364,-0.65592
-0.4241,0.066807,-0.27915,-0.26737,-0.42063,-0.099282,-0.55818,-0.13543,-0.34886,-0.23132,-0.15098,-0.068323,-0.16845,-0.18388,-0.47679,-0.31369,-0.39246,-0.17285,-0.20671,-0.42944,-0.51402,-0.47303,-0.49244,-0.40775,-0.54773,-0.29463,-0.19949,-0.27279,-0.35132,-0.052779,-0.07023,0.093709,-0.33302,-0.21658,-0.15622,0,0.001095,-0.095923,-0.27151,-0.12788,-0.55444,-0.30407,-0.52517,-0.31251,5.7632e-06,0.025906,-0.5153,-0.52752,-0.5148,-0.39968,-0.33473,-0.57476,-0.43526,-0.34431,-0.21764,-0.41207,-0.56725,-0.50154,-0.5018,-0.40471,-0.10752,-0.55313,-0.31975,-0.50301,-0.44007,-0.54976,-0.44995,-0.22309,0.012639,-0.17677,-0.41383,-0.21719,-0.23057,-0.20714,-0.2837,-0.36656,-0.18668,-0.33517,-0.31855,-0.37424,-0.40393,-0.35819,-0.31077,-0.26857,-0.32054,-0.26197,-0.30425,-0.46848,-0.58517,-0.39826,-0.34434,-0.30512,-0.15717,-0.40727,-0.19193,-0.4322,-0.35851,-0.41256,-0.32614,-0.54728,-0.26906,-0.75427,-0.3753,-0.41822,-0.37371
-0.41893,-0.39812,-0.035674,-0.11238,-0.1687,-0.35718,-0.35663,-0.36247,-0.28701,-0.49575,-0.078766,-0.17262,-0.10712,-0.18574,-0.19187,-0.43109,-0.22381,-0.23184,-0.16548,-0.35815,-0.61915,-0.5888,-0.64462,-0.58014,-0.41501,-0.31562,-0.45988,-0.3258,-0.26084,-0.27554,-0.34017,-0.17357,-0.13928,-0.12623,-0.096464,0.001095,0,0.27113,-0.0011065,-0.054502,-0.4844,-0.48771,-0.70599,-0.72667,-0.2721,-0.12085,-0.2146,-0.22208,-0.56846,-0.29703,-0.28219,-0.48249,-0.33279,-0.45332,-0.16761,-0.68335,-0.59063,-0.37567,-0.40371,-0.35397,-0.41198,-0.34545,-0.24332,-0.30814,-0.39107,-0.34721,-0.19842,0.047713,0.013636,-0.31461,-0.41021,-0.30982,-0.32447,-0.29465,-0.19529,-0.082587,-0.20088,-0.05316,-0.098147,-0.076397,-0.16612,-0.174,-0.12296,-0.13735,-0.17685,-0.04682,-0.10365,-0.21453,-0.3584,-0.33958,-0.18485,-0.087589,-0.1418,-0.52777,-0.30708,-0.27098,-0.24543,-0.14489,-0.31496,-0.39274,-0.30018,-0.38841,-0.39339,-0.42339,-0.25893
-0.33418,-0.32254,0.109,0.078869,-0.034533,-0.20809,-0.3901,-0.25997,-0.14546,-0.47409,0.085468,-0.073648,-0.11352,-0.018102,-0.1517,-0.45605,-0.085485,-0.1874,-0.16816,-0.37371,-0.51835,-0.67936,-0.61524,-0.5564,-0.33936,-0.11223,-0.41852,-0.41614,-0.40828,-0.36096,-0.6036,-0.27969,-0.14328,0.057355,-0.37665,-0.095923,0.27113,0,-0.11649,0.11269,-0.44397,-0.46453,-0.89831,-0.61591,-0.47482,-0.15439,-0.32662,-0.27307,-0.63958,-0.25706,-0.27654,-0.41311,-0.076068,-0.2339,0.024102,-0.69783,-0.54521,-0.47069,-0.42547,-0.20067,-0.30152,-0.43916,-0.38554,-0.27987,-0.33886,-0.45861,-0.24828,-0.012829,-0.054047,-0.4494,-0.50033,-0.53529,-0.46835,-0.49436,-0.34789,0.069965,0.043212,0.050295,0.11485,0.057885,0.026787,-0.08552,0.038763,-0.10369,-0.077763,0.030672,0.00013255,-0.3327,-0.39385,-0.43418,-0.20946,-0.0034406,-0.041466,-0.36876,-0.060565,-0.15591,-0.15614,-0.13044,-0.2096,-0.55642,-0.42976,-0.30642,-0.23481,-0.31981,-0.088257
0.021629,-0.42108,-0.12941,-0.13916,-0.040821,-0.74199,0.14849,-0.53778,0.15598,-0.37684,-0.15543,-0.46756,-0.42074,-0.43051,-0.20711,-0.4903,-0.4163,-0.36522,-0.13165,-0.088765,-0.6092,-0.631,-0.39674,-0.56591,-0.094678,-0.22981,-0.57283,-0.48648,-0.19936,-0.038792,-0.32978,-0.31783,-0.56488,-0.49359,0.065568,-0.27151,-0.0011065,-0.11649,0,0.0081492,-0.0089272,-0.48961,-0.22007,-0.82684,-0.23393,-0.14426,-0.38655,-0.36228,-0.73172,-0.48207,-0.58255,-0.56983,-0.066127,-0.48346,-0.21435,-0.37918,-0.27373,-0.28762,-0.27151,0.0098551,-0.57188,-0.13682,-0.3487,-0.1708,-0.30379,-0.3419,-0.29967,0.012247,-0.14728,-0.27645,-0.14908,-0.13956,-0.19822,-0.16921,-0.237,0.14236,-0.23342,-0.2181,-0.27876,-0.37521,-0.33824,-0.21652,-0.19771,-0.1443,-0.16403,-0.15217,-0.15861,-0.24563,-0.36887,-0.45468,-0.44345,-0.15069,-0.47889,-0.30846,-0.50346,-0.24917,-0.36075,-0.27085,-0.46228,-0.42482,-0.42931,-0.33415,-0.47601,-0.48588,-0.38857
-0.13258,-0.030729,0.26323,0.32991,0.035011,-0.23281,-0.25587,-0.1201,0.13664,-0.058456,0.29332,0.045437,-0.039184,0.056082,0.016644,-0.22102,-0.039806,-0.049241,0.10567,-0.1379,-0.31381,-0.53495,-0.28362,-0.34692,-0.11703,0.21194,-0.25808,-0.40124,-0.33789,-0.10179,-0.35258,-0.069648,-0.27163,-0.15872,-0.29699,-0.12788,-0.054502,0.11269,0.0081492,0,-0.21135,-0.16544,-0.49244,-0.41541,-0.19888,0.26704,-0.46856,-0.41274,-0.67766,-0.25974,-0.3219,-0.33404,0.19699,-0.080345,0.18744,-0.49505,-0.40888,-0.48647,-0.36668,0.2622,-0.091254,-0.27512,-0.3702,-0.096309,-0.13697,-0.4669,-0.29072,-0.12497,-0.098643,-0.19637,-0.2695,-0.2951,-0.25313,-0.37599,-0.26124,0.13919,0.30519,0.083935,0.058191,-0.12934,-0.11985,0.12773,0.19364,0.11862,0.04391,0.13325,-0.0068351,-0.41602,-0.4914,-0.40796,-0.2999,0.012201,-0.084096,-0.10014,0.0085238,0.031064,-0.083791,-0.075607,-0.19474,-0.56133,-0.52486,-0.25291,-0.062438,-0.24522,0.0066911
0.27574,-0.34379,-0.2662,-0.22195,-0.039034,-0.57655,0.34588,-0.37814,0.087647,-0.20958,-0.2604,-0.55018,-0.46734,-0.43865,-0.24247,-0.36828,-0.33082,-0.3121,-0.24324,0.0071175,-0.24498,-0.27724,-0.025738,-0.24609,0.036994,-0.16256,-0.35756,-0.38375,-0.1492,-0.20462,-0.38982,-0.44865,-0.59783,-0.47811,-0.2869,-0.55444,-0.4844,-0.44397,-0.0089272,-0.21135,0,-0.25744,0.014235,-0.38932,-0.35254,-0.26332,-0.42207,-0.38417,-0.44464,-0.31839,-0.41346,-0.39141,0.0086217,-0.28796,-0.29157,-0.12785,-0.12857,-0.25595,-0.25638,0.00016137,-0.45269,-0.18219,-0.45955,-0.217,-0.27522,-0.31292,-0.37157,-0.36463,-0.47947,-0.36095,-0.21794,-0.19609,-0.18372,-0.25111,-0.26594,-0.063372,-0.22892,-0.30698,-0.29077,-0.37569,-0.26005,-0.26733,-0.24562,-0.12264,-0.11245,-0.23611,-0.19152,-0.31217,-0.30291,-0.32052,-0.37593,-0.21506,-0.4491,-0.061297,-0.45617,-0.23433,-0.27396,-0.36007,-0.2973,-0.36658,-0.46156,-0.18453,-0.3114,-0.35969,-0.30207
-0.34098,0.10484,-0.21221,-0.17788,-0.2466,0.038942,-0.4329,0.22686,-0.42322,0.24162,-0.1813,-0.00038037,0.014206,-0.031358,-0.11978,0.15712,-0.039311,-0.02058,-0.10324,-0.28461,0.14897,0.096124,0.27148,0.23155,-0.24187,-0.070628,0.26531,-0.076627,-0.27418,-0.20669,-0.029219,0.12042,-0.077382,-0.17554,-0.45026,-0.30407,-0.48771,-0.46453,-0.48961,-0.16544,-0.25744,0,-0.3179,0.15919,0.00020747,-0.040723,-0.41487,-0.44863,-0.03742,-0.0013659,-0.010858,0.037443,-0.25162,0.091589,-0.16878,-0.1769,-0.42476,-0.54624,-0.53767,-0.1743,0.35204,-0.23381,-0.16308,-0.14972,-0.11294,-0.35942,-0.37336,-0.56738,-0.42561,0.027986,-0.35022,-0.20949,-0.213,-0.34221,-0.27578,-0.49243,-0.157,-0.23418,-0.2491,-0.24351,-0.28607,-0.047587,-0.17969,-0.083151,-0.19142,-0.16534,-0.25984,-0.54628,-0.53542,-0.22714,-0.29221,-0.24282,-0.020459,-0.11219,-0.07072,-0.12662,-0.064127,-0.11892,-0.063735,-0.20094,-0.17202,-0.18143,0.17963,0.089877,0.01099
