,,,,,,,,,,,,,,,,,,,,,,,,,,,,,,,,,,,,,,,,,,,,,,,,,,,,,,,,,,,,,,,,,,,,,,,,,,,,,,,,,,,,,,,,,,,,,,,,,,,,,,,,
0,-0.3276,-0.28148,-0.25695,0.026184,-0.71952,0.49338,-0.524,0.21889,-0.34609,-0.28425,-0.68343,-0.58547,-0.56321,-0.27391,-0.54262,-0.45422,-0.5228,-0.18493,-0.035184,-0.3753,-0.37678,-0.095288,-0.44051,0.0053888,-0.2286,-0.37664,-0.33925,-0.15471,-0.029772,-0.33876,-0.41225,-0.70741,-0.62267,-0.0096596,-0.41236,-0.29431,-0.26262,0.26505,-0.087506,0.38621,-0.36587,0.115,-0.53715,-0.29764,-0.26707,-0.45447,-0.36773,-0.55718,-0.43878,-0.52552,-0.47329,0.020046,-0.45477,-0.35446,-0.056359,-0.079473,-0.21584,-0.19619,0.069182,-0.55975,-0.16396,-0.41187,-0.10986,-0.21916,-0.32221,-0.40657,-0.11084,-0.16661,-0.21674,-0.12199,-0.1623,-0.2329,-0.22467,-0.31404,0.11711,-0.28104,-0.40046,-0.40299,-0.50153,-0.35115,-0.31631,-0.32095,-0.234,-0.2208,-0.32508,-0.21834,-0.27692,-0.34296,-0.37169,-0.44833,-0.28522,-0.69616,-0.079608,-0.57573,-0.32103,-0.44764,-0.45473,-0.44881,-0.22285,-0.32593,-0.27041,-0.37723,-0.42359,-0.38078
-0.3276,0,-0.17267,-0.1789,-0.31156,0.078121,-0.50932,0.12341,-0.27669,0.16137,-0.042613,0.074023,-0.071513,-0.13868,-0.31766,-0.063497,-0.26391,-0.069931,-0.15065,-0.39442,-0.23628,-0.28292,-0.2245,-0.23106,-0.44884,-0.12494,0.0019118,-0.2407,-0.40301,0.063089,0.13045,0.21534,-0.27128,-0.32936,-0.059416,0.16214,-0.21605,-0.25002,-0.27737,-0.0032981,-0.41055,0.074381,-0.26662,0.0072447,0.27373,0.24397,-0.56556,-0.5535,-0.28796,-0.31114,-0.29125,-0.25576,-0.26101,-0.06651,-0.075124,-0.21494,-0.40462,-0.4728,-0.36268,-0.13518,0.32243,-0.36284,-0.20804,-0.18783,-0.17639,-0.54167,-0.42393,-0.37495,-0.024479,0.13062,-0.18524,-0.044083,-0.079714,-0.13483,-0.23218,-0.35383,-0.057046,-0.31818,-0.46674,-0.47677,-0.57409,-0.16432,-0.24427,-0.24277,-0.42919,-0.32425,-0.54496,-0.48915,-0.60058,-0.36307,-0.38083,-0.34198,-0.10964,-0.17588,0.029057,-0.19127,-0.234,-0.30146,-0.18449,-0.30365,-0.25532,-0.53044,-0.073755,-0.18037,-0.16294
-0.28148,-0.17267,0,1,0.11809,-0.24434,-0.24401,-0.13299,0.013159,0.020174,0.38197,0.052228,0.023277,0.12737,0.26061,0.062972,0.25428,0.0612,0.10984,-0.10399,-0.17435,-0.39213,-0.24333,-0.28009,-0.046884,0.4443,-0.32166,-0.34527,-0.22197,-0.17848,-0.3842,-0.15491,-0.12735,-0.10956,-0.28902,-0.24381,-0.027727,0.093029,-0.028146,0.27457,-0.15632,-0.10695,-0.39042,-0.34215,-0.26921,0.063866,-0.18295,-0.14512,-0.37793,-0.093616,-0.22705,-0.038705,0.33546,0.20189,0.58287,-0.51147,-0.176,-0.23629,-0.1664,0.17377,-0.066801,-0.048684,-0.2235,0.033121,-0.057343,-0.18751,0.02719,-0.19148,-0.23609,-0.1909,-0.072603,-0.22827,-0.10288,-0.25982,-0.079904,0.17594,0.47895,0.59679,0.32791,0.072547,0.018117,0.53921,0.90385,0.54721,0.28986,0.43462,0.094852,-0.13055,-0.16423,-0.24292,-0.1161,0.31047,0.11394,-0.066924,0.12115,0.4908,0.2888,0.33026,0.12434,-0.46152,-0.48253,0.03439,0.15237,-0.037313,0.3093
-0.25695,-0.1789,1,0,0.11746,-0.26412,-0.23434,-0.16517,0.04178,0.0013304,0.27704,0.0048633,-0.056157,0.086304,0.19531,0.016653,0.17811,0.011236,0.14475,-0.1159,-0.22214,-0.42772,-0.25232,-0.29722,-0.053206,0.4462,-0.36158,-0.37507,-0.22523,-0.1427,-0.42477,-0.19495,-0.17377,-0.11685,-0.31119,-0.25479,-0.059718,0.096892,-0.0084577,0.28423,-0.15132,-0.142,-0.40074,-0.38521,-0.29389,0.030404,-0.24047,-0.20105,-0.39402,-0.13914,-0.27696,-0.033881,0.4273,0.21707,0.65454,-0.4763,-0.19091,-0.29576,-0.21459,0.20204,-0.076913,-0.015736,-0.19754,0.081726,-0.03359,-0.22606,-0.033831,-0.15512,-0.22163,-0.19079,-0.083655,-0.25603,-0.15323,-0.26907,-0.1448,0.20976,0.52809,0.50456,0.30091,0.044307,0.031248,0.54117,0.95606,0.47526,0.34479,0.47498,0.15016,-0.19964,-0.19218,-0.32683,-0.19921,0.27993,0.065392,-0.028895,0.14154,0.45743,0.23424,0.27107,0.044038,-0.46237,-0.46445,0.020968,0.12605,-0.009067,0.21555
0.026184,-0.31156,0.11809,0.11746,0,-0.36204,-0.0066354,-0.30625,0.099229,-0.14213,0.1256,-0.24319,-0.21565,-0.22635,0.10531,-0.29475,-0.0046006,-0.22464,-0.16266,-0.20666,-0.3284,-0.33687,-0.17347,-0.26366,-0.11859,0.15029,-0.23239,-0.29694,-0.36373,-0.13375,-0.42715,-0.35286,-0.22499,-0.20315,-0.13792,-0.38851,-0.10283,0.01056,0.095556,0.10067,0.12569,-0.15755,-0.29961,-0.55753,-0.33161,-0.16513,-0.36284,-0.30819,-0.32779,0.050836,-0.1169,-0.18901,0.26629,-0.020873,0.098329,-0.29047,-0.16273,-0.31112,-0.31848,0.098535,-0.27566,-0.091609,-0.35553,-0.096875,-0.27682,-0.33207,-0.28711,-0.17733,-0.30808,-0.31293,-0.32202,-0.30354,-0.32612,-0.24598,-0.27129,0.19308,0.14354,0.055045,0.026245,0.024233,0.11025,0.048812,0.086092,0.086444,0.039113,0.063072,0.046822,-0.27151,-0.30604,-0.28762,-0.31872,0.040058,-0.13335,0.0082118,-0.11575,0.12134,0.046643,-0.12278,-0.012606,-0.29575,-0.39311,0.011174,-0.033188,-0.12874,-0.044916
-0.71952,0.078121,-0.24434,-0.26412,-0.36204,0,-0.91397,0.41383,-0.73242,-0.15719,-0.20664,0.10839,0.065772,0.0075913,-0.28449,-0.041908,-0.064347,0.024328,-0.33542,-0.68104,-0.14274,-0.065074,-0.27546,-0.019694,-0.6371,-0.25288,0.1146,-0.092571,-0.42265,-0.34599,-0.13731,0.038096,0.14094,0.15802,-0.4443,-0.01293,-0.21396,-0.18726,-0.70648,-0.31986,-0.75205,0.045028,-0.6876,0.16273,-0.12327,-0.21582,-0.23374,-0.27973,0.073609,-0.022662,0.090279,-0.0099111,-0.46775,0.059629,-0.14467,-0.30017,-0.51777,-0.47718,-0.48595,-0.49461,0.316,-0.42308,-0.093661,-0.29049,-0.24766,-0.3293,-0.27814,-0.44868,-0.21929,-0.13187,-0.47915,-0.35374,-0.3229,-0.34059,-0.3023,-0.64666,-0.19449,-0.25988,-0.28354,-0.10918,-0.24079,-0.15954,-0.24214,-0.30797,-0.40913,-0.27281,-0.36895,-0.42737,-0.39897,-0.27734,-0.19879,-0.24177,0.23045,-0.35449,0.16584,-0.24986,-0.14242,-0.18278,-0.07025,-0.095774,-0.013181,-0.32449,0.037822,0.068008,-0.035413
0.49338,-0.50932,-0.24401,-0.23434,-0.0066354,-0.91397,0,-0.55946,0.13834,-0.37422,-0.30211,-0.69823,-0.52407,-0.50884,-0.19417,-0.42698,-0.36245,-0.41305,-0.1659,0.19627,-0.27276,-0.27807,-0.047722,-0.34229,0.15388,-0.2325,-0.44209,-0.32677,0.0064229,-0.088652,-0.34386,-0.43306,-0.58184,-0.54814,-0.072531,-0.50868,-0.28093,-0.3115,0.27679,-0.17213,0.58399,-0.37486,0.15635,-0.571,-0.33256,-0.31972,-0.27359,-0.21637,-0.44504,-0.39714,-0.50302,-0.38092,0.0011236,-0.46824,-0.37005,-0.1271,-0.081944,-0.11155,-0.14444,0.022137,-0.66297,-0.010671,-0.29426,-0.090396,-0.15839,-0.15294,-0.24539,-0.16783,-0.32096,-0.2376,-0.044972,-0.067539,-0.16401,-0.16217,-0.17908,0.14539,-0.34092,-0.27748,-0.25887,-0.40116,-0.28286,-0.2794,-0.26438,-0.13359,-0.07276,-0.21776,-0.095852,-0.12115,-0.18329,-0.23474,-0.30296,-0.16657,-0.60093,-0.068903,-0.6466,-0.25592,-0.33126,-0.30221,-0.39364,-0.21379,-0.29884,-0.11765,-0.39537,-0.38884,-0.34168
-0.524,0.12341,-0.13299,-0.16517,-0.30625,0.41383,-0.55946,0,-0.59014,-0.064861,-0.15951,0.071809,0.12825,0.063156,-0.16147,0.13634,0.018173,0.22587,-0.16105,-0.38592,0.056515,0.046207,-0.030113,0.1277,-0.34889,-0.1744,0.12794,-0.10036,-0.23641,-0.2463,-0.036659,0.23249,0.091716,0.049159,-0.39973,-0.097865,-0.23592,-0.25052,-0.49398,-0.21564,-0.49111,0.29078,-0.45478,0.25477,0.010302,-0.11175,-0.16359,-0.20251,0.093868,-0.080653,-0.028694,0.12596,-0.33423,0.13574,-0.1244,-0.22146,-0.45645,-0.42152,-0.4142,-0.29502,0.4254,-0.22006,0.057454,-0.063111,-0.0093242,-0.20203,-0.15573,-0.5013,-0.26109,0.080519,-0.25549,-0.14431,-0.13593,-0.27491,-0.16541,-0.51364,-0.2022,-0.19637,-0.26384,-0.18698,-0.3444,0.0011907,-0.15538,-0.1421,-0.28778,-0.17625,-0.31554,-0.34574,-0.3723,-0.23731,-0.16477,-0.10694,0.20134,-0.2459,0.082028,-0.16181,-0.092426,-0.018794,-0.066991,0.013533,0.054603,-0.20279,0.15943,0.21623,0.14902
0.21889,-0.27669,0.013159,0.04178,0.099229,-0.73242,0.13834,-0.59014,0,-0.16875,0.049964,-0.35652,-0.47624,-0.38287,-0.075376,-0.40438,-0.32573,-0.3421,-0.095271,0.047907,-0.47027,-0.69205,-0.32629,-0.57425,0.08825,0.068159,-0.56307,-0.60267,-0.33234,-0.026977,-0.39412,-0.38388,-0.65843,-0.57411,-0.00087763,-0.30855,-0.16738,-0.073732,0.39795,0.20271,0.14882,-0.42735,-0.0057186,-0.68568,-0.2854,-0.057197,-0.44484,-0.34564,-0.80024,-0.42356,-0.61656,-0.49022,0.35145,-0.28065,-0.039684,-0.27784,0.085902,-0.13342,-0.027911,0.37917,-0.46603,-0.11663,-0.52772,-0.13309,-0.21555,-0.33846,-0.2597,-0.032171,-0.18397,-0.33623,-0.0022304,-0.17114,-0.15745,-0.17149,-0.25167,0.53273,0.050187,-0.11174,-0.15512,-0.3544,-0.24653,-0.14119,-0.042568,-0.07778,-0.077176,-0.12328,-0.13788,-0.16806,-0.25278,-0.38744,-0.4387,-0.091257,-0.48316,0.0049584,-0.29546,-0.061446,-0.25832,-0.26821,-0.33215,-0.59989,-0.69523,-0.21451,-0.31737,-0.43798,-0.2648
-0.34609,0.16137,0.020174,0.0013304,-0.14213,-0.15719,-0.37422,-0.064861,-0.16875,0,0.095925,0.15203,0.025099,-0.09801,-0.0028397,0.16087,-0.040354,-0.026732,-0.068735,-0.19021,-0.05362,-0.19629,-0.078238,-0.074124,-0.25229,0.089368,-0.064078,-0.26473,-0.3709,0.00058136,0.079524,0.016043,-0.15828,-0.39533,-0.075443,-0.1963,-0.32202,-0.37068,-0.21413,0.04723,-0.21252,0.23656,-0.14025,-0.09332,0.1762,0.3046,-0.4287,-0.44112,-0.18503,-0.1164,-0.19156,-0.057152,-0.088076,0.078948,0.093286,-0.26188,-0.27305,-0.36492,-0.26872,0.040002,0.20817,-0.080038,-0.16913,-0.068148,-0.10752,-0.3824,-0.28549,-0.44583,-0.29035,0.045626,-0.092297,0.019448,-0.041154,-0.074509,-0.10633,-0.22329,0.08143,-0.021309,-0.22205,-0.27136,-0.34288,0.055257,-0.023869,-0.0065627,-0.18836,-0.10832,-0.37808,-0.34512,-0.39423,-0.19745,-0.29417,-0.22456,-0.053469,0.017117,0.056375,0.19632,0.082073,-0.063536,0.0040639,-0.31658,-0.43848,-0.18371,0.045598,-0.1111,-0.063067
-0.28425,-0.042613,0.38197,0.27704,0.1256,-0.20664,-0.30211,-0.15951,0.049964,0.095925,0,0.17094,0.013332,-0.014081,0.13395,-0.079865,0.029582,0.03032,-0.098698,-0.18646,-0.3037,-0.48985,-0.36568,-0.3475,-0.17088,0.29887,-0.24495,-0.40714,-0.44664,-0.11743,-0.20915,-0.062877,-0.16037,-0.19637,-0.053586,-0.068243,0.075544,0.10301,-0.0072279,0.33188,-0.19761,-0.10908,-0.34413,-0.37485,-0.095545,0.24699,-0.31857,-0.2806,-0.42418,-0.078467,-0.20304,-0.25895,0.126,0.051926,0.35793,-0.47406,-0.16004,-0.22228,-0.15175,0.10399,-0.049908,-0.20317,-0.38021,-0.20142,-0.26031,-0.35512,-0.13849,-0.20532,-0.19852,-0.24942,-0.16936,-0.16025,-0.090251,-0.15601,-0.11049,0.083487,0.42328,0.22564,0.074627,-0.043278,-0.11053,0.10467,0.21133,0.14694,-0.04642,0.088194,-0.15176,-0.15488,-0.29272,-0.21845,-0.19802,0.093197,0.056398,-0.11136,0.10105,0.22978,0.12433,0.016032,0.093001,-0.6076,-0.58417,-0.17334,-0.021181,-0.21192,0.071988
-0.68343,0.074023,0.052228,0.0048633,-0.24319,0.10839,-0.69823,0.071809,-0.35652,0.15203,0.17094,0,0.27969,0.22843,0.011309,0.093538,0.02989,0.043082,-0.092045,-0.39628,-0.13655,-0.31485,-0.32014,-0.1908,-0.39428,0.023361,0.01099,-0.23912,-0.46079,-0.20584,-0.021337,0.21533,0.17733,-0.00093353,-0.16974,0.047062,0.010761,-0.047923,-0.34334,0.038515,-0.58676,0.073067,-0.53677,-0.11264,0.0226,0.18156,-0.31409,-0.36426,-0.1732,-0.052222,-0.06433,-0.092655,-0.24661,0.047979,0.099592,-0.45208,-0.42811,-0.44329,-0.36219,-0.19181,0.32774,-0.22907,-0.12008,-0.20687,-0.21248,-0.42033,-0.22865,-0.23833,-0.1303,-0.099558,-0.30755,-0.25075,-0.25011,-0.31675,-0.25661,-0.33587,0.059159,0.064755,-0.033999,-0.030471,-0.18031,0.022824,-0.00036894,-0.065303,-0.21529,-0.010526,-0.27505,-0.35776,-0.44158,-0.24328,-0.20136,-0.13355,0.23375,-0.31242,0.25442,0.031746,0.050411,0.062245,0.024976,-0.40489,-0.29302,-0.25819,0.055498,-0.076997,0.024356
-0.58547,-0.071513,0.023277,-0.056157,-0.21565,0.065772,-0.52407,0.12825,-0.47624,0.025099,0.013332,0.27969,0,0.43703,-0.005467,0.23323,0.26659,0.011437,-0.0059198,-0.37401,0.0054279,-0.058746,-0.14209,-0.063642,-0.33109,-0.081245,0.14511,0.12644,-0.20201,-0.26671,-0.032003,0.11927,0.29419,0.0050702,-0.24633,-0.11884,-0.033937,-0.14377,-0.36882,-0.10723,-0.45607,0.1673,-0.51605,-0.026922,-0.058656,0.043317,-0.12115,-0.18028,-0.095908,0.15391,0.18357,-0.011963,-0.32431,-0.02179,-0.020342,-0.53604,-0.51941,-0.32778,-0.36195,-0.27831,0.15409,-0.29691,-0.12096,-0.22756,-0.25866,-0.20807,-0.089133,-0.3354,-0.19778,-0.0054335,-0.30235,-0.2335,-0.14414,-0.2705,-0.05604,-0.38888,-0.083291,0.073045,0.014948,0.071178,-0.12805,0.084225,-0.0082621,0.063648,-0.12314,0.033473,-0.17844,-0.25449,-0.30868,0.048482,0.096339,-0.16124,0.24977,-0.43702,-0.038515,0.031271,0.17772,0.15717,0.33596,-0.23517,-0.18132,-0.12831,0.12672,-0.10443,0.14035
-0.56321,-0.13868,0.12737,0.086304,-0.22635,0.0075913,-0.50884,0.063156,-0.38287,-0.09801,-0.014081,0.22843,0.43703,0,0.054385,0.20018,0.26447,-0.0065683,0.19787,-0.32754,-0.069942,-0.19555,-0.20155,-0.16034,-0.22901,0.029756,-0.0042428,-0.0080552,-0.19686,-0.2474,-0.21062,0.075091,0.17995,0.11175,-0.3462,-0.12029,0.019051,0.021667,-0.31043,-0.013176,-0.52755,-0.0012969,-0.64468,-0.13576,-0.19245,-0.033456,-0.13447,-0.18123,-0.22463,0.013165,-0.020269,-0.0034826,-0.20563,-0.0084465,0.068087,-0.64523,-0.4876,-0.36623,-0.36704,-0.18061,0.099111,-0.21208,-0.083297,-0.11408,-0.14466,-0.1893,-0.046302,-0.17188,-0.13109,-0.016731,-0.2317,-0.34597,-0.23847,-0.39004,-0.1855,-0.27751,-0.02605,0.13992,0.16223,0.093521,-0.070015,0.21269,0.12334,0.090083,-0.0059254,0.18936,0.0053217,-0.29453,-0.30841,-0.11909,-0.023294,-0.049841,0.18827,-0.43275,0.025256,0.04775,0.094891,0.26493,0.1098,-0.31233,-0.16486,-0.071938,0.17913,-0.044513,0.19101
-0.27391,-0.31766,0.26061,0.19531,0.10531,-0.28449,-0.19417,-0.16147,-0.075376,-0.0028397,0.13395,0.011309,-0.005467,0.054385,0,0.064039,0.27183,-0.011722,-0.024836,-0.046414,0.053519,-0.22472,-0.056079,-0.099223,0.06788,0.33266,-0.16159,-0.34076,-0.33284,-0.29326,-0.34693,-0.15508,0.0041031,-0.11973,-0.28879,-0.46398,-0.18398,-0.099385,-0.14049,0.083068,-0.14361,0.0065403,-0.2861,-0.27029,-0.28793,-0.12507,-0.11541,-0.11036,-0.21845,0.044418,-0.12604,0.060887,0.13574,0.063844,0.096025,-0.406,-0.073347,-0.18842,-0.13865,0.16151,-0.11247,0.14016,-0.19753,0.072089,0.0072782,-0.10148,-0.00739,-0.24315,-0.39952,-0.20626,-0.086752,-0.2648,-0.2468,-0.39584,-0.202,-0.0056403,0.04282,0.27312,0.18184,0.066091,-0.0042876,0.29455,0.23591,0.14351,0.031578,0.14266,-0.026374,-0.11386,-0.18662,-0.15411,-0.16496,0.1781,-0.014333,-0.053446,-0.0043826,0.30935,0.12583,0.25525,-0.011728,-0.26338,-0.39396,0.31013,0.22699,0.0059254,0.27659
-0.54262,-0.063497,0.062972,0.016653,-0.29475,-0.041908,-0.42698,0.13634,-0.40438,0.16087,-0.079865,0.093538,0.23323,0.20018,0.064039,0,0.28681,0.22065,0.014674,-0.10563,0.24836,0.059137,-0.0081335,0.10374,-0.17208,0.051792,-0.050741,-0.10148,-0.11325,-0.19805,-0.10007,0.032903,0.019688,-0.14911,-0.39673,-0.27171,-0.32299,-0.34948,-0.40207,-0.15967,-0.35,0.20245,-0.30159,0.11545,-0.074862,-0.030801,-0.059998,-0.095014,-0.055045,-0.045721,-0.10136,0.21967,-0.19085,0.10708,0.029599,-0.47448,-0.33364,-0.21513,-0.20621,-0.12701,0.17491,-0.038566,0.0038739,-0.011437,0.076902,-0.020169,0.065085,-0.5621,-0.40999,0.11131,0.028738,-0.031958,0.027643,-0.17041,0.079842,-0.31275,-0.084465,0.087898,-0.041389,-0.13089,-0.26997,0.21373,0.074884,0.10193,-0.042423,0.0010118,-0.19533,-0.13921,-0.1449,0.017586,0.035178,-0.034367,0.15941,-0.12506,0.032372,0.18758,0.2019,0.23053,0.11212,-0.18823,-0.24713,0.049254,0.26758,0.045061,0.2329
-0.45422,-0.26391,0.25428,0.17811,-0.0046006,-0.064347,-0.36245,0.018173,-0.32573,-0.040354,0.029582,0.02989,0.26659,0.26447,0.27183,0.28681,0,0.095444,-0.036542,-0.21807,0.076282,-0.025233,-0.096713,0.0080552,-0.17137,0.17512,-0.078054,-0.061848,-0.18534,-0.33904,-0.36169,-0.1713,0.15942,0.037353,-0.47727,-0.38888,-0.19212,-0.12134,-0.33966,-0.10614,-0.27514,0.058544,-0.49359,-0.11223,-0.33228,-0.17353,0.0093018,0.0015205,-0.088065,0.25821,0.12206,0.24028,-0.051121,0.19999,0.16515,-0.57789,-0.28832,-0.20945,-0.24161,-0.12498,-0.009436,-0.097809,-0.13939,-0.05566,-0.089329,-0.0039298,0.10122,-0.41556,-0.42128,-0.14177,-0.18399,-0.29324,-0.17766,-0.31162,-0.022858,-0.16892,0.056314,0.34938,0.26653,0.25781,0.089234,0.41534,0.31461,0.2616,0.11785,0.20245,0.040036,-0.10945,-0.08527,0.014953,0.1061,0.13746,0.30846,-0.16316,0.070479,0.35519,0.46431,0.35295,0.36363,-0.18822,-0.28551,0.28341,0.43267,0.080301,0.48622
-0.5228,-0.069931,0.0612,0.011236,-0.22464,0.024328,-0.41305,0.22587,-0.3421,-0.026732,0.03032,0.043082,0.011437,-0.0065683,-0.011722,0.22065,0.095444,0,-0.19401,-0.07788,-0.02198,-0.080832,-0.18111,0.08432,-0.14246,0.014445,-0.21053,-0.34924,-0.24292,-0.23531,-0.15085,0.026759,-0.062564,-0.06367,-0.41607,-0.17274,-0.2325,-0.22896,-0.35729,-0.17183,-0.35244,0.030052,-0.33612,-0.0069764,-0.063469,-0.085226,-0.017748,-0.015898,-0.037727,-0.11859,-0.18249,0.062832,-0.14411,0.19889,0.041321,-0.37571,-0.2121,-0.14548,-0.14345,-0.15418,0.085142,-0.071474,-0.061692,-0.10858,0.041506,1.118e-05,0.13148,-0.59958,-0.522,-0.12056,-0.020527,0.041903,0.086126,-0.050075,0.098245,-0.2555,-0.064967,0.034004,-0.059707,-0.14522,-0.28938,0.086036,0.043004,-0.00018447,-0.10359,-0.049796,-0.19663,-0.036369,-0.084918,-0.11848,-0.083504,0.23061,0.23904,-0.039779,0.13455,0.05263,0.076902,0.12087,-0.030214,-0.24813,-0.24635,-0.02032,0.048477,0.09147,0.19979
-0.18493,-0.15065,0.10984,0.14475,-0.16266,-0.33542,-0.1659,-0.16105,-0.095271,-0.068735,-0.098698,-0.092045,-0.0059198,0.19787,-0.024836,0.014674,-0.036542,-0.19401,0,-0.11685,-0.15308,-0.3143,-0.0441,-0.26883,0.017178,0.020471,-0.19017,-0.12222,-0.032137,-0.0098161,-0.19022,-0.024216,-0.20582,-0.22998,-0.19266,-0.22728,-0.089385,-0.08925,0.021505,0.16835,-0.20603,-0.074817,-0.29714,-0.3157,-0.13349,0.058583,-0.31509,-0.32826,-0.41851,-0.26315,-0.34011,-0.12096,0.0055453,-0.12915,0.0086534,-0.39209,-0.39636,-0.41504,-0.35687,0.10987,-0.082548,-0.040969,-0.069797,0.13052,-0.011068,-0.25844,-0.16955,-0.022511,-0.038012,0.12301,-0.050226,-0.20831,-0.16368,-0.30647,-0.22584,-0.061351,-0.041623,0.018643,-0.0039801,-0.18831,-0.21742,0.20475,0.094097,0.16418,0.11965,0.20989,0.063285,-0.38902,-0.38748,-0.29382,-0.25323,-0.12187,-0.19426,-0.28424,-0.19654,0.01459,-0.075549,0.12576,-0.13734,-0.32059,-0.20587,-0.12027,-0.01791,-0.1329,-0.024434
-0.035184,-0.39442,-0.10399,-0.1159,-0.20666,-0.68104,0.19627,-0.38592,0.047907,-0.19021,-0.18646,-0.39628,-0.37401,-0.32754,-0.046414,-0.10563,-0.21807,-0.07788,-0.11685,0,-0.087238,-0.23023,-0.095125,-0.21047,0.30723,-0.070848,-0.49592,-0.47575,-0.010364,-0.10257,-0.25428,-0.2621,-0.48234,-0.51409,-0.19348,-0.43261,-0.33652,-0.37842,0.037095,-0.15777,0.11055,-0.28861,0.16834,-0.35139,-0.21899,-0.19748,-0.10817,-0.055671,-0.37862,-0.4411,-0.60197,-0.23235,0.00054782,-0.31325,-0.23767,-0.29474,0.017178,0.064951,0.085315,0.093186,-0.437,0.17111,-0.18792,-0.034468,0.093426,0.060344,0.040282,-0.35749,-0.49349,-0.15957,0.42736,0.18676,0.084381,-0.05107,0.051937,0.079854,-0.26991,-0.11188,-0.1524,-0.41968,-0.4014,-0.14395,-0.11964,-0.056811,-0.028699,-0.15526,-0.15268,0.11447,0.0014814,-0.11189,-0.17764,0.028766,-0.3839,0.056504,-0.38851,-0.085097,-0.19682,-0.092962,-0.3455,-0.32579,-0.40922,0.0091117,-0.27245,-0.29564,-0.17358
-0.3753,-0.23628,-0.17435,-0.22214,-0.3284,-0.14274,-0.27276,0.056515,-0.47027,-0.05362,-0.3037,-0.13655,0.0054279,-0.069942,0.053519,0.24836,0.076282,-0.02198,-0.15308,-0.087238,0,0.22739,0.27645,0.17937,-0.096115,-0.17398,-0.0047348,-0.11855,-0.05765,-0.38823,-0.14437,-0.061753,0.032014,-0.19552,-0.43115,-0.50949,-0.47466,-0.51865,-0.45286,-0.31692,-0.23545,0.20544,-0.13701,0.23136,-0.18829,-0.2634,0.040304,-0.010761,0.085181,-0.11372,-0.10406,0.28004,-0.2848,-0.079753,-0.28795,-0.19933,-0.22171,-0.1841,-0.17144,-0.19387,-0.023875,0.03581,0.040265,0.082375,0.17576,0.057739,-0.0018,-0.53558,-0.43942,0.018738,-0.038236,-0.11972,-0.12645,-0.38851,-0.092498,-0.41019,-0.36339,-0.14097,-0.22311,-0.20976,-0.32081,-0.0099391,-0.16383,-0.09773,-0.21341,-0.20675,-0.32199,-0.11826,-0.14823,-0.041366,-0.01402,-0.14582,-0.094583,-0.1653,-0.20419,-0.089781,-0.088423,0.080088,-0.12391,0.1477,-0.11192,0.085041,0.14263,0.058405,0.13208
-0.37678,-0.28292,-0.39213,-0.42772,-0.33687,-0.065074,-0.27807,0.046207,-0.69205,-0.19629,-0.48985,-0.31485,-0.058746,-0.19555,-0.22472,0.059137,-0.025233,-0.080832,-0.3143,-0.23023,0.22739,0,0.19396,0.45324,-0.28205,-0.36041,0.072173,0.12327,-0.053206,-0.3284,-0.11292,-0.19078,-0.018978,-0.18075,-0.46125,-0.48317,-0.55357,-0.65833,-0.57201,-0.58853,-0.24169,0.11361,-0.21343,0.16609,-0.18737,-0.42894,-0.013036,-0.070826,0.31908,0.027464,0.080491,0.14566,-0.48327,-0.15984,-0.4105,-0.19982,-0.39456,-0.22234,-0.34522,-0.43851,-0.11344,-0.14945,0.0042484,-0.1777,-0.1128,0.045123,-0.1371,-0.77313,-0.599,-0.019839,-0.23471,-0.097971,-0.15492,-0.17092,-0.0406,-0.59043,-0.51188,-0.31465,-0.33393,-0.22135,-0.30521,-0.19962,-0.34896,-0.24642,-0.28399,-0.32602,-0.30384,-0.20375,-0.14734,0.08527,-0.023053,-0.28394,-0.10595,-0.20291,-0.30383,-0.22945,-0.1126,-0.16903,-0.087428,0.30728,0.060065,0.0073062,-0.038191,-0.0084913,-0.10997
-0.095288,-0.2245,-0.24333,-0.25232,-0.17347,-0.27546,-0.047722,-0.030113,-0.32629,-0.078238,-0.36568,-0.32014,-0.14209,-0.20155,-0.056079,-0.0081335,-0.096713,-0.18111,-0.0441,-0.095125,0.27645,0.19396,0,0.19289,0.00062049,-0.22848,0.017089,-0.064179,-0.028274,-0.19205,-0.081955,-0.10519,-0.14686,-0.31719,-0.27737,-0.56835,-0.49738,-0.5517,-0.22947,-0.24659,-0.012164,0.25284,-0.016172,-0.012695,-0.094231,-0.24416,-0.18456,-0.22022,0.025312,-0.13827,-0.16152,0.11536,-0.19985,-0.13192,-0.33503,0.015864,-0.27717,-0.33183,-0.34182,-0.0801,-0.097367,0.094371,0.03387,0.19665,0.10133,-0.10199,-0.22472,-0.4156,-0.37936,0.12453,-0.11151,-0.07338,-0.16073,-0.28857,-0.19884,-0.33605,-0.39193,-0.27273,-0.34191,-0.31765,-0.3586,-0.044044,-0.24464,-0.11035,-0.19232,-0.20267,-0.25038,-0.32584,-0.32922,-0.18169,-0.25927,-0.24352,-0.28127,-0.11309,-0.35077,-0.15953,-0.18831,-0.080999,-0.21757,0.28424,0.0062888,0.017776,0.0073509,0.044843,-0.055973
-0.44051,-0.23106,-0.28009,-0.29722,-0.26366,-0.019694,-0.34229,0.1277,-0.57425,-0.074124,-0.3475,-0.1908,-0.063642,-0.16034,-0.099223,0.10374,0.0080552,0.08432,-0.26883,-0.21047,0.17937,0.45324,0.19289,0,-0.1878,-0.24023,0.015121,-0.095455,-0.22016,-0.31381,-0.088591,-0.13639,0.026458,-0.13985,-0.48095,-0.49509,-0.56462,-0.59525,-0.54163,-0.45,-0.27937,0.23469,-0.23114,0.11632,-0.10109,-0.34036,-0.052977,-0.11589,0.45995,0.062463,0.044653,0.27863,-0.34954,0.040321,-0.26871,-0.13187,-0.30339,-0.27279,-0.34446,-0.30759,0.0079826,-0.013377,0.038174,-0.088026,-0.027056,0.008631,-0.12143,-0.73309,-0.72082,-0.068959,-0.21818,-0.08105,-0.15316,-0.13315,-0.098463,-0.54599,-0.37275,-0.22379,-0.2726,-0.17689,-0.28085,-0.076757,-0.23894,-0.21181,-0.25087,-0.22873,-0.26773,-0.25139,-0.18017,-0.065979,-0.19418,-0.16994,-0.034938,-0.087026,-0.13716,-0.11726,-0.056258,-0.071849,-0.1146,0.1966,-0.0034938,0.09815,0.01341,0.17972,-0.045139
0.0053888,-0.44884,-0.046884,-0.053206,-0.11859,-0.6371,0.15388,-0.34889,0.08825,-0.25229,-0.17088,-0.39428,-0.33109,-0.22901,0.06788,-0.17208,-0.17137,-0.14246,0.017178,0.30723,-0.096115,-0.28205,0.00062049,-0.1878,0,-0.078937,-0.46781,-0.44583,-0.096305,-0.25981,-0.34007,-0.28736,-0.40117,-0.41641,-0.28044,-0.57501,-0.33007,-0.28498,0.036995,-0.086992,0.054838,-0.25074,0.059802,-0.35403,-0.28949,-0.23343,-0.041746,-0.0055118,-0.38114,-0.34708,-0.48407,-0.19435,0.088898,-0.22921,-0.21899,-0.2054,0.12945,0.022522,0.066069,0.19145,-0.42646,0.10835,-0.27609,0.048113,0.057588,0.090128,0.077036,-0.18839,-0.41966,-0.24127,0.1904,-0.097317,-0.025636,-0.22142,-0.1064,0.045626,-0.24709,-0.10621,-0.11335,-0.30157,-0.30521,-0.026704,-0.061127,-0.040729,-0.029985,-0.078126,-0.072838,0.009531,-0.050053,-0.20186,-0.25087,0.026854,-0.4247,-0.10357,-0.40971,-0.10236,-0.2492,-0.0091565,-0.33704,-0.26253,-0.36896,0.087819,-0.22377,-0.21965,-0.073928
-0.2286,-0.12494,0.4443,0.4462,0.15029,-0.25288,-0.2325,-0.1744,0.068159,0.089368,0.29887,0.023361,-0.081245,0.029756,0.33266,0.051792,0.17512,0.014445,0.020471,-0.070848,-0.17398,-0.36041,-0.22848,-0.24023,-0.078937,0,-0.23175,-0.39414,-0.3848,-0.049628,-0.36385,-0.15492,-0.19975,-0.20098,-0.22657,-0.25946,-0.1409,0.0082006,-0.052339,0.29372,-0.15646,-0.084488,-0.33625,-0.34698,-0.23598,0.014976,-0.32579,-0.27145,-0.39915,-0.071787,-0.26046,-0.070177,0.3354,0.12277,0.44709,-0.53655,-0.13801,-0.25687,-0.1799,0.31282,-0.051473,0.019062,-0.25957,0.023886,-0.026223,-0.24681,-0.11212,-0.26184,-0.30334,-0.13087,-0.016776,-0.19514,-0.18756,-0.24502,-0.17463,0.17,0.3851,0.27259,0.13994,-0.063106,-0.070613,0.32881,0.39063,0.17816,0.079384,0.15345,-0.012393,-0.20129,-0.25282,-0.24461,-0.25194,0.19048,0.014059,0.10202,0.17798,0.49746,0.1677,0.074336,-0.0042317,-0.45311,-0.51256,0.074085,0.2324,-0.062742,0.16958
-0.37664,0.0019118,-0.32166,-0.36158,-0.23239,0.1146,-0.44209,0.12794,-0.56307,-0.064078,-0.24495,0.01099,0.14511,-0.0042428,-0.16159,-0.050741,-0.078054,-0.21053,-0.19017,-0.49592,-0.0047348,0.072173,0.017089,0.015121,-0.46781,-0.23175,0,0.16377,-0.34703,-0.14644,0.080161,0.15109,0.13222,-0.090402,-0.12587,-0.14047,-0.19749,-0.29344,-0.41314,-0.21646,-0.41287,0.28632,-0.40865,0.015524,0.024356,-0.13935,-0.38278,-0.44948,0.0044664,0.08958,0.14922,-0.085963,-0.478,-0.19556,-0.29588,-0.26149,-0.61443,-0.54346,-0.59946,-0.33099,0.15824,-0.27977,-0.071016,-0.21353,-0.26169,-0.40892,-0.45662,-0.35984,-0.16375,0.13455,-0.43753,-0.2524,-0.38224,-0.36268,-0.35522,-0.56947,-0.32791,-0.32242,-0.34282,-0.19535,-0.29367,-0.19529,-0.35739,-0.28734,-0.42936,-0.2922,-0.37628,-0.54132,-0.64342,-0.13201,-0.23578,-0.40617,-0.057242,-0.36901,-0.15239,-0.24309,-0.1724,-0.2346,-0.078534,0.028509,0.070574,-0.25048,0.059154,-0.091704,-0.1294
-0.33925,-0.2407,-0.34527,-0.37507,-0.29694,-0.092571,-0.32677,-0.10036,-0.60267,-0.26473,-0.40714,-0.23912,0.12644,-0.0080552,-0.34076,-0.10148,-0.061848,-0.34924,-0.12222,-0.47575,-0.11855,0.12327,-0.064179,-0.095455,-0.44583,-0.39414,0.16377,0,-0.028207,-0.23971,-0.11046,-0.16622,-0.0023534,-0.13843,-0.26518,-0.24709,-0.21117,-0.3283,-0.39456,-0.3898,-0.3277,-0.049237,-0.42458,-0.098334,-0.21185,-0.27203,-0.20563,-0.26223,-0.089625,0.053474,0.17871,-0.15005,-0.53281,-0.32039,-0.35068,-0.39472,-0.70945,-0.38359,-0.53555,-0.49652,-0.15654,-0.43508,-0.15122,-0.33805,-0.41445,-0.23028,-0.30243,-0.33105,-0.17686,-0.00036894,-0.44694,-0.31627,-0.28495,-0.26705,-0.16426,-0.51367,-0.38935,-0.28432,-0.24182,-0.11316,-0.17628,-0.2259,-0.32721,-0.18699,-0.23106,-0.21504,-0.19096,-0.39167,-0.34614,0.05538,0.022645,-0.46695,-0.13686,-0.55361,-0.38865,-0.28033,-0.11941,-0.21609,0.05225,-0.027738,0.030952,-0.23515,-0.12617,-0.25678,-0.21433
-0.15471,-0.40301,-0.22197,-0.22523,-0.36373,-0.42265,0.0064229,-0.23641,-0.33234,-0.3709,-0.44664,-0.46079,-0.20201,-0.19686,-0.33284,-0.11325,-0.18534,-0.24292,-0.032137,-0.010364,-0.05765,-0.053206,-0.028274,-0.22016,-0.096305,-0.3848,-0.34703,-0.028207,0,-0.23744,-0.26619,-0.26442,-0.28892,-0.27486,-0.35415,-0.3598,-0.25839,-0.36696,-0.15105,-0.3599,-0.051216,-0.25771,-0.13948,-0.20684,-0.31946,-0.30439,-0.021622,-0.032981,-0.22695,-0.39328,-0.34578,-0.13073,-0.26725,-0.34668,-0.35536,-0.26012,-0.39627,-0.18766,-0.25056,-0.29761,-0.37193,-0.1366,0.01099,-0.068489,-0.063005,0.0057577,-0.039421,-0.28658,-0.23834,-0.055257,-0.070882,-0.088239,-0.043759,-0.21554,0.013433,-0.20023,-0.4067,-0.19124,-0.17765,-0.28175,-0.28249,-0.17443,-0.19767,-0.00053664,0.04661,-0.10819,-0.060853,-0.10893,-0.068031,-0.11894,0.048857,-0.18394,-0.27904,-0.32125,-0.5152,-0.26809,-0.18497,-0.056733,-0.20272,-0.091783,-0.068355,-0.16893,-0.27123,-0.22603,-0.18378
-0.029772,0.063089,-0.17848,-0.1427,-0.13375,-0.34599,-0.088652,-0.2463,-0.026977,0.00058136,-0.11743,-0.20584,-0.26671,-0.2474,-0.29326,-0.19805,-0.33904,-0.23531,-0.0098161,-0.10257,-0.38823,-0.3284,-0.19205,-0.31381,-0.25981,-0.049628,-0.14644,-0.23971,-0.23744,0,0.018995,-0.020907,-0.4692,-0.46399,0.17201,0.0083515,-0.14017,-0.22009,0.11716,0.069411,-0.087668,-0.13594,-0.14333,-0.42077,0.12987,0.11168,-0.77595,-0.71432,-0.44741,-0.36023,-0.466,-0.3798,-0.10749,-0.28861,-0.10988,-0.29674,-0.46586,-0.48854,-0.45863,0.030141,-0.11763,-0.1185,-0.1429,-0.13465,-0.17766,-0.54585,-0.52514,-0.23816,-0.1125,0.18336,-0.098586,0.1028,-0.15425,0.02492,-0.23981,-0.059892,-0.10235,-0.2671,-0.32399,-0.50668,-0.44615,-0.2031,-0.22871,-0.15583,-0.17585,-0.18229,-0.21993,-0.50393,-0.59701,-0.33752,-0.4885,-0.27958,-0.30498,-0.028984,-0.20452,-0.14014,-0.21095,-0.34627,-0.29073,-0.39341,-0.24229,-0.37336,-0.22714,-0.30584,-0.36358
-0.33876,0.13045,-0.3842,-0.42477,-0.42715,-0.13731,-0.34386,-0.036659,-0.39412,0.079524,-0.20915,-0.021337,-0.032003,-0.21062,-0.34693,-0.10007,-0.36169,-0.15085,-0.19022,-0.25428,-0.14437,-0.11292,-0.081955,-0.088591,-0.34007,-0.36385,0.080161,-0.11046,-0.26619,0.018995,0,0.26585,-0.17992,-0.4064,0.12944,0.008877,-0.2216,-0.47783,-0.25048,-0.20961,-0.32257,0.10864,-0.090978,-0.059539,0.74688,0.14291,-0.43621,-0.5054,-0.12682,-0.26962,-0.22263,-0.31114,-0.51269,-0.31943,-0.36365,-0.12734,-0.48904,-0.39761,-0.39197,-0.28267,0.044239,-0.26645,-0.10215,-0.30045,-0.27063,-0.43459,-0.43041,-0.38888,-0.18098,0.12911,-0.22742,0.15055,-0.050903,-0.010498,-0.15743,-0.52262,-0.3752,-0.39973,-0.50978,-0.50172,-0.65097,-0.34783,-0.4655,-0.31981,-0.47615,-0.37836,-0.57529,-0.41645,-0.562,-0.15157,-0.31276,-0.49023,-0.24487,-0.32211,-0.29514,-0.32245,-0.28248,-0.30747,-0.23432,-0.20973,-0.1209,-0.47951,-0.30285,-0.31025,-0.356
-0.41225,0.21534,-0.15491,-0.19495,-0.35286,0.038096,-0.43306,0.23249,-0.38388,0.016043,-0.062877,0.21533,0.11927,0.075091,-0.15508,0.032903,-0.1713,0.026759,-0.024216,-0.2621,-0.061753,-0.19078,-0.10519,-0.13639,-0.28736,-0.15492,0.15109,-0.16622,-0.26442,-0.020907,0.26585,0,-0.026385,-0.13533,-0.03254,0.13477,-0.022427,-0.179,-0.23565,-0.0085024,-0.45384,0.1762,-0.32407,-0.023009,0.32623,0.17851,-0.36685,-0.41524,-0.18025,-0.24957,-0.23203,-0.17708,-0.35052,-0.16152,-0.18381,-0.26769,-0.51507,-0.47149,-0.41376,-0.17146,0.28298,-0.18516,0.02421,-0.11055,-0.072805,-0.39888,-0.30006,-0.2646,-0.047554,0.2426,-0.18017,-0.019045,-0.13734,-0.25484,-0.24042,-0.4019,-0.22449,-0.22614,-0.29177,-0.33805,-0.49381,-0.12403,-0.23864,-0.17356,-0.33724,-0.18472,-0.37591,-0.41118,-0.60468,-0.26123,-0.26928,-0.2178,-0.033898,-0.33557,-0.070887,-0.21788,-0.20843,-0.087981,-0.19799,-0.22099,-0.036039,-0.37083,-0.049069,-0.10922,-0.071821
-0.70741,-0.27128,-0.12735,-0.17377,-0.22499,0.14094,-0.58184,0.091716,-0.65843,-0.15828,-0.16037,0.17733,0.29419,0.17995,0.0041031,0.019688,0.15942,-0.062564,-0.20582,-0.48234,0.032014,-0.018978,-0.14686,0.026458,-0.40117,-0.19975,0.13222,-0.0023534,-0.28892,-0.4692,-0.17992,-0.026385,0,0.32131,-0.39475,-0.24834,-0.095248,-0.15122,-0.51906,-0.27684,-0.52612,0.088893,-0.65757,-0.061311,-0.23255,-0.24438,-0.074772,-0.17149,0.17045,0.21858,0.3221,0.13499,-0.40003,-0.0087875,-0.14895,-0.36145,-0.51925,-0.44067,-0.49207,-0.43362,0.075577,-0.19423,0.02089,-0.20185,-0.24055,-0.22619,-0.17534,-0.28862,-0.29195,-0.19771,-0.52433,-0.42705,-0.43148,-0.48062,-0.29935,-0.50924,-0.21949,-0.00062608,0.018358,0.26085,0.045341,-0.034295,-0.10913,-0.10684,-0.17611,-0.016088,-0.13825,-0.32803,-0.31689,-0.13589,-0.056906,-0.14475,0.27124,-0.43611,0.00080496,-0.099424,0.058913,0.1176,0.068165,-0.064917,-0.012354,-0.059456,0.076315,0.083985,0.048907
-0.62267,-0.32936,-0.10956,-0.11685,-0.20315,0.15802,-0.54814,0.049159,-0.57411,-0.39533,-0.19637,-0.00093353,0.0050702,0.11175,-0.11973,-0.14911,0.037353,-0.06367,-0.22998,-0.51409,-0.19552,-0.18075,-0.31719,-0.13985,-0.41641,-0.20098,-0.090402,-0.13843,-0.27486,-0.46399,-0.4064,-0.13533,0.32131,0,-0.52121,-0.15928,0.014433,0.082363,-0.45246,-0.27828,-0.56287,-0.16576,-1,-0.20584,-0.40474,-0.3812,-0.090391,-0.15209,0.0050534,0.026955,0.072117,0.020381,-0.31177,-0.0096204,-0.10249,-0.39992,-0.51729,-0.46531,-0.53048,-0.45826,-0.047426,-0.23611,0.0020068,-0.20712,-0.23569,-0.23944,-0.17033,-0.17291,-0.22885,-0.30788,-0.56388,-0.55009,-0.51962,-0.52649,-0.39302,-0.37729,-0.17723,-0.03695,0.078836,0.27029,0.14092,-0.069791,-0.075063,-0.13609,-0.099368,0.027268,0.038504,-0.33631,-0.28526,-0.31934,-0.14156,-0.0018391,0.26347,-0.42811,0.051954,-0.19108,-0.053133,0.032081,-0.075873,-0.1546,0.049416,-0.12363,-0.0083291,0.12938,0.012829
-0.0096596,-0.059416,-0.28902,-0.31119,-0.13792,-0.4443,-0.072531,-0.39973,-0.00087763,-0.075443,-0.053586,-0.16974,-0.24633,-0.3462,-0.28879,-0.39673,-0.47727,-0.41607,-0.19266,-0.19348,-0.43115,-0.46125,-0.27737,-0.48095,-0.28044,-0.22657,-0.12587,-0.26518,-0.35415,0.17201,0.12944,-0.03254,-0.39475,-0.52121,0,0.025943,0.0070826,-0.19381,0.16603,0.036302,-0.075924,-0.21007,-0.05869,-0.49331,0.13919,0.14738,-0.69259,-0.68136,-0.50797,-0.33914,-0.3779,-0.65029,-0.24931,-0.50697,-0.28883,-0.21568,-0.35918,-0.37144,-0.34374,-0.088339,-0.26193,-0.28505,-0.35172,-0.35286,-0.43703,-0.67197,-0.60065,-0.082615,0.0013304,-0.098871,-0.2682,-0.028252,-0.2164,-0.10315,-0.30961,-0.12263,-0.21666,-0.34044,-0.38892,-0.46579,-0.43596,-0.41239,-0.39793,-0.27266,-0.36718,-0.31552,-0.40465,-0.40439,-0.64942,-0.26921,-0.42648,-0.43474,-0.42876,-0.27652,-0.39571,-0.29834,-0.33816,-0.44277,-0.29703,-0.47165,-0.34449,-0.53866,-0.42418,-0.57006,-0.48217
-0.41236,0.16214,-0.24381,-0.25479,-0.38851,-0.01293,-0.50868,-0.097865,-0.30855,-0.1963,-0.068243,0.047062,-0.11884,-0.12029,-0.46398,-0.27171,-0.38888,-0.17274,-0.22728,-0.43261,-0.50949,-0.48317,-0.56835,-0.49509,-0.57501,-0.25946,-0.14047,-0.24709,-0.3598,0.0083515,0.008877,0.13477,-0.24834,-0.15928,0.025943,0,0.17265,0.011521,-0.20147,-0.081385,-0.5376,-0.27027,-0.4731,-0.27606,0.053144,0.08588,-0.52812,-0.53613,-0.4225,-0.38196,-0.33225,-0.51939,-0.39979,-0.31755,-0.16321,-0.40865,-0.57416,-0.45563,-0.42566,-0.34798,-0.02492,-0.50727,-0.23352,-0.44687,-0.40877,-0.6259,-0.44042,-0.14579,0.12534,-0.107,-0.34832,-0.16318,-0.21873,-0.16171,-0.29298,-0.3106,-0.14231,-0.30774,-0.31344,-0.35822,-0.41239,-0.36587,-0.31921,-0.30634,-0.37599,-0.2767,-0.36903,-0.42412,-0.56603,-0.35686,-0.30389,-0.3173,-0.10561,-0.43096,-0.095053,-0.35966,-0.3031,-0.35738,-0.24217,-0.5487,-0.20897,-0.74715,-0.32893,-0.38121,-0.34222
-0.29431,-0.21605,-0.027727,-0.059718,-0.10283,-0.21396,-0.28093,-0.23592,-0.16738,-0.32202,0.075544,0.010761,-0.033937,0.019051,-0.18398,-0.32299,-0.19212,-0.2325,-0.089385,-0.33652,-0.47466,-0.55357,-0.49738,-0.56462,-0.33007,-0.1409,-0.19749,-0.21117,-0.25839,-0.14017,-0.2216,-0.022427,-0.095248,0.014433,0.0070826,0.17265,0,0.42579,0.021136,0.068914,-0.33464,-0.32396,-0.57209,-0.54322,-0.20053,-0.012309,-0.35327,-0.36036,-0.47061,-0.20882,-0.21905,-0.44801,-0.20238,-0.30899,-0.077338,-0.50798,-0.50061,-0.40243,-0.41487,-0.23695,-0.21751,-0.34907,-0.24097,-0.33943,-0.42388,-0.48445,-0.3001,0.12742,0.1059,-0.2521,-0.42144,-0.33426,-0.34521,-0.33651,-0.3201,-0.074286,-0.057013,-0.037599,0.043831,-0.027989,-0.060825,-0.19179,-0.10338,-0.058539,-0.091777,0.035178,-0.026066,-0.30955,-0.44962,-0.30178,-0.18657,-0.09768,-0.058639,-0.50486,-0.17202,-0.21342,-0.14664,-0.11683,-0.11372,-0.55036,-0.22263,-0.39595,-0.26419,-0.34167,-0.19089
-0.26262,-0.25002,0.093029,0.096892,0.01056,-0.18726,-0.3115,-0.25052,-0.073732,-0.37068,0.10301,-0.047923,-0.14377,0.021667,-0.099385,-0.34948,-0.12134,-0.22896,-0.08925,-0.37842,-0.51865,-0.65833,-0.5517,-0.59525,-0.28498,0.0082006,-0.29344,-0.3283,-0.36696,-0.22009,-0.47783,-0.179,-0.15122,0.082363,-0.19381,0.011521,0.42579,0,-0.027453,0.13564,-0.35081,-0.39385,-0.6941,-0.5665,-0.39367,-0.13696,-0.33971,-0.30897,-0.53596,-0.19115,-0.24512,-0.36571,-0.018319,-0.16962,0.0712,-0.53671,-0.34047,-0.38452,-0.35502,-0.13665,-0.23015,-0.32789,-0.32701,-0.25122,-0.34685,-0.4336,-0.25123,0.1673,0.053664,-0.35736,-0.39884,-0.51754,-0.43984,-0.45769,-0.41693,0.04581,0.10329,0.021197,0.13165,0.053429,0.072005,-0.074101,0.04562,-0.049511,-0.038465,0.087087,0.082609,-0.31175,-0.37721,-0.42712,-0.2625,0.027296,-0.045503,-0.38085,-0.032489,-0.13409,-0.14189,-0.1006,-0.14233,-0.55804,-0.30553,-0.28521,-0.1489,-0.2365,-0.085975
0.26505,-0.27737,-0.028146,-0.0084577,0.095556,-0.70648,0.27679,-0.49398,0.39795,-0.21413,-0.0072279,-0.34334,-0.36882,-0.31043,-0.14049,-0.40207,-0.33966,-0.35729,0.021505,0.037095,-0.45286,-0.57201,-0.22947,-0.54163,0.036995,-0.052339,-0.41314,-0.39456,-0.15105,0.11716,-0.25048,-0.23565,-0.51906,-0.45246,0.16603,-0.20147,0.021136,-0.027453,0,0.21209,0.21771,-0.34404,-0.06395,-0.7685,-0.17469,0.00075465,-0.48866,-0.42611,-0.66472,-0.40747,-0.54906,-0.48846,0.15665,-0.35825,-0.11484,-0.24499,-0.20225,-0.28934,-0.24937,0.20212,-0.4268,-0.074437,-0.31161,-0.095265,-0.22745,-0.41385,-0.34301,0.060903,-0.071088,-0.18401,-0.10912,-0.096148,-0.18112,-0.15802,-0.25804,0.3704,-0.059668,-0.12289,-0.13353,-0.32878,-0.23506,-0.16162,-0.10107,0.0036726,0.0088378,-0.027732,-0.03359,-0.27328,-0.38958,-0.37893,-0.405,-0.11253,-0.43278,-0.12657,-0.38616,-0.13358,-0.23729,-0.22178,-0.30454,-0.4889,-0.39271,-0.27153,-0.34818,-0.4029,-0.29993
-0.087506,-0.0032981,0.27457,0.28423,0.10067,-0.31986,-0.17213,-0.21564,0.20271,0.04723,0.33188,0.038515,-0.10723,-0.013176,0.083068,-0.15967,-0.10614,-0.17183,0.16835,-0.15777,-0.31692,-0.58853,-0.24659,-0.45,-0.086992,0.29372,-0.21646,-0.3898,-0.3599,0.069411,-0.20961,-0.0085024,-0.27684,-0.27828,0.036302,-0.081385,0.068914,0.13564,0.21209,0,-0.13749,-0.11693,-0.28369,-0.45443,-0.083392,0.2821,-0.52133,-0.46856,-0.58492,-0.25649,-0.38409,-0.28785,0.24385,-0.073744,0.20851,-0.36828,-0.23265,-0.40713,-0.27762,0.38001,-0.062575,-0.10278,-0.28135,0.012237,-0.12651,-0.48819,-0.30073,0.014461,0.025899,-0.071066,-0.11552,-0.20545,-0.21633,-0.30169,-0.31353,0.18207,0.27847,0.058857,-0.032059,-0.19815,-0.19565,0.12169,0.14025,0.10401,-0.033663,0.097076,-0.098653,-0.37039,-0.50576,-0.42009,-0.39408,-0.031472,-0.16151,-0.1202,-0.01686,0.095612,-0.080217,-0.040002,-0.14399,-0.51782,-0.44168,-0.23101,-0.020828,-0.20839,-0.025323
0.38621,-0.41055,-0.15632,-0.15132,0.12569,-0.75205,0.58399,-0.49111,0.14882,-0.21252,-0.19761,-0.58676,-0.45607,-0.52755,-0.14361,-0.35,-0.27514,-0.35244,-0.20603,0.11055,-0.23545,-0.24169,-0.012164,-0.27937,0.054838,-0.15646,-0.41287,-0.3277,-0.051216,-0.087668,-0.32257,-0.45384,-0.52612,-0.56287,-0.075924,-0.5376,-0.33464,-0.35081,0.21771,-0.13749,0,-0.26192,0.16937,-0.50031,-0.28999,-0.24079,-0.29935,-0.23965,-0.36393,-0.29354,-0.39797,-0.28958,0.093387,-0.30023,-0.24118,-0.085337,-0.06277,-0.13865,-0.15421,0.062435,-0.5186,-0.0056403,-0.30825,-0.064213,-0.17325,-0.19586,-0.25855,-0.27347,-0.37153,-0.24326,-0.083297,-0.037056,-0.11384,-0.10114,-0.11883,0.16602,-0.2039,-0.19261,-0.24466,-0.33738,-0.22771,-0.19363,-0.17761,-0.034267,-0.031813,-0.17734,-0.1358,-0.1301,-0.17409,-0.2262,-0.28623,-0.1447,-0.46662,0.065375,-0.48997,-0.11972,-0.18885,-0.26365,-0.24884,-0.20314,-0.38349,-0.08906,-0.30024,-0.30886,-0.26904
-0.36587,0.074381,-0.10695,-0.142,-0.15755,0.045028,-0.37486,0.29078,-0.42735,0.23656,-0.10908,0.073067,0.1673,-0.0012969,0.0065403,0.20245,0.058544,0.030052,-0.074817,-0.28861,0.20544,0.11361,0.25284,0.23469,-0.25074,-0.084488,0.28632,-0.049237,-0.25771,-0.13594,0.10864,0.1762,0.088893,-0.16576,-0.21007,-0.27027,-0.32396,-0.39385,-0.34404,-0.11693,-0.26192,0,-0.24882,0.11666,0.14122,0.0077478,-0.28165,-0.33406,0.10707,0.04012,0.024032,0.17405,-0.24389,0.10127,-0.11112,-0.14289,-0.41514,-0.46122,-0.43815,-0.12693,0.37163,-0.051389,0.042328,0.041825,-0.016284,-0.27409,-0.26895,-0.49272,-0.31206,0.20145,-0.22681,-0.065129,-0.15054,-0.23696,-0.17814,-0.42902,-0.16995,-0.13882,-0.26632,-0.19446,-0.3184,0.067623,-0.13871,-0.057477,-0.24378,-0.13339,-0.33289,-0.41184,-0.46166,-0.16808,-0.23425,-0.20747,0.03794,-0.13121,-0.024199,-0.0056515,0.010079,-0.0008944,0.00081055,0.052803,-0.06286,-0.091442,0.22285,0.14526,0.07996
