,,,,,,,,,,,,,,,,,,,,,,,,,,,,,,,,,,,,,,,,,,,,,,,,,,,,,,,,,,,,,,,,,,,,,,,,,,,,,,,,,,,,,,,,,,,,,,,,,,,,,,,,
0,-0.40861,-0.48802,-0.45999,-0.37319,-0.66712,0.13901,-0.52996,-0.077459,-0.45536,-0.53882,-0.93554,-0.85833,-0.76443,-0.44527,-0.56936,-0.61527,-0.50215,-0.45549,-0.16698,-0.34695,-0.40221,-0.21264,-0.39065,-0.11201,-0.43636,-0.69676,-0.72045,-0.32508,-0.39264,-0.52784,-0.6352,-0.8807,-0.87704,-0.4457,-0.69271,-1,-0.74012,-0.2026,-0.43308,0.062682,-0.50239,0.21061,-0.32009,-0.51427,-0.55353,-0.37146,-0.2794,-0.48404,-0.80199,-0.83695,-0.43838,-0.21642,-0.44025,-0.52281,-0.021813,0.11433,-0.16442,-0.076764,-0.16607,-0.64534,-0.30691,-0.53469,-0.24098,-0.20661,-0.20729,-0.35155,-0.44139,-0.46141,-0.44559,-0.11411,-0.25728,-0.21355,-0.31572,-0.36161,-0.23243,-0.47306,-0.59238,-0.68576,-0.778,-0.65367,-0.45996,-0.48293,-0.52006,-0.53028,-0.6368,-0.62617,-0.26485,-0.1894,-0.50073,-0.55841,-0.44278,-0.81501,-0.1389,-0.58877,-0.48389,-0.66787,-0.5618,-0.71154,-0.24995,-0.48434,-0.36735,-0.50129,-0.43489,-0.45842
-0.40861,0,-0.26815,-0.26242,-0.38188,0.019171,-0.62034,-0.030525,-0.42655,-0.28592,-0.26982,-0.23773,-0.23417,-0.1906,-0.43934,-0.2002,-0.26468,-0.19501,-0.25653,-0.49483,-0.39028,-0.33453,-0.4085,-0.4004,-0.53083,-0.23252,-0.15018,-0.20069,-0.36229,-0.090769,-0.32923,-0.11297,-0.38859,-0.25046,-0.42074,0.012168,-0.24922,-0.13913,-0.46697,-0.20215,-0.57643,-0.23764,-0.55936,-0.11709,-0.17479,-0.17188,-0.50694,-0.45461,-0.45684,-0.36563,-0.35449,-0.34299,-0.33804,-0.22695,-0.20531,-0.50716,-0.51956,-0.46034,-0.44486,-0.33029,0.00075217,-0.52198,-0.34274,-0.32465,-0.29278,-0.46132,-0.3799,-0.45059,-0.13404,-0.032167,-0.30272,-0.32462,-0.25854,-0.3359,-0.31332,-0.37009,-0.21457,-0.38811,-0.40671,-0.43244,-0.47414,-0.25717,-0.2925,-0.31419,-0.39252,-0.36294,-0.38822,-0.46284,-0.55233,-0.39697,-0.31413,-0.30494,-0.18378,-0.34948,-0.13151,-0.33472,-0.33056,-0.38691,-0.25441,-0.37851,-0.2811,-0.49539,-0.12459,-0.27787,-0.20231
-0.48802,-0.26815,0,0.71137,0.11438,-0.3136,-0.4247,-0.24273,-0.12402,0.41521,0.37185,0.065924,-0.04553,0.014796,0.22903,0.098796,0.30905,-0.019671,-0.038522,-0.23779,-0.22406,-0.46935,-0.34754,-0.34689,-0.18844,0.35433,-0.38837,-0.44568,-0.37918,-0.32483,-0.56936,-0.26288,-0.18321,-0.19181,-0.46972,-0.37365,-0.14789,0.064729,-0.077468,0.35261,-0.30078,-0.15339,-0.50493,-0.40281,-0.42798,0.10159,-0.22217,-0.18924,-0.44413,-0.066681,-0.25427,-0.10004,0.15553,0.12206,0.39284,-0.6392,-0.26522,-0.30889,-0.24954,0.047277,-0.1036,-0.17269,-0.34529,-0.12742,-0.18624,-0.24078,0.014967,-0.31894,-0.37626,-0.30572,-0.19175,-0.36871,-0.21376,-0.39878,-0.16925,0.10201,0.29363,0.44659,0.27349,0.026264,-0.033724,0.40474,0.8708,0.57936,0.39617,0.29306,0.088608,-0.21324,-0.19282,-0.28613,-0.17488,0.22508,0.013587,-0.19967,0.078958,0.51876,0.26431,0.1989,0.10223,-0.54041,-0.57797,0.0039703,0.12687,-0.16374,0.18652
-0.45999,-0.26242,0.71137,0,0.14006,-0.31949,-0.43305,-0.26664,-0.09423,0.37066,0.23198,0.018038,-0.12142,-0.01898,0.16276,0.019261,0.18699,-0.079749,-0.01154,-0.2675,-0.27425,-0.51305,-0.35601,-0.35781,-0.19977,0.38922,-0.41724,-0.48436,-0.42865,-0.28872,-0.63596,-0.30275,-0.21913,-0.19745,-0.51053,-0.38887,-0.19077,0.075983,-0.062078,0.43497,-0.3091,-0.18259,-0.52274,-0.44686,-0.46735,0.041798,-0.30633,-0.27309,-0.45497,-0.10942,-0.29546,-0.090498,0.24664,0.17005,0.50233,-0.59817,-0.27275,-0.37152,-0.29754,0.086685,-0.098415,-0.15163,-0.33331,-0.088956,-0.17227,-0.30165,-0.085909,-0.27798,-0.36131,-0.31143,-0.21511,-0.41622,-0.28423,-0.421,-0.25831,0.12639,0.37746,0.33386,0.21965,0.0020375,-0.012025,0.43526,1,0.3669,0.44254,0.3141,0.16376,-0.29399,-0.25078,-0.3761,-0.27644,0.16262,-0.031791,-0.1666,0.13668,0.47624,0.181,0.12806,0.0018566,-0.53701,-0.56718,-0.010997,0.11184,-0.13396,0.098834
-0.37319,-0.38188,0.11438,0.14006,0,-0.33041,-0.3367,-0.30899,-0.13019,0.10027,0.057617,-0.20325,-0.30252,-0.2961,0.036142,-0.17403,0.019623,-0.090779,-0.33147,-0.28141,-0.29449,-0.40656,-0.3389,-0.24978,-0.26357,0.093192,-0.49004,-0.62581,-0.53497,-0.39927,-0.7824,-0.49117,-0.26271,-0.23071,-0.60386,-0.53189,-0.36499,-0.16471,-0.19983,-0.08321,-0.12031,-0.21262,-0.43113,-0.45533,-0.6064,-0.25785,-0.28244,-0.23256,-0.29011,-0.03648,-0.23025,-0.056165,0.20637,0.26902,0.16143,-0.41062,-0.17178,-0.33098,-0.28941,-0.067233,-0.22354,-0.12823,-0.36157,-0.15352,-0.22677,-0.28396,-0.17058,-0.46319,-0.58171,-0.49901,-0.31472,-0.3852,-0.32325,-0.32985,-0.25909,0.063072,0.15358,0.088208,-0.0073027,-0.016529,0.048086,0.055608,0.16348,0.063744,0.11245,-0.0056365,-0.037151,-0.24468,-0.13058,-0.40455,-0.33546,0.16414,-0.067195,0.036832,0.085242,0.22251,0.12582,-0.084324,-0.060088,-0.41845,-0.56956,0.03082,-0.028687,-0.077978,-0.033433
-0.66712,0.019171,-0.3136,-0.31949,-0.33041,0,-0.83667,0.22284,-0.77465,-0.36854,-0.32826,-0.1326,-0.097439,-0.13328,-0.40051,-0.19788,-0.17179,-0.16745,-0.34487,-0.69327,-0.2961,-0.13095,-0.32059,-0.19719,-0.68752,-0.34047,0.17652,0.018109,-0.34149,-0.31503,-0.28705,-0.064291,-0.051785,0.17571,-0.55399,-0.066048,-0.15905,-0.12455,-0.79667,-0.36403,-0.68089,-0.04502,-0.83509,-0.065981,-0.22393,-0.34376,-0.39746,-0.44059,-0.11347,-0.079896,0.038751,-0.15161,-0.47106,-0.13458,-0.25161,-0.41231,-0.77319,-0.65481,-0.72485,-0.5485,0.21813,-0.45781,-0.12584,-0.31936,-0.3447,-0.50462,-0.44833,-0.44977,-0.21081,-0.11822,-0.59342,-0.45819,-0.48041,-0.48206,-0.42873,-0.58984,-0.29402,-0.34287,-0.32527,-0.18922,-0.25474,-0.25499,-0.31921,-0.29737,-0.35309,-0.27827,-0.27838,-0.56774,-0.65348,-0.40765,-0.2801,-0.28658,0.051262,-0.44059,-0.065586,-0.35569,-0.22894,-0.29323,-0.15189,-0.19342,-0.025326,-0.41862,-0.065491,-0.068499,-0.1708
0.13901,-0.62034,-0.4247,-0.43305,-0.3367,-0.83667,0,-0.54521,-0.097115,-0.34503,-0.44848,-0.68951,-0.64374,-0.65875,-0.26274,-0.41861,-0.47707,-0.36177,-0.443,0.1471,-0.17776,-0.2919,-0.12645,-0.25469,0.085718,-0.3776,-0.63455,-0.74603,-0.23438,-0.42097,-0.37837,-0.52385,-0.60842,-0.7829,-0.33155,-0.82816,-0.77495,-0.83414,-0.10462,-0.43061,0.26673,-0.40295,0.53232,-0.36216,-0.39578,-0.49612,-0.18746,-0.12106,-0.37072,-0.60233,-0.69782,-0.3565,-0.22923,-0.45987,-0.53066,-0.11597,0.15581,-0.041079,0.015472,-0.13493,-0.68735,-0.10557,-0.41695,-0.21988,-0.13502,0.0087784,-0.19048,-0.50704,-0.67642,-0.43572,-0.0093259,-0.07177,-0.14137,-0.25307,-0.21945,-0.20005,-0.51667,-0.43327,-0.49202,-0.60848,-0.57356,-0.41243,-0.42688,-0.40859,-0.41072,-0.50725,-0.52231,-0.080767,-0.019718,-0.30761,-0.41562,-0.30656,-0.67165,-0.10618,-0.61315,-0.3758,-0.49764,-0.38807,-0.60501,-0.25235,-0.48799,-0.17217,-0.47755,-0.41813,-0.39576
-0.52996,-0.030525,-0.24273,-0.26664,-0.30899,0.22284,-0.54521,0,-0.67412,-0.27925,-0.31078,-0.1509,-0.057703,-0.089146,-0.23934,-0.0074788,-0.059702,0.011425,-0.2442,-0.437,-0.017214,0.056265,-0.072398,-0.011092,-0.41501,-0.26685,0.23855,-0.074717,-0.16153,-0.32951,-0.23463,0.10818,-0.038465,0.053256,-0.61636,-0.24136,-0.25537,-0.24012,-0.62971,-0.30058,-0.50215,0.3181,-0.57904,0.17538,-0.13141,-0.3154,-0.22694,-0.26079,-0.060249,-0.12621,-0.086199,0.034133,-0.38085,-0.084214,-0.27273,-0.35744,-0.58073,-0.5227,-0.54838,-0.37749,0.2983,-0.27547,-0.0080215,-0.11656,-0.093288,-0.2696,-0.26086,-0.53091,-0.31219,0.083924,-0.37046,-0.30421,-0.33252,-0.5196,-0.32088,-0.51686,-0.33917,-0.29849,-0.30738,-0.24452,-0.34881,-0.12999,-0.26018,-0.19945,-0.29666,-0.2416,-0.27392,-0.42908,-0.52302,-0.34165,-0.22195,-0.14248,0.013896,-0.35195,-0.11783,-0.29154,-0.21527,-0.14755,-0.18601,-0.060059,0.0073646,-0.24177,0.12606,0.069685,0.032134
-0.077459,-0.42655,-0.12402,-0.09423,-0.13019,-0.77465,-0.097115,-0.67412,0,-0.081848,-0.12525,-0.42566,-0.52245,-0.43026,-0.17475,-0.34888,-0.33158,-0.36129,-0.25356,-0.069647,-0.46234,-0.72017,-0.45815,-0.54838,-0.045849,-0.059616,-0.95225,-0.90622,-0.52802,-0.26724,-0.67286,-0.62624,-0.68902,-0.71322,-0.31187,-0.54414,-0.49546,-0.33253,0.2963,-0.056612,-0.056869,-0.56529,-0.11777,-0.6305,-0.55527,-0.1835,-0.3886,-0.28659,-0.75814,-0.49137,-0.71808,-0.45147,0.12887,-0.28781,-0.13481,-0.45122,0.15143,-0.090217,0.045344,0.15867,-0.56329,-0.25028,-0.66963,-0.2915,-0.29235,-0.24371,-0.17394,-0.31002,-0.4718,-0.52915,-0.01113,-0.28922,-0.14832,-0.19004,-0.22252,0.35885,-0.080429,-0.18681,-0.23988,-0.41456,-0.34484,-0.21221,-0.118,-0.21251,-0.16722,-0.26455,-0.28011,-0.15253,-0.036123,-0.36405,-0.4286,-0.21159,-0.50448,-0.082981,-0.32171,-0.094602,-0.28667,-0.3173,-0.36542,-0.66915,-0.98196,-0.20358,-0.3684,-0.48673,-0.32356
-0.45536,-0.28592,0.41521,0.37066,0.10027,-0.36854,-0.34503,-0.27925,-0.081848,0,0.30391,0.0080739,-0.13172,-0.08241,0.22893,0.10948,0.18328,0.06729,-0.10969,-0.11094,-0.22793,-0.43343,-0.35437,-0.29773,-0.16752,0.58312,-0.40779,-0.5328,-0.41073,-0.19711,-0.49774,-0.25765,-0.24115,-0.26088,-0.38882,-0.37337,-0.1995,-0.062706,-0.0050938,0.24326,-0.24485,-0.17273,-0.43245,-0.45074,-0.33872,0.069199,-0.2743,-0.22681,-0.43063,-0.11479,-0.33293,-0.12083,0.15134,0.039641,0.27568,-0.65263,-0.24613,-0.2827,-0.23272,0.098448,-0.1496,-0.073946,-0.31078,-0.13895,-0.13809,-0.21691,-0.013482,-0.4137,-0.49155,-0.2759,-0.10706,-0.22883,-0.18488,-0.27337,-0.1215,0.177,0.17985,0.33462,0.2007,-0.083167,-0.11534,0.21337,0.40027,0.28539,0.30929,0.16176,0.049343,-0.18151,-0.16892,-0.25537,-0.22442,0.33971,-0.024279,-0.071289,0.079501,0.64467,0.25045,0.095001,-0.017971,-0.55369,-0.59008,0.070437,0.05646,-0.18413,0.058664
-0.53882,-0.26982,0.37185,0.23198,0.057617,-0.32826,-0.44848,-0.31078,-0.12525,0.30391,0,0.065529,-0.044868,-0.064853,0.064372,0.025712,0.16967,-0.012782,-0.1972,-0.23245,-0.31659,-0.49472,-0.4909,-0.41555,-0.27708,0.23646,-0.41737,-0.44249,-0.45125,-0.2999,-0.50163,-0.2947,-0.22745,-0.24508,-0.32276,-0.27648,-0.076488,0.056641,-0.10086,0.12792,-0.31334,-0.26255,-0.49452,-0.45383,-0.38442,0.16062,-0.22288,-0.17542,-0.49374,-0.034657,-0.22901,-0.2548,0.00097115,-0.038998,0.28982,-0.79446,-0.26441,-0.20573,-0.18475,-0.083843,-0.19798,-0.28582,-0.45304,-0.32111,-0.3344,-0.25522,0.0165,-0.39753,-0.41852,-0.38457,-0.20673,-0.29436,-0.13139,-0.23681,-0.025736,0.10122,0.26683,0.33519,0.21875,-0.0078216,-0.070366,0.053904,0.27345,0.2515,0.14053,0.08061,-0.061387,-0.10156,-0.10509,-0.14767,-0.070532,0.12711,0.025307,-0.22112,0.014296,0.34628,0.31024,0.0047796,0.24369,-0.68255,-0.69165,-0.10571,-0.046044,-0.30684,0.021641
-0.93554,-0.23773,0.065924,0.018038,-0.20325,-0.1326,-0.68951,-0.1509,-0.42566,0.0080739,0.065529,0,0.33947,0.33509,-0.051024,0.10138,0.17048,-0.068414,-0.057855,-0.39313,-0.26719,-0.3798,-0.43175,-0.33847,-0.41255,-0.032467,-0.12414,-0.15028,-0.32932,-0.26848,-0.28711,-0.021946,0.098381,0.066729,-0.3148,-0.1089,0.29958,0.22874,-0.30047,0.0054984,-0.60769,-0.12418,-0.78817,-0.38357,-0.21914,0.1153,-0.2851,-0.33561,-0.3392,0.055203,-0.055194,-0.17332,-0.27041,-0.12178,0.039113,-0.80574,-0.60991,-0.47167,-0.48252,-0.29652,0.035195,-0.28804,-0.19064,-0.301,-0.33521,-0.39315,-0.181,-0.25643,-0.25053,-0.18931,-0.38911,-0.39855,-0.36187,-0.42303,-0.25122,-0.26229,-0.039227,0.16038,0.26321,0.13449,-0.027535,0.0065362,0.044973,0.10032,0.075912,0.2166,0.086775,-0.35499,-0.41997,-0.21044,-0.099148,-0.061663,0.22851,-0.44446,0.022532,0.0166,0.18795,0.10695,0.14948,-0.52662,-0.3528,-0.19766,-0.009245,-0.21339,-0.037099
-0.85833,-0.23417,-0.04553,-0.12142,-0.30252,-0.097439,-0.64374,-0.057703,-0.52245,-0.13172,-0.044868,0.33947,0,0.33919,-0.093059,0.13425,0.14429,-0.070042,-0.090374,-0.39465,-0.14509,-0.26348,-0.33412,-0.29764,-0.38065,-0.17043,-0.011273,0.0081024,-0.18068,-0.38987,-0.19309,0.091969,0.15881,0.044073,-0.32907,-0.13563,0.21699,0.029977,-0.39599,-0.12304,-0.60527,-0.047058,-0.68016,-0.21546,-0.17214,0.031386,-0.12065,-0.19394,-0.29879,0.02873,0.021151,-0.18232,-0.37168,-0.20078,-0.13619,-0.70856,-0.59072,-0.38862,-0.42022,-0.36207,0.0078501,-0.354,-0.20577,-0.31713,-0.33047,-0.27968,-0.089341,-0.30241,-0.22237,-0.14162,-0.3707,-0.36972,-0.27319,-0.47423,-0.17617,-0.37286,-0.19381,-0.0030039,0.044097,0.029044,-0.15945,-0.066314,-0.088946,0.032067,-0.091664,0.014025,-0.11021,-0.27886,-0.38064,-0.098001,0.091674,-0.12863,0.13015,-0.55773,-0.15349,-0.12562,0.021922,0.091341,0.16148,-0.42249,-0.28743,-0.23197,-0.026526,-0.24329,0.023051
-0.76443,-0.1906,0.014796,-0.01898,-0.2961,-0.13328,-0.65875,-0.089146,-0.43026,-0.08241,-0.064853,0.33509,0.33919,0,-0.056527,0.16014,0.11764,-0.11004,0.1611,-0.38825,-0.20376,-0.35142,-0.32284,-0.31429,-0.31378,-0.073117,-0.069528,-0.083371,-0.26255,-0.283,-0.27253,0.074517,0.021965,0.0068599,-0.39048,-0.1609,0.094521,0.12396,-0.32033,0.03469,-0.66861,-0.073827,-0.7175,-0.28066,-0.19292,0.074426,-0.25132,-0.30779,-0.38004,-0.0657,-0.13779,-0.1619,-0.27925,-0.15368,-0.053409,-0.73238,-0.57722,-0.46396,-0.45734,-0.24136,0.077259,-0.2931,-0.1939,-0.22234,-0.25515,-0.32466,-0.14311,-0.19475,-0.1759,-0.064572,-0.31714,-0.42931,-0.33364,-0.51628,-0.29458,-0.31574,-0.1289,0.0046606,0.07544,-0.028801,-0.16828,0.051738,-0.0092164,0.028378,-0.021289,0.12301,0.036428,-0.39064,-0.46894,-0.23714,-0.13919,-0.12728,0.02426,-0.5106,-0.085542,-0.077221,-0.029858,0.11214,-0.004494,-0.46011,-0.29426,-0.19865,0.038037,-0.20075,0.01164
-0.44527,-0.43934,0.22903,0.16276,0.036142,-0.40051,-0.26274,-0.23934,-0.17475,0.22893,0.064372,-0.051024,-0.093059,-0.056527,0,0.16895,0.25712,0.058602,-0.067081,-0.058674,-0.028201,-0.30313,-0.16137,-0.1459,0.013915,0.16495,-0.34893,-0.48036,-0.30074,-0.37586,-0.45723,-0.23097,-0.13342,-0.21939,-0.48453,-0.54426,-0.26813,-0.19233,-0.092959,0.044811,-0.204,-0.04235,-0.3688,-0.36063,-0.3564,-0.10529,-0.067952,-0.067571,-0.30231,-0.05556,-0.26609,0.020894,0.054108,0.017352,0.011102,-0.51514,-0.20286,-0.25186,-0.21542,0.074864,-0.17805,0.074731,-0.23633,-0.025464,-0.039603,-0.037199,0.14048,-0.38952,-0.55819,-0.27434,-0.111,-0.25502,-0.20161,-0.395,-0.15229,-0.021746,-0.065976,0.24979,0.17533,-0.03996,-0.11878,0.27311,0.22317,0.27283,0.25121,0.17409,0.061578,-0.14285,-0.12467,-0.22074,-0.19623,0.33681,-0.084352,-0.15278,-0.093273,0.28873,0.12625,0.34676,-0.071184,-0.39841,-0.47646,0.42564,0.075788,-0.1009,0.16552
-0.56936,-0.2002,0.098796,0.019261,-0.17403,-0.19788,-0.41861,-0.0074788,-0.34888,0.10948,0.025712,0.10138,0.13425,0.16014,0.16895,0,0.33343,0.29915,-0.026992,-0.15017,0.0070266,-0.1917,-0.18212,-0.12992,-0.16522,0.091069,-0.11084,-0.26877,-0.2227,-0.24279,-0.26147,0.085695,-0.069437,-0.12187,-0.41481,-0.29609,-0.13267,-0.11995,-0.25672,0.014667,-0.40351,0.1086,-0.48237,-0.18338,-0.10884,0.013925,-0.11085,-0.12044,-0.30159,-0.0494,-0.20915,-0.037618,-0.16684,-0.063363,-0.045163,-0.64826,-0.38982,-0.30098,-0.30052,-0.094111,0.042331,-0.11549,-0.16752,-0.11331,-0.051942,-0.085437,0.092088,-0.46224,-0.42721,-0.011021,-0.10714,-0.1703,-0.13422,-0.36363,-0.083957,-0.20457,-0.13899,0.051871,0.035138,-0.13079,-0.26389,0.15034,0.045844,0.1333,0.0029611,0.037385,-0.066291,-0.19331,-0.28015,-0.12374,-0.078787,0.18661,0.058022,-0.27141,-0.058693,0.063182,0.062939,0.1968,-0.010411,-0.37906,-0.34045,0.033924,0.23093,-0.11784,0.26669
-0.61527,-0.26468,0.30905,0.18699,0.019623,-0.17179,-0.47707,-0.059702,-0.33158,0.18328,0.16967,0.17048,0.14429,0.11764,0.25712,0.33343,0,0.16857,-0.095292,-0.26503,-0.074055,-0.26279,-0.24219,-0.17449,-0.23635,0.13606,-0.18738,-0.29757,-0.29698,-0.3667,-0.41869,-0.11121,0.020513,-0.021218,-0.50659,-0.34657,-0.10292,-0.0080406,-0.27346,0.041617,-0.36582,0.067866,-0.56918,-0.25985,-0.31042,-0.023189,-0.10735,-0.12102,-0.26329,0.14567,-0.074398,0.040755,-0.077802,0.13111,0.12216,-0.61082,-0.37671,-0.34539,-0.33644,-0.12413,0.041031,-0.14585,-0.20892,-0.12232,-0.15192,-0.17504,0.042783,-0.41633,-0.42426,-0.20807,-0.25458,-0.32012,-0.23098,-0.42451,-0.14291,-0.14739,0.016938,0.28416,0.22346,0.10668,-0.050095,0.31577,0.25788,0.41307,0.19361,0.2287,0.054846,-0.21648,-0.24219,-0.20119,-0.077854,0.29749,0.23441,-0.25662,0.07246,0.24117,0.34681,0.339,0.2017,-0.39555,-0.39699,0.066567,0.31339,-0.050619,0.39765
-0.50215,-0.19501,-0.019671,-0.079749,-0.090779,-0.16745,-0.36177,0.011425,-0.36129,0.06729,-0.012782,-0.068414,-0.070042,-0.11004,0.058602,0.29915,0.16857,0,-0.26067,-0.12252,-0.025421,-0.087232,-0.189,-0.013972,-0.23138,0.056213,-0.13969,-0.36624,-0.31109,-0.21667,-0.28633,-0.04771,-0.14509,-0.15794,-0.436,-0.32354,-0.25195,-0.23404,-0.32514,-0.1442,-0.29907,0.098981,-0.42449,-0.16483,-0.1116,-0.15418,-0.14047,-0.11559,-0.20379,-0.019175,-0.20147,-0.026873,-0.16899,-0.021646,-0.083205,-0.55251,-0.3411,-0.26675,-0.29195,-0.14572,-0.012354,-0.092645,-0.17671,-0.15933,-0.057903,-0.072532,0.0048272,-0.69828,-0.59942,-0.1003,-0.12686,-0.041374,-0.11073,-0.23013,-0.027154,-0.20559,-0.16636,-0.049805,-0.092669,-0.19303,-0.29221,-0.0020566,-0.056251,-0.006222,-0.1004,-0.11566,-0.17622,-0.1455,-0.22006,-0.12729,-0.13207,0.30348,0.078116,-0.10448,-0.018066,0.025607,0.051433,-0.020823,-0.055313,-0.32304,-0.34077,0.048786,0.15824,-0.075245,0.14524
-0.45549,-0.25653,-0.038522,-0.01154,-0.33147,-0.34487,-0.443,-0.2442,-0.25356,-0.10969,-0.1972,-0.057855,-0.090374,0.1611,-0.067081,-0.026992,-0.095292,-0.26067,0,-0.28829,-0.21836,-0.46328,-0.23769,-0.3676,-0.12266,-0.081401,-0.27123,-0.27613,-0.23969,-0.25133,-0.37408,-0.10432,-0.22311,-0.23603,-0.43981,-0.33935,-0.18746,-0.078221,-0.1406,0.14639,-0.51644,-0.18328,-0.49196,-0.34728,-0.28842,-0.015396,-0.3306,-0.35722,-0.50194,-0.3244,-0.40748,-0.18716,-0.15722,-0.20671,-0.12467,-0.54657,-0.41061,-0.45646,-0.38052,-0.044254,-0.11127,-0.19504,-0.23181,-0.058431,-0.11738,-0.3011,-0.17925,-0.051933,-0.15415,-0.06749,-0.18285,-0.45413,-0.34929,-0.59656,-0.40537,-0.22233,-0.17265,-0.1051,-0.073622,-0.22336,-0.27865,0.062349,-0.03311,-0.061559,-0.038779,0.033957,0.012335,-0.44356,-0.47177,-0.39756,-0.34017,-0.1995,-0.25944,-0.43387,-0.20609,-0.12595,-0.21934,0.027478,-0.26721,-0.43781,-0.34658,-0.17726,-0.068971,-0.22731,-0.093649
-0.16698,-0.49483,-0.23779,-0.2675,-0.28141,-0.69327,0.1471,-0.437,-0.069647,-0.11094,-0.23245,-0.39313,-0.39465,-0.38825,-0.058674,-0.15017,-0.26503,-0.12252,-0.28829,0,-0.11258,-0.27971,-0.18374,-0.21086,0.17,-0.14743,-0.49564,-0.65532,-0.26051,-0.24157,-0.27117,-0.31284,-0.47222,-0.61282,-0.22895,-0.57716,-0.49536,-0.5501,0.018857,-0.23873,-0.010283,-0.29453,0.055417,-0.37529,-0.19672,-0.25248,-0.14719,-0.081124,-0.41976,-0.42893,-0.611,-0.30834,-0.16501,-0.37914,-0.34539,-0.40642,-0.0044987,0.0096591,0.040165,0.011021,-0.48608,-0.0011901,-0.36137,-0.21146,-0.064629,0.13258,0.012139,-0.5496,-0.71894,-0.27859,0.28359,0.16214,0.012449,-0.13315,-0.02673,-0.085371,-0.37082,-0.23677,-0.27756,-0.47959,-0.51571,-0.25372,-0.25709,-0.23711,-0.24865,-0.32256,-0.35616,0.037789,0.00022851,-0.12033,-0.28005,-0.10365,-0.43894,-0.078825,-0.42547,-0.17379,-0.29051,-0.2163,-0.40814,-0.40097,-0.53376,-0.0081834,-0.31096,-0.39129,-0.24467
-0.34695,-0.39028,-0.22406,-0.27425,-0.29449,-0.2961,-0.17776,-0.017214,-0.46234,-0.22793,-0.31659,-0.26719,-0.14509,-0.20376,-0.028201,0.0070266,-0.074055,-0.025421,-0.21836,-0.11258,0,0.082781,0.28797,0.075088,-0.06004,-0.27568,-0.12085,-0.2817,0.09781,-0.4892,-0.21224,-0.054337,-0.10512,-0.22631,-0.52378,-0.55752,-0.38838,-0.45865,-0.36717,-0.3077,-0.20588,0.2297,-0.24798,0.0316,-0.19388,-0.33619,0.12192,0.056789,-0.077744,-0.23533,-0.2509,0.067338,-0.29826,-0.20597,-0.38204,-0.25408,-0.29951,-0.28316,-0.28267,-0.22213,-0.17073,-0.031301,-0.051533,0.020846,0.11004,0.11025,0.0022375,-0.51819,-0.49617,-0.083738,-0.15974,-0.15531,-0.18522,-0.52166,-0.18545,-0.38614,-0.44484,-0.2351,-0.26829,-0.28565,-0.39597,-0.11676,-0.2458,-0.12779,-0.23237,-0.23155,-0.30106,-0.18055,-0.24756,-0.2159,-0.14917,-0.068214,-0.21419,-0.2936,-0.34927,-0.24741,-0.23869,0.0096734,-0.27559,-0.019223,-0.16604,0.0031515,-0.047943,-0.061801,0.048148
-0.40221,-0.33453,-0.46935,-0.51305,-0.40656,-0.13095,-0.2919,0.056265,-0.72017,-0.43343,-0.49472,-0.3798,-0.26348,-0.35142,-0.30313,-0.1917,-0.26279,-0.087232,-0.46328,-0.27971,0.082781,0,0.064448,0.28506,-0.3282,-0.4492,0.063591,-0.18898,-0.12354,-0.41608,-0.09145,-0.084228,-0.14106,-0.18168,-0.49896,-0.42381,-0.44604,-0.57489,-0.67707,-0.58108,-0.32335,0.089651,-0.3175,0.10843,-0.090969,-0.55905,-0.11069,-0.16487,0.17819,-0.21352,-0.16173,-0.078592,-0.52582,-0.30745,-0.53816,-0.19027,-0.44772,-0.37158,-0.44432,-0.47317,-0.1784,-0.19286,-0.018171,-0.21755,-0.12066,-0.10751,-0.27574,-0.72023,-0.56351,-0.10444,-0.34136,-0.12709,-0.30553,-0.386,-0.2745,-0.63862,-0.62117,-0.45567,-0.4621,-0.38728,-0.4804,-0.36215,-0.48456,-0.39447,-0.46919,-0.44579,-0.45018,-0.30566,-0.38074,-0.23611,-0.25517,-0.24849,-0.22945,-0.30698,-0.37763,-0.445,-0.36505,-0.29252,-0.37181,0.14229,0.052985,-0.20601,-0.19906,-0.092074,-0.20729
-0.21264,-0.4085,-0.34754,-0.35601,-0.3389,-0.32059,-0.12645,-0.072398,-0.45815,-0.35437,-0.4909,-0.43175,-0.33412,-0.32284,-0.16137,-0.18212,-0.24219,-0.189,-0.23769,-0.18374,0.28797,0.064448,0,0.13234,-0.045939,-0.36279,-0.17633,-0.34359,-0.015705,-0.48407,-0.29884,-0.18351,-0.23015,-0.28504,-0.67695,-0.68724,-0.57908,-0.57448,-0.41748,-0.38585,-0.19035,0.096382,-0.19986,0.016738,-0.28118,-0.51252,-0.084604,-0.12155,-0.048715,-0.35416,-0.35209,0.069309,-0.29961,-0.22562,-0.46985,-0.059021,-0.27394,-0.37638,-0.35384,-0.22217,-0.21925,-0.0038798,-0.033814,0.14886,0.21123,-0.012382,-0.19243,-0.46761,-0.48773,-0.10487,-0.2057,-0.25197,-0.31514,-0.5993,-0.37569,-0.44871,-0.53115,-0.38539,-0.41282,-0.399,-0.45826,-0.19065,-0.34467,-0.28549,-0.33,-0.33097,-0.33724,-0.33644,-0.34994,-0.40518,-0.37379,-0.20241,-0.36122,-0.25585,-0.40019,-0.36147,-0.40035,-0.15713,-0.4657,0.19266,-0.073403,-0.063596,-0.13162,0.0030229,-0.11333
-0.39065,-0.4004,-0.34689,-0.35781,-0.24978,-0.19719,-0.25469,-0.011092,-0.54838,-0.29773,-0.41555,-0.33847,-0.29764,-0.31429,-0.1459,-0.12992,-0.17449,-0.013972,-0.3676,-0.21086,0.075088,0.28506,0.13234,0,-0.21945,-0.29336,-0.066567,-0.34079,-0.2553,-0.36301,-0.25296,-0.16191,-0.13254,-0.15348,-0.61367,-0.54543,-0.49619,-0.51443,-0.5275,-0.44224,-0.26519,0.15672,-0.33589,-0.095716,-0.1895,-0.54556,-0.16683,-0.21121,0.18899,-0.14388,-0.20372,0.11235,-0.34138,-0.15828,-0.39178,-0.20215,-0.37922,-0.41753,-0.45921,-0.31058,-0.14062,0.042112,0.050447,-0.060435,0.02466,-0.098053,-0.25483,-0.65011,-0.69223,-0.13787,-0.29728,-0.17026,-0.37014,-0.39536,-0.33996,-0.47371,-0.47456,-0.33205,-0.33686,-0.30423,-0.35911,-0.217,-0.33705,-0.30196,-0.30675,-0.30131,-0.26599,-0.34664,-0.36385,-0.32951,-0.37796,-0.10494,-0.19648,-0.1526,-0.24913,-0.28956,-0.26732,-0.19039,-0.37318,0.062849,-0.04264,0.013058,-0.093073,0.095049,-0.14519
-0.11201,-0.53083,-0.18844,-0.19977,-0.26357,-0.68752,0.085718,-0.41501,-0.045849,-0.16752,-0.27708,-0.41255,-0.38065,-0.31378,0.013915,-0.16522,-0.23635,-0.23138,-0.12266,0.17,-0.06004,-0.3282,-0.045939,-0.21945,0,-0.1657,-0.51039,-0.60314,-0.22469,-0.39718,-0.41187,-0.35374,-0.44198,-0.55699,-0.42605,-0.76506,-0.55447,-0.5004,-0.0064981,-0.17193,-0.056213,-0.25448,-0.0048129,-0.33033,-0.36093,-0.2915,-0.085366,-0.043326,-0.43608,-0.43198,-0.58716,-0.22674,-0.075997,-0.30416,-0.32664,-0.32047,0.0662,-0.082267,0.004275,0.14482,-0.45168,1.9042e-05,-0.37345,-0.054584,0.010507,0.16372,0.045258,-0.36269,-0.5587,-0.29291,0.15938,-0.17859,-0.10263,-0.37198,-0.2027,-0.10731,-0.34958,-0.23042,-0.26469,-0.42276,-0.4528,-0.13821,-0.19545,-0.19205,-0.20089,-0.25221,-0.27746,-0.10216,-0.071494,-0.26199,-0.33995,-0.14483,-0.49257,-0.18616,-0.44422,-0.17981,-0.33706,-0.13161,-0.42451,-0.33336,-0.49657,0.04691,-0.2497,-0.31076,-0.16713
-0.43636,-0.23252,0.35433,0.38922,0.093192,-0.34047,-0.3776,-0.26685,-0.059616,0.58312,0.23646,-0.032467,-0.17043,-0.073117,0.16495,0.091069,0.13606,0.056213,-0.081401,-0.14743,-0.27568,-0.4492,-0.36279,-0.29336,-0.1657,0,-0.40637,-0.54433,-0.49082,-0.14694,-0.54122,-0.27125,-0.2909,-0.26811,-0.43681,-0.36278,-0.24354,-0.043964,-0.046125,0.28554,-0.28864,-0.18936,-0.45493,-0.44516,-0.34421,0.026016,-0.32556,-0.27168,-0.46346,-0.12409,-0.35869,-0.13914,0.20156,0.075674,0.35576,-0.66797,-0.23834,-0.29692,-0.24547,0.16119,-0.12404,-0.10135,-0.34364,-0.13638,-0.13517,-0.23424,-0.055417,-0.40995,-0.48441,-0.25801,-0.093026,-0.25729,-0.19685,-0.257,-0.16905,0.16457,0.22541,0.19228,0.11753,-0.13034,-0.14954,0.23212,0.36075,0.15676,0.20437,0.11177,0.059021,-0.23164,-0.21014,-0.29334,-0.29046,0.26659,-0.057731,-0.048953,0.13196,0.51328,0.14291,0.013211,-0.062677,-0.56863,-0.58692,0.049376,0.084933,-0.17256,0.041212
-0.69676,-0.15018,-0.38837,-0.41724,-0.49004,0.17652,-0.63455,0.23855,-0.95225,-0.40779,-0.41737,-0.12414,-0.011273,-0.069528,-0.34893,-0.11084,-0.18738,-0.13969,-0.27123,-0.49564,-0.12085,0.063591,-0.17633,-0.066567,-0.51039,-0.40637,0,0.17776,-0.15871,-0.31241,-0.018876,0.2337,0.055694,0.095601,-0.43733,-0.12989,-0.14989,-0.26865,-0.74646,-0.42066,-0.69314,0.072203,-0.64563,0.01501,0.0050747,-0.34901,-0.27408,-0.35919,-0.035514,-0.13723,-0.024736,-0.13687,-0.60656,-0.294,-0.40518,-0.4071,-0.81799,-0.58102,-0.6722,-0.55868,0.097253,-0.3461,0.047958,-0.28659,-0.25408,-0.35235,-0.36715,-0.44235,-0.26451,0.075445,-0.47797,-0.32552,-0.43146,-0.49787,-0.38107,-0.73122,-0.48154,-0.37566,-0.33443,-0.25557,-0.37122,-0.29589,-0.4031,-0.3316,-0.39134,-0.29906,-0.30143,-0.49795,-0.64516,-0.27823,-0.21906,-0.31037,-0.061192,-0.52894,-0.24721,-0.41958,-0.29246,-0.22811,-0.24645,-0.10792,0.18214,-0.34968,-0.12386,-0.11687,-0.19113
-0.72045,-0.20069,-0.44568,-0.48436,-0.62581,0.018109,-0.74603,-0.074717,-0.90622,-0.5328,-0.44249,-0.15028,0.0081024,-0.083371,-0.48036,-0.26877,-0.29757,-0.36624,-0.27613,-0.65532,-0.2817,-0.18898,-0.34359,-0.34079,-0.60314,-0.54433,0.17776,0,-0.14114,-0.43618,-0.045178,0.011425,-0.027944,-0.033095,-0.32711,-0.038413,-0.032086,-0.21443,-0.73231,-0.45098,-0.84781,-0.19804,-0.67103,-0.10231,-0.1522,-0.30242,-0.28617,-0.38022,-0.23324,-0.22599,-0.020247,-0.34675,-0.75084,-0.4448,-0.46594,-0.45047,-0.85257,-0.53459,-0.6124,-0.70883,-0.12157,-0.5856,-0.19804,-0.46183,-0.47702,-0.45383,-0.41197,-0.26027,-0.035895,-0.13687,-0.59081,-0.4852,-0.44882,-0.56034,-0.40476,-0.8002,-0.49911,-0.42155,-0.3648,-0.25214,-0.35951,-0.40699,-0.46936,-0.38513,-0.46326,-0.35183,-0.38112,-0.49889,-0.63835,-0.25422,-0.14051,-0.50331,-0.18806,-0.88575,-0.39001,-0.52903,-0.37475,-0.30922,-0.22307,-0.25178,-0.017662,-0.54962,-0.30401,-0.3423,-0.31275
-0.32508,-0.36229,-0.37918,-0.42865,-0.53497,-0.34149,-0.23438,-0.16153,-0.52802,-0.41073,-0.45125,-0.32932,-0.18068,-0.26255,-0.30074,-0.2227,-0.29698,-0.31109,-0.23969,-0.26051,0.09781,-0.12354,-0.015705,-0.2553,-0.22469,-0.49082,-0.15871,-0.14114,0,-0.53121,-0.097272,-0.070361,-0.19052,-0.31703,-0.35431,-0.41259,-0.30862,-0.47034,-0.38031,-0.38806,-0.31136,-0.1072,-0.23931,-0.0058221,-0.19763,-0.30994,-0.049172,-0.10651,-0.23358,-0.44651,-0.32836,-0.21916,-0.48227,-0.43765,-0.54868,-0.22263,-0.40298,-0.32906,-0.31647,-0.39255,-0.28896,-0.29257,-0.14379,-0.17926,-0.15022,-0.14707,-0.18509,-0.34384,-0.2335,-0.11504,-0.26845,-0.2615,-0.24004,-0.62411,-0.26612,-0.50728,-0.57437,-0.38347,-0.40346,-0.39295,-0.49721,-0.3207,-0.40912,-0.27304,-0.38581,-0.3653,-0.46006,-0.2646,-0.36079,-0.25962,-0.12286,-0.35411,-0.35932,-0.534,-0.54237,-0.45844,-0.41643,-0.17671,-0.36568,-0.082272,-0.14502,-0.33372,-0.286,-0.298,-0.19947
-0.39264,-0.090769,-0.32483,-0.28872,-0.39927,-0.31503,-0.42097,-0.32951,-0.26724,-0.19711,-0.2999,-0.26848,-0.38987,-0.283,-0.37586,-0.24279,-0.3667,-0.21667,-0.25133,-0.24157,-0.4892,-0.41608,-0.48407,-0.36301,-0.39718,-0.14694,-0.31241,-0.43618,-0.53121,0,-0.24819,-0.20524,-0.4884,-0.40434,-0.20372,-0.10574,-0.31354,-0.27181,-0.23948,-0.19876,-0.49306,-0.38592,-0.42156,-0.45743,-0.048905,-0.19679,-0.69756,-0.6329,-0.50143,-0.43859,-0.57189,-0.41929,-0.30528,-0.36159,-0.23404,-0.58299,-0.46118,-0.43743,-0.42891,-0.2249,-0.22971,-0.28027,-0.29299,-0.35521,-0.26298,-0.46218,-0.44668,-0.43308,-0.38074,-0.095292,-0.17856,-0.14634,-0.33026,-0.096034,-0.34942,-0.25798,-0.26414,-0.35584,-0.33924,-0.50668,-0.48857,-0.33037,-0.31959,-0.39928,-0.33403,-0.33856,-0.27794,-0.46334,-0.5174,-0.37724,-0.51427,-0.29216,-0.31944,-0.18375,-0.1739,-0.27349,-0.33403,-0.42403,-0.4412,-0.52525,-0.369,-0.36339,-0.29653,-0.37167,-0.41175
-0.52784,-0.32923,-0.56936,-0.63596,-0.7824,-0.28705,-0.37837,-0.23463,-0.67286,-0.49774,-0.50163,-0.28711,-0.19309,-0.27253,-0.45723,-0.26147,-0.41869,-0.28633,-0.37408,-0.27117,-0.21224,-0.09145,-0.29884,-0.25296,-0.41187,-0.54122,-0.018876,-0.045178,-0.097272,-0.24819,0,0.047796,-0.2292,-0.31857,-0.044125,-0.13191,-0.19774,-0.47906,-0.49858,-0.53913,-0.5505,-0.2678,-0.33925,-0.18779,0.28858,-0.32978,-0.2653,-0.32927,-0.25498,-0.39636,-0.31414,-0.44328,-0.81679,-0.67715,-0.64495,-0.44344,-0.60526,-0.33202,-0.41644,-0.58843,-0.32851,-0.38904,-0.17296,-0.49043,-0.36405,-0.27517,-0.34608,-0.44866,-0.33224,-0.071427,-0.31895,-0.089765,-0.27856,-0.27897,-0.24053,-0.68054,-0.71567,-0.49901,-0.45128,-0.48696,-0.6129,-0.55341,-0.61305,-0.49974,-0.55917,-0.4952,-0.51593,-0.30957,-0.46873,-0.073312,-0.17615,-0.47006,-0.35249,-0.58401,-0.55151,-0.56736,-0.46213,-0.38893,-0.41774,-0.27776,-0.10182,-0.45723,-0.44919,-0.47302,-0.43893
-0.6352,-0.11297,-0.26288,-0.30275,-0.49117,-0.064291,-0.52385,0.10818,-0.62624,-0.25765,-0.2947,-0.021946,0.091969,0.074517,-0.23097,0.085695,-0.11121,-0.04771,-0.10432,-0.31284,-0.054337,-0.084228,-0.18351,-0.16191,-0.35374,-0.27125,0.2337,0.011425,-0.070361,-0.20524,0.047796,0,-0.042493,-0.077778,-0.31858,-0.10929,-0.078992,-0.22011,-0.45898,-0.24387,-0.62548,0.049186,-0.53744,-0.048101,0.19166,-0.13834,-0.23411,-0.29238,-0.23658,-0.22738,-0.21061,-0.17624,-0.48257,-0.31447,-0.33013,-0.53913,-0.65984,-0.45324,-0.48754,-0.37342,0.064401,-0.27767,-0.01858,-0.23111,-0.15512,-0.25477,-0.21317,-0.40502,-0.24644,0.31762,-0.26777,-0.20078,-0.27287,-0.44355,-0.25108,-0.51322,-0.40498,-0.27064,-0.24194,-0.29427,-0.43276,-0.19906,-0.29466,-0.21468,-0.29293,-0.2163,-0.26108,-0.37554,-0.53746,-0.18476,-0.13747,-0.21795,-0.087104,-0.49271,-0.24834,-0.30984,-0.24048,-0.11188,-0.22137,-0.25464,-0.064915,-0.28413,-0.073327,-0.20179,-0.10521
-0.8807,-0.38859,-0.18321,-0.21913,-0.26271,-0.051785,-0.60842,-0.038465,-0.68902,-0.24115,-0.22745,0.098381,0.15881,0.021965,-0.13342,-0.069437,0.020513,-0.14509,-0.22311,-0.47222,-0.10512,-0.14106,-0.23015,-0.13254,-0.44198,-0.2909,0.055694,-0.027944,-0.19052,-0.4884,-0.2292,-0.042493,0,0.3538,-0.45659,-0.28094,0.0017138,-0.12568,-0.523,-0.29386,-0.54275,0.051661,-0.71767,-0.24184,-0.26527,-0.26097,-0.16414,-0.27907,-0.0052271,0.12782,0.23141,-0.0018899,-0.42185,-0.15179,-0.23444,-0.44666,-0.68472,-0.56915,-0.62341,-0.47455,0.0063363,-0.23458,0.028554,-0.24135,-0.29921,-0.35443,-0.26781,-0.30763,-0.31651,-0.22118,-0.56183,-0.45402,-0.50246,-0.59624,-0.36967,-0.4957,-0.29811,-0.0834,-0.029363,0.16038,-0.021722,-0.1316,-0.18151,-0.082291,-0.10764,-0.0059935,-0.053761,-0.41927,-0.47097,-0.27786,-0.14033,-0.1625,0.13301,-0.50156,-0.14685,-0.20396,-0.023455,0.05198,-0.035795,-0.22523,-0.10249,-0.18536,-0.073941,-0.057703,-0.088646
-0.87704,-0.25046,-0.19181,-0.19745,-0.23071,0.17571,-0.7829,0.053256,-0.71322,-0.26088,-0.24508,0.066729,0.044073,0.0068599,-0.21939,-0.12187,-0.021218,-0.15794,-0.23603,-0.61282,-0.22631,-0.18168,-0.28504,-0.15348,-0.55699,-0.26811,0.095601,-0.033095,-0.31703,-0.40434,-0.31857,-0.077778,0.3538,0,-0.55571,-0.20443,-0.039455,-0.034062,-0.61162,-0.2782,-0.63715,0.028739,-0.95297,-0.23477,-0.2983,-0.29388,-0.31772,-0.40776,-0.024883,0.12701,0.22603,0.003818,-0.39453,-0.053466,-0.16748,-0.43942,-0.7827,-0.71985,-0.78151,-0.48542,0.19575,-0.2942,0.012877,-0.2365,-0.31489,-0.47988,-0.38231,-0.31186,-0.26173,-0.19907,-0.64404,-0.53656,-0.59028,-0.59656,-0.46936,-0.50894,-0.23115,-0.14414,-0.096472,0.11051,-0.005189,-0.12206,-0.17866,-0.13949,-0.14106,-0.035228,-0.032062,-0.55882,-0.59905,-0.40413,-0.26315,-0.18583,0.21199,-0.45606,-0.0018566,-0.21743,-0.05498,-0.072213,-0.062144,-0.22527,-0.059688,-0.25665,-0.01273,0.037189,-0.10862
-0.4457,-0.42074,-0.46972,-0.51053,-0.60386,-0.55399,-0.33155,-0.61636,-0.31187,-0.38882,-0.32276,-0.3148,-0.32907,-0.39048,-0.48453,-0.41481,-0.50659,-0.436,-0.43981,-0.22895,-0.52378,-0.49896,-0.67695,-0.61367,-0.42605,-0.43681,-0.43733,-0.32711,-0.35431,-0.20372,-0.044125,-0.31858,-0.45659,-0.55571,0,-0.10786,-0.15696,-0.38168,-0.21473,-0.41285,-0.43236,-0.64678,-0.26873,-0.55505,-0.13184,-0.18051,-0.39902,-0.39577,-0.58685,-0.48569,-0.47566,-0.79547,-0.57112,-0.78918,-0.47521,-0.61607,-0.40196,-0.16572,-0.22103,-0.4789,-0.59793,-0.51411,-0.51155,-0.76635,-0.61783,-0.39316,-0.35395,-0.3401,-0.33073,-0.40615,-0.28364,-0.14881,-0.21462,-0.048339,-0.15734,-0.35095,-0.45254,-0.39078,-0.36154,-0.47401,-0.49844,-0.62009,-0.50321,-0.46855,-0.47048,-0.47272,-0.50815,-0.18701,-0.27826,-0.05039,-0.19798,-0.50805,-0.45791,-0.50917,-0.55579,-0.44407,-0.40598,-0.48726,-0.36843,-0.68408,-0.52054,-0.54783,-0.67205,-0.88722,-0.60503
-0.69271,0.012168,-0.37365,-0.38887,-0.53189,-0.066048,-0.82816,-0.24136,-0.54414,-0.37337,-0.27648,-0.1089,-0.13563,-0.1609,-0.54426,-0.29609,-0.34657,-0.32354,-0.33935,-0.57716,-0.55752,-0.42381,-0.68724,-0.54543,-0.76506,-0.36278,-0.12989,-0.038413,-0.41259,-0.10574,-0.13191,-0.10929,-0.28094,-0.20443,-0.10786,0,0.064248,-0.069528,-0.49344,-0.31727,-0.84919,-0.40892,-0.69849,-0.34295,-0.089931,-0.11898,-0.55039,-0.56725,-0.47426,-0.30365,-0.2416,-0.54466,-0.57951,-0.44821,-0.29198,-0.70835,-0.77002,-0.47735,-0.5316,-0.57644,-0.1698,-0.6759,-0.36681,-0.63415,-0.59151,-0.62938,-0.48165,-0.33013,-0.076421,-0.19572,-0.48135,-0.35972,-0.36663,-0.2486,-0.31688,-0.48373,-0.29477,-0.37103,-0.3296,-0.33489,-0.38277,-0.44202,-0.40018,-0.39462,-0.4293,-0.36265,-0.38041,-0.46663,-0.59781,-0.25215,-0.22193,-0.45487,-0.17012,-0.58002,-0.24187,-0.4112,-0.30821,-0.43959,-0.20232,-0.56139,-0.29967,-0.6629,-0.35777,-0.49254,-0.41137
-1,-0.24922,-0.14789,-0.19077,-0.36499,-0.15905,-0.77495,-0.25537,-0.49546,-0.1995,-0.076488,0.29958,0.21699,0.094521,-0.26813,-0.13267,-0.10292,-0.25195,-0.18746,-0.49536,-0.38838,-0.44604,-0.57908,-0.49619,-0.55447,-0.24354,-0.14989,-0.032086,-0.30862,-0.31354,-0.19774,-0.078992,0.0017138,-0.039455,-0.15696,0.064248,0,0.14229,-0.36077,-0.16395,-0.71466,-0.29164,-0.77857,-0.41405,-0.21402,0.068638,-0.32933,-0.38916,-0.40549,-0.093388,-0.061925,-0.36788,-0.44226,-0.32128,-0.1492,-0.81091,-0.70479,-0.45412,-0.48926,-0.47107,-0.13381,-0.48052,-0.28982,-0.49313,-0.52839,-0.49963,-0.28728,-0.19686,-0.12089,-0.27189,-0.49194,-0.4392,-0.38033,-0.39985,-0.26379,-0.36955,-0.17043,-0.0661,0.0043845,-0.0030134,-0.11767,-0.23406,-0.17364,-0.11456,-0.14955,-0.059345,-0.14178,-0.36464,-0.45538,-0.17151,-0.040312,-0.28104,0.018847,-0.63001,-0.17482,-0.20093,-0.047139,-0.12551,0.061606,-0.59063,-0.35947,-0.41039,-0.2393,-0.3963,-0.23304
-0.74012,-0.13913,0.064729,0.075983,-0.16471,-0.12455,-0.83414,-0.24012,-0.33253,-0.062706,0.056641,0.22874,0.029977,0.12396,-0.19233,-0.11995,-0.0080406,-0.23404,-0.078221,-0.5501,-0.45865,-0.57489,-0.57448,-0.51443,-0.5004,-0.043964,-0.26865,-0.21443,-0.47034,-0.27181,-0.47906,-0.22011,-0.12568,-0.034062,-0.38168,-0.069528,0.14229,0,-0.29425,0.075626,-0.64208,-0.2852,-0.89798,-0.45483,-0.39486,0.08936,-0.43479,-0.44997,-0.48279,-0.072089,-0.13958,-0.27806,-0.19703,-0.082681,0.18104,-0.7671,-0.56157,-0.5178,-0.4899,-0.28409,-0.02287,-0.43502,-0.35361,-0.34897,-0.43896,-0.55275,-0.29778,-0.15258,-0.11029,-0.30414,-0.45815,-0.57661,-0.41809,-0.44741,-0.35573,-0.20091,0.16086,0.043845,0.088698,0.060092,0.01243,-0.027664,0.062992,0.007098,0.013606,0.10739,0.037927,-0.45159,-0.4646,-0.36481,-0.22666,-0.17775,0.055727,-0.44713,0.083167,-0.028692,0.039612,-0.091017,0.093383,-0.63078,-0.45044,-0.33425,-0.078306,-0.26851,-0.12554
-0.2026,-0.46697,-0.077468,-0.062078,-0.19983,-0.79667,-0.10462,-0.62971,0.2963,-0.0050938,-0.10086,-0.30047,-0.39599,-0.32033,-0.092959,-0.25672,-0.27346,-0.32514,-0.1406,0.018857,-0.36717,-0.67707,-0.41748,-0.5275,-0.0064981,-0.046125,-0.74646,-0.73231,-0.38031,-0.23948,-0.49858,-0.45898,-0.523,-0.61162,-0.21473,-0.49344,-0.36077,-0.29425,0,0.02386,-0.12412,-0.48342,-0.15691,-0.64116,-0.43036,-0.059907,-0.3483,-0.28367,-0.69574,-0.48134,-0.68427,-0.40024,0.030896,-0.32506,-0.1474,-0.50378,-0.044368,-0.15559,-0.040127,0.13277,-0.50439,-0.1603,-0.49543,-0.24318,-0.23618,-0.23564,-0.13069,-0.23706,-0.42277,-0.42152,0.0093211,-0.24693,-0.17311,-0.2613,-0.21102,0.24698,-0.12137,-0.092569,-0.13421,-0.35374,-0.31922,-0.16725,-0.07595,-0.12686,-0.068385,-0.1599,-0.20043,-0.15836,-0.10721,-0.31733,-0.35981,-0.17577,-0.44386,-0.17444,-0.32654,-0.056655,-0.228,-0.18834,-0.34219,-0.65919,-0.79071,-0.16306,-0.34335,-0.46982,-0.29175
-0.43308,-0.20215,0.35261,0.43497,-0.08321,-0.36403,-0.43061,-0.30058,-0.056612,0.24326,0.12792,0.0054984,-0.12304,0.03469,0.044811,0.014667,0.041617,-0.1442,0.14639,-0.23873,-0.3077,-0.58108,-0.38585,-0.44224,-0.17193,0.28554,-0.42066,-0.45098,-0.38806,-0.19876,-0.53913,-0.24387,-0.29386,-0.2782,-0.41285,-0.31727,-0.16395,0.075626,0.02386,0,-0.37569,-0.24621,-0.49009,-0.45013,-0.3827,0.20175,-0.35624,-0.31852,-0.58808,-0.24552,-0.40615,-0.20483,0.12163,-0.03827,0.24874,-0.66922,-0.29205,-0.35577,-0.26933,0.13015,-0.12933,-0.20529,-0.36374,-0.123,-0.17435,-0.31486,-0.098134,-0.20749,-0.26734,-0.22957,-0.13217,-0.38843,-0.2429,-0.4108,-0.25873,0.10026,0.20228,0.14334,0.10007,-0.13992,-0.16266,0.24031,0.34714,0.17738,0.19966,0.16867,0.064482,-0.31123,-0.30316,-0.36075,-0.28502,0.0042988,-0.14102,-0.24402,-0.0017662,0.1997,0.0012092,0.046049,-0.096501,-0.60751,-0.57642,-0.11861,0.011863,-0.24224,0.0019756
0.062682,-0.57643,-0.30078,-0.3091,-0.12031,-0.68089,0.26673,-0.50215,-0.056869,-0.24485,-0.31334,-0.60769,-0.60527,-0.66861,-0.204,-0.40351,-0.36582,-0.29907,-0.51644,-0.010283,-0.20588,-0.32335,-0.19035,-0.26519,-0.056213,-0.28864,-0.69314,-0.84781,-0.31136,-0.49306,-0.5505,-0.62548,-0.54275,-0.63715,-0.43236,-0.84919,-0.71466,-0.64208,-0.12412,-0.37569,0,-0.36911,0.1322,-0.37931,-0.54622,-0.47104,-0.17669,-0.080348,-0.32678,-0.45058,-0.53748,-0.27443,-0.091198,-0.28366,-0.3713,-0.1224,0.22741,-0.071737,-0.0062554,-0.12054,-0.59688,-0.12719,-0.44915,-0.20496,-0.17555,-0.065748,-0.16978,-0.56883,-0.71966,-0.55294,-0.12656,-0.16055,-0.15873,-0.25936,-0.18669,-0.081539,-0.34361,-0.31441,-0.39746,-0.44158,-0.39149,-0.32015,-0.29791,-0.28612,-0.3007,-0.41445,-0.45212,-0.047763,0.10242,-0.34715,-0.37238,-0.18736,-0.4943,0.030234,-0.4377,-0.25056,-0.34262,-0.33449,-0.43068,-0.27117,-0.57189,-0.12348,-0.37886,-0.32854,-0.29755
-0.50239,-0.23764,-0.15339,-0.18259,-0.21262,-0.04502,-0.40295,0.3181,-0.56529,-0.17273,-0.26255,-0.12418,-0.047058,-0.073827,-0.04235,0.1086,0.067866,0.098981,-0.18328,-0.29453,0.2297,0.089651,0.096382,0.15672,-0.25448,-0.18936,0.072203,-0.19804,-0.1072,-0.38592,-0.2678,0.049186,0.051661,0.028739,-0.64678,-0.40892,-0.29164,-0.2852,-0.48342,-0.24621,-0.36911,0,-0.48557,0.031539,-0.1825,-0.31091,-0.10905,-0.16168,0.01919,-0.071132,-0.10455,0.3221,-0.27952,-0.013306,-0.24079,-0.32685,-0.47114,-0.47353,-0.4806,-0.26589,0.1511,-0.065577,0.10338,0.051842,0.071337,-0.14317,-0.14694,-0.51166,-0.43362,0.014548,-0.29946,-0.2665,-0.32511,-0.55323,-0.29376,-0.41859,-0.32142,-0.17678,-0.19295,-0.16203,-0.27171,0.00047605,-0.16099,-0.076326,-0.15795,-0.12049,-0.16114,-0.35421,-0.41206,-0.31946,-0.21893,0.010473,0.01282,-0.27376,-0.11991,-0.17676,-0.12277,0.04801,-0.18025,-0.029154,-0.057246,-0.021541,0.22479,0.21751,0.16195
