,,,,,,,,,,,,,,,,,,,,,,,,,,,,,,,,,,,,,,,,,,,,,,,,,,,,,,,,,,,,,,,,,,,,,,,,,,,,,,,,,,,,,,,,,,,,,,,,,,,,,,,,
0,-0.30164,0.27457,0.25591,0.12578,-0.34501,0.33946,-0.17107,0.28005,0.20533,0.11983,-0.065236,-0.20093,-0.091563,0.2991,0.03661,0.17604,0.016933,0.0071801,0.29889,0.055936,-0.18845,0.049015,0.02303,0.21237,0.18105,-0.32602,-0.44022,-0.1437,-0.26687,-0.40839,-0.23147,-0.12647,-0.23287,-0.40557,-0.65495,-0.55754,-0.1229,0.22509,0.24681,0.22353,-0.0024257,0.254,-0.20468,-0.33075,0.067129,0.1425,0.29303,-0.096497,-0.0161,-0.38353,0.16078,0.27625,0.1328,0.11537,0.20589,0.42792,0.11306,0.40145,0.30175,-0.12966,0.22488,-0.090368,0.16503,0.10879,0.15353,0.26604,-0.11741,-0.39177,-0.17814,0.14141,-0.093294,-0.000262,-0.21936,-0.027643,0.21375,0.088225,0.22309,0.20345,0.084872,0.036993,0.22167,0.26033,0.30051,0.23583,0.2217,0.1862,0.20174,0.18367,-0.36004,-0.34517,0.18926,-0.095717,0.10798,0.0036945,0.21334,0.099129,0.20051,-0.05057,-0.10073,-0.31208,0.2754,0.070709,0.097736,0.14023
-0.30164,0,-0.2466,-0.25191,-0.23655,0.61871,-0.41999,0.22273,-0.37074,-0.251,-0.22019,-0.12956,0.0017163,-0.053093,-0.25591,-0.061197,-0.15755,-0.0040802,-0.17532,-0.28253,-0.14013,0.20628,-0.12799,-0.031184,-0.25066,-0.18394,0.1837,0.040661,-0.16728,0.21037,0.0089022,0.070656,-0.16386,0.2033,-0.16561,0.1076,-0.094436,-0.060797,-0.4958,-0.24454,-0.36303,-0.031803,-0.42641,0.18885,0.15156,-0.28314,-0.19847,-0.19381,0.018476,-0.087436,0.056737,-0.17319,-0.26054,-0.14841,-0.1953,-0.49754,-0.30656,-0.20111,-0.30011,-0.23105,0.1383,-0.26629,-0.11163,-0.19631,-0.14288,-0.14664,-0.19239,-0.35419,-0.064297,0.056378,-0.141,0.1493,0.032274,-0.02598,-0.031976,-0.31749,-0.22163,-0.34383,-0.3729,-0.38814,-0.37801,-0.19899,-0.26629,-0.29177,-0.34126,-0.32195,-0.30046,-0.26546,-0.3296,0.062834,-0.022379,-0.1781,-0.0052989,-0.18119,-0.094533,-0.25685,-0.24787,-0.27404,-0.12641,-0.0019135,0.081816,-0.23988,-0.06528,-0.10608,-0.10763
0.27457,-0.2466,0,0.97445,0.26998,-0.27065,0.20239,-0.13337,0.30445,0.6057,0.25014,0.031067,-0.21634,-0.096023,0.41553,0.077359,0.37664,0.11888,-0.018797,0.27128,0.036486,-0.16318,0.03225,0.091257,0.14315,0.51261,-0.30857,-0.52957,-0.20996,-0.15313,-0.49174,-0.23469,-0.10288,-0.13142,-0.51014,-0.55754,-0.62157,0.0031911,0.18741,0.37893,0.25509,0.038859,0.071065,-0.21293,-0.32692,0.059463,0.028076,0.13891,0.035815,0.10807,-0.29547,0.30469,0.68783,0.35506,0.31384,0.083685,0.32777,-0.0018546,0.14793,0.40528,-0.063849,0.33257,-0.053381,0.20189,0.14134,0.10236,0.19556,-0.18799,-0.54461,-0.17121,0.12409,-0.035058,-0.033483,-0.16598,-0.019126,0.33177,0.22082,0.39118,0.33001,0.16462,0.096797,0.36716,0.80918,0.58327,0.40917,0.35365,0.34955,0.11509,0.16132,-0.51756,-0.55386,0.49869,0.026942,0.28532,0.1561,0.56493,0.26707,0.21069,0.019859,-0.10046,-0.31362,0.47699,0.16989,0.24455,0.20996
0.25591,-0.25191,0.97445,0,0.27649,-0.27449,0.20101,-0.13917,0.30925,0.68186,0.25282,0.037605,-0.22012,-0.099785,0.40351,0.070346,0.36195,0.11154,-0.021661,0.26474,0.03051,-0.16906,0.026,0.08458,0.13566,0.50531,-0.31315,-0.53631,-0.21203,-0.15118,-0.49501,-0.23901,-0.098967,-0.13124,-0.49424,-0.55509,-0.58874,0.0085107,0.19459,0.37422,0.26044,0.032995,0.066022,-0.22128,-0.33176,0.061518,0.017498,0.12171,0.038762,0.10938,-0.29296,0.2991,0.68006,0.34826,0.3207,0.083352,0.31187,-0.013168,0.13405,0.38488,-0.067656,0.33604,-0.051341,0.19597,0.13471,0.090394,0.17931,-0.18524,-0.54679,-0.17531,0.11337,-0.041079,-0.046528,-0.16504,-0.027254,0.3419,0.22727,0.41935,0.35482,0.17899,0.10785,0.35423,0.97186,0.59949,0.43987,0.37143,0.37169,0.10561,0.15937,-0.54485,-0.58347,0.48114,0.028965,0.28894,0.15935,0.60646,0.28229,0.20937,0.020754,-0.10532,-0.31684,0.4636,0.16129,0.23798,0.19591
0.12578,-0.23655,0.26998,0.27649,0,-0.23961,0.067491,-0.20014,0.2935,0.33422,0.82302,-0.076119,-0.37237,-0.23675,0.11962,-0.060923,0.14035,0.060564,-0.16778,0.055406,-0.11651,-0.24261,-0.119,-0.02948,-0.030551,0.27522,-0.40949,-0.7735,-0.37134,-0.15134,-0.83953,-0.37369,-0.22694,-0.16023,-0.35557,-0.37975,-0.44526,0.12121,0.096644,0.10396,0.33801,-0.088228,-0.023189,-0.30302,-0.44561,-0.086467,-0.10737,0.0012629,0.017754,0.25626,-0.16022,0.081044,0.34219,0.30746,0.55972,-0.013509,0.25718,0.023745,0.097854,0.11547,-0.13219,0.088946,-0.18143,0.0063852,-0.029383,-0.053408,0.014384,-0.27455,-0.93312,-0.29784,-0.039857,-0.065934,-0.083532,-0.027719,0.066243,0.44526,0.75613,0.29068,0.21084,0.27022,0.23728,0.10239,0.28267,0.2081,0.21832,0.13171,0.13166,0.18326,0.29312,-0.47955,-0.4664,0.27066,0.11178,0.52878,0.26124,0.39121,0.61883,0.016253,0.20728,-0.23098,-0.46625,0.14319,0.037358,0.085734,0.043578
-0.34501,0.61871,-0.27065,-0.27449,-0.23961,0,-0.482,0.15703,-0.39025,-0.26788,-0.22355,-0.14374,-0.025968,-0.087536,-0.29106,-0.099217,-0.18527,-0.031906,-0.2117,-0.32568,-0.18032,0.1439,-0.16819,-0.067173,-0.29678,-0.20384,0.15758,0.045274,-0.18942,0.21693,0.010607,0.039212,-0.1792,0.18782,-0.13398,0.15523,-0.063434,-0.0424,-0.54623,-0.27798,-0.3738,-0.070258,-0.50281,0.12955,0.12919,-0.31923,-0.2449,-0.2379,0.0094174,-0.085351,0.10888,-0.20346,-0.28158,-0.16442,-0.20185,-0.59222,-0.33487,-0.22151,-0.33756,-0.26649,0.094351,-0.29988,-0.13493,-0.23346,-0.18011,-0.19019,-0.23515,-0.36188,-0.057876,0.019497,-0.18264,0.10397,-0.012417,0.0047985,-0.040546,-0.32769,-0.22063,-0.35991,-0.39146,-0.37417,-0.35333,-0.23135,-0.28852,-0.32027,-0.36392,-0.35126,-0.32573,-0.28142,-0.33598,0.064506,-0.014996,-0.19908,0.00061527,-0.18806,-0.096753,-0.27245,-0.24745,-0.31404,-0.11331,-0.041214,0.063626,-0.27184,-0.097206,-0.13347,-0.14286
0.33946,-0.41999,0.20239,0.20101,0.067491,-0.482,0,-0.23065,0.26306,0.16662,0.051094,-0.024131,-0.18381,-0.080376,0.27584,-0.00087138,0.10768,-0.064067,0.04875,0.34402,0.058833,-0.23877,0.04664,-0.027658,0.24302,0.1072,-0.34595,-0.39697,-0.085581,-0.31239,-0.35147,-0.23072,-0.05271,-0.27366,-0.31517,-0.87777,-0.39339,-0.16522,0.47211,0.24408,0.19951,-0.035783,0.37075,-0.25736,-0.34147,0.1698,0.11694,0.15716,-0.1347,-0.085036,-0.48886,0.13013,0.19636,0.048792,0.051909,0.44797,0.24749,0.0048397,0.20834,0.23919,-0.17914,0.26704,-0.04588,0.16565,0.091389,0.1007,0.17987,-0.018087,-0.31721,-0.18367,0.097863,-0.17624,-0.10614,-0.29397,-0.13882,0.17601,0.034743,0.24861,0.28629,0.12072,0.062333,0.17657,0.21549,0.28873,0.2943,0.31352,0.25797,0.084342,0.1211,-0.41758,-0.36961,0.10452,-0.15945,0.037378,-0.057779,0.1635,0.067809,0.27613,-0.11545,-0.1089,-0.29679,0.23677,0.007183,0.042618,0.063214
-0.17107,0.22273,-0.13337,-0.13917,-0.20014,0.15703,-0.23065,0,-0.2637,-0.15186,-0.19075,0.0032294,0.12617,0.12743,-0.10745,0.13197,-0.029945,0.10271,-0.0082987,-0.11799,0.038635,0.61798,0.05306,0.15311,-0.080353,-0.086994,0.20101,-0.011608,-0.070535,0.16839,-0.021552,0.19594,-0.038138,0.26424,-0.29722,-0.061553,-0.2002,-0.1054,-0.2874,-0.094301,-0.28259,0.1781,-0.24553,0.35053,0.16577,-0.11053,-0.048812,-0.059557,0.082876,-0.09423,-0.11929,-0.026886,-0.15965,-0.074948,-0.14746,-0.27072,-0.20765,-0.19176,-0.20664,-0.085896,0.43434,-0.11087,0.041879,-0.030666,0.030039,0.019011,-0.038149,-0.26014,-0.10175,0.24684,0.029542,0.26312,0.11987,-0.16638,-0.07657,-0.2408,-0.20099,-0.22787,-0.23481,-0.32947,-0.37217,-0.054152,-0.15259,-0.15774,-0.20563,-0.16828,-0.1539,-0.23871,-0.29576,-0.039636,-0.11897,-0.081571,-0.028555,-0.13972,-0.07377,-0.16518,-0.20659,-0.1037,-0.18692,0.20825,0.12791,-0.099193,0.085437,0.028697,0.043707
0.28005,-0.37074,0.30445,0.30925,0.2935,-0.39025,0.26306,-0.2637,0,0.3132,0.26433,-0.073723,-0.32317,-0.19528,0.2056,-0.058966,0.12357,-0.022968,-0.091218,0.16574,-0.0608,-0.29635,-0.067894,-0.054856,0.065831,0.20165,-0.49006,-0.72172,-0.23723,-0.26539,-0.61512,-0.36456,-0.16641,-0.25747,-0.325,-0.58106,-0.43964,-0.032724,0.31284,0.17472,0.67473,-0.09315,0.13505,-0.34181,-0.51002,0.0076717,-0.020186,0.071527,-0.082784,0.053667,-0.28164,0.097033,0.37484,0.16262,0.22886,0.15409,0.45533,0.051117,0.21999,0.18323,-0.19482,0.17225,-0.14659,0.061739,0.0049957,-0.0013041,0.079464,-0.14164,-0.51094,-0.29305,0.0034384,-0.14952,-0.11126,-0.14015,-0.032556,0.56307,0.24213,0.48671,0.39068,0.32745,0.24284,0.13823,0.33807,0.32748,0.38141,0.25002,0.22029,0.21793,0.36683,-0.51891,-0.44064,0.19736,-0.04276,0.20763,0.06765,0.3522,0.27928,0.11153,0.041712,-0.21071,-0.46972,0.2071,0.0028526,0.05021,0.038777
0.20533,-0.251,0.6057,0.68186,0.33422,-0.26788,0.16662,-0.15186,0.3132,0,0.29918,0.031967,-0.2458,-0.12538,0.31429,0.042085,0.31011,0.1047,-0.051208,0.20769,-0.0030233,-0.18401,-0.0071889,0.062704,0.090768,0.49843,-0.3293,-0.57667,-0.2403,-0.1395,-0.5311,-0.26144,-0.11298,-0.12867,-0.45824,-0.5067,-0.5369,0.039551,0.18034,0.2993,0.28028,0.0087815,0.037213,-0.24305,-0.35053,0.03512,-0.021958,0.075807,0.052095,0.14085,-0.2623,0.25102,0.62787,0.36728,0.38821,0.059157,0.28143,-0.027287,0.10478,0.29762,-0.076841,0.27878,-0.066817,0.15049,0.097495,0.048712,0.12633,-0.20151,-0.59961,-0.1962,0.072498,-0.045012,-0.068554,-0.13874,-0.022232,0.38335,0.28031,0.44882,0.36283,0.21643,0.14249,0.28385,0.69446,0.47167,0.42889,0.32936,0.34013,0.099853,0.17001,-0.59269,-0.64032,0.46033,0.054553,0.34667,0.1955,0.80556,0.36045,0.16386,0.048435,-0.12924,-0.33797,0.36212,0.13685,0.21266,0.15567
0.11983,-0.22019,0.25014,0.25282,0.82302,-0.22355,0.051094,-0.19075,0.26433,0.29918,0,-0.089137,-0.37561,-0.24158,0.10559,-0.062083,0.13463,0.069837,-0.17778,0.041885,-0.12237,-0.2338,-0.12409,-0.028564,-0.039727,0.26454,-0.39793,-0.71901,-0.38871,-0.14673,-0.82119,-0.37155,-0.2442,-0.15513,-0.35885,-0.36225,-0.45035,0.13057,0.074356,0.089493,0.30601,-0.088837,-0.032845,-0.28981,-0.43381,-0.10223,-0.10897,0.003515,0.018844,0.28296,-0.14745,0.071477,0.31596,0.31326,0.54679,-0.028255,0.25017,0.039354,0.10111,0.10472,-0.12669,0.071836,-0.19391,-0.0031823,-0.035624,-0.054829,0.011625,-0.2942,-0.98116,-0.29737,-0.042877,-0.054862,-0.067782,-0.012853,0.093986,0.39156,0.7518,0.25079,0.17772,0.23342,0.21084,0.092561,0.2557,0.18529,0.18688,0.10836,0.10787,0.199,0.29235,-0.44282,-0.43625,0.26406,0.12512,0.54211,0.27481,0.35041,0.51123,0.0020725,0.23542,-0.23224,-0.46289,0.12872,0.038532,0.08287,0.044034
-0.065236,-0.12956,0.031067,0.037605,-0.076119,-0.14374,-0.024131,0.0032294,-0.073723,0.031967,-0.089137,0,0.017813,0.11565,0.082363,0.15665,0.1024,0.041258,0.12995,0.074862,0.12766,-0.0040007,0.12632,0.14358,0.071333,0.045907,-0.06296,-0.17095,-0.036416,0.010989,-0.15019,-0.0004298,0.20937,0.056566,-0.33338,-0.26445,-0.24696,-0.074185,-0.025941,0.11579,-0.098702,0.162,-0.098031,-0.066384,-0.072972,0.16054,-0.030404,-0.049148,0.11294,-0.077874,-0.28723,0.16356,-0.003721,0.0094881,-0.032971,-0.056731,-0.089676,-0.29459,-0.157,0.075928,0.082522,0.13023,0.30493,0.1623,0.17351,0.048268,0.035194,-0.095914,-0.19682,0.051303,0.090797,-0.017908,-0.12548,-0.30009,-0.24183,-0.065972,-0.086049,-0.0029026,0.021938,-0.07362,-0.11949,0.11823,0.032076,0.045144,0.034923,0.093438,0.12201,-0.2161,-0.17189,-0.32087,-0.3883,0.036354,-0.052103,-0.044758,-0.022521,0.0059495,-0.045132,0.13141,-0.19366,0.091012,-0.044131,0.087468,0.12269,0.14245,0.092779
-0.20093,0.0017163,-0.21634,-0.22012,-0.37237,-0.025968,-0.18381,0.12617,-0.32317,-0.2458,-0.37561,0.017813,0,0.33186,-0.13771,0.048977,-0.12912,-0.10318,0.13681,-0.10786,0.096776,0.18552,0.10397,0.0083429,-0.035135,-0.20689,0.2492,0.12564,0.21131,-0.025606,0.15213,0.53172,0.15177,0.033245,-0.16706,-0.076278,-0.086832,-0.30571,-0.23165,-0.12208,-0.36998,0.080847,-0.15703,0.2202,0.26554,-0.00086255,0.011095,-0.085534,-0.10195,-0.31338,-0.24491,-0.088422,-0.25396,-0.22937,-0.31144,-0.16241,-0.28383,-0.27845,-0.24459,-0.12927,0.075042,-0.12007,0.16621,-0.035741,0.0090818,0.0088404,-0.061821,-0.026942,0.076758,0.44544,0.0081604,-0.039265,-0.047381,-0.38242,-0.29172,-0.3467,-0.39317,-0.27973,-0.25217,-0.39788,-0.48085,-0.10911,-0.22835,-0.20225,-0.23443,-0.17117,-0.16444,-0.36624,-0.43295,-0.0037976,-0.053843,-0.20529,-0.24443,-0.31502,-0.27022,-0.2679,-0.36027,-0.071471,-0.46737,0.31529,0.36086,-0.14659,-0.054332,-0.0903,-0.059916
-0.091563,-0.053093,-0.096023,-0.099785,-0.23675,-0.087536,-0.080376,0.12743,-0.19528,-0.12538,-0.24158,0.11565,0.33186,0,-0.01547,0.20101,-0.010904,-0.018885,0.31741,0.013398,0.29044,0.16108,0.3036,0.12964,0.092743,-0.091734,0.098981,-0.019218,0.16341,-0.039951,0.0022697,0.25718,0.20792,0.029515,-0.27939,-0.18791,-0.19831,-0.2557,-0.12964,0.001572,-0.23244,0.23468,-0.076994,0.14621,0.098658,0.11397,0.11461,0.017569,-0.042977,-0.22682,-0.33864,0.037826,-0.13145,-0.12029,-0.19151,-0.079417,-0.16382,-0.22221,-0.14973,-0.0061379,0.1231,0.0018841,0.30598,0.10412,0.16291,0.14638,0.062516,-0.039074,-0.049389,0.36262,0.15462,0.0016486,-0.0029792,-0.43855,-0.24832,-0.21166,-0.25673,-0.15748,-0.1366,-0.26489,-0.32915,0.016026,-0.10753,-0.082493,-0.11694,-0.056039,-0.049589,-0.25553,-0.28539,-0.11255,-0.16004,-0.090509,-0.19177,-0.19664,-0.18043,-0.14513,-0.22913,0.053611,-0.36671,0.54953,0.14204,-0.024599,0.059651,0.024699,0.062848
0.2991,-0.25591,0.41553,0.40351,0.11962,-0.29106,0.27584,-0.10745,0.2056,0.31429,0.10559,0.082363,-0.13771,-0.01547,0,0.14889,0.37425,0.09078,0.084839,0.53402,0.14444,-0.12663,0.13624,0.13343,0.30363,0.30366,-0.25111,-0.39809,-0.11882,-0.16667,-0.36362,-0.16483,-0.026545,-0.12976,-0.51612,-0.63882,-0.56028,-0.078613,0.20996,0.79381,0.1516,0.10183,0.13156,-0.16694,-0.26089,0.17454,0.12161,0.21213,0.0061115,0.0077424,-0.40191,0.42359,0.32803,0.20165,0.1482,0.14748,0.23427,-0.031173,0.13614,0.77026,-0.043943,0.61067,0.023569,0.3825,0.26395,0.20946,0.3303,-0.11998,-0.3912,-0.10593,0.23945,-0.044417,-0.025361,-0.25791,-0.085466,0.1844,0.085033,0.2676,0.27596,0.08307,0.019073,0.56251,0.39318,0.50537,0.34284,0.44488,0.42227,0.049742,0.073293,-0.45194,-0.48518,0.29992,-0.048288,0.13153,0.053934,0.28238,0.12274,0.41703,-0.076046,-0.029215,-0.23744,0.78789,0.19391,0.25659,0.26777
0.03661,-0.061197,0.077359,0.070346,-0.060923,-0.099217,-0.00087138,0.13197,-0.058966,0.042085,-0.062083,0.15665,0.048977,0.20101,0.14889,0,0.22141,0.20186,0.18284,0.1408,0.32836,0.11238,0.35073,0.54494,0.18022,0.10309,-0.034661,-0.18124,-0.040516,-0.011561,-0.16995,0.042344,0.049751,0.053063,-0.54874,-0.29361,-0.39647,-0.11203,-0.052978,0.1703,-0.088101,0.69746,-0.042586,0.054229,-0.047532,0.10553,0.1351,0.1435,0.09761,-0.050835,-0.31722,0.27086,0.036548,0.075257,-0.012152,-0.049872,-0.017681,-0.12139,-0.039301,0.17713,0.20875,0.14744,0.16742,0.29497,0.44753,0.31644,0.23739,-0.16607,-0.2307,0.12121,0.39356,0.13381,0.10013,-0.28467,-0.099594,-0.056908,-0.077886,-0.020872,-0.017896,-0.13408,-0.18538,0.22694,0.056528,0.068613,0.012838,0.065433,0.077103,-0.11,-0.1293,-0.23013,-0.29853,0.10759,-0.041196,-0.014195,-0.0041715,0.021935,-0.061518,0.16084,-0.16859,0.22777,-0.038167,0.15297,0.38282,0.29418,0.37932
0.17604,-0.15755,0.37664,0.36195,0.14035,-0.18527,0.10768,-0.029945,0.12357,0.31011,0.13463,0.1024,-0.12912,-0.010904,0.37425,0.22141,0,0.25194,0.038382,0.2527,0.11976,-0.060049,0.12002,0.25423,0.17095,0.45821,-0.19691,-0.3734,-0.16987,-0.074174,-0.35812,-0.13697,-0.055236,-0.04034,-0.75807,-0.43549,-0.63717,-0.0038918,0.073005,0.3908,0.093058,0.17195,0.011331,-0.11351,-0.21358,0.076193,0.060396,0.16253,0.12146,0.093774,-0.29177,0.5462,0.29621,0.34584,0.20763,0.015261,0.16303,-0.047078,0.069137,0.42671,0.047025,0.3187,0.019986,0.30316,0.27269,0.18805,0.26103,-0.21311,-0.4361,-0.074533,0.23309,0.062113,0.033598,-0.18999,-0.02363,0.14347,0.11372,0.18022,0.16218,0.037431,-0.015317,0.53961,0.32774,0.30896,0.21093,0.2411,0.25935,0.026486,0.037072,-0.40218,-0.48995,0.46595,0.050776,0.19777,0.15639,0.27572,0.13934,0.22294,-0.027608,-0.0052136,-0.20757,0.4409,0.38656,0.54432,0.43269
0.016933,-0.0040802,0.11888,0.11154,0.060564,-0.031906,-0.064067,0.10271,-0.022968,0.1047,0.069837,0.041258,-0.10318,-0.018885,0.09078,0.20186,0.25194,0,-0.043684,0.03686,0.040095,0.052254,0.048853,0.31267,0.011407,0.20778,-0.099385,-0.2669,-0.22258,0.059566,-0.27577,-0.0811,-0.11526,0.091692,-0.62442,-0.24553,-0.46581,0.05984,-0.093288,0.098428,-0.032618,0.19011,-0.12804,-0.014543,-0.12137,-0.06266,-0.026071,0.057856,0.26489,0.15415,-0.15909,0.1872,0.095661,0.24834,0.12816,-0.13947,0.020795,-0.068448,-0.033828,0.11951,0.19518,0.066393,-0.023003,0.10016,0.13423,0.09151,0.098472,-0.35784,-0.37105,-0.025235,0.12042,0.29595,0.13306,-0.098148,0.065186,0.011516,0.055506,0.0076982,-0.015882,-0.076287,-0.10722,0.16023,0.093535,0.065416,0.014066,0.022047,0.037205,-0.033745,-0.051147,-0.25492,-0.33562,0.21914,0.17269,0.13897,0.20648,0.093909,0.049333,0.02363,0.007183,0.017778,-0.13925,0.11726,0.39527,0.33722,0.28232
0.0071801,-0.17532,-0.018797,-0.021661,-0.16778,-0.2117,0.04875,-0.0082987,-0.091218,-0.051208,-0.17778,0.12995,0.13681,0.31741,0.084839,0.18284,0.038382,-0.043684,0,0.1417,0.44282,0.0093733,0.41617,0.099717,0.2595,-0.039407,-0.041232,-0.11113,0.17357,-0.13866,-0.082773,0.074121,0.23439,-0.078263,-0.30115,-0.30852,-0.25093,-0.27692,-0.005193,0.10106,-0.1285,0.17566,0.049006,-0.00048868,-0.037172,0.3205,0.22312,0.092269,-0.084456,-0.22245,-0.52934,0.10433,-0.052869,-0.08443,-0.13959,0.056425,-0.072384,-0.17225,-0.062048,0.08561,0.010504,0.11186,0.28447,0.21905,0.24254,0.22585,0.15513,0.035412,-0.10582,0.12584,0.23215,-0.074483,-0.046119,-0.58845,-0.26916,-0.11945,-0.19252,-0.060028,-0.032388,-0.15876,-0.21361,0.094825,-0.025494,0.012497,-0.015941,0.05276,0.052233,-0.17481,-0.18226,-0.20024,-0.22627,-0.039992,-0.22475,-0.14934,-0.17187,-0.069987,-0.15892,0.20021,-0.34397,0.22415,0.0046307,0.064786,0.05964,0.047178,0.091807
0.29889,-0.28253,0.27128,0.26474,0.055406,-0.32568,0.34402,-0.11799,0.16574,0.20769,0.041885,0.074862,-0.10786,0.013398,0.53402,0.1408,0.2527,0.03686,0.1417,0,0.19126,-0.12836,0.17769,0.10553,0.44258,0.18973,-0.23736,-0.34651,-0.065251,-0.19857,-0.31079,-0.1422,0.0063411,-0.15756,-0.44443,-0.67173,-0.48,-0.13828,0.23259,0.5077,0.11311,0.096052,0.19803,-0.15889,-0.24106,0.25217,0.18084,0.23463,-0.041829,-0.055124,-0.4994,0.32188,0.22206,0.11262,0.07206,0.21646,0.18956,-0.038397,0.13603,0.48279,-0.064014,0.53066,0.04845,0.41311,0.27605,0.24496,0.35862,-0.066743,-0.32321,-0.087721,0.2661,-0.075439,-0.037879,-0.31805,-0.12648,0.12704,0.023383,0.20466,0.23033,0.048259,-0.011917,0.39162,0.2643,0.35476,0.27466,0.38585,0.34982,0.025102,0.041479,-0.40417,-0.41778,0.1877,-0.10714,0.058933,-0.012821,0.18561,0.058344,0.5755,-0.12943,-0.0082251,-0.21137,0.43834,0.14132,0.18037,0.21508
0.055936,-0.14013,0.036486,0.03051,-0.11651,-0.18032,0.058833,0.038635,-0.0608,-0.0030233,-0.12237,0.12766,0.096776,0.29044,0.14444,0.32836,0.11976,0.040095,0.44282,0.19126,0,0.0453,1,0.20857,0.32032,0.025453,-0.049204,-0.15131,0.075946,-0.10838,-0.12919,0.05684,0.13028,-0.047152,-0.39886,-0.33267,-0.33152,-0.22038,-0.0062793,0.16124,-0.097018,0.29969,0.045159,0.023483,-0.051179,0.24146,0.27619,0.17472,-0.031443,-0.15326,-0.47019,0.1882,-0.001204,-0.016271,-0.082987,0.038194,-0.026127,-0.12384,-0.020224,0.1581,0.068406,0.15769,0.22488,0.32394,0.40828,0.39769,0.26592,-0.048362,-0.16443,0.12443,0.42524,-0.0017398,0.031579,-0.43631,-0.18409,-0.081239,-0.13999,-0.03134,-0.01388,-0.14444,-0.20009,0.17531,0.022936,0.056157,0.010869,0.0776,0.078536,-0.12506,-0.14346,-0.21481,-0.25546,0.027693,-0.15833,-0.089225,-0.10756,-0.021817,-0.11513,0.23507,-0.26414,0.25023,-0.02323,0.12744,0.16011,0.13454,0.20672
-0.18845,0.20628,-0.16318,-0.16906,-0.24261,0.1439,-0.23877,0.61798,-0.29635,-0.18401,-0.2338,-0.0040007,0.18552,0.16108,-0.12663,0.11238,-0.060049,0.052254,0.0093733,-0.12836,0.0453,0,0.059301,0.11802,-0.081816,-0.12122,0.26969,0.030245,-0.029868,0.13908,0.023006,0.27596,-0.015664,0.21849,-0.26265,-0.046981,-0.17055,-0.14716,-0.30047,-0.11292,-0.32039,0.15873,-0.24082,0.45954,0.23236,-0.10272,-0.042006,-0.070232,0.038738,-0.13874,-0.13334,-0.049745,-0.19174,-0.11403,-0.18825,-0.26594,-0.23659,-0.20946,-0.22455,-0.10617,0.33327,-0.12639,0.058562,-0.041664,0.019038,0.013191,-0.050552,-0.22047,-0.060685,0.32644,0.020798,0.19197,0.094192,-0.19475,-0.11124,-0.27864,-0.24525,-0.25835,-0.2603,-0.37467,-0.42854,-0.076378,-0.18219,-0.18227,-0.23061,-0.18641,-0.17288,-0.27052,-0.33779,-0.011178,-0.091316,-0.11613,-0.072831,-0.18051,-0.11711,-0.19917,-0.24832,-0.11075,-0.23158,0.25055,0.19106,-0.12122,0.048818,-0.0046837,0.01529
0.049015,-0.12799,0.03225,0.026,-0.119,-0.16819,0.04664,0.05306,-0.067894,-0.0071889,-0.12409,0.12632,0.10397,0.3036,0.13624,0.35073,0.12002,0.048853,0.41617,0.17769,1,0.059301,0,0.22329,0.29768,0.024455,-0.039942,-0.1464,0.071503,-0.09902,-0.1255,0.066069,0.12454,-0.036642,-0.40449,-0.32183,-0.3317,-0.21602,-0.01769,0.15287,-0.10361,0.32368,0.033395,0.036192,-0.042698,0.21988,0.26822,0.17245,-0.024717,-0.14978,-0.45006,0.18567,-0.0054255,-0.015181,-0.083991,0.024864,-0.031352,-0.12421,-0.025088,0.15156,0.082569,0.1472,0.22353,0.31158,0.40793,0.40045,0.26071,-0.058053,-0.16326,0.1366,0.42924,0.010177,0.042397,-0.42377,-0.17771,-0.086682,-0.14192,-0.038488,-0.022459,-0.15204,-0.20792,0.17092,0.01786,0.049051,0.0027348,0.067729,0.069431,-0.12791,-0.1487,-0.20768,-0.2507,0.027119,-0.15227,-0.089661,-0.10463,-0.025829,-0.11836,0.21793,-0.26163,0.26875,-0.0162,0.12102,0.16901,0.13877,0.21349
0.02303,-0.031184,0.091257,0.08458,-0.02948,-0.067173,-0.027658,0.15311,-0.054856,0.062704,-0.028564,0.14358,0.0083429,0.12964,0.13343,0.54494,0.25423,0.31267,0.099717,0.10553,0.20857,0.11802,0.22329,0,0.11582,0.13905,-0.041715,-0.20089,-0.095596,0.032497,-0.19486,0.01507,0.0043981,0.092923,-0.61059,-0.27303,-0.41787,-0.058589,-0.071786,0.1533,-0.078536,0.51603,-0.07987,0.045962,-0.058609,0.048574,0.070573,0.10817,0.17257,0.00388,-0.25963,0.27063,0.052698,0.12317,0.026003,-0.08655,-0.013957,-0.11881,-0.049327,0.16359,0.26162,0.12636,0.11615,0.23068,0.32712,0.22647,0.1867,-0.22292,-0.26736,0.088504,0.2837,0.20766,0.11434,-0.22292,-0.057935,-0.041544,-0.042801,-0.014752,-0.019226,-0.12155,-0.16755,0.21941,0.068616,0.068009,0.012314,0.053228,0.068701,-0.09889,-0.11587,-0.23952,-0.31862,0.14446,0.020975,0.026954,0.053228,0.042951,-0.03076,0.11447,-0.1199,0.16659,-0.058471,0.14793,0.53402,0.37104,0.40316
0.21237,-0.25066,0.14315,0.13566,-0.030551,-0.29678,0.24302,-0.080353,0.065831,0.090768,-0.039727,0.071333,-0.035135,0.092743,0.30363,0.18022,0.17095,0.011407,0.2595,0.44258,0.32032,-0.081816,0.29768,0.11582,0,0.09315,-0.17344,-0.25723,0.010913,-0.20207,-0.22854,-0.075386,0.052348,-0.14685,-0.40905,-0.51644,-0.40899,-0.20278,0.14025,0.3041,0.022044,0.13678,0.19909,-0.098363,-0.17359,0.31255,0.32147,0.27908,-0.074279,-0.11968,-0.60464,0.24025,0.10521,0.035294,-0.012874,0.19409,0.099532,-0.051385,0.10002,0.30325,-0.042751,0.3074,0.094698,0.41685,0.3255,0.3618,0.41158,-0.026333,-0.24005,-0.024552,0.35797,-0.074332,-0.010839,-0.40275,-0.15966,0.029032,-0.058939,0.087015,0.10952,-0.03643,-0.090697,0.27266,0.13266,0.18976,0.13721,0.21687,0.1985,-0.024567,-0.02968,-0.30586,-0.3206,0.09466,-0.16125,-0.023292,-0.079057,0.07453,-0.031455,0.46822,-0.19871,0.061759,-0.14324,0.25659,0.12348,0.13387,0.20071
0.18105,-0.18394,0.51261,0.50531,0.27522,-0.20384,0.1072,-0.086994,0.20165,0.49843,0.26454,0.045907,-0.20689,-0.091734,0.30366,0.10309,0.45821,0.20778,-0.039407,0.18973,0.025453,-0.12122,0.024455,0.13905,0.09315,0,-0.26342,-0.48165,-0.24055,-0.091427,-0.4666,-0.21153,-0.1137,-0.074642,-0.5805,-0.43925,-0.63211,0.056039,0.096308,0.29698,0.1794,0.068012,0.00039742,-0.17779,-0.28443,0.01839,-0.0060114,0.1035,0.11199,0.17846,-0.24318,0.31682,0.45338,0.56619,0.37982,0.0086226,0.22735,-0.023769,0.087492,0.31947,-0.012305,0.25329,-0.050052,0.17651,0.14078,0.08783,0.1606,-0.24605,-0.5835,-0.1487,0.11636,0.027266,-0.0068445,-0.12969,0.015093,0.25429,0.23833,0.26798,0.22017,0.1176,0.064053,0.33822,0.45586,0.35194,0.26995,0.24219,0.25806,0.08143,0.11446,-0.47008,-0.55763,0.97006,0.099491,0.35983,0.25026,0.45995,0.27245,0.14985,0.050269,-0.085552,-0.28367,0.3653,0.23645,0.33048,0.24687
-0.32602,0.1837,-0.30857,-0.31315,-0.40949,0.15758,-0.34595,0.20101,-0.49006,-0.3293,-0.39793,-0.06296,0.2492,0.098981,-0.25111,-0.034661,-0.19691,-0.099385,-0.041232,-0.23736,-0.049204,0.26969,-0.039942,-0.041715,-0.17344,-0.26342,0,0.23407,0.026948,0.090936,0.21914,0.37905,-0.0017251,0.12861,-0.11625,0.075707,-0.02323,-0.21542,-0.41229,-0.23268,-0.54061,0.0016044,-0.31246,0.3187,0.7785,-0.15098,-0.12109,-0.18637,-0.069502,-0.25338,-0.089314,-0.17509,-0.34736,-0.2571,-0.33642,-0.32996,-0.40802,-0.30492,-0.35907,-0.23466,0.10475,-0.23766,0.02048,-0.15146,-0.099438,-0.10409,-0.1711,-0.14585,0.096014,0.26718,-0.10143,0.015632,-0.042972,-0.20406,-0.20967,-0.46893,-0.40374,-0.41388,-0.39526,-0.5576,-0.62466,-0.20386,-0.32746,-0.31901,-0.36625,-0.29902,-0.28242,-0.4334,-0.57611,0.1008,0.0164,-0.26011,-0.16591,-0.32777,-0.237,-0.35223,-0.40344,-0.2048,-0.32904,0.13648,0.48812,-0.25008,-0.10014,-0.14257,-0.12815
-0.44022,0.040661,-0.52957,-0.53631,-0.7735,0.045274,-0.39697,-0.011608,-0.72172,-0.57667,-0.71901,-0.17095,0.12564,-0.019218,-0.39809,-0.18124,-0.3734,-0.2669,-0.11113,-0.34651,-0.15131,0.030245,-0.1464,-0.20089,-0.25723,-0.48165,0.23407,0,0.058727,-0.050758,0.66749,0.15093,-0.046336,-0.043119,0.051055,0.17189,0.15676,-0.31318,-0.43952,-0.37647,-0.84451,-0.15038,-0.3034,0.088498,0.27469,-0.20388,-0.18043,-0.28148,-0.22017,-0.41103,-0.066752,-0.3295,-0.6115,-0.47655,-0.61044,-0.31585,-0.60358,-0.31345,-0.41701,-0.38637,-0.081807,-0.36812,-0.076573,-0.27343,-0.22806,-0.2141,-0.28748,-0.054332,0.39142,0.066537,-0.22256,-0.14456,-0.15551,-0.20261,-0.29062,-0.95299,-0.69666,-0.63555,-0.54111,-0.63208,-0.57697,-0.35933,-0.55401,-0.50066,-0.53513,-0.42748,-0.41643,-0.49716,-0.69416,0.2356,0.17698,-0.4772,-0.29575,-0.5886,-0.41355,-0.63355,-0.71286,-0.30223,-0.40898,-0.014181,0.27316,-0.41225,-0.26358,-0.31084,-0.28338
-0.1437,-0.16728,-0.20996,-0.21203,-0.37134,-0.18942,-0.085581,-0.070535,-0.23723,-0.2403,-0.38871,-0.036416,0.21131,0.16341,-0.11882,-0.040516,-0.16987,-0.22258,0.17357,-0.065251,0.075946,-0.029868,0.071503,-0.095596,0.010913,-0.24055,0.026948,0.058727,0,-0.19012,0.10142,0.12603,0.17286,-0.14395,-0.10032,-0.15265,-0.063537,-0.50481,-0.12094,-0.11005,-0.27364,-0.030752,-0.031697,0.0062322,0.049525,0.075787,0.057208,-0.070096,-0.23848,-0.47779,-0.37088,-0.11686,-0.23849,-0.29066,-0.35069,-0.030175,-0.22639,-0.23351,-0.17267,-0.12179,-0.099991,-0.09599,0.10469,-0.039324,-0.025688,-0.0071389,-0.058206,0.18988,0.10624,0.10493,-0.018505,-0.1925,-0.14015,-0.61006,-0.41738,-0.28641,-0.40877,-0.22171,-0.1855,-0.28932,-0.33264,-0.12185,-0.21223,-0.17094,-0.1815,-0.12635,-0.13107,-0.29516,-0.31844,-0.048821,-0.051727,-0.24126,-0.43522,-0.36481,-0.39718,-0.25792,-0.35553,-0.031161,-0.73767,0.10579,0.10955,-0.13864,-0.141,-0.15949,-0.11894
-0.26687,0.21037,-0.15313,-0.15118,-0.15134,0.21693,-0.31239,0.16839,-0.26539,-0.1395,-0.14673,0.010989,-0.025606,-0.039951,-0.16667,-0.011561,-0.074174,0.059566,-0.13866,-0.19857,-0.10838,0.13908,-0.09902,0.032497,-0.20207,-0.091427,0.090936,-0.050758,-0.19012,0,-0.064556,0.029353,-0.081889,0.42886,-0.21907,0.0046042,-0.13338,0.035462,-0.31625,-0.14851,-0.26231,0.01799,-0.40853,0.057741,0.062952,-0.18775,-0.22819,-0.21118,0.20283,-0.015496,0.0093997,-0.0808,-0.16874,-0.067497,-0.10498,-0.38742,-0.25562,-0.304,-0.32754,-0.15355,0.20268,-0.1573,-0.022783,-0.12077,-0.079823,-0.13606,-0.16683,-0.34443,-0.14179,0.042907,-0.10968,0.16571,-0.058571,-0.046101,-0.085937,-0.21569,-0.138,-0.21117,-0.22055,-0.23704,-0.24306,-0.1153,-0.16162,-0.18434,-0.20446,-0.18932,-0.16444,-0.28885,-0.28591,-0.10231,-0.17407,-0.092743,0.093453,-0.096441,0.0015838,-0.15185,-0.13895,-0.18101,-0.096205,0.0013453,0.029571,-0.14718,0.0045041,-0.017013,-0.057367
-0.40839,0.0089022,-0.49174,-0.49501,-0.83953,0.010607,-0.35147,-0.021552,-0.61512,-0.5311,-0.82119,-0.15019,0.15213,0.0022697,-0.36362,-0.16995,-0.35812,-0.27577,-0.082773,-0.31079,-0.12919,0.023006,-0.1255,-0.19486,-0.22854,-0.4666,0.21914,0.66749,0.10142,-0.064556,0,0.16615,-0.0133,-0.054885,0.046672,0.12363,0.14894,-0.34329,-0.38549,-0.34357,-0.69908,-0.14045,-0.27141,0.077585,0.26383,-0.16966,-0.16158,-0.26819,-0.22662,-0.45194,-0.10039,-0.30762,-0.56328,-0.48315,-0.63169,-0.27733,-0.56257,-0.32908,-0.40395,-0.35692,-0.086885,-0.33138,-0.049642,-0.24778,-0.20786,-0.19742,-0.26809,-0.020292,0.43872,0.080055,-0.2047,-0.15791,-0.16857,-0.23769,-0.32908,-0.75498,-0.78304,-0.55033,-0.47337,-0.57394,-0.55312,-0.33466,-0.50596,-0.45162,-0.47116,-0.38069,-0.37265,-0.51783,-0.69887,0.18529,0.14334,-0.46525,-0.32325,-0.6175,-0.43981,-0.58297,-0.707,-0.26837,-0.46587,0.0013954,0.291,-0.37908,-0.25844,-0.30151,-0.27387
-0.23147,0.070656,-0.23469,-0.23901,-0.37369,0.039212,-0.23072,0.19594,-0.36456,-0.26144,-0.37155,-0.0004298,0.53172,0.25718,-0.16483,0.042344,-0.13697,-0.0811,0.074121,-0.1422,0.05684,0.27596,0.066069,0.01507,-0.075386,-0.21153,0.37905,0.15093,0.12603,0.029353,0.16615,0,0.091392,0.085922,-0.16741,-0.034325,-0.08103,-0.265,-0.28468,-0.14848,-0.41171,0.079631,-0.20644,0.31664,0.38941,-0.052027,-0.028661,-0.10879,-0.07304,-0.27762,-0.19137,-0.10385,-0.27239,-0.22359,-0.30703,-0.21674,-0.31252,-0.28348,-0.27455,-0.15257,0.12035,-0.14988,0.12368,-0.063814,-0.01338,-0.016285,-0.086956,-0.083405,0.069381,0.52666,-0.01444,0.0056934,-0.025626,-0.30749,-0.24803,-0.37527,-0.38635,-0.31394,-0.29126,-0.44906,-0.54329,-0.12816,-0.24955,-0.2303,-0.26877,-0.20588,-0.19577,-0.38206,-0.47146,0.025953,-0.039209,-0.20904,-0.20238,-0.30505,-0.24374,-0.28384,-0.36543,-0.10956,-0.40127,0.29503,0.47019,-0.16935,-0.050022,-0.0908,-0.065507
-0.12647,-0.16386,-0.10288,-0.098967,-0.22694,-0.1792,-0.05271,-0.038138,-0.16641,-0.11298,-0.2442,0.20937,0.15177,0.20792,-0.026545,0.049751,-0.055236,-0.11526,0.23439,0.0063411,0.13028,-0.015664,0.12454,0.0043981,0.052348,-0.1137,-0.0017251,-0.046336,0.17286,-0.081889,-0.0133,0.091392,0,-0.036133,-0.19172,-0.20716,-0.12711,-0.24289,-0.064088,-0.0046719,-0.19861,0.061589,-0.071777,-0.036934,0.003827,0.20065,0.0015632,-0.08463,-0.073814,-0.25969,-0.35727,0.0045159,-0.13423,-0.15599,-0.19507,-0.033966,-0.18259,-0.34751,-0.20334,-0.035297,-0.014089,0.015647,0.39686,0.061856,0.072384,0.012829,-0.024363,0.070691,-0.038482,0.11489,0.031252,-0.12901,-0.17886,-0.50102,-0.42735,-0.18496,-0.24359,-0.11379,-0.077335,-0.17307,-0.21755,-0.016842,-0.10031,-0.070438,-0.073093,-0.0127,-0.0027231,-0.31623,-0.27714,-0.19525,-0.21771,-0.12028,-0.22735,-0.20912,-0.20314,-0.13484,-0.19535,0.06495,-0.39563,0.13404,0.060228,-0.037302,-0.03399,-0.034281,-0.034941
-0.23287,0.2033,-0.13142,-0.13124,-0.16023,0.18782,-0.27366,0.26424,-0.25747,-0.12867,-0.15513,0.056566,0.033245,0.029515,-0.12976,0.053063,-0.04034,0.091692,-0.078263,-0.15756,-0.047152,0.21849,-0.036642,0.092923,-0.14685,-0.074642,0.12861,-0.043119,-0.14395,0.42886,-0.054885,0.085922,-0.036133,0,-0.26047,-0.031514,-0.15953,0.0043599,-0.29104,-0.11093,-0.26517,0.088507,-0.34627,0.11617,0.094507,-0.13853,-0.1623,-0.15793,0.20651,-0.033996,-0.046068,-0.041161,-0.1537,-0.056295,-0.10778,-0.33461,-0.23684,-0.28998,-0.29209,-0.11579,0.32494,-0.12217,0.029392,-0.071568,-0.025662,-0.078507,-0.11446,-0.30227,-0.13333,0.11158,-0.054526,0.18973,-0.020536,-0.10305,-0.10105,-0.2157,-0.15134,-0.20088,-0.20606,-0.24959,-0.2701,-0.075975,-0.14287,-0.15872,-0.18681,-0.16056,-0.1378,-0.28663,-0.29481,-0.10475,-0.17874,-0.074774,0.061279,-0.10332,-0.011251,-0.1426,-0.14964,-0.13454,-0.12843,0.07133,0.067208,-0.11435,0.052937,0.022244,-0.0088404
-0.40557,-0.16561,-0.51014,-0.49424,-0.35557,-0.13398,-0.31517,-0.29722,-0.325,-0.45824,-0.35885,-0.33338,-0.16706,-0.27939,-0.51612,-0.54874,-0.75807,-0.62442,-0.30115,-0.44443,-0.39886,-0.26265,-0.40449,-0.61059,-0.40905,-0.5805,-0.11625,0.051055,-0.10032,-0.21907,0.046672,-0.16741,-0.19172,-0.26047,0,0.098122,0.37101,-0.25212,-0.27101,-0.52139,-0.30087,-0.49548,-0.24688,-0.21199,-0.099017,-0.29928,-0.34447,-0.45662,-0.39762,-0.35406,-0.0024287,-0.63929,-0.46328,-0.55692,-0.41738,-0.23522,-0.38301,-0.23874,-0.3248,-0.56705,-0.3706,-0.46807,-0.27687,-0.51735,-0.53755,-0.49089,-0.53525,-0.018782,0.12541,-0.22924,-0.53042,-0.40117,-0.38495,-0.08909,-0.28079,-0.34296,-0.33547,-0.35736,-0.33788,-0.23811,-0.19348,-0.62572,-0.47019,-0.45536,-0.377,-0.40009,-0.41009,-0.28388,-0.26777,0.04664,0.11937,-0.60069,-0.32498,-0.41729,-0.40542,-0.44134,-0.3425,-0.41967,-0.23217,-0.29792,-0.096397,-0.54656,-0.80291,-0.78716,-0.87586
-0.65495,0.1076,-0.55754,-0.55509,-0.37975,0.15523,-0.87777,-0.061553,-0.58106,-0.5067,-0.36225,-0.26445,-0.076278,-0.18791,-0.63882,-0.29361,-0.43549,-0.24553,-0.30852,-0.67173,-0.33267,-0.046981,-0.32183,-0.27303,-0.51644,-0.43925,0.075707,0.17189,-0.15265,0.0046042,0.12363,-0.034325,-0.20716,-0.031514,0.098122,0,0.18396,-0.14215,-0.6956,-0.59127,-0.50225,-0.25613,-0.54032,-0.01922,0.077986,-0.42517,-0.37405,-0.44161,-0.1732,-0.22421,0.1769,-0.45247,-0.54429,-0.37181,-0.37036,-0.58159,-0.57184,-0.27328,-0.48085,-0.58783,-0.11841,-0.60758,-0.22525,-0.46949,-0.3871,-0.38475,-0.48017,-0.20694,0.098245,-0.087403,-0.38798,-0.12498,-0.18062,0.00038859,-0.15523,-0.49475,-0.34341,-0.58824,-0.62171,-0.41119,-0.34416,-0.51008,-0.57252,-0.67485,-0.65392,-0.67308,-0.59999,-0.36671,-0.40864,0.19391,0.15281,-0.43599,-0.1507,-0.35315,-0.25437,-0.50157,-0.38,-0.57688,-0.18225,-0.16379,0.038332,-0.59251,-0.31648,-0.35875,-0.37398
-0.55754,-0.094436,-0.62157,-0.58874,-0.44526,-0.063434,-0.39339,-0.2002,-0.43964,-0.5369,-0.45035,-0.24696,-0.086832,-0.19831,-0.56028,-0.39647,-0.63717,-0.46581,-0.25093,-0.48,-0.33152,-0.17055,-0.3317,-0.41787,-0.40899,-0.63211,-0.02323,0.15676,-0.063537,-0.13338,0.14894,-0.08103,-0.12711,-0.15953,0.37101,0.18396,0,-0.24013,-0.34225,-0.5296,-0.4125,-0.35454,-0.32071,-0.13446,-0.007392,-0.27774,-0.34773,-0.51521,-0.30114,-0.36825,0.010848,-0.53396,-0.5949,-0.59763,-0.48671,-0.29777,-0.54706,-0.33527,-0.45848,-0.61085,-0.25306,-0.4764,-0.19654,-0.45633,-0.43145,-0.44282,-0.53973,-0.031794,0.21714,-0.14014,-0.45324,-0.30992,-0.3573,-0.11367,-0.32481,-0.45185,-0.41158,-0.44073,-0.40301,-0.30752,-0.26434,-0.58489,-0.56531,-0.53976,-0.44614,-0.43684,-0.43075,-0.41152,-0.38525,0.080965,0.12173,-0.66829,-0.29647,-0.48921,-0.40233,-0.53725,-0.41023,-0.41523,-0.27938,-0.20992,-0.0034473,-0.58798,-0.50417,-0.53505,-0.57682
-0.1229,-0.060797,0.0031911,0.0085107,0.12121,-0.0424,-0.16522,-0.1054,-0.032724,0.039551,0.13057,-0.074185,-0.30571,-0.2557,-0.078613,-0.11203,-0.0038918,0.05984,-0.27692,-0.13828,-0.22038,-0.14716,-0.21602,-0.058589,-0.20278,0.056039,-0.21542,-0.31318,-0.50481,0.035462,-0.34329,-0.265,-0.24289,0.0043599,-0.25212,-0.14215,-0.24013,0,-0.12998,-0.075642,-0.010992,-0.11556,-0.25929,-0.20692,-0.24128,-0.223,-0.28083,-0.17599,0.14141,0.33498,0.039136,-0.048462,0.016088,0.10901,0.14829,-0.23687,-0.050181,-0.13241,-0.13825,-0.076317,-0.050084,-0.088333,-0.19564,-0.12819,-0.13241,-0.18601,-0.14998,-0.4492,-0.39801,-0.23369,-0.16139,0.0024228,-0.11903,0.12682,0.05548,0.026742,0.15781,-0.0068327,-0.035406,0.028034,0.040619,-0.058247,0.0046542,-0.038756,-0.03366,-0.069487,-0.053743,-0.052227,-0.012014,-0.28937,-0.32048,0.052221,0.39716,0.15388,0.28588,0.046198,0.13393,-0.14889,0.24675,-0.22979,-0.27244,-0.054915,-0.018387,0.0046484,-0.05883
0.22509,-0.4958,0.18741,0.19459,0.096644,-0.54623,0.47211,-0.2874,0.31284,0.18034,0.074356,-0.025941,-0.23165,-0.12964,0.20996,-0.052978,0.073005,-0.093288,-0.005193,0.23259,-0.0062793,-0.30047,-0.01769,-0.071786,0.14025,0.096308,-0.41229,-0.43952,-0.12094,-0.31625,-0.38549,-0.28468,-0.064088,-0.29104,-0.27101,-0.6956,-0.34225,-0.12998,0,0.19014,0.25264,-0.085178,0.24923,-0.33342,-0.40701,0.12998,0.027416,0.06243,-0.13523,-0.069619,-0.40838,0.089376,0.19444,0.042127,0.070246,0.36118,0.21891,-0.030699,0.14241,0.17048,-0.21893,0.21923,-0.070585,0.10099,0.032135,0.019538,0.087756,-0.017475,-0.33363,-0.23572,0.023692,-0.21702,-0.16996,-0.25609,-0.15632,0.21946,0.06662,0.31629,0.38885,0.21608,0.14482,0.12543,0.21543,0.27128,0.34935,0.31973,0.27022,0.070556,0.14655,-0.50052,-0.40878,0.089122,-0.14503,0.051724,-0.044761,0.18025,0.11014,0.20045,-0.088363,-0.16281,-0.34682,0.18741,-0.032491,0.011431,0.0097795
0.24681,-0.24454,0.37893,0.37422,0.10396,-0.27798,0.24408,-0.094301,0.17472,0.2993,0.089493,0.11579,-0.12208,0.001572,0.79381,0.1703,0.3908,0.098428,0.10106,0.5077,0.16124,-0.11292,0.15287,0.1533,0.3041,0.29698,-0.23268,-0.37647,-0.11005,-0.14851,-0.34357,-0.14848,-0.0046719,-0.11093,-0.52139,-0.59127,-0.5296,-0.075642,0.19014,0,0.1256,0.12255,0.10859,-0.15653,-0.24259,0.19485,0.1137,0.18755,0.023345,0.0042186,-0.40135,0.48936,0.29427,0.19506,0.13765,0.13012,0.19244,-0.056363,0.10137,0.66519,-0.027502,0.7254,0.049339,0.43089,0.29568,0.21099,0.31426,-0.11795,-0.37643,-0.08929,0.2504,-0.036625,-0.031841,-0.26688,-0.099641,0.1601,0.07208,0.24575,0.2608,0.071439,0.0076805,0.62098,0.36239,0.45153,0.32238,0.44761,0.44832,0.021752,0.047585,-0.45477,-0.5021,0.29003,-0.044452,0.12085,0.05437,0.26227,0.11241,0.44923,-0.086552,-0.013186,-0.21868,0.72755,0.21225,0.28167,0.27984
0.22353,-0.36303,0.25509,0.26044,0.33801,-0.3738,0.19951,-0.28259,0.67473,0.28028,0.30601,-0.098702,-0.36998,-0.23244,0.1516,-0.088101,0.093058,-0.032618,-0.1285,0.11311,-0.097018,-0.32039,-0.10361,-0.078536,0.022044,0.1794,-0.54061,-0.84451,-0.27364,-0.26231,-0.69908,-0.41171,-0.19861,-0.26517,-0.30087,-0.50225,-0.4125,-0.010992,0.25264,0.1256,0,-0.12114,0.097689,-0.37142,-0.5709,-0.030757,-0.055415,0.037096,-0.08574,0.074724,-0.24353,0.061524,0.3268,0.15587,0.24422,0.11312,0.39462,0.057544,0.19562,0.1343,-0.21174,0.12265,-0.17869,0.021514,-0.030204,-0.03653,0.039557,-0.1626,-0.53973,-0.33138,-0.031791,-0.15485,-0.12246,-0.10519,-0.012997,0.61353,0.28735,0.40961,0.32315,0.37163,0.29901,0.09703,0.28346,0.25759,0.30719,0.19156,0.17027,0.24025,0.45327,-0.50152,-0.4232,0.17542,-0.027069,0.22603,0.080847,0.32335,0.31499,0.0644,0.07894,-0.24544,-0.53475,0.15711,-0.019815,0.026141,0.0099355
-0.0024257,-0.031803,0.038859,0.032995,-0.088228,-0.070258,-0.035783,0.1781,-0.09315,0.0087815,-0.088837,0.162,0.080847,0.23468,0.10183,0.69746,0.17195,0.19011,0.17566,0.096052,0.29969,0.15873,0.32368,0.51603,0.13678,0.068012,0.0016044,-0.15038,-0.030752,0.01799,-0.14045,0.079631,0.061589,0.088507,-0.49548,-0.25613,-0.35454,-0.11556,-0.085178,0.12255,-0.12114,0,-0.073155,0.090073,-0.012506,0.083977,0.107,0.10212,0.10724,-0.063917,-0.29372,0.21328,0.00077424,0.046313,-0.038173,-0.079681,-0.053761,-0.14611,-0.073229,0.12591,0.26315,0.10448,0.18785,0.23256,0.35494,0.25768,0.17937,-0.1705,-0.20435,0.16645,0.31296,0.15435,0.09688,-0.28182,-0.11013,-0.088981,-0.10305,-0.053631,-0.049963,-0.16298,-0.21437,0.17121,0.019877,0.029727,-0.021066,0.02973,0.042556,-0.14106,-0.1622,-0.20438,-0.27444,0.071739,-0.042777,-0.039198,-0.018393,-0.010945,-0.087415,0.11882,-0.18397,0.27849,-0.0042244,0.10634,0.33007,0.24658,0.29924
0.254,-0.42641,0.071065,0.066022,-0.023189,-0.50281,0.37075,-0.24553,0.13505,0.037213,-0.032845,-0.098031,-0.15703,-0.076994,0.13156,-0.042586,0.011331,-0.12804,0.049006,0.19803,0.045159,-0.24082,0.033395,-0.07987,0.19909,0.00039742,-0.31246,-0.3034,-0.031697,-0.40853,-0.27141,-0.20644,-0.071777,-0.34627,-0.24688,-0.54032,-0.32071,-0.25929,0.24923,0.10859,0.097689,-0.073155,0,-0.2286,-0.29904,0.12121,0.17095,0.16492,-0.22538,-0.16471,-0.52939,0.031276,0.069569,-0.043278,-0.04412,0.49422,0.1528,0.046286,0.22582,0.1173,-0.22154,0.11905,-0.078174,0.085587,0.035465,0.087374,0.13759,0.038936,-0.22988,-0.17527,0.065098,-0.21756,-0.093441,-0.33128,-0.1546,0.063955,-0.051247,0.094666,0.11347,0.023086,-0.013403,0.068872,0.074409,0.12032,0.11559,0.12894,0.095007,0.072637,0.069151,-0.28646,-0.24537,0.0019459,-0.24823,-0.053534,-0.14625,0.038856,-0.03308,0.15921,-0.172,-0.1071,-0.2599,0.101,-0.058815,-0.040561,0.0013188
