,,,,,,,,,,,,,,,,,,,,,,,,,,,,,,,,,,,,,,,,,,,,,,,,,,,,,,,,,,,,,,,,,,,,,,,,,,,,,,,,,,,,,,,,,,,,,,,,,,,,,,,,
0,0.24236,-0.18215,-0.074081,0.33056,0.1149,-0.024405,-0.12149,-0.14681,-0.19737,-0.29222,-0.17092,-0.58227,-0.54788,-0.57022,-0.56501,-0.3844,-0.12378,-0.34897,-0.33766,-0.241,-0.2219,-0.14931,-0.18417,-0.26525,-0.2642,0.010754,-0.064548,0.12274,-0.086168,-0.722,-0.74958,-0.65965,-0.50254,-0.46772,-0.44088,-0.37978,-0.13952,-0.0080065,0.19137,0.48536,0.34652,-0.48861,-0.46062,-0.56619,-0.50114,-0.28653,-0.31645,-0.59266,-0.17796,-0.16176,-0.79423,0.091701,-0.078762,-0.30823,-0.15387,-0.24198,-0.43741,-0.34045,-0.34877,-0.47627,-0.61004,-0.70108,-0.39249,-0.68252,-0.4421,-0.43088,-0.37952,-0.28441,-0.35548,-0.45526,-0.48135,-0.56585,-0.37528,-0.38191,0.07988,0.11443,-0.43518,-0.24295,-0.3459,-0.14627,-0.10434,-0.079228,-0.32228,-0.54542,-0.38741,-0.40747,-0.33276,-0.37277,-0.34482,-0.16645,-0.20713,-0.40684,-0.16654,-0.071348,-0.13092,-0.10197,-0.31051,0.062223,-0.48226,-0.70309,-0.59915,-0.48998,-0.55226,-0.37525
0.24236,0,-0.3391,-0.14584,-0.13037,0.57345,-0.33122,0.27673,-0.1009,0.10967,-0.42997,-0.19875,-0.7469,-0.8101,-0.34263,-0.4699,-0.32025,-0.29443,-0.16962,-0.45014,-0.1643,-0.19384,-0.089205,-0.038062,-0.44108,-0.2213,0.18517,0.082546,0.046039,-0.11881,-0.60133,-0.72213,-0.69654,-0.69403,-0.51091,-0.21959,-0.51824,-0.22854,-0.23056,0.077443,0.059438,0.39837,-0.41546,-0.12293,-0.55609,-0.47986,-0.48498,-0.43271,-0.44134,-0.16015,-0.29415,-0.39345,-0.064978,0.19416,-0.13266,-0.0083768,-0.18332,-0.57955,-0.62082,-0.3592,-0.058142,-0.48804,-0.47737,-0.44828,-0.48551,-0.56316,-0.6248,-0.56478,-0.22326,-0.14261,-0.41085,-0.52658,-0.58683,-0.41185,-0.47272,-0.23108,0.071599,-0.6418,-0.56026,-0.54638,-0.33354,0.13796,-0.20373,-0.23499,-0.50675,-0.56296,-0.43509,-0.60872,-0.5949,-0.43383,-0.39782,-0.39553,-0.22098,-0.044514,0.33427,-0.11248,0.10497,-0.28815,0.0062067,-0.55481,-0.40076,-0.58354,-0.29066,-0.29199,-0.20703
-0.18215,-0.3391,0,0.72388,-0.036174,-0.33954,-0.29837,-0.51463,-0.19597,-0.44506,-0.055564,-0.36799,0.11485,-0.22637,-0.26867,-0.18251,-0.037218,0.40097,-0.1843,-0.15074,-0.59005,-0.21254,-0.77548,-0.34615,-0.011732,-0.10446,-0.58783,-0.14749,-0.41638,-0.35051,-0.18545,-0.10814,-0.1353,-0.25224,-0.098559,-0.51582,0.2563,-0.081147,-0.079858,-0.29383,-0.45561,-0.43377,-0.41684,-0.58738,-0.039959,0.020575,0.237,0.11666,-0.36016,-0.074466,-0.064282,-0.35515,-0.10615,-0.11612,0.041669,-0.49111,-0.61122,-0.10194,-0.18763,-0.083369,-0.14428,-0.30319,-0.36308,-0.30288,-0.37694,-0.060245,-0.11157,-0.29059,-0.30446,-0.42129,-0.25046,-0.12877,0.0095101,0.074295,0.035211,0.24918,0.049928,0.38298,0.070888,0.082583,-0.11624,0.24597,0.44653,0.25174,-0.091427,0.20647,-0.14811,0.032715,-0.1855,0.043129,-0.025353,-0.053935,-0.043447,-0.14813,-0.26375,0.26837,0.069577,0.20258,-0.07331,-0.31168,-0.29761,-0.014487,-0.083294,-0.13722,0.009947
-0.074081,-0.14584,0.72388,0,0.086657,-0.12631,-0.26594,-0.22854,-0.13266,-0.32964,-0.15597,-0.22982,-0.060445,-0.40029,-0.28637,-0.25644,-0.16788,0.17358,-0.23285,-0.24207,-0.51964,-0.28275,-0.67535,-0.23676,-0.11242,-0.090323,-0.41558,0.019057,-0.27111,-0.209,-0.32389,-0.25802,-0.20741,-0.29292,-0.17559,-0.38888,0.11259,-0.024782,-0.034255,-0.12161,-0.26142,-0.1924,-0.45765,-0.52312,-0.23085,-0.13791,0.07611,-0.0072436,-0.34121,-0.0088509,0.020205,-0.30006,0.028249,0.068081,0.13495,-0.32103,-0.49172,-0.14777,-0.24097,0.0047476,-0.046106,-0.31747,-0.46725,-0.28908,-0.36758,-0.094819,-0.18037,-0.37598,-0.28252,-0.43117,-0.32999,-0.28156,-0.16282,-0.046136,-0.10419,0.32781,0.29073,0.19352,0.08602,-0.032048,-0.083998,0.36177,0.52153,0.22922,-0.13099,0.052898,-0.13889,-0.028626,-0.2297,-0.090375,-0.097197,-0.0088953,-0.038255,0.044062,-0.11663,0.24231,0.20287,0.19838,-0.087568,-0.3572,-0.32365,-0.078502,0.030456,-0.14348,0.22469
0.33056,-0.13037,-0.036174,0.086657,0,-0.1409,0.24005,-0.089686,0.16671,-0.046639,0.098567,0.085805,-0.2471,-0.49214,-0.13207,-0.23892,-0.42765,-0.080547,-0.56006,-0.25268,-0.43672,-0.39199,-0.37148,-0.16448,0.028204,0.037759,-0.26206,-0.12634,0.071585,0.12492,-0.50299,-0.43094,-0.25248,-0.2152,-0.094738,-0.27784,0.090708,0.14672,0.40952,0.44834,0.39433,0.3556,-0.34805,-0.51929,-0.40484,-0.23115,-0.14869,-0.19871,-0.41082,-0.036796,-0.13707,-0.63388,0.078865,-0.11704,-0.38048,-0.36908,-0.29566,-0.13587,-0.16898,0.12879,-0.26094,-0.22168,-0.39735,-0.29471,-0.55449,-0.21571,-0.2359,0.023301,0.096774,-0.41655,-0.14407,-0.27744,-0.2948,-0.067837,-0.11997,0.43063,0.31742,-0.065778,0.1024,-0.014102,0.13787,-0.15631,0.02559,-0.4047,-0.39776,-0.057023,-0.26754,-0.11579,-0.2714,-0.066711,0.097597,0.084191,-0.3377,0.10768,0.01328,0.038788,0.013199,-0.10411,0.00024442,-0.42349,-0.61101,-0.23361,-0.1737,-0.55709,-0.29905
0.1149,0.57345,-0.33954,-0.12631,-0.1409,0,-0.49074,0.15312,-0.34001,0.098952,-0.6365,-0.24938,-0.43791,-0.48383,-0.19645,-0.22108,-0.21871,-0.11157,-0.18873,-0.39649,-0.059816,-0.0041477,-0.06583,0.010688,-0.67977,-0.40172,0.32769,0.39719,-0.12472,-0.40318,-0.5663,-0.67836,-0.37548,-0.61151,-0.57657,-0.4304,-0.6005,-0.48729,-0.44783,-0.20655,-0.07194,0.24454,-0.55792,-0.11882,-0.47608,-0.50802,-0.50727,-0.38356,-0.10949,-0.11303,-0.098367,-0.13936,0.2569,0.64293,0.083806,0.20656,-0.24376,-0.67724,-0.70774,-0.35151,0.11074,-0.35432,-0.44685,-0.21666,-0.2727,-0.46942,-0.54549,-0.55092,-0.27894,-0.22005,-0.59141,-0.60247,-0.59165,-0.40527,-0.51291,-0.27041,0.073192,-0.43617,-0.30872,-0.38537,-0.35558,0.16208,-0.064882,-0.12251,-0.25989,-0.35264,-0.21986,-0.64946,-0.57497,-0.42689,-0.42804,-0.19726,0.025797,0.1287,0.41518,-0.1244,0.16801,-0.31217,-0.057349,-0.36258,-0.20431,-0.58308,-0.18907,-0.040514,-0.12947
-0.024405,-0.33122,-0.29837,-0.26594,0.24005,-0.49074,0,0.074251,0.4332,-0.12913,0.22609,0.20733,-0.24616,-0.32003,-0.10573,-0.082554,-0.38981,-0.39133,-0.39094,-0.079895,-0.31979,-0.3535,-0.22045,-0.055757,0.38735,0.35457,-0.51538,-0.34387,0.18547,0.41176,-0.0044884,0.01905,-0.19706,0.0093841,0.20249,0.16634,0.05275,0.087731,0.5659,0.29378,0.25351,0.097863,0.25033,-0.10716,-0.088464,0.08165,-0.17828,-0.32132,-0.47987,-0.21713,-0.33815,-0.42689,-0.40778,-0.64223,-0.86378,-0.45399,-0.11831,-0.074621,0.062208,0.21569,-0.23517,0.10193,0,-0.058253,-0.21803,-0.17189,-0.14855,0.48724,0.25105,0.078458,0.29885,0.13326,-0.010962,-0.015258,0.11603,0.13278,-0.093997,-0.26031,-0.14776,-0.20247,0.053935,-0.46063,-0.42385,-0.67875,-0.37987,-0.1345,-0.28135,-0.10958,-0.27282,-0.17179,0.011273,-0.21557,-0.46889,-0.14833,-0.22362,-0.17811,-0.28433,-0.25322,-0.13819,-0.14997,-0.37165,-0.012051,-0.24455,-0.58759,-0.36093
-0.12149,0.27673,-0.51463,-0.22854,-0.089686,0.15312,0.074251,0,0.21873,0.22577,-0.25929,0.026493,-0.53039,-0.64565,-0.050794,-0.14961,-0.31928,-0.52071,-0.18337,-0.22723,-0.04912,-0.21615,-0.040877,0.27641,-0.16085,0.12787,-0.037374,0.094212,0.18665,0.2308,-0.23418,-0.28155,-0.3378,-0.31007,-0.17577,0.27014,-0.31311,-0.16106,-0.017191,0.16711,0.07868,0.38016,0.015969,0.22315,-0.37263,-0.21069,-0.58178,-0.48084,-0.20118,-0.13236,-0.29266,-0.055542,-0.22402,-0.075058,-0.37694,0.021175,0.036774,-0.3887,-0.33577,0.10308,0.23795,-0.02759,-0.087857,-0.15978,-0.11206,-0.36029,-0.39498,-0.10386,0.11631,0.14638,-0.082865,-0.27574,-0.33055,-0.30137,-0.27326,-0.17264,0.0025627,-0.58856,-0.43608,-0.47399,-0.22074,-0.090494,-0.39993,-0.42282,-0.33127,-0.36149,-0.23998,-0.45379,-0.50551,-0.43051,-0.34913,-0.28644,-0.16383,0.091819,0.22208,-0.11524,0.090079,-0.22824,-0.030745,-0.26165,-0.12966,-0.21397,-0.079302,-0.19078,-0.061149
-0.14681,-0.1009,-0.19597,-0.13266,0.16671,-0.34001,0.4332,0.21873,0,0.20903,0.5425,0.32285,-0.242,-0.51764,-0.051276,-0.20066,-0.35515,-0.34536,-0.33112,-0.15706,-0.42402,-0.45824,-0.27619,0.056334,0.56242,0.72707,-0.45581,-0.39217,0.057808,0.5239,-0.088916,-0.056838,-0.17702,-0.048943,0.25278,0.38119,0.22374,0.3263,0.76529,0.49122,0.094508,0.17156,0.18465,-0.10543,-0.080502,0.22552,-0.27055,-0.37807,-0.48646,-0.049491,-0.31474,-0.40461,-0.52579,-0.43023,-0.66466,-0.5372,-0.15936,-0.13497,-0.097315,0.39907,-0.03901,-0.036611,-0.048995,-0.31301,-0.36379,-0.29625,-0.27732,0.15278,0.17989,0.0048143,0.40139,0.063919,-0.019687,0.016176,0.093812,0.17208,0.097848,-0.21237,-0.23181,-0.084213,0.12587,-0.2678,-0.34838,-0.49303,-0.33982,-0.10463,-0.30007,-0.26103,-0.38099,-0.15866,-0.081035,-0.19357,-0.34333,-0.023612,0.085154,0.04978,-0.10707,-0.013184,-0.13365,-0.2871,-0.40998,0.20681,-0.0027256,-0.47906,-0.1962
-0.19737,0.10967,-0.44506,-0.32964,-0.046639,0.098952,-0.12913,0.22577,0.20903,0,-0.026271,0.23682,-0.41444,-0.50863,0.064934,-0.00031848,-0.2738,-0.20486,-0.22872,-0.27907,-0.097959,-0.092753,0.016035,0.30291,-0.16687,0.04398,0.091353,-0.075466,-0.16376,0.0085176,-0.23159,-0.3053,-0.2181,-0.26076,-0.12489,0.064252,-0.18721,-0.11714,-0.00086657,0.10644,0.0038292,0.31523,-0.11552,-0.0063474,-0.23915,-0.066874,-0.44258,-0.36842,-0.12542,-0.16429,-0.35881,-0.2162,-0.20894,0.036107,-0.37595,-0.25343,-0.08839,-0.27282,-0.32017,0.059482,0.13353,-0.14564,-0.16268,-0.35218,-0.35035,-0.41626,-0.33216,-0.17166,0.10195,-0.14831,-0.024782,-0.20519,-0.17282,-0.14089,-0.08308,-0.15749,0.11497,-0.42718,-0.34192,-0.24211,-0.15184,-0.20914,-0.35359,-0.32458,-0.25125,-0.19589,-0.25214,-0.48401,-0.40427,-0.20263,-0.16591,-0.31909,-0.24134,0.051165,0.31656,-0.058186,0.047061,-0.0971,-0.083265,-0.35712,-0.28981,-0.063637,0.018331,-0.2066,-0.28122
-0.29222,-0.42997,-0.055564,-0.15597,0.098567,-0.6365,0.22609,-0.25929,0.5425,-0.026271,0,0.30353,-0.0090953,-0.26772,-0.039862,-0.17447,-0.41118,-0.22134,-0.45781,-0.24589,-0.70277,-0.64814,-0.47728,-0.30172,0.72499,0.44463,-0.72187,-0.70014,-0.23672,0.16301,0.0080954,0.057868,-0.059941,0.05235,0.35755,0.077184,0.46566,0.37288,0.63471,0.1981,-0.14175,-0.17643,0.027752,-0.41125,0.1405,0.34753,-0.10872,-0.33007,-0.50153,-0.089397,-0.34287,-0.50302,-0.5781,-0.55515,-0.6204,-1,-0.40413,-0.016383,-0.063526,0.27475,-0.23898,-0.073955,-0.1202,-0.36613,-0.42977,-0.28194,-0.23547,0.18699,0.070007,-0.20051,0.38107,0.17376,0.091864,0.12956,0.16743,0.14712,0.0055623,0.056142,-0.11588,0.10599,0.16036,-0.38629,-0.29834,-0.48021,-0.34481,-0.041425,-0.36815,-0.17345,-0.29364,-0.02256,-0.059949,-0.13957,-0.47549,-0.19323,-0.13488,0.025923,-0.30944,0.061815,-0.26948,-0.33271,-0.56382,0.28853,-0.064808,-0.53061,-0.26315
-0.17092,-0.19875,-0.36799,-0.22982,0.085805,-0.24938,0.20733,0.026493,0.32285,0.23682,0.30353,0,-0.2979,-0.38642,-0.065459,-0.061438,-0.56569,-0.31364,-0.52348,-0.51459,-0.42014,-0.44431,-0.24008,-0.14452,0.10194,0.12987,-0.30437,-0.31022,-0.1333,0.10917,-0.06383,-0.15834,-0.19483,-0.10311,0.072236,0.078695,-0.04955,0.07594,0.3973,0.25748,0.086198,0.1724,-0.077095,-0.31084,-0.041151,0.029226,-0.33833,-0.64213,-0.41909,-0.13805,-0.31422,-0.39239,-0.33773,-0.27859,-0.52843,-0.66666,-0.37989,-0.21447,-0.25541,0.15006,-0.11254,-0.080932,-0.20788,-0.25933,-0.4308,-0.47807,-0.43135,0.043528,0.15606,-0.14538,0.10739,-0.050454,-0.14574,-0.084576,-0.02576,0.047291,0.22289,-0.26521,-0.18804,-0.17574,-0.011243,-0.38085,-0.3441,-0.62266,-0.45037,-0.29683,-0.44177,-0.42612,-0.44937,-0.23401,-0.14719,-0.36092,-0.55599,-0.092153,-0.022079,-0.22169,-0.29142,-0.14145,-0.26901,-0.3814,-0.56929,0.025138,-0.091545,-0.44759,-0.214
-0.58227,-0.7469,0.11485,-0.060445,-0.2471,-0.43791,-0.24616,-0.53039,-0.242,-0.41444,-0.0090953,-0.2979,0,0.42625,0.0061993,0.069948,0.026219,0.059534,-0.23785,0.060912,-0.46655,-0.12406,-0.51048,-0.30146,0.0020738,-0.15945,-0.62651,-0.25083,-0.46078,-0.41982,0.10545,0.24711,0.67841,0.27371,0.1321,-0.33158,0.17924,-0.17727,-0.21409,-0.55223,-0.64043,-0.66319,-0.11786,-0.23415,0.21758,0.14893,0.10257,-0.010317,0.058068,0.045617,0.15576,0.030863,-0.30315,-0.27652,-0.15728,-0.30217,-0.43074,-0.059467,-0.06423,-0.076673,-0.066756,0.14241,0.12173,0.047817,0.076036,0.12582,0.034404,0.05269,-0.24139,-0.21001,0.0073621,0.099626,0.14661,0.11077,0.10034,-0.16763,-0.36977,0.69063,0.41709,0.44928,0.074236,-0.19476,0.030826,-0.096663,0.23426,0.47535,0.16968,0.0026738,-0.084183,0.0064882,-0.051765,0.082102,0.2065,-0.023442,-0.20073,-0.12426,-0.24477,-0.08362,-0.45768,0.15626,0.092375,0.12649,-0.053342,-0.026819,-0.16512
-0.54788,-0.8101,-0.22637,-0.40029,-0.49214,-0.48383,-0.32003,-0.64565,-0.51764,-0.50863,-0.26772,-0.38642,0.42625,0,-0.2118,-0.055564,0.01728,-0.085013,-0.05412,0.14958,-0.092108,0.017013,-0.17322,-0.27123,-0.27114,-0.45811,-0.3212,-0.39399,-0.55679,-0.53274,0.0044588,0.091982,0.21736,0.17791,-0.20611,-0.33422,-0.30054,-0.44882,-0.51288,-0.77909,-0.5457,-0.78076,-0.15917,-0.17257,0.0028886,-0.1748,0.021479,-0.061052,0.03287,-0.10662,0.11951,0.059697,-0.30977,-0.37254,-0.19485,-0.14676,-0.22954,-0.055846,0.0065548,-0.37159,-0.37606,-0.041981,0.11633,0.02059,0.1323,0.090945,0.1069,-0.11712,-0.44137,-0.3262,-0.18601,-0.037351,-0.016117,-0.12915,-0.10703,-0.53121,-0.72046,0.13876,0.11866,0.042506,-0.17714,-0.47233,-0.19755,-0.12796,0.18176,0.091642,0.10058,0.0061993,0.054431,-0.074621,-0.10735,-0.14104,-0.037514,-0.20042,-0.49174,-0.4438,-0.56526,-0.38443,-0.52505,0.26544,0.1584,-0.061734,-0.26987,-0.014724,-0.36884
-0.57022,-0.34263,-0.26867,-0.28637,-0.13207,-0.19645,-0.10573,-0.050794,-0.051276,0.064934,-0.039862,-0.065459,0.0061993,-0.2118,0,0.44337,-0.24059,-0.2623,-0.36635,-0.21483,-0.28297,-0.29087,-0.25859,-0.16089,-0.13116,0.019383,-0.28308,-0.11347,-0.23578,-0.20045,-0.015946,-0.010547,0.078799,-0.11221,0.06186,-0.12428,0.013095,-0.22189,-0.12827,-0.20082,-0.29769,-0.13641,-0.091864,-0.037574,-0.070681,-0.0050143,-0.24399,-0.19334,-0.017102,-0.19303,-0.38299,0.0094434,-0.097982,-0.025597,-0.16789,-0.27098,-0.23439,-0.13638,-0.32688,0.17959,0.25319,0.48029,0.179,0.1378,0.10517,-0.1307,-0.22734,0.34017,0.34849,-0.051128,0.054668,-0.078117,-0.064252,-0.016294,-0.053513,-0.18129,-0.086605,0.010665,-0.10404,-0.11292,-0.15114,-0.23904,-0.35107,-0.35952,-0.11783,-0.035485,-0.12453,-0.29356,-0.40233,-0.138,-0.20746,-0.0036885,-0.040099,0.14498,0.10719,-0.10221,-0.028871,-0.24745,-0.3636,-0.18082,0.00011851,-0.11397,0.039647,-0.12059,-0.24251
-0.56501,-0.4699,-0.18251,-0.25644,-0.23892,-0.22108,-0.082554,-0.14961,-0.20066,-0.00031848,-0.17447,-0.061438,0.069948,-0.055564,0.44337,0,-0.072162,0.013132,-0.20695,-0.13317,-0.20894,0.079213,-0.28588,-0.052305,-0.19879,-0.063852,-0.3596,0.046469,-0.38459,-0.3604,0.30445,0.23037,0.13024,-0.13938,0.05255,-0.26816,-0.060771,-0.46387,-0.22693,-0.45655,-0.45566,-0.26282,-0.041825,-0.0087175,0.2034,0.15298,-0.075384,-0.10074,0.051594,-0.29778,-0.34787,0.072925,-0.14829,-0.10937,-0.25999,-0.32496,-0.35289,-0.12456,-0.20426,0.020701,0.30665,0.47965,0.17519,0.21099,0.14581,-0.058149,-0.068237,0.2735,0.2488,0.037655,0.02676,0.12663,0.21029,0.16513,0.21821,-0.22204,-0.20047,-0.032337,-0.075858,-0.12709,-0.27182,-0.15651,-0.20101,-0.23725,-0.032389,0.13613,-0.076903,-0.20686,-0.31576,0.013991,-0.045758,-0.2492,-0.059927,-0.064859,-0.11251,-0.14252,-0.073184,-0.18653,-0.20414,-0.079287,0.07728,-0.02776,-0.025212,-0.016939,-0.28234
-0.3844,-0.32025,-0.037218,-0.16788,-0.42765,-0.21871,-0.38981,-0.31928,-0.35515,-0.2738,-0.41118,-0.56569,0.026219,0.01728,-0.24059,-0.072162,0,0.053439,0.60952,0.3399,0.15275,0.29906,0.072947,0.14201,-0.20845,-0.18045,-0.11607,-0.012399,-0.1893,-0.34008,-0.15073,0.060527,0.039344,-0.15519,-0.36369,-0.23597,-0.22574,-0.4354,-0.43965,-0.55941,-0.48835,-0.4266,-0.19361,-0.02679,-0.17808,-0.14192,-0.07971,0.15885,-0.13809,0.099345,0.22396,0.061171,-0.26985,-0.24397,-0.039596,0.017094,-0.066496,-0.31078,-0.24379,-0.38041,-0.14538,-0.16603,0.01648,0.015176,-0.0096434,0.059697,-0.0070807,-0.2105,-0.30948,-0.063349,-0.21803,-0.29757,-0.1979,-0.3138,-0.19559,-0.45688,-0.51832,-0.221,-0.11915,0.12328,-0.089449,0.030767,0.10147,0.21074,0.47152,0.3447,0.44317,-0.16696,-0.11638,-0.23472,-0.16973,-0.10626,0.44714,-0.30925,-0.27435,0.032093,0.055838,-0.13325,-0.090049,0.046262,0.30827,-0.075273,-0.12866,0.21064,-0.16899
-0.12378,-0.29443,0.40097,0.17358,-0.080547,-0.11157,-0.39133,-0.52071,-0.34536,-0.20486,-0.22134,-0.31364,0.059534,-0.085013,-0.2623,0.013132,0.053439,0,-0.1348,-0.17113,-0.27408,0.15529,-0.48949,-0.16138,-0.26253,-0.31442,-0.26299,0.018331,-0.62535,-0.6703,-0.20448,-0.21934,-0.14324,-0.44602,-0.32265,-0.77049,-0.093441,-0.49001,-0.28901,-0.48841,-0.44211,-0.3317,-0.57931,-0.54659,-0.00052587,-0.057186,-0.016872,-0.060467,-0.15926,-0.12442,-0.043069,-0.23971,0.093723,0.066348,-0.00042958,-0.37562,-0.71062,-0.35216,-0.36951,-0.1847,-0.055786,-0.35352,-0.33256,-0.29368,-0.39589,-0.25618,-0.22469,-0.3655,-0.32805,-0.50862,-0.42959,-0.22073,-0.066785,0.030641,-0.061526,0.039255,-0.025345,0.14788,-0.042018,0.012221,-0.35708,0.10863,0.34554,0.13052,-0.099537,0.20147,-0.2002,-0.2308,-0.33285,0.081784,-0.039396,-0.15405,-0.037611,-0.15345,-0.21899,0.13709,0.011525,0.050498,0.12362,-0.23672,-0.222,-0.073488,-0.16167,0.086583,-0.19545
-0.34897,-0.16962,-0.1843,-0.23285,-0.56006,-0.18873,-0.39094,-0.18337,-0.33112,-0.22872,-0.45781,-0.52348,-0.23785,-0.05412,-0.36635,-0.20695,0.60952,-0.1348,0,0.33801,0.29596,0.14188,0.19953,0.21129,-0.27055,-0.13773,-0.03927,-0.17257,-0.24549,-0.22751,-0.19674,-0.017139,-0.2549,-0.28015,-0.51169,-0.076095,-0.44575,-0.46666,-0.50053,-0.49095,-0.41946,-0.38422,-0.17856,0.025145,-0.26722,-0.24685,-0.12621,0.075932,-0.29962,0.0034218,0.054001,0.017324,-0.36246,-0.25837,-0.074569,0.026767,0.074562,-0.26389,-0.1944,-0.42834,-0.23674,-0.29391,-0.087101,-0.13389,-0.019546,-0.01745,0.00073325,-0.3654,-0.41287,-0.1169,-0.27694,-0.32605,-0.23868,-0.38347,-0.26541,-0.64144,-0.54294,-0.45399,-0.36926,-0.17834,-0.23534,0.0014147,-0.052483,0.26923,0.24952,0.023531,0.21305,-0.17654,-0.11625,-0.27416,-0.28348,-0.27928,0.096634,-0.3518,-0.32965,-0.011895,-0.05015,-0.19543,-0.098285,-0.076525,0.17126,-0.099448,-0.13954,0.10246,-0.14615
-0.33766,-0.45014,-0.15074,-0.24207,-0.25268,-0.39649,-0.079895,-0.22723,-0.15706,-0.27907,-0.24589,-0.51459,0.060912,0.14958,-0.21483,-0.13317,0.3399,-0.17113,0.33801,0,0.13618,0.088798,0.033144,0.22778,-0.04912,-0.035892,-0.27237,-0.3048,-0.12339,-0.076629,-0.11194,0.12078,0.10179,0.12219,-0.11423,0.02342,-0.13644,-0.2374,-0.27447,-0.36758,-0.26621,-0.38994,0.11094,0.15515,-0.20907,-0.079391,0.078214,0.3371,-0.103,-0.062023,0.065445,0.021961,-0.35293,-0.43471,-0.26506,0.053401,0.23916,0.046247,0.24726,-0.17294,-0.2788,-0.051713,0.19163,-0.0098508,0.11473,0.36895,0.41891,-0.036789,-0.2759,-0.12076,-0.014569,-0.03053,0.045373,-0.0957,0.0081324,-0.34123,-0.59279,-0.12065,0.012436,0.022323,0.01708,-0.28582,-0.13219,0.099752,0.49247,0.33687,0.49388,0.18952,0.18373,-0.037951,0.03033,0.014376,0.15518,-0.083502,-0.29399,-0.076495,-0.11413,-0.28212,-0.21696,0.25878,0.27978,0.056497,-0.069407,-0.077547,-0.26826
-0.241,-0.1643,-0.59005,-0.51964,-0.43672,-0.059816,-0.31979,-0.04912,-0.42402,-0.097959,-0.70277,-0.42014,-0.46655,-0.092108,-0.28297,-0.20894,0.15275,-0.27408,0.29596,0.13618,0,0.21983,0.61152,0.32712,-0.53941,-0.40955,0.42927,-0.060986,-0.15103,-0.27967,-0.39716,-0.3407,-0.31782,-0.3313,-0.68154,-0.081687,-0.78848,-0.69529,-0.60872,-0.41092,-0.095441,-0.15735,-0.2129,0.1193,-0.55535,-0.53216,-0.48734,-0.16629,-0.027219,-0.21148,-0.055112,0.11594,-0.053809,-0.14147,-0.095034,0.36709,0.29574,-0.38696,-0.24327,-0.35617,-0.25965,-0.30603,-0.08882,-0.064667,0.0017554,-0.18116,-0.12197,-0.36154,-0.35792,-0.2228,-0.47233,-0.55237,-0.47312,-0.62175,-0.53981,-0.57648,-0.4739,-0.66858,-0.4185,-0.41192,-0.44496,-0.36436,-0.35098,-0.055675,0.078125,-0.24184,0.068444,-0.31897,-0.13197,-0.42378,-0.33731,-0.21342,-0.023671,-0.23922,-0.35255,-0.32389,-0.19153,-0.47872,-0.10402,0.037981,0.20258,-0.28309,-0.21507,0.15095,-0.24902
-0.2219,-0.19384,-0.21254,-0.28275,-0.39199,-0.0041477,-0.3535,-0.21615,-0.45824,-0.092753,-0.64814,-0.44431,-0.12406,0.017013,-0.29087,0.079213,0.29906,0.15529,0.14188,0.088798,0.21983,0,0.037492,0.26202,-0.51434,-0.46705,0.079769,0.25695,-0.26524,-0.46747,-0.12831,-0.14994,-0.080406,-0.22679,-0.38299,-0.39599,-0.44871,-0.6503,-0.5503,-0.59262,-0.3305,-0.23672,-0.18772,0.089309,-0.21018,-0.23525,-0.12128,0.02282,0.09793,-0.20781,-0.0065178,-0.00091101,-0.12376,-0.074947,-0.18786,0.12835,-0.0957,-0.28708,-0.16346,-0.46198,-0.054068,-0.17306,-0.035426,-0.058756,-0.066659,-0.044691,-0.0030293,-0.31036,-0.28591,-0.10798,-0.3208,-0.20309,-0.085716,-0.19637,-0.066415,-0.40521,-0.42892,-0.29214,-0.12022,-0.18726,-0.34454,-0.076021,-0.057483,0.023034,0.11119,0.096493,0.11037,-0.1772,-0.09473,-0.1442,0.00024442,-0.41697,0.15335,-0.21081,-0.23405,-0.29699,-0.078391,-0.3031,-0.047454,0.05672,0.21974,-0.26105,-0.28299,0.099493,-0.3995
-0.14931,-0.089205,-0.77548,-0.67535,-0.37148,-0.06583,-0.22045,-0.040877,-0.27619,0.016035,-0.47728,-0.24008,-0.51048,-0.17322,-0.25859,-0.28588,0.072947,-0.48949,0.19953,0.033144,0.61152,0.037492,0,0.25242,-0.37594,-0.26823,0.44711,-0.17754,0.023864,-0.10007,-0.38353,-0.29803,-0.30347,-0.1941,-0.53818,0.04755,-0.70005,-0.39976,-0.39845,-0.21429,0.082813,-0.03373,-0.093012,0.15154,-0.51565,-0.45382,-0.49633,-0.23342,-0.19429,-0.17933,-0.079954,-0.097174,-0.20842,-0.2343,-0.23637,0.22093,0.43849,-0.37945,-0.24941,-0.39928,-0.3651,-0.25984,-0.16233,-0.0050809,-0.046669,-0.22176,-0.19377,-0.25629,-0.31107,-0.06406,-0.25869,-0.48436,-0.52341,-0.70189,-0.47929,-0.60093,-0.41657,-0.82189,-0.42279,-0.33186,-0.18814,-0.46367,-0.49481,-0.21049,0.02279,-0.30651,0.064719,-0.40907,-0.16738,-0.60415,-0.39345,-0.21523,-0.10736,-0.30414,-0.21512,-0.34798,-0.2484,-0.45473,-0.30391,-0.026775,-0.0041773,-0.30711,-0.21774,-0.11856,-0.31549
-0.18417,-0.038062,-0.34615,-0.23676,-0.16448,0.010688,-0.055757,0.27641,0.056334,0.30291,-0.30172,-0.14452,-0.30146,-0.27123,-0.16089,-0.052305,0.14201,-0.16138,0.21129,0.22778,0.32712,0.26202,0.25242,0,-0.14917,0.043603,0.11301,0.07157,-0.017057,0.051054,-0.22486,-0.16257,-0.1321,-0.13197,-0.24194,0.16435,-0.2936,-0.29689,-0.15495,-0.11702,-0.019961,0.081502,0.023197,0.24547,-0.3236,-0.11393,-0.37156,-0.1359,-0.052342,-0.019679,-0.022057,-0.0018961,-0.22684,-0.12607,-0.33042,0.11275,0.24726,-0.28333,-0.1108,-0.020183,0.045565,-0.15479,-0.045076,-0.1415,-0.095019,-0.14654,-0.059334,-0.17945,-0.1163,-0.034189,-0.13137,-0.26179,-0.17305,-0.30482,-0.1209,-0.23082,-0.15274,-0.46133,-0.23162,-0.17622,-0.11156,-0.13207,-0.21701,-0.053572,0.11934,0.072851,0.17911,-0.27537,-0.19454,-0.32513,-0.16426,-0.23307,0.084916,-0.020501,-0.017391,-0.013287,0.093723,-0.16833,0.01325,-0.046387,0.067511,-0.0031182,-0.033981,0.0057253,-0.17497
-0.26525,-0.44108,-0.011732,-0.11242,0.028204,-0.67977,0.38735,-0.16085,0.56242,-0.16687,0.72499,0.10194,0.0020738,-0.27114,-0.13116,-0.19879,-0.20845,-0.26253,-0.27055,-0.04912,-0.53941,-0.51434,-0.37594,-0.14917,0,0.68715,-0.78631,-0.55332,-0.033744,0.27523,0.08425,0.20041,-0.013976,0.14055,0.40729,0.22124,0.49746,0.31543,0.63804,0.14104,-0.13878,-0.22753,0.2112,-0.24406,0.15557,0.47116,-0.14175,-0.27415,-0.49691,-0.043173,-0.25021,-0.38476,-0.65079,-0.73762,-0.6569,-0.71148,-0.258,-0.10816,-0.010036,0.28741,-0.21905,-0.046854,-0.055986,-0.22876,-0.30374,-0.22556,-0.19445,0.26765,0.045136,0.031634,0.39631,0.17288,0.082865,-0.012821,0.1512,0.17212,-0.082383,-0.032722,-0.14177,0.10192,0.22625,-0.32669,-0.3006,-0.39692,-0.19889,0.06286,-0.18696,-0.157,-0.28786,-0.20661,-0.15694,-0.11104,-0.29792,-0.26776,-0.21149,0.14153,-0.19887,0.06423,-0.16829,-0.20343,-0.40036,0.31085,-0.12934,-0.41349,-0.14941
-0.2642,-0.2213,-0.10446,-0.090323,0.037759,-0.40172,0.35457,0.12787,0.72707,0.04398,0.44463,0.12987,-0.15945,-0.45811,0.019383,-0.063852,-0.18045,-0.31442,-0.13773,-0.035892,-0.40955,-0.46705,-0.26823,0.043603,0.68715,0,-0.59419,-0.38235,-0.010058,0.39754,0.045439,0.1728,-0.11828,-0.06323,0.25349,0.32816,0.28595,0.17423,0.50485,0.19769,-0.098678,-0.037507,0.20564,-0.094478,0.066407,0.38581,-0.20208,-0.23834,-0.49714,-0.042077,-0.30616,-0.3036,-0.55081,-0.47343,-0.56019,-0.53881,-0.14776,-0.13581,-0.090234,0.37584,0.0048513,0.058356,-0.064208,-0.15849,-0.19059,-0.19821,-0.18162,0.25267,0.15235,0.11742,0.37505,0.10314,0.050335,0.013162,0.13523,0.066519,0.0040292,-0.20037,-0.25147,-0.018509,0.13675,-0.14876,-0.26975,-0.31477,-0.18693,0.037359,-0.15638,-0.22713,-0.37437,-0.18721,-0.18996,-0.11365,-0.23991,-0.15596,-0.025745,0.24618,-0.040951,0.07294,-0.12025,-0.27821,-0.32173,0.28188,0.064889,-0.38241,-0.084887
0.010754,0.18517,-0.58783,-0.41558,-0.26206,0.32769,-0.51538,-0.037374,-0.45581,0.091353,-0.72187,-0.30437,-0.62651,-0.3212,-0.28308,-0.3596,-0.11607,-0.26299,-0.03927,-0.27237,0.42927,0.079769,0.44711,0.11301,-0.78631,-0.59419,0,0.10154,-0.12833,-0.32425,-0.75172,-0.78088,-0.48669,-0.47592,-0.8989,-0.29313,-0.87752,-0.50569,-0.56651,-0.21446,0.073873,0.11989,-0.52103,-0.11153,-0.83435,-0.822,-0.59389,-0.31318,-0.079199,-0.16735,-0.077021,-0.15794,0.17296,0.23617,0.011406,0.32812,0.10168,-0.50053,-0.50811,-0.46679,-0.25896,-0.49044,-0.41655,-0.25208,-0.27604,-0.39894,-0.38722,-0.59614,-0.36671,-0.38783,-0.65156,-0.88665,-0.80028,-0.76711,-0.72332,-0.47555,-0.16458,-0.67929,-0.40433,-0.44566,-0.39528,-0.21628,-0.28081,-0.14135,-0.19464,-0.44874,-0.15037,-0.50767,-0.28283,-0.54348,-0.39787,-0.23777,-0.11514,-0.12137,-0.063134,-0.32879,-0.088849,-0.40034,-0.15053,-0.27218,-0.14043,-0.58267,-0.28242,-0.031078,-0.28843
-0.064548,0.082546,-0.14749,0.019057,-0.12634,0.39719,-0.34387,0.094212,-0.39217,-0.075466,-0.70014,-0.31022,-0.25083,-0.39399,-0.11347,0.046469,-0.012399,0.018331,-0.17257,-0.3048,-0.060986,0.25695,-0.17754,0.07157,-0.55332,-0.38235,0.10154,0,-0.043906,-0.3702,-0.31927,-0.37357,-0.17588,-0.4015,-0.41321,-0.45919,-0.35565,-0.48732,-0.38551,-0.30353,-0.19768,0.062208,-0.42638,-0.091923,-0.37244,-0.37236,-0.3584,-0.22267,0.068659,-0.087694,-0.018042,-0.010377,0.22102,0.30829,0.0022442,0.17332,-0.26645,-0.51667,-0.52705,-0.25035,0.24368,-0.13507,-0.28107,-0.026493,-0.14365,-0.2629,-0.36112,-0.29573,-0.072614,-0.075377,-0.49412,-0.49228,-0.4055,-0.35809,-0.3176,-0.15703,0.0055994,-0.29042,-0.11608,-0.25336,-0.29494,0.27247,0.081887,-0.10654,-0.1375,-0.08962,-0.043291,-0.39647,-0.42714,-0.3982,-0.25879,-0.22872,0.19878,0.0044069,0.061749,-0.092738,0.32909,-0.16412,0.068815,-0.2505,-0.012999,-0.49114,-0.24179,0.09987,-0.080391
0.12274,0.046039,-0.41638,-0.27111,0.071585,-0.12472,0.18547,0.18665,0.057808,-0.16376,-0.23672,-0.1333,-0.46078,-0.55679,-0.23578,-0.38459,-0.1893,-0.62535,-0.24549,-0.12339,-0.15103,-0.26524,0.023864,-0.017057,-0.033744,-0.010058,-0.12833,-0.043906,0,0.35461,-0.40574,-0.3356,-0.25501,-0.053809,-0.098967,0.093782,-0.1545,0.11463,0.12353,0.31309,0.31013,0.28455,-0.00034811,0.0070214,-0.55392,-0.33547,-0.34218,-0.25732,-0.41301,-0.034604,-0.1516,-0.39793,-0.29068,-0.40064,-0.47721,-0.028567,0.14114,-0.27481,-0.17431,-0.23009,-0.32059,-0.17429,-0.14804,-0.13393,-0.32482,-0.20412,-0.28215,0.041906,0.11814,0.16697,-0.066178,-0.32949,-0.45336,-0.47109,-0.28927,-0.10541,-0.14388,-0.52166,-0.16743,-0.21001,0.20297,-0.20158,-0.31474,-0.49529,-0.25453,-0.25573,-0.040233,-0.2427,-0.23573,-0.5375,-0.17177,-0.21375,-0.12853,-0.15283,-0.023879,-0.22835,-0.0036514,-0.45555,-0.11539,-0.29241,-0.27688,-0.49182,-0.44066,-0.50603,-0.32994
-0.086168,-0.11881,-0.35051,-0.209,0.12492,-0.40318,0.41176,0.2308,0.5239,0.0085176,0.16301,0.10917,-0.41982,-0.53274,-0.20045,-0.3604,-0.34008,-0.6703,-0.22751,-0.076629,-0.27967,-0.46747,-0.10007,0.051054,0.27523,0.39754,-0.32425,-0.3702,0.35461,0,-0.25682,-0.14368,-0.28637,0.061134,0.068407,0.49979,0.050476,0.46939,0.48312,0.63049,0.25261,0.18633,0.18221,-0.065171,-0.39797,-0.12304,-0.22086,-0.21763,-0.49979,-0.034707,-0.25464,-0.47751,-0.57805,-0.56186,-0.73232,-0.31865,0.18974,0.061712,0.11116,0.07337,-0.31169,-0.11885,-0.14722,-0.3221,-0.33164,-0.10737,-0.075073,0.1033,0.14687,-0.01528,0.229,-0.11076,-0.17808,-0.22027,-0.039625,-0.050409,-0.090057,-0.41559,-0.19154,-0.1572,0.26919,-0.27768,-0.35995,-0.47091,-0.3245,-0.19726,-0.15379,-0.033893,-0.08999,-0.27127,-0.0339,-0.2563,-0.39237,-0.16869,-0.1365,-0.14069,-0.16395,-0.15114,-0.18957,-0.35455,-0.40428,-0.080776,-0.17523,-0.6873,-0.27795
-0.722,-0.60133,-0.18545,-0.32389,-0.50299,-0.5663,-0.0044884,-0.23418,-0.088916,-0.23159,0.0080954,-0.06383,0.10545,0.0044588,-0.015946,0.30445,-0.15073,-0.20448,-0.19674,-0.11194,-0.39716,-0.12831,-0.38353,-0.22486,0.08425,0.045439,-0.75172,-0.31927,-0.40574,-0.25682,0,0.84579,0.15382,0.052039,0.3505,-0.0091768,0.043647,-0.25024,-0.14382,-0.48061,-0.6211,-0.57383,0.38811,0.10181,0.77951,0.5782,-0.0072585,-0.19086,-0.074155,-0.48737,-0.45892,0.089731,-0.61681,-0.55686,-0.43872,-0.50254,-0.36149,-0.063423,-0.009436,0.0099248,0.1031,0.36398,0.23793,0.10674,0.19117,-0.066837,-0.05949,0.17024,-0.038411,0.29783,0.34729,0.66278,0.55094,0.24465,0.38578,-0.2408,-0.4237,-0.065185,-0.24462,-0.22004,-0.2749,-0.38541,-0.42798,-0.29038,-0.066126,-0.04264,-0.20403,-0.13115,-0.22967,-0.04878,-0.16707,-0.37326,-0.23691,-0.32307,-0.30952,-0.22593,-0.30911,-0.045943,-0.35756,0.1299,0.032367,0.26133,-0.033559,-0.095078,-0.1127
-0.74958,-0.72213,-0.10814,-0.25802,-0.43094,-0.67836,0.01905,-0.28155,-0.056838,-0.3053,0.057868,-0.15834,0.24711,0.091982,-0.010547,0.23037,0.060527,-0.21934,-0.017139,0.12078,-0.3407,-0.14994,-0.29803,-0.16257,0.20041,0.1728,-0.78088,-0.37357,-0.3356,-0.14368,0.84579,0,0.27717,0.17848,0.29937,0.052579,0.13277,-0.15944,-0.10536,-0.45237,-0.60603,-0.62661,0.38992,0.079258,0.52435,0.50797,0.10895,-0.0037181,-0.13284,-0.27624,-0.24304,0.086516,-0.66602,-0.63437,-0.4028,-0.43584,-0.22835,0.038929,0.08919,0.013813,-0.0012962,0.40818,0.28837,0.1895,0.27904,0.15401,0.11741,0.26371,-0.064852,0.2386,0.43437,0.50366,0.46467,0.19262,0.36505,-0.28456,-0.51189,-0.0054735,-0.10616,-0.0019109,-0.069326,-0.32405,-0.27823,-0.1755,0.14345,0.18392,0.034263,0.015428,-0.0957,-0.022168,-0.099567,-0.19124,-0.092493,-0.31506,-0.35046,-0.11979,-0.26183,0.0098211,-0.39748,0.19544,0.12975,0.3792,0.058734,-0.10568,-0.09313
-0.65965,-0.69654,-0.1353,-0.20741,-0.25248,-0.37548,-0.19706,-0.3378,-0.17702,-0.2181,-0.059941,-0.19483,0.67841,0.21736,0.078799,0.13024,0.039344,-0.14324,-0.2549,0.10179,-0.31782,-0.080406,-0.30347,-0.1321,-0.013976,-0.11828,-0.48669,-0.17588,-0.25501,-0.28637,0.15382,0.27717,0,0.47485,0.2829,-0.11761,0.1857,-0.11833,-0.18677,-0.44827,-0.51437,-0.49372,0.082465,0.003096,0.14232,0.17854,-0.032159,-0.014547,0.27193,-0.040307,0.080398,0.18916,-0.33391,-0.31134,-0.21177,-0.17115,-0.20123,-0.043632,0.0095989,-0.023027,0.014095,0.24665,0.23555,0.1294,0.15016,0.16267,0.08705,0.12627,-0.11691,-0.035115,0.11523,0.11202,0.14732,0.042543,0.1038,-0.19096,-0.37514,0.28495,0.38412,0.3965,0.17608,-0.31818,-0.11935,-0.15951,0.42077,0.42078,0.36079,-0.032278,-0.00040736,-0.083961,-0.053253,0.10415,0.29112,0.0075769,-0.10242,-0.19226,-0.15926,-0.13593,-0.47474,0.26979,0.20424,0.14815,0.048461,-0.0050661,-0.11908
-0.50254,-0.69403,-0.25224,-0.29292,-0.2152,-0.61151,0.0093841,-0.31007,-0.048943,-0.26076,0.05235,-0.10311,0.27371,0.17791,-0.11221,-0.13938,-0.15519,-0.44602,-0.28015,0.12219,-0.3313,-0.22679,-0.1941,-0.13197,0.14055,-0.06323,-0.47592,-0.4015,-0.053809,0.061134,0.052039,0.17848,0.47485,0,0.35183,0.14204,0.17117,0.2115,0.001111,-0.18442,-0.24901,-0.42134,0.27787,0.0016961,-0.064734,0.053957,0.019494,-0.029189,0.0035922,-0.057223,-0.0077103,-0.11325,-0.58079,-0.60466,-0.48425,-0.23998,0.05826,0.22063,0.34869,-0.087035,-0.33102,0.085116,0.12149,-0.052587,-0.0065104,0.18945,0.21168,0.14884,-0.10703,-0.044151,0.24493,0.13482,0.1113,-0.1062,0.14621,-0.19573,-0.40118,0.090197,0.30793,0.20181,0.40944,-0.50295,-0.3247,-0.28745,0.16773,0.14985,0.25185,0.1645,0.23478,-0.21101,0.0052735,-0.10526,-0.059823,-0.1197,-0.27478,-0.3385,-0.34691,-0.21891,-0.5921,0.11317,-0.048402,0.049624,-0.17426,-0.34164,-0.26748
-0.46772,-0.51091,-0.098559,-0.17559,-0.094738,-0.57657,0.20249,-0.17577,0.25278,-0.12489,0.35755,0.072236,0.1321,-0.20611,0.06186,0.05255,-0.36369,-0.32265,-0.51169,-0.11423,-0.68154,-0.38299,-0.53818,-0.24194,0.40729,0.25349,-0.8989,-0.41321,-0.098967,0.068407,0.3505,0.29937,0.2829,0.35183,0,0.11938,0.5836,0.25796,0.28429,-0.050409,-0.29403,-0.29309,0.43651,-0.021035,0.29197,0.57642,0.031878,-0.13529,-0.14686,-0.31256,-0.42835,-0.21424,-0.60691,-0.57974,-0.57634,-0.57942,-0.2557,0.12754,0.17997,0.19368,-0.0345,0.23514,0.13423,-0.11161,-0.11919,-0.024316,-0.008562,0.33301,0.14948,0.14462,0.57197,0.61219,0.48572,0.31485,0.51337,0.11532,-0.15407,0.13115,0.043632,0.019864,0.15206,-0.38721,-0.37486,-0.39849,-0.12302,0.052372,-0.14136,0.0057105,-0.10407,-0.011265,0.02636,-0.18576,-0.23042,-0.099967,-0.090842,-0.15842,-0.22027,-0.097019,-0.38585,-0.066119,-0.22805,0.18837,-0.05232,-0.43516,-0.20929
-0.44088,-0.21959,-0.51582,-0.38888,-0.27784,-0.4304,0.16634,0.27014,0.38119,0.064252,0.077184,0.078695,-0.33158,-0.33422,-0.12428,-0.26816,-0.23597,-0.77049,-0.076095,0.02342,-0.081687,-0.39599,0.04755,0.16435,0.22124,0.32816,-0.29313,-0.45919,0.093782,0.49979,-0.0091768,0.052579,-0.11761,0.14204,0.11938,0,-0.075258,0.14268,0.11971,0.12439,-0.054268,-0.092034,0.48365,0.25913,-0.19281,0.035544,-0.35886,-0.3137,-0.26498,-0.16091,-0.29783,-0.060786,-0.70466,-0.58382,-0.54385,-0.21884,0.27081,-0.056594,0.05415,0.14361,-0.13915,-0.010999,0.10408,-0.1852,-0.054231,-0.1519,-0.10934,0.030626,-0.0072436,0.14979,0.29516,-0.012169,-0.082021,-0.25318,-0.087783,-0.24323,-0.26438,-0.45202,-0.35983,-0.26391,0.02105,-0.47521,-0.61907,-0.37055,-0.09653,-0.24467,-0.078895,-0.1867,-0.14212,-0.37344,-0.27665,-0.25491,-0.26453,-0.15412,-0.13989,-0.1904,-0.22247,-0.18119,-0.33133,-0.064171,-0.10112,0.16293,-0.0030663,-0.29014,-0.075206
-0.37978,-0.51824,0.2563,0.11259,0.090708,-0.6005,0.05275,-0.31311,0.22374,-0.18721,0.46566,-0.04955,0.17924,-0.30054,0.013095,-0.060771,-0.22574,-0.093441,-0.44575,-0.13644,-0.78848,-0.44871,-0.70005,-0.2936,0.49746,0.28595,-0.87752,-0.35565,-0.1545,0.050476,0.043647,0.13277,0.1857,0.17117,0.5836,-0.075258,0,0.38542,0.37311,0.013265,-0.33246,-0.30825,0.017657,-0.34647,0.11069,0.39105,0.071792,-0.020731,-0.23435,-0.0959,-0.27113,-0.34709,-0.44291,-0.45842,-0.41341,-0.69338,-0.37951,0.10063,0.040988,0.23792,-0.098826,-0.0024368,-0.097678,-0.28237,-0.32964,-0.040818,-0.042862,0.17851,0.11565,-0.1357,0.25256,0.1751,0.23143,0.20241,0.29977,0.30319,-0.0043551,0.30797,0.13312,0.27424,0.25244,-0.13769,-0.056105,-0.22362,-0.12333,0.24752,-0.11011,0.058319,-0.1103,0.034937,0.055557,-0.022738,-0.15675,-0.14414,-0.14541,0.15301,-0.026316,0.18074,-0.18028,-0.27925,-0.35095,0.18422,-0.04264,-0.37607,-0.13093
-0.13952,-0.22854,-0.081147,-0.024782,0.14672,-0.48729,0.087731,-0.16106,0.3263,-0.11714,0.37288,0.07594,-0.17727,-0.44882,-0.22189,-0.46387,-0.4354,-0.49001,-0.46666,-0.2374,-0.69529,-0.6503,-0.39976,-0.29689,0.31543,0.17423,-0.50569,-0.48732,0.11463,0.46939,-0.25024,-0.15944,-0.11833,0.2115,0.25796,0.14268,0.38542,0,0.49479,0.46076,0.024753,-0.046284,0.016502,-0.3104,-0.27399,-0.041047,-0.010221,-0.13598,-0.45721,-0.05566,-0.23825,-0.59548,-0.54395,-0.4896,-0.50623,-0.53169,-0.11287,0.18038,0.090716,0.012325,-0.3891,-0.20323,-0.25776,-0.44285,-0.48796,-0.084531,-0.10272,-0.026175,0.0045476,-0.19028,0.23857,-0.035248,-0.092827,-0.080924,0.045691,0.11599,0.0038514,-0.060756,0.020487,0.037063,0.46439,-0.26072,-0.2141,-0.36732,-0.302,-0.14593,-0.20074,0.059786,-0.013606,-0.16246,0.021649,-0.14507,-0.37497,-0.12572,-0.079043,-0.10077,-0.15495,0.0054809,-0.35981,-0.39607,-0.55939,-0.065904,-0.14973,-0.74075,-0.21254
-0.0080065,-0.23056,-0.079858,-0.034255,0.40952,-0.44783,0.5659,-0.017191,0.76529,-0.00086657,0.63471,0.3973,-0.21409,-0.51288,-0.12827,-0.22693,-0.43965,-0.28901,-0.50053,-0.27447,-0.60872,-0.5503,-0.39845,-0.15495,0.63804,0.50485,-0.56651,-0.38551,0.12353,0.48312,-0.14382,-0.10536,-0.18677,0.001111,0.28429,0.11971,0.37311,0.49479,0,0.62441,0.18653,0.15195,0.031167,-0.36025,-0.099396,0.15243,-0.16941,-0.35591,-0.59573,-0.039173,-0.28406,-0.63491,-0.43995,-0.50364,-0.70404,-0.71795,-0.28703,-0.08368,-0.065415,0.27748,-0.23193,-0.1099,-0.21595,-0.3254,-0.52759,-0.29629,-0.27815,0.22381,0.22253,-0.096049,0.27455,0.022642,-0.068652,-0.012895,0.10566,0.37603,0.20597,-0.1222,-0.075673,0.0084065,0.27898,-0.26168,-0.22718,-0.55703,-0.43197,-0.086998,-0.33313,-0.17635,-0.32276,-0.169,-0.0027997,-0.18318,-0.45372,-0.13467,-0.074184,0.020909,-0.15433,-0.015717,-0.12292,-0.41388,-0.6486,0.052483,-0.16679,-0.66665,-0.25285
0.19137,0.077443,-0.29383,-0.12161,0.44834,-0.20655,0.29378,0.16711,0.49122,0.10644,0.1981,0.25748,-0.55223,-0.77909,-0.20082,-0.45655,-0.55941,-0.48841,-0.49095,-0.36758,-0.41092,-0.59262,-0.21429,-0.11702,0.14104,0.19769,-0.21446,-0.30353,0.31309,0.63049,-0.48061,-0.45237,-0.44827,-0.18442,-0.050409,0.12439,0.013265,0.46076,0.62441,0,0.52531,0.53546,-0.13915,-0.32524,-0.49771,-0.24272,-0.32932,-0.40042,-0.6066,-0.062919,-0.31876,-0.70675,-0.28766,-0.31031,-0.57457,-0.41863,-0.097567,-0.13817,-0.17319,0.078414,-0.31896,-0.293,-0.35548,-0.47359,-0.64774,-0.37254,-0.36985,-0.035263,0.15753,-0.21741,0.010636,-0.27987,-0.37267,-0.24725,-0.19591,0.16885,0.23371,-0.38339,-0.22344,-0.2216,0.15044,-0.24596,-0.2921,-0.58573,-0.58145,-0.35949,-0.4078,-0.24178,-0.31639,-0.2831,-0.082924,-0.21202,-0.51921,-0.060978,0.035766,-0.094767,-0.088612,-0.16379,-0.09022,-0.57217,-0.71726,-0.24672,-0.24083,-0.75092,-0.29934
0.48536,0.059438,-0.45561,-0.26142,0.39433,-0.07194,0.25351,0.07868,0.094508,0.0038292,-0.14175,0.086198,-0.64043,-0.5457,-0.29769,-0.45566,-0.48835,-0.44211,-0.41946,-0.26621,-0.095441,-0.3305,0.082813,-0.019961,-0.13878,-0.098678,0.073873,-0.19768,0.31013,0.25261,-0.6211,-0.60603,-0.51437,-0.24901,-0.29403,-0.054268,-0.33246,0.024753,0.18653,0.52531,0,0.58064,-0.1959,-0.2415,-0.66031,-0.4552,-0.38789,-0.36627,-0.49641,-0.19793,-0.21597,-0.63286,-0.0301,-0.20953,-0.44559,-0.12079,0.064934,-0.25378,-0.16846,-0.1016,-0.44748,-0.33553,-0.41943,-0.2368,-0.46794,-0.33407,-0.32077,-0.12062,-0.081198,-0.2647,-0.2008,-0.41017,-0.5206,-0.41116,-0.339,0.070563,0.11774,-0.51499,-0.20846,-0.35106,-0.014028,-0.41246,-0.35685,-0.51567,-0.46471,-0.41983,-0.31471,-0.27856,-0.26089,-0.40808,-0.12823,-0.14009,-0.46339,-0.060045,-0.078095,-0.28283,-0.21628,-0.3965,-0.17306,-0.33215,-0.55736,-0.40237,-0.30091,-0.64048,-0.37511
0.34652,0.39837,-0.43377,-0.1924,0.3556,0.24454,0.097863,0.38016,0.17156,0.31523,-0.17643,0.1724,-0.66319,-0.78076,-0.13641,-0.26282,-0.4266,-0.3317,-0.38422,-0.38994,-0.15735,-0.23672,-0.03373,0.081502,-0.22753,-0.037507,0.11989,0.062208,0.28455,0.18633,-0.57383,-0.62661,-0.49372,-0.42134,-0.29309,-0.092034,-0.30825,-0.046284,0.15195,0.53546,0.58064,0,-0.288,-0.18142,-0.59273,-0.40441,-0.4589,-0.44208,-0.42906,-0.082598,-0.25405,-0.51078,-0.0058808,0.030456,-0.39271,-0.13835,-0.10473,-0.37795,-0.39933,-0.08165,-0.11083,-0.26282,-0.34735,-0.31499,-0.52478,-0.44612,-0.47267,-0.1447,0.14488,-0.1718,-0.20368,-0.43288,-0.50913,-0.30905,-0.30728,0.0033033,0.25831,-0.55201,-0.27267,-0.34473,-0.070637,-0.10805,-0.22671,-0.5175,-0.51657,-0.3769,-0.35351,-0.45726,-0.48368,-0.32705,-0.12504,-0.26249,-0.32956,0.08599,0.27855,-0.15696,0.050209,-0.33099,0.011636,-0.51222,-0.49605,-0.44817,-0.24413,-0.49051,-0.35717
-0.48861,-0.41546,-0.41684,-0.45765,-0.34805,-0.55792,0.25033,0.015969,0.18465,-0.11552,0.027752,-0.077095,-0.11786,-0.15917,-0.091864,-0.041825,-0.19361,-0.57931,-0.17856,0.11094,-0.2129,-0.18772,-0.093012,0.023197,0.2112,0.20564,-0.52103,-0.42638,-0.00034811,0.18221,0.38811,0.38992,0.082465,0.27787,0.43651,0.48365,0.017657,0.016502,0.031167,-0.13915,-0.1959,-0.288,0,0.48421,0.11325,0.31107,-0.10543,-0.1221,-0.13601,-0.43768,-0.41914,-0.046736,-0.77119,-0.74421,-0.64708,-0.24395,0.14795,0.063511,0.28415,0.043632,-0.088205,0.2717,0.28938,0.064274,0.1659,0.059742,0.090479,0.22635,-0.02713,0.44361,0.63226,0.48481,0.32514,0.045136,0.28469,-0.20567,-0.45091,-0.27653,-0.23379,-0.23809,-0.036596,-0.57391,-0.66869,-0.37737,-0.024449,-0.11019,-0.05352,-0.020738,-0.02442,-0.18446,-0.092138,-0.28268,-0.21796,-0.235,-0.22227,-0.33247,-0.34158,-0.22088,-0.45271,0.22063,0.036551,0.19201,-0.026227,-0.34228,-0.21498
