,,,,,,,,,,,,,,,,,,,,,,,,,,,,,,,,,,,,,,,,,,,,,,,,,,,,,,,,,,,,,,,,,,,,,,,,,,,,,,,,,,,,,,,,,,,,,,,,,,,,,,,,
0,0.27716,0.13816,0.19576,0.24889,-0.012145,0.018156,-0.11733,-0.031598,-0.14812,-0.23732,-0.1325,-0.32393,-0.50731,-0.38401,-0.3047,-0.05661,0.14937,-0.23467,-0.33487,-0.40721,-0.0063531,-0.34935,-0.17422,-0.12314,-0.086704,-0.14907,0.38877,0.054912,-0.13822,-0.41457,-0.3927,-0.5974,-0.54152,-0.3676,-0.4822,-0.16929,-0.096049,0.11632,0.14725,0.37344,0.18536,-0.42265,-0.42669,-0.17533,-0.14655,-0.20295,-0.32794,-0.51009,-0.12995,-0.056617,-0.58093,0.070322,-0.13213,-0.27533,-0.18929,-0.36106,-0.43414,-0.29987,-0.13734,-0.10243,-0.45788,-0.6283,-0.22373,-0.53691,-0.33333,-0.39622,-0.2258,-0.22196,-0.15077,-0.39933,-0.23534,-0.27803,-0.20228,-0.16325,0.33029,0.21846,-0.12678,-0.028582,-0.20414,-0.15517,0.20172,0.17733,-0.145,-0.27898,-0.053696,-0.19451,-0.27151,-0.40622,-0.3403,-0.18858,-0.25845,-0.1652,-0.27772,-0.070242,0.004386,0.11834,-0.05787,0.16758,-0.42775,-0.59589,-0.4895,-0.39142,-0.41686,-0.19409
0.27716,0,-0.35837,-0.17827,0.094532,0.50615,-0.22659,0.46175,-0.1033,0.033186,-0.24685,0.056129,-0.54746,-0.52985,-0.24536,-0.21265,-0.13629,-0.24173,0.14098,-0.27428,-0.10622,-0.06724,-0.0024334,0.17904,-0.25911,-0.096343,0.076653,0.31017,0.16638,0.052829,-0.16104,-0.2655,-0.55371,-0.45169,-0.41136,0.087545,-0.34315,-0.090637,-0.11938,0.24253,0.019067,0.40405,-0.44439,0.0090416,-0.2402,-0.28153,-0.50887,-0.52016,-0.26805,-0.084065,-0.087318,-0.32307,-0.20417,-0.0027904,-0.35204,-0.14092,-0.3634,-0.58039,-0.49375,-0.14281,0.19141,-0.35331,-0.37739,-0.3657,-0.3389,-0.55658,-0.4681,-0.27941,-0.094328,0.16877,-0.50414,-0.3528,-0.37872,-0.44624,-0.4435,-0.13879,0.10988,-0.55461,-0.49279,-0.55353,-0.35034,-0.11516,-0.24593,-0.35089,-0.42072,-0.45431,-0.29979,-0.54094,-0.56639,-0.49157,-0.33459,-0.48995,-0.057222,-0.17618,0.22696,-0.076988,0.14488,-0.32208,0.43607,-0.47887,-0.34566,-0.52856,-0.50553,-0.17423,0.064843
0.13816,-0.35837,0,0.95031,-0.015256,-0.50497,-0.10843,-0.55473,0.18177,-0.19633,0.15723,-0.096769,0.12261,-0.15747,-0.22865,-0.32644,0.14376,0.35707,-0.29431,-0.12373,-0.81826,-0.36059,-0.705,-0.52428,0.24211,0.07022,-0.5917,-0.22602,-0.23684,-0.17304,-0.45515,-0.20737,-0.2072,-0.13978,0.034942,-0.47973,0.38131,0.22808,0.32408,0.0075771,-0.077134,-0.39204,-0.19876,-0.86426,-0.041121,0.10846,0.22855,0.024706,-0.61578,0.031911,0.0014936,-0.50832,-0.1362,-0.337,-0.094742,-0.45088,-0.32488,0.13187,0.15705,0.023977,-0.28241,-0.41378,-0.36826,-0.20976,-0.44226,0.073695,0.016983,-0.13501,-0.24326,-0.46931,-0.0091727,0.033019,0.10448,0.11522,0.18563,0.63724,0.25,0.54304,0.52757,0.46359,0.41156,0.484,0.72504,0.32491,0.1067,0.65393,0.13587,0.16133,-0.020757,0.062424,0.13785,0.054359,-0.084949,-0.26849,-0.19766,0.12534,-0.05167,0.1306,-0.25813,-0.29434,-0.46158,-0.096117,0.017828,-0.5566,-0.2429
0.19576,-0.17827,0.95031,0,0.083035,-0.27805,-0.16998,-0.29052,0.14659,-0.10017,0.087968,0.013741,0.066373,-0.19136,-0.22987,-0.34071,0.11985,0.33354,-0.23206,-0.10975,-0.64564,-0.38088,-0.53893,-0.35761,0.12451,0.025689,-0.49445,-0.12268,-0.090998,-0.12539,-0.47036,-0.24322,-0.20453,-0.18338,-0.064435,-0.36536,0.29182,0.24991,0.25544,0.12163,-0.021027,-0.21255,-0.28588,-0.66504,-0.10048,0.019045,0.11873,0.0048086,-0.44624,0.023285,0.04743,-0.36908,-0.028094,-0.15595,-0.017981,-0.30472,-0.36635,0.03562,0.10093,0.12303,-0.078321,-0.41249,-0.35799,-0.18307,-0.34472,0.043284,0.023045,-0.23275,-0.26755,-0.40291,-0.1292,-0.085449,0.0032276,0.048035,0.038673,0.63601,0.40847,0.41163,0.49138,0.27807,0.36281,0.46833,0.81298,0.3957,0.13457,0.49484,0.16621,0.08968,-0.04692,0.045215,0.17983,0.14547,0.055466,-0.12243,0.0035991,0.17722,0.075079,0.089104,-0.095406,-0.24025,-0.35748,-0.099005,0.090787,-0.42343,-0.021719
0.24889,0.094532,-0.015256,0.083035,0,0.19755,0.14011,0.176,0.084449,-0.054293,0.074577,0.28611,-0.28672,-0.49168,0.056064,-0.018987,-0.33211,0.11512,-0.36217,-0.51734,-0.47367,-0.34231,-0.26306,0.008211,0.020028,0.10745,-0.19235,0.10585,0.031001,0.19459,-0.15022,-0.047947,-0.28484,-0.22117,-0.11549,-0.072187,0.12864,0.17897,0.3439,0.47074,0.39026,0.39173,-0.54521,-0.52282,-0.13527,-0.065163,-0.29748,-0.33142,-0.21948,-0.20232,-0.15902,-0.44685,0.10282,0.10433,-0.20224,-0.4156,-0.59372,-0.35384,-0.4111,0.30537,0.22753,-0.020036,-0.43426,-0.1186,-0.33203,-0.36764,-0.37256,-0.0017923,-0.057943,-0.13371,-0.18339,-0.29168,-0.25145,-0.23521,-0.22099,0.2975,0.3681,-0.11856,-0.078241,-0.22118,-0.070453,-0.24592,-0.090795,-0.30533,-0.36622,-0.13812,-0.34873,-0.36245,-0.52053,-0.32649,-0.18483,-0.064777,-0.12838,-0.015635,0.073753,-0.000663,-0.039744,0.062169,0.095115,-0.37219,-0.47853,-0.14575,-0.030272,-0.29894,0.23376
-0.012145,0.50615,-0.50497,-0.27805,0.19755,0,-0.31027,0.58144,-0.36112,-0.077411,-0.31522,0.20091,-0.43646,-0.29094,-0.078132,0.045048,-0.21619,-0.11438,-0.038388,-0.29501,-0.042789,-0.030513,0.036523,0.16508,-0.46624,-0.3151,0.22186,0.27108,0.13551,-0.053259,-0.052851,-0.10354,-0.13211,-0.079926,-0.29128,0.16096,-0.27749,-0.043569,-0.26207,0.078518,-0.10593,0.32086,-0.56904,0.089578,-0.27583,-0.41449,-0.34055,-0.31637,0.048698,-0.15515,-0.040232,-0.1391,-0.068508,0.21043,-0.12568,-0.11304,-0.52351,-0.44359,-0.43291,-0.14183,0.33409,-0.061768,-0.1306,-0.1192,-0.070861,-0.33247,-0.22967,-0.21437,-0.0065936,0.17391,-0.4091,-0.37481,-0.34455,-0.40984,-0.44178,-0.25045,-0.010666,-0.53788,-0.37701,-0.47093,-0.27096,-0.38257,-0.32,-0.39902,-0.3242,-0.49922,-0.25781,-0.43712,-0.4121,-0.29318,-0.10521,-0.27862,0.17839,0.027635,0.3185,-0.36686,-0.14616,-0.4213,0.1138,-0.17491,-0.044734,-0.36252,-0.21622,-0.033558,0.26749
0.018156,-0.22659,-0.10843,-0.16998,0.14011,-0.31027,0,-0.012153,0.23522,-0.1936,0.042607,-0.033602,-0.23946,-0.30175,-0.13373,-0.076762,-0.48549,-0.09094,-0.33092,-0.39447,-0.24305,-0.27927,-0.19072,-0.037288,0.25224,0.26868,-0.50635,-0.31504,0.047364,0.23722,0.11354,0.063131,-0.31534,-0.22722,0.049667,-0.10116,-0.046075,-0.1899,0.2783,0.023103,0.28918,0.12717,0.14594,-0.22625,0.035532,0.14005,-0.19185,-0.21629,-0.23499,-0.37574,-0.53624,-0.18068,-0.12447,-0.22863,-0.52078,-0.30817,-0.21637,-0.33938,-0.29839,0.098401,-0.097703,0.15138,-0.083955,-0.040115,-0.25233,-0.33675,-0.36354,0.13153,-0.023336,0.060748,0.23665,0.0077229,-0.12384,-0.028728,0.028422,-0.051634,-0.17204,-0.21314,-0.30784,-0.33022,-0.19544,-0.23782,-0.3022,-0.37309,-0.47726,-0.24236,-0.68859,-0.29407,-0.36078,-0.22089,-0.21677,-0.14425,-0.58555,-0.11891,-0.27966,0.025478,-0.24978,0.065149,-0.033682,-0.15206,-0.29094,0.18123,-0.10207,-0.26776,-0.13728
-0.11733,0.46175,-0.55473,-0.29052,0.176,0.58144,-0.012153,0,-0.074511,0.079545,-0.16481,0.26845,-0.5132,-0.36559,-0.011009,-0.01028,-0.41469,-0.2813,0.039532,-0.30861,0.068741,-0.22681,0.17827,0.42009,-0.2236,-0.043255,0.0062074,-0.0078394,0.23397,0.2818,0.090212,-0.029959,-0.28994,-0.2,-0.25139,0.4627,-0.27607,-0.083338,-0.12507,0.24412,0.0284,0.53379,-0.27216,0.19118,-0.21816,-0.25026,-0.52168,-0.38251,0.099414,-0.28026,-0.31306,0.01707,-0.14146,0.16774,-0.32982,-0.09749,-0.35959,-0.50428,-0.4757,0.11994,0.52604,0.055415,-0.019577,-0.18397,-0.045397,-0.48309,-0.33205,-0.14338,0.024123,0.2544,-0.23569,-0.3444,-0.34837,-0.39534,-0.44542,-0.30146,-0.0080434,-0.6039,-0.58206,-0.73844,-0.3724,-0.43027,-0.47674,-0.42158,-0.46084,-0.61406,-0.4942,-0.54432,-0.4885,-0.35111,-0.22173,-0.26435,-0.096472,0.08203,0.2695,-0.13791,-0.074285,-0.28873,0.32058,-0.18706,-0.028407,-0.10512,-0.13753,0.017296,0.37352
-0.031598,-0.1033,0.18177,0.14659,0.084449,-0.36112,0.23522,-0.074511,0,0.17689,0.68227,0.27424,-0.09288,-0.37501,-0.06402,-0.19632,-0.2337,0.02934,-0.20311,-0.29023,-0.57814,-0.56317,-0.39919,-0.084351,0.71746,0.86638,-0.65007,-0.40528,-0.23134,0.21132,-0.037521,0.0072056,-0.37005,-0.31675,0.17596,0.032086,0.30262,0.15387,0.76074,0.34726,0.0048887,-0.031256,0.014316,-0.50236,0.20766,0.50214,-0.28083,-0.40263,-0.49839,-0.04147,-0.26574,-0.39623,-0.41849,-0.34084,-0.60581,-0.66383,-0.37398,-0.24063,-0.19172,0.44141,0.059379,-0.24087,-0.29589,-0.41897,-0.4796,-0.47128,-0.3896,-0.001275,-0.1104,-0.18429,0.11659,0.084616,0.070599,0.024844,0.065732,0.30136,0.27418,0.032021,-0.18735,-0.036633,-0.012072,0.0037886,-0.06861,-0.16044,-0.29765,0.059634,-0.39924,-0.33058,-0.41349,-0.18647,-0.246,-0.14706,-0.3896,-0.25139,-0.025209,0.4372,0.047962,0.28189,0.11694,-0.44282,-0.6512,0.15754,-0.041514,-0.35782,-0.048661
-0.14812,0.033186,-0.19633,-0.10017,-0.054293,-0.077411,-0.1936,0.079545,0.17689,0,0.19698,0.33669,-0.066468,-0.13312,0.15304,0.14646,-0.27078,0.032385,-0.039634,-0.15897,-0.074518,-0.075043,0.21323,0.36381,-0.070759,0.074365,-0.15311,-0.19984,-0.29206,-0.12163,0.051991,-0.10389,-0.33728,-0.52276,-0.19404,-0.074125,-0.18071,-0.19292,-0.02491,0.17277,0.019249,0.19907,-0.12601,-0.10248,0.15551,0.22031,-0.49812,-0.3616,0.0055226,-0.29337,-0.31384,-0.15975,-0.15875,0.14593,-0.49487,-0.19563,-0.20992,-0.28406,-0.1826,0.30448,0.4015,-0.15642,-0.25099,-0.28713,-0.14198,-0.51172,-0.28424,-0.21431,-0.30065,-0.23939,-0.23904,-0.033886,0.082503,-0.048093,-0.035948,-0.051393,0.37388,-0.0674,-0.1836,-0.38117,-0.35885,-0.24801,-0.23617,-0.059255,-0.18698,-0.042308,-0.26382,-0.4846,-0.31849,-0.17384,-0.22016,-0.23032,-0.21243,-0.066081,0.29852,0.22849,0.24528,-0.030462,0.35454,-0.27385,-0.3335,-0.016298,-0.13188,-0.12827,-0.053106
-0.23732,-0.24685,0.15723,0.087968,0.074577,-0.31522,0.042607,-0.16481,0.68227,0.19698,0,0.4523,0.194,-0.091329,0.070562,-0.034265,-0.17261,0.074773,-0.19219,-0.23404,-0.6361,-0.55457,-0.28714,-0.097685,0.73757,0.50628,-0.68376,-0.58443,-0.34507,0.017355,0.16311,0.21306,-0.1073,-0.18576,0.34325,0.00092529,0.40422,0.15095,0.52268,0.15596,-0.19339,-0.14107,0.0041456,-0.51201,0.45823,0.7273,-0.18797,-0.32121,-0.36896,-0.038571,-0.18791,-0.33127,-0.37215,-0.18152,-0.40115,-0.79163,-0.47543,-0.097655,-0.13917,0.44028,0.079079,-0.097279,-0.26849,-0.25697,-0.29947,-0.32855,-0.25607,-0.015402,-0.21123,-0.17502,0.22674,0.28131,0.31761,0.229,0.20191,0.23539,0.32022,0.21735,-0.078504,0.081513,0.050621,-0.17863,-0.11654,-0.087856,-0.1285,0.1779,-0.30373,-0.28597,-0.35068,-0.00037886,-0.13265,-0.03264,-0.27348,-0.065652,0.10797,0.37706,-0.015759,0.23045,0.00019671,-0.30505,-0.53675,0.24097,0.024072,-0.25944,0.027249
-0.1325,0.056129,-0.096769,0.013741,0.28611,0.20091,-0.033602,0.26845,0.27424,0.33669,0.4523,0,-0.050388,-0.12578,0.13653,0.19564,-0.25584,0.19859,-0.12945,-0.29149,-0.43359,-0.35165,-0.10243,0.13082,0.14583,0.20693,-0.37223,-0.26568,-0.14092,0.058592,0.2473,0.25814,-0.071422,-0.10498,0.14303,0.18547,0.15009,0.18486,0.26255,0.32077,-0.095449,0.16891,-0.21889,-0.23207,0.2724,0.27999,-0.27524,-0.36709,-0.12912,-0.20052,-0.21016,-0.22979,-0.26567,0.053062,-0.43016,-0.58198,-0.81563,-0.29945,-0.27338,0.42294,0.59426,0.05277,-0.095612,-0.15319,-0.16559,-0.43284,-0.25595,-0.026119,-0.092248,0.021435,0.057557,0.10329,0.14174,0.0076864,-0.0038031,0.083815,0.39381,-0.054781,-0.13133,-0.20202,-0.041317,-0.34273,-0.18052,-0.21018,-0.21632,-0.054942,-0.32912,-0.47929,-0.46752,-0.0975,-0.045936,-0.1433,-0.078642,0.034993,0.49029,0.069855,-0.061528,-0.058774,0.14303,-0.18429,-0.30069,0.11509,0.060399,-0.20113,0.26582
-0.32393,-0.54746,0.12261,0.066373,-0.28672,-0.43646,-0.23946,-0.5132,-0.09288,-0.066468,0.194,-0.050388,0,0.62384,-0.21614,-0.18694,-0.075261,0.078278,-0.29982,0.025485,-0.25684,-0.17647,-0.13636,-0.22605,0.06901,-0.2309,-0.50147,-0.5569,-0.31462,-0.60533,-0.021311,-0.077731,0.29955,-0.13692,0.071036,-0.4872,-0.019715,-0.30016,-0.13262,-0.44755,-0.3539,-0.37783,0.03154,-0.33578,0.30667,0.22527,-0.0042986,-0.035882,-0.054439,-0.0048377,0.096514,0.028939,0.0082037,0.086474,0.12113,-0.11259,-0.18651,-0.0357,0.015162,-0.071211,-0.22751,-0.15336,-0.18979,0.055328,-0.015198,0.0036137,-0.028939,-0.37475,-0.68832,-0.33763,-0.022476,0.17473,0.18199,0.39063,0.15797,0.0032057,0.00043714,0.5734,0.28618,0.20659,0.0070526,-0.15855,0.030483,0.24946,0.28023,0.28451,0.011162,-0.062788,0.051466,0.21632,0.040348,0.31248,0.011169,0.30354,0.075407,0.12478,-0.063983,-0.0094933,-0.21362,0.18023,-0.11991,0.18462,-0.041179,0.061601,-0.07148
-0.50731,-0.52985,-0.15747,-0.19136,-0.49168,-0.29094,-0.30175,-0.36559,-0.37501,-0.13312,-0.091329,-0.12578,0.62384,0,-0.20301,-0.091576,-0.14046,-0.019599,-0.15953,0.068012,0.038221,0.0042403,0.087815,-0.13975,-0.20287,-0.53361,-0.29718,-0.61707,-0.35861,-0.6578,0.10927,-0.030942,0.33231,-0.0084733,-0.092413,-0.34311,-0.3256,-0.48991,-0.48998,-0.7217,-0.46043,-0.4355,0.083079,-0.00014571,0.16418,-0.012663,-0.02609,-0.015737,0.18887,-0.2587,-0.093989,0.28689,-0.0068559,0.11916,0.090955,0.037434,-0.14276,-0.045856,-0.0079633,-0.21722,-0.19334,0.03186,0.11653,0.14173,0.21641,0.027431,0.040319,-0.36058,-0.58169,-0.20876,0.016386,0.16904,0.15124,0.23522,0.033179,-0.33463,-0.26655,0.25369,0.12096,-0.061098,-0.20402,-0.38378,-0.18274,0.13971,0.22452,0.021784,-0.057776,-0.090724,0.080085,0.21286,0.05127,0.085323,-0.070416,0.34307,-0.021209,-0.20841,-0.33142,-0.30822,-0.33663,0.52649,0.25394,0.17196,-0.056064,0.20283,-0.15417
-0.38401,-0.24536,-0.22865,-0.22987,0.056064,-0.078132,-0.13373,-0.011009,-0.06402,0.15304,0.070562,0.13653,-0.21614,-0.20301,0,0.50591,-0.19503,-0.079443,-0.19024,-0.32266,-0.2066,-0.36069,-0.0277,-0.13096,-0.13958,0.023088,-0.11594,-0.183,-0.30785,-0.059036,-0.038592,0.0805,-0.21725,-0.19835,-0.17343,-0.022921,-0.045711,-0.03511,-0.067087,0.12202,-0.085558,-0.048435,-0.36558,-0.22927,-0.11435,-0.10568,-0.30354,-0.26401,-0.098185,-0.29729,-0.39371,-0.18783,-0.10294,-0.061419,-0.26449,-0.37631,-0.38254,-0.15824,-0.37245,0.26014,0.28658,0.34311,0.11366,0.048319,0.10647,-0.2656,-0.25365,0.41378,0.19621,-0.20096,-0.06222,-0.20125,-0.15724,-0.25793,-0.25504,-0.16432,0.054796,-0.092017,-0.16207,-0.2283,-0.21839,-0.35216,-0.28424,-0.37215,-0.26151,-0.11007,-0.22983,-0.35821,-0.41977,-0.21511,-0.20975,-0.13541,-0.13633,-0.17809,-0.032727,-0.17524,-0.16427,-0.26097,-0.16802,-0.2439,-0.075735,-0.17448,-0.0034753,-0.2257,-0.17549
-0.3047,-0.21265,-0.32644,-0.34071,-0.018987,0.045048,-0.076762,-0.01028,-0.19632,0.14646,-0.034265,0.19564,-0.18694,-0.091576,0.50591,0,-0.2037,0.056144,-0.19276,-0.2618,-0.11732,-0.038694,0.069528,-0.057098,-0.25146,-0.076697,-0.079861,-0.11118,-0.23075,-0.18878,0.19797,0.16393,-0.057652,-0.094301,-0.0016029,-0.088834,-0.11441,-0.16445,-0.15854,-0.086339,-0.1696,-0.021303,-0.13781,0.016174,0.0089396,-0.049652,-0.090475,-0.050665,-0.022731,-0.41967,-0.40462,-0.17211,-0.12047,-0.028815,-0.37545,-0.3149,-0.36311,-0.091992,-0.17476,-0.021981,0.2235,0.44575,0.16834,0.2578,0.18326,-0.14117,-0.038286,0.3524,0.2355,0.071917,0.059218,0.069987,0.091509,-0.025704,0.049958,-0.26331,-0.081695,-0.25787,-0.23228,-0.26528,-0.19847,-0.36894,-0.33035,-0.33699,-0.27067,-0.14401,-0.25069,-0.25243,-0.22983,-0.0077156,0.028939,-0.19977,-0.13281,-0.18843,0.06045,-0.25549,-0.22444,-0.34985,-0.17961,-0.078161,-0.019446,-0.14005,-0.028757,-0.30497,-0.24268
-0.05661,-0.13629,0.14376,0.11985,-0.33211,-0.21619,-0.48549,-0.41469,-0.2337,-0.27078,-0.17261,-0.25584,-0.075261,-0.14046,-0.19503,-0.2037,0,-0.069418,0.25914,0.37818,-0.35135,-0.184,-0.32172,-0.54481,-0.15353,-0.14439,-0.2831,-0.10793,-0.24324,-0.42184,-0.23184,0.036611,-0.096827,-0.16854,-0.18644,-0.34399,-0.044363,-0.032363,-0.21329,-0.2731,-0.48941,-0.46882,-0.21643,-0.222,-0.0070453,-0.1039,0.19528,0.020888,-0.53202,0.1532,0.12818,-0.215,-0.26311,-0.41338,0.11866,-0.28993,-0.25305,0.045536,-0.023125,-0.3169,-0.23916,-0.31788,-0.18327,-0.047168,-0.047343,0.19347,0.059349,-0.14014,-0.14547,-0.16117,-0.13687,0.033871,0.029332,0.086037,-0.026833,-0.052989,-0.13397,0.022396,0.083378,0.27518,0.15488,0.35295,0.37494,0.20005,0.47096,0.32051,0.47383,0.086496,-0.072398,0.17979,0.063335,-0.021187,0.14434,-0.32027,-0.076522,-0.015489,0.072333,-0.136,-0.20717,-0.16876,-0.10142,-0.33875,-0.065557,-0.20741,-0.22439
0.14937,-0.24173,0.35707,0.33354,0.11512,-0.11438,-0.09094,-0.2813,0.02934,0.032385,0.074773,0.19859,0.078278,-0.019599,-0.079443,0.056144,-0.069418,0,-0.42037,-0.27358,-0.50542,0.004386,-0.40095,-0.1954,-0.05312,-0.11923,-0.27514,-0.082439,-0.32668,-0.33299,-0.22744,-0.1361,-0.12464,-0.1092,-0.050905,-0.47341,0.10803,0.024509,0.14622,-0.018739,0.033908,-0.12436,-0.32291,-0.54006,0.082452,0.10013,0.06877,-0.09182,-0.23585,-0.15045,-0.056209,-0.40908,-0.015438,-0.025842,-0.234,-0.3817,-0.5853,-0.11679,0.0065426,0.071138,0.048814,-0.21069,-0.22463,-0.10034,-0.27995,-0.12293,-0.034673,-0.14741,-0.24006,-0.3997,-0.095492,0.051619,0.15864,0.11283,0.20158,0.3772,0.28648,0.29372,0.33054,0.12088,0.051189,0.051364,0.26751,0.070387,-0.047299,0.3267,-0.12802,-0.12061,-0.15394,0.085447,0.24323,-0.051284,0.00561,-0.12679,0.01946,-0.12444,-0.22661,-0.014885,-0.16657,-0.099527,-0.31031,-0.02982,0.031941,-0.38592,-0.18662
-0.23467,0.14098,-0.29431,-0.23206,-0.36217,-0.038388,-0.33092,0.039532,-0.20311,-0.039634,-0.19219,-0.12945,-0.29982,-0.15953,-0.19024,-0.19276,0.25914,-0.42037,0,0.29152,0.0010929,-0.14008,0.20246,0.02515,-0.1722,-0.068355,-0.20754,-0.26799,-0.12085,-0.019329,0.11657,0.16678,-0.2825,-0.27767,-0.32852,0.10695,-0.37446,-0.18883,-0.34468,-0.1596,-0.36519,-0.12913,-0.062446,0.16211,-0.03374,-0.11733,-0.16938,-0.16342,-0.25718,-0.12905,-0.1843,-0.027066,-0.46137,-0.22889,-0.16883,-0.1627,-0.10687,-0.14326,-0.19943,-0.25427,-0.052909,-0.13636,-0.070278,-0.18552,-0.0022513,-0.11448,-0.11435,-0.20598,-0.18707,0.10691,-0.098955,-0.024546,-0.0499,-0.11765,-0.17977,-0.50325,-0.23931,-0.35011,-0.32044,-0.26677,-0.15145,-0.079936,-0.13899,0.001224,0.053652,-0.13421,0.059604,-0.21368,-0.23707,-0.094861,-0.21842,-0.37467,-0.16261,-0.22404,-0.048246,-0.038585,0.019271,-0.28111,0.0012896,-0.18823,0.0068631,-0.17392,-0.15183,-0.096789,-0.081882
-0.33487,-0.27428,-0.12373,-0.10975,-0.51734,-0.29501,-0.39447,-0.30861,-0.29023,-0.15897,-0.23404,-0.29149,0.025485,0.068012,-0.32266,-0.2618,0.37818,-0.27358,0.29152,0,0.035132,-0.022549,-0.018804,-0.19603,-0.28655,-0.24675,-0.19598,-0.30242,-0.15086,-0.36056,-0.053317,0.052836,0.050825,-0.068413,-0.17292,-0.19086,-0.19474,-0.19243,-0.36356,-0.38195,-0.44311,-0.35198,0.059998,0.070744,-0.040771,-0.13601,0.16114,0.20958,-0.14491,0.10391,0.12482,0.077935,-0.29116,-0.2396,0.17123,0.0021639,0.083778,0.12353,0.15676,-0.36013,-0.32,-0.24516,-0.060785,-0.054432,0.13863,0.2246,0.19217,-0.39105,-0.3682,-0.20942,-0.16896,-0.024371,0.016925,0.10659,0.029667,-0.32037,-0.33547,-0.099453,-0.06614,-0.036596,-0.041332,-0.024312,0.006273,0.24803,0.43567,0.020065,0.27831,0.17956,0.21886,0.22382,0.085629,0.050738,0.10168,-0.085134,-0.046716,0.0135,0.14376,-0.011286,-0.13554,0.079429,0.09239,-0.032094,-0.023249,0.055539,-0.038206
-0.40721,-0.10622,-0.81826,-0.64564,-0.47367,-0.042789,-0.24305,0.068741,-0.57814,-0.074518,-0.6361,-0.43359,-0.25684,0.038221,-0.2066,-0.11732,-0.35135,-0.50542,0.0010929,0.035132,0,0.24666,0.54995,0.25599,-0.69801,-0.57972,0.28664,-0.13671,-0.10571,-0.28336,-0.044742,-0.3109,-0.13324,-0.24676,-0.5382,-0.088767,-0.89734,-0.80538,-0.9007,-0.497,-0.15183,-0.0097847,0.012932,0.61065,-0.35052,-0.4803,-0.36265,-0.057426,0.5156,-0.3737,-0.26814,0.44111,0.059145,0.18091,-0.018018,0.65786,0.36751,-0.23255,-0.16556,-0.34423,-0.12372,-0.011497,0.053492,-0.015453,0.30244,-0.13583,-0.078773,-0.39656,-0.29227,-0.089253,-0.38232,-0.35773,-0.34107,-0.25984,-0.36377,-0.8006,-0.54091,-0.50882,-0.49448,-0.69154,-0.74821,-0.46937,-0.59169,-0.17159,-0.17486,-0.59039,-0.27219,-0.18372,0.033478,-0.15097,-0.22259,-0.15068,-0.17725,0.11427,-0.16958,-0.31142,-0.15327,-0.36441,-0.054818,0.21615,0.38778,-0.098999,-0.22029,0.34284,-0.1197
-0.0063531,-0.06724,-0.36059,-0.38088,-0.34231,-0.030513,-0.27927,-0.22681,-0.56317,-0.075043,-0.55457,-0.35165,-0.17647,0.0042403,-0.36069,-0.038694,-0.184,0.004386,-0.14008,-0.022549,0.24666,0,0.15196,0.11333,-0.69938,-0.63821,0.34876,0.14564,-0.16476,-0.49843,-0.15344,-0.36878,-0.24559,-0.23579,-0.43797,-0.48716,-0.58736,-0.52836,-0.5167,-0.4093,-0.013901,-0.0090051,-0.15445,0.11804,-0.23134,-0.34668,-0.046476,0.033667,0.074016,-0.19778,-0.02899,-0.18598,-0.045776,0.084624,-0.15157,0.23134,0.089126,-0.13983,0.035175,-0.59216,-0.30304,-0.29509,-0.24532,-0.1143,-0.080389,-0.074715,0.016713,-0.48584,-0.38632,-0.23377,-0.48833,-0.1912,-0.11325,-0.12823,0.02373,-0.36895,-0.30438,-0.3335,-0.23668,-0.41048,-0.47498,-0.21844,-0.27366,-0.11349,-0.20702,-0.30856,-0.22637,-0.064435,0.082205,-0.070467,0.03833,-0.3565,-0.049135,-0.15399,-0.17382,-0.42151,-0.16997,-0.2434,-0.10751,-0.020793,-0.069885,-0.30684,-0.4392,-0.12189,-0.35581
-0.34935,-0.0024334,-0.705,-0.53893,-0.26306,0.036523,-0.19072,0.17827,-0.39919,0.21323,-0.28714,-0.10243,-0.13636,0.087815,-0.0277,0.069528,-0.32172,-0.40095,0.20246,-0.018804,0.54995,0.15196,0,0.53258,-0.41122,-0.35398,0.065061,-0.22483,-0.077338,-0.18737,0.27159,-0.038702,-0.18676,-0.4119,-0.4414,-0.049944,-0.72488,-0.65613,-0.58692,-0.28202,-0.07371,0.19212,-0.0011584,0.44033,-0.051299,-0.16971,-0.43593,-0.17355,0.3922,-0.4736,-0.36301,0.27796,0.016327,0.36895,-0.15389,0.2662,0.095115,-0.28063,-0.2647,-0.1339,0.11302,0.12615,-0.047925,0.032247,0.27218,-0.24428,-0.16535,-0.31906,-0.37518,0.036057,-0.24718,-0.14531,-0.12877,-0.11157,-0.21634,-0.6763,-0.22248,-0.37682,-0.41901,-0.74326,-0.62992,-0.57084,-0.56335,-0.14541,-0.15986,-0.41239,-0.29329,-0.37722,-0.18514,-0.13313,-0.24506,-0.20913,-0.23547,0.19714,0.059699,-0.1206,-0.017464,-0.31197,0.13154,0.079567,0.16207,-0.040254,-0.20074,0.217,-0.013537
-0.17422,0.17904,-0.52428,-0.35761,0.008211,0.16508,-0.037288,0.42009,-0.084351,0.36381,-0.097685,0.13082,-0.22605,-0.13975,-0.13096,-0.057098,-0.54481,-0.1954,0.02515,-0.19603,0.25599,0.11333,0.53258,0,-0.22508,-0.13055,0.046803,-0.15718,0.00026957,0.082707,0.16415,-0.1231,-0.303,-0.3485,-0.29678,0.096834,-0.39688,-0.33952,-0.19276,0.040283,0.15087,0.55511,-0.10361,0.13665,-0.061746,-0.055029,-0.53447,-0.28088,0.31271,-0.31489,-0.29551,0.011337,-0.098989,0.437,-0.34469,0.062606,-0.042957,-0.37884,-0.24634,0.050592,0.22085,-0.1049,-0.26217,-0.30647,-0.11956,-0.47542,-0.25727,-0.46038,-0.40071,-0.06477,-0.31975,-0.2422,-0.14046,-0.1965,-0.15918,-0.34601,0.011103,-0.39471,-0.4684,-0.74515,-0.52911,-0.51528,-0.54971,-0.18477,-0.36522,-0.44495,-0.52762,-0.46853,-0.26178,-0.2545,-0.22624,-0.28765,-0.22076,0.17788,0.14894,-0.016342,-0.00018214,-0.065732,0.37798,-0.15952,-0.15508,0.083931,-0.2169,0.080595,0.18958
-0.12314,-0.25911,0.24211,0.12451,0.020028,-0.46624,0.25224,-0.2236,0.71746,-0.070759,0.73757,0.14583,0.06901,-0.20287,-0.13958,-0.25146,-0.15353,-0.05312,-0.1722,-0.28655,-0.69801,-0.69938,-0.41122,-0.22508,0,0.62697,-1,-0.62642,-0.20495,0.1364,0.076893,0.14934,-0.18155,-0.2084,0.36204,-0.037274,0.37684,0.094051,0.58173,0.062883,-0.16022,-0.21172,0.13585,-0.52545,0.35159,0.66413,-0.16008,-0.31841,-0.50993,-0.099482,-0.31957,-0.30505,-0.3732,-0.37118,-0.43615,-0.74276,-0.36602,-0.14403,-0.17494,0.28029,-0.10681,-0.15469,-0.28746,-0.3031,-0.45249,-0.30239,-0.31007,0.013712,-0.1629,-0.063196,0.37569,0.28188,0.20065,0.19448,0.155,0.2292,0.12034,0.15898,-0.096703,0.12429,0.12696,-0.022797,-0.043117,-0.085079,-0.14599,0.17124,-0.30709,-0.24606,-0.36898,-0.064136,-0.21593,-0.06187,-0.45967,-0.15707,-0.12421,0.39265,-0.099102,0.21786,-0.043467,-0.35441,-0.56055,0.21485,-0.025325,-0.30504,-0.083338
-0.086704,-0.096343,0.07022,0.025689,0.10745,-0.3151,0.26868,-0.043255,0.86638,0.074365,0.50628,0.20693,-0.2309,-0.53361,0.023088,-0.076697,-0.14439,-0.11923,-0.068355,-0.24675,-0.57972,-0.63821,-0.35398,-0.13055,0.62697,0,-0.65734,-0.35074,-0.14279,0.36648,0.036021,0.17056,-0.33006,-0.26798,0.22549,0.11874,0.32759,0.19343,0.67688,0.34797,-0.05033,-0.019599,0.017726,-0.4209,0.14728,0.39812,-0.21351,-0.3045,-0.56769,-0.047328,-0.31665,-0.40656,-0.50392,-0.44476,-0.58351,-0.72537,-0.33701,-0.20143,-0.23458,0.28159,0.028531,-0.097741,-0.23222,-0.30051,-0.40225,-0.36923,-0.34226,0.19945,0.086277,-0.025566,0.20734,0.069586,0.021624,-0.022025,0.049463,0.11511,0.11074,-0.14218,-0.26698,-0.010448,0.10013,0.021427,-0.084493,-0.23467,-0.30152,0.028939,-0.29834,-0.29914,-0.42193,-0.20441,-0.27675,-0.18356,-0.38412,-0.38042,-0.089713,0.36633,0.040669,0.20561,0.041499,-0.52407,-0.58133,0.085447,0.0046483,-0.45085,-0.07038
-0.14907,0.076653,-0.5917,-0.49445,-0.19235,0.22186,-0.50635,0.0062074,-0.65007,-0.15311,-0.68376,-0.37223,-0.50147,-0.29718,-0.11594,-0.079861,-0.2831,-0.27514,-0.20754,-0.19598,0.28664,0.34876,0.065061,0.046803,-1,-0.65734,0,0.42202,-0.13023,-0.29699,-0.39036,-0.53477,-0.31372,-0.18499,-0.62103,-0.16307,-0.51867,-0.29356,-0.57723,-0.18066,-0.05492,0.030243,-0.50497,0.10859,-0.68072,-0.82192,-0.26554,-0.12871,0.13736,-0.10838,0.021966,-0.18574,-0.010054,0.081039,-0.0076864,0.22611,0.056391,-0.16586,-0.16353,-0.41655,-0.15845,-0.2831,-0.22947,-0.22655,-0.024961,-0.13501,-0.077673,-0.36107,-0.10803,-0.28879,-0.82786,-0.67635,-0.49994,-0.55745,-0.44892,-0.39233,-0.28788,-0.58369,-0.44817,-0.51127,-0.58199,-0.34789,-0.42841,-0.40271,-0.39927,-0.64993,-0.24819,-0.12147,-0.07073,-0.29171,-0.14498,-0.32038,0.075152,-0.20892,-0.19374,-0.61555,-0.18184,-0.30848,-0.13532,-0.19306,-0.020575,-0.55515,-0.35955,-0.028975,-0.16311
0.38877,0.31017,-0.22602,-0.12268,0.10585,0.27108,-0.31504,-0.0078394,-0.40528,-0.19984,-0.58443,-0.26568,-0.5569,-0.61707,-0.183,-0.11118,-0.10793,-0.082439,-0.26799,-0.30242,-0.13671,0.14564,-0.22483,-0.15718,-0.62642,-0.35074,0.42202,0,0.13127,-0.21246,-0.58568,-0.5627,-0.451,-0.34018,-0.51791,-0.33369,-0.28177,-0.089347,-0.20351,0.09,0.156,0.18858,-0.71147,-0.17545,-0.60149,-0.64071,-0.19282,-0.18093,-0.25131,-0.010644,0.09835,-0.49025,0.056362,-0.051692,-0.091104,0.032691,-0.203,-0.32409,-0.27701,-0.36665,-0.10571,-0.38808,-0.4193,-0.16857,-0.27861,-0.19451,-0.22003,-0.1987,0.010018,-0.16853,-0.81483,-0.64469,-0.58559,-0.5456,-0.41021,-0.029799,-0.018826,-0.46776,-0.22586,-0.31825,-0.24587,0.028021,-0.044814,-0.3626,-0.39783,-0.36738,-0.11184,-0.17907,-0.24176,-0.41088,-0.13776,-0.28593,0.15758,-0.35933,-0.067713,-0.35494,0.051189,-0.26833,0.01506,-0.43726,-0.31389,-0.89268,-0.42777,-0.33288,-0.17145
0.054912,0.16638,-0.23684,-0.090998,0.031001,0.13551,0.047364,0.23397,-0.23134,-0.29206,-0.34507,-0.14092,-0.31462,-0.35861,-0.30785,-0.23075,-0.24324,-0.32668,-0.12085,-0.15086,-0.10571,-0.16476,-0.077338,0.00026957,-0.20495,-0.14279,-0.13023,0.13127,0,0.10609,-0.1745,-0.21456,-0.20273,-0.14158,-0.11569,-0.037245,-0.1098,-0.051146,-0.062184,0.057135,0.037937,0.27356,-0.1719,0.02923,-0.35143,-0.34332,-0.10573,-0.01981,-0.12057,-0.041594,-0.10832,-0.11835,-0.08002,-0.01554,-0.11724,0.052778,-0.1308,-0.28608,-0.21834,-0.26481,-0.10196,-0.162,-0.14893,-0.097459,-0.2037,-0.12939,-0.12983,-0.23548,-0.045638,0.23679,-0.29229,-0.38642,-0.43511,-0.32135,-0.24535,-0.17947,-0.1335,-0.43896,-0.29819,-0.40445,-0.034002,-0.068777,-0.16412,-0.24476,-0.31537,-0.43205,-0.22457,-0.15344,-0.15465,-0.27072,-0.011322,-0.096573,0.08254,-0.0093184,0.083188,-0.11335,0.048902,-0.21512,0.17108,-0.27598,-0.13611,-0.29091,-0.34215,-0.16609,0.15143
-0.13822,0.052829,-0.17304,-0.12539,0.19459,-0.053259,0.23722,0.2818,0.21132,-0.12163,0.017355,0.058592,-0.60533,-0.6578,-0.059036,-0.18878,-0.42184,-0.33299,-0.019329,-0.36056,-0.28336,-0.49843,-0.18737,0.082707,0.1364,0.36648,-0.29699,-0.21246,0.10609,0,-0.056107,0.021384,-0.41103,-0.046293,0.0054934,0.47563,0.085884,0.26041,0.25866,0.41791,0.099261,0.14753,-0.12706,-0.20301,-0.31037,-0.11726,-0.25684,-0.2099,-0.26886,-0.24161,-0.44122,-0.31919,-0.43897,-0.28312,-0.4818,-0.41407,-0.19285,-0.1623,-0.22457,0.10168,-0.017376,-0.03009,-0.13902,-0.39287,-0.39846,-0.3304,-0.25972,0.073666,0.17495,0.043321,0.050104,-0.26811,-0.25228,-0.41296,-0.21315,-0.14406,-0.080153,-0.44553,-0.40663,-0.34516,-0.0077739,-0.20223,-0.29567,-0.32959,-0.5379,-0.35809,-0.39475,-0.22984,-0.32272,-0.44182,-0.29329,-0.39222,-0.40605,-0.30183,-0.24225,-0.068508,-0.19697,-0.038913,-0.038731,-0.49651,-0.32547,-0.011191,-0.065069,-0.43343,0.059619
-0.41457,-0.16104,-0.45515,-0.47036,-0.15022,-0.052851,0.11354,0.090212,-0.037521,0.051991,0.16311,0.2473,-0.021311,0.10927,-0.038592,0.19797,-0.23184,-0.22744,0.11657,-0.053317,-0.044742,-0.15344,0.27159,0.16415,0.076893,0.036021,-0.39036,-0.58568,-0.1745,-0.056107,0,0.65648,0.048268,-0.099097,0.14711,0.14898,-0.19858,-0.29249,-0.13815,-0.24159,-0.29071,-0.019832,0.29853,0.20179,0.47237,0.30177,-0.18959,-0.19666,0.022615,-0.39907,-0.42484,0.10977,-0.31667,-0.04939,-0.37473,-0.33557,-0.28301,-0.20135,-0.22485,-0.003978,0.10105,0.34174,0.074999,0.075152,0.13425,-0.23716,-0.15689,-0.029981,-0.16665,0.33785,0.35927,0.43015,0.29432,0.25714,0.14485,-0.43168,-0.23882,-0.27394,-0.434,-0.36197,-0.27287,-0.60482,-0.54511,-0.25198,-0.13308,-0.24025,-0.42476,-0.35535,-0.29408,0.083939,-0.122,-0.17783,-0.37782,0.090372,0.084434,-0.01377,-0.21268,-0.12653,-0.018484,0.10352,-0.015693,0.2882,-0.019934,0.036545,0.041689
-0.3927,-0.2655,-0.20737,-0.24322,-0.047947,-0.10354,0.063131,-0.029959,0.0072056,-0.10389,0.21306,0.25814,-0.077731,-0.030942,0.0805,0.16393,0.036611,-0.1361,0.16678,0.052836,-0.3109,-0.36878,-0.038702,-0.1231,0.14934,0.17056,-0.53477,-0.5627,-0.21456,0.021384,0.65648,0,0.098241,0.059801,0.20268,0.14886,0.044836,0.0042767,0.01106,-0.12152,-0.3332,-0.16755,0.079946,-0.063495,0.37889,0.26277,-0.00080143,-0.11609,-0.19685,-0.23655,-0.30917,-0.028436,-0.4096,-0.25992,-0.23327,-0.58289,-0.45682,-0.085385,-0.20546,0.044253,0.063335,0.35278,0.12184,0.088966,0.093942,-0.084985,-0.0931,0.15664,-0.018462,0.1708,0.48147,0.34558,0.24379,0.19864,0.11796,-0.27973,-0.20491,-0.14635,-0.20538,-0.080979,0.030564,-0.37135,-0.23429,-0.18039,0.041288,-0.019591,-0.16791,-0.21949,-0.29888,0.119,-0.052596,-0.093037,-0.233,-0.07513,-0.0067101,-0.03613,-0.2374,-0.046585,-0.1905,0.014389,-0.029012,0.24242,0.1908,-0.11356,0.063422
-0.5974,-0.55371,-0.2072,-0.20453,-0.28484,-0.13211,-0.31534,-0.28994,-0.37005,-0.33728,-0.1073,-0.071422,0.29955,0.33231,-0.21725,-0.057652,-0.096827,-0.12464,-0.2825,0.050825,-0.13324,-0.24559,-0.18676,-0.303,-0.18155,-0.33006,-0.31372,-0.451,-0.20273,-0.41103,0.048268,0.098241,0,0.40673,0.2659,-0.11238,0.012655,-0.15911,-0.32667,-0.57578,-0.65341,-0.46706,0.013559,-0.04625,0.022746,-0.083821,0.10384,0.13822,0.1637,-0.10081,0.02134,0.24544,-0.099084,-0.056435,0.2385,-0.10422,-0.19861,0.028553,0.026374,-0.26588,-0.22075,0.065069,0.10844,0.14092,0.13187,0.16197,0.16486,-0.20282,-0.22476,-0.074606,0.10049,0.052107,0.042002,0.12676,-0.019781,-0.28811,-0.37773,0.013071,0.080405,0.19934,0.15125,-0.33159,-0.12311,0.038716,0.28641,-0.00074314,0.13747,0.033485,0.18691,0.19691,0.088281,0.27233,0.12253,0.18371,-0.013355,-0.23332,-0.34248,-0.19984,-0.46237,0.35463,0.20456,0.17788,0.19094,0.1306,0.063072
-0.54152,-0.45169,-0.13978,-0.18338,-0.22117,-0.079926,-0.22722,-0.2,-0.31675,-0.52276,-0.18576,-0.10498,-0.13692,-0.0084733,-0.19835,-0.094301,-0.16854,-0.1092,-0.27767,-0.068413,-0.24676,-0.23579,-0.4119,-0.3485,-0.2084,-0.26798,-0.18499,-0.34018,-0.14158,-0.046293,-0.099097,0.059801,0.40673,0,0.30526,0.1332,0.16949,0.21566,-0.17482,-0.29902,-0.51734,-0.48597,-0.083291,-0.103,-0.29933,-0.29619,0.30817,0.24709,-0.036837,-0.086817,-0.06987,-0.090515,-0.39844,-0.31987,0.008364,-0.30564,-0.22665,0.23885,0.18268,-0.3433,-0.34371,0.0018214,0.20834,-0.11141,-0.094345,0.19974,0.28047,-0.064289,0.093308,-0.093132,0.14083,-0.083233,-0.025806,-0.16491,-0.011264,-0.27118,-0.45987,-0.1885,-0.056829,0.093906,0.26009,-0.27374,-0.17374,-0.11039,-0.04421,-0.17833,-0.0088667,0.22758,0.2359,0.025587,0.19563,-0.10449,0.04174,-0.14992,-0.26732,-0.54259,-0.63986,-0.2448,-0.67246,0.058023,0.12065,0.04056,0.090226,-0.23045,-0.046017
-0.3676,-0.41136,0.034942,-0.064435,-0.11549,-0.29128,0.049667,-0.25139,0.17596,-0.19404,0.34325,0.14303,0.071036,-0.092413,-0.17343,-0.0016029,-0.18644,-0.050905,-0.32852,-0.17292,-0.5382,-0.43797,-0.4414,-0.29678,0.36204,0.22549,-0.62103,-0.51791,-0.11569,0.0054934,0.14711,0.20268,0.2659,0.30526,0,0.057681,0.56273,0.19843,0.25936,-0.14196,-0.45196,-0.35383,0.25142,-0.24374,0.17065,0.30703,0.15924,0.059422,-0.2636,-0.089347,-0.22234,-0.22619,-0.46274,-0.38638,-0.32359,-0.61653,-0.28596,0.12962,0.13872,-0.071371,-0.2291,-0.046599,-0.061171,-0.15309,-0.28567,-0.031503,0.069287,0.036647,0.045747,0.084026,0.46102,0.35239,0.34335,0.2145,0.37051,0.018477,-0.14145,-0.046752,-0.11791,0.1905,0.33531,-0.14497,-0.15151,-0.092398,-0.087617,0.03801,-0.16111,0.028239,0.021413,0.11151,0.097002,-0.028662,-0.19742,-0.17015,-0.06469,0.023773,-0.25252,0.035736,-0.2727,-0.1698,-0.30895,0.18927,0.02338,-0.34118,-0.070008
-0.4822,0.087545,-0.47973,-0.36536,-0.072187,0.16096,-0.10116,0.4627,0.032086,-0.074125,0.00092529,0.18547,-0.4872,-0.34311,-0.022921,-0.088834,-0.34399,-0.47341,0.10695,-0.19086,-0.088767,-0.48716,-0.049944,0.096834,-0.037274,0.11874,-0.16307,-0.33369,-0.037245,0.47563,0.14898,0.14886,-0.11238,0.1332,0.057681,0,-0.044093,0.15614,-0.06861,0.12577,-0.32843,-0.02526,-0.069338,0.13029,-0.2185,-0.17054,-0.3184,-0.27004,-0.060916,-0.20442,-0.33635,-0.032822,-0.56623,-0.23617,-0.36469,-0.36385,-0.26645,-0.17125,-0.24949,0.032181,0.12786,0.055721,0.12145,-0.32483,-0.11128,-0.32335,-0.18861,0.00064843,0.19212,0.20637,0.059502,-0.17243,-0.17266,-0.36256,-0.31901,-0.39671,-0.22836,-0.57112,-0.59987,-0.39059,-0.13608,-0.45062,-0.52676,-0.39761,-0.37807,-0.52196,-0.33933,-0.29783,-0.29245,-0.29448,-0.26182,-0.35073,-0.23196,-0.15404,-0.023176,-0.19306,-0.2629,-0.24213,-0.078008,-0.22036,-0.035838,0.024152,-0.012495,-0.11139,0.20257
-0.16929,-0.34315,0.38131,0.29182,0.12864,-0.27749,-0.046075,-0.27607,0.30262,-0.18071,0.40422,0.15009,-0.019715,-0.3256,-0.045711,-0.11441,-0.044363,0.10803,-0.37446,-0.19474,-0.89734,-0.58736,-0.72488,-0.39688,0.37684,0.32759,-0.51867,-0.28177,-0.1098,0.085884,-0.19858,0.044836,0.012655,0.16949,0.56273,-0.044093,0,0.6516,0.60154,0.17137,-0.23734,-0.2832,-0.13807,-0.64445,-0.020487,0.17288,0.18153,0.032086,-0.45767,0.13106,-0.04488,-0.48894,-0.36528,-0.37692,-0.18851,-0.75702,-0.39621,0.18488,0.12025,0.1163,-0.16807,-0.23316,-0.26771,-0.28246,-0.42175,0.0068413,0.052501,0.020189,0.050089,-0.22677,0.13447,0.027074,0.13364,0.048166,0.20407,0.40789,0.15263,0.1199,0.069877,0.37228,0.53715,0.087341,0.13799,-0.025092,-0.070686,0.2122,-0.049572,0.1026,-0.057193,0.051335,0.14573,0.066941,-0.021449,-0.26299,-0.071917,0.091297,-0.10719,0.24876,-0.2214,-0.4206,-0.50345,0.022695,0.10205,-0.4875,0.014032
-0.096049,-0.090637,0.22808,0.24991,0.17897,-0.043569,-0.1899,-0.083338,0.15387,-0.19292,0.15095,0.18486,-0.30016,-0.48991,-0.03511,-0.16445,-0.032363,0.024509,-0.18883,-0.19243,-0.80538,-0.52836,-0.65613,-0.33952,0.094051,0.19343,-0.29356,-0.089347,-0.051146,0.26041,-0.29249,0.0042767,-0.15911,0.21566,0.19843,0.15614,0.6516,0,0.41078,0.42181,-0.17699,-0.18939,-0.37661,-0.52687,-0.26137,-0.11234,0.11354,-0.057783,-0.51155,0.11806,0.0032057,-0.6113,-0.49887,-0.41676,-0.21043,-0.7219,-0.49812,0.11256,0.025624,0.03433,-0.095218,-0.26625,-0.20322,-0.38308,-0.44661,-0.061491,-0.010193,0.023424,0.16388,-0.2077,-0.039336,-0.18091,-0.076405,-0.26644,-0.053965,0.24191,0.14712,-0.086779,-0.000918,0.1285,0.44942,0.040603,0.11369,-0.13658,-0.19182,-0.0021639,-0.0099523,0.040385,-0.14745,-0.17554,0.057105,-0.19289,0.047321,-0.39781,-0.073163,-0.13368,-0.13913,0.030294,-0.23316,-0.50977,-0.43146,-0.18706,0.022731,-0.60522,0.060901
0.11632,-0.11938,0.32408,0.25544,0.3439,-0.26207,0.2783,-0.12507,0.76074,-0.02491,0.52268,0.26255,-0.13262,-0.48998,-0.067087,-0.15854,-0.21329,0.14622,-0.34468,-0.36356,-0.9007,-0.5167,-0.58692,-0.19276,0.58173,0.67688,-0.57723,-0.20351,-0.062184,0.25866,-0.13815,0.01106,-0.32667,-0.17482,0.25936,-0.06861,0.60154,0.41078,0,0.49309,0.12077,0.024254,-0.16406,-0.7362,0.072639,0.31654,-0.092875,-0.26223,-0.60557,0.044538,-0.14924,-0.65438,-0.35328,-0.3354,-0.47539,-0.78983,-0.48963,-0.1621,-0.15055,0.28612,-0.042935,-0.24132,-0.39395,-0.35644,-0.60531,-0.32815,-0.29901,0.046956,-0.030534,-0.19174,0.066205,-0.011358,0.0037449,-0.036684,0.12111,0.50477,0.32655,0.036713,-0.069928,0.05586,0.19125,0.047335,0.040917,-0.20744,-0.3401,0.075429,-0.34295,-0.20496,-0.36936,-0.19855,-0.1073,-0.12218,-0.2388,-0.2976,-0.05688,0.24128,-0.0060471,0.33122,0.021464,-0.56691,-0.81703,0.015533,-0.068355,-0.55417,-0.012444
0.14725,0.24253,0.0075771,0.12163,0.47074,0.078518,0.023103,0.24412,0.34726,0.17277,0.15596,0.32077,-0.44755,-0.7217,0.12202,-0.086339,-0.2731,-0.018739,-0.1596,-0.38195,-0.497,-0.4093,-0.28202,0.040283,0.062883,0.34797,-0.18066,0.09,0.057135,0.41791,-0.24159,-0.12152,-0.57578,-0.29902,-0.14196,0.12577,0.17137,0.42181,0.49309,0,0.28658,0.35315,-0.48192,-0.45084,-0.22301,-0.066497,-0.34058,-0.39082,-0.40691,-0.036348,-0.16298,-0.60101,-0.28476,-0.14022,-0.45525,-0.48889,-0.47737,-0.30357,-0.32392,0.31819,0.2424,-0.21777,-0.34083,-0.40989,-0.45915,-0.48525,-0.4014,0.012765,0.056858,-0.18436,-0.26876,-0.36243,-0.28933,-0.42106,-0.24755,0.22766,0.4585,-0.22011,-0.21271,-0.29748,-0.048865,-0.077586,-0.087856,-0.33294,-0.49603,-0.19549,-0.32906,-0.37505,-0.51564,-0.47582,-0.23663,-0.30256,-0.11228,-0.29749,0.092412,0.065331,0.13154,0.048581,0.21609,-0.6942,-0.59867,-0.24428,-0.16452,-0.48253,0.11229
0.37344,0.019067,-0.077134,-0.021027,0.39026,-0.10593,0.28918,0.0284,0.0048887,0.019249,-0.19339,-0.095449,-0.3539,-0.46043,-0.085558,-0.1696,-0.48941,0.033908,-0.36519,-0.44311,-0.15183,-0.013901,-0.07371,0.15087,-0.16022,-0.05033,-0.05492,0.156,0.037937,0.099261,-0.29071,-0.3332,-0.65341,-0.51734,-0.45196,-0.32843,-0.23734,-0.17699,0.12077,0.28658,0,0.50032,-0.3711,-0.38078,-0.27165,-0.17297,-0.37494,-0.30221,-0.13731,-0.31526,-0.27702,-0.37925,0.17306,0.097126,-0.31508,-0.051335,-0.1623,-0.42416,-0.34059,0.11317,-0.00031329,-0.15609,-0.44002,-0.19876,-0.35105,-0.42216,-0.44033,-0.16493,-0.25167,-0.33849,-0.38021,-0.44256,-0.4098,-0.33969,-0.22967,0.10223,0.15411,-0.16778,-0.13186,-0.49551,-0.36597,-0.18287,-0.15211,-0.27773,-0.50075,-0.25541,-0.49096,-0.34284,-0.38475,-0.46366,-0.28452,-0.20907,-0.31552,-0.11227,-0.19057,-0.051459,0.0039343,0.076923,0.15049,-0.33484,-0.43212,-0.18109,-0.24119,-0.28349,-0.086059
0.18536,0.40405,-0.39204,-0.21255,0.39173,0.32086,0.12717,0.53379,-0.031256,0.19907,-0.14107,0.16891,-0.37783,-0.4355,-0.048435,-0.021303,-0.46882,-0.12436,-0.12913,-0.35198,-0.0097847,-0.0090051,0.19212,0.55511,-0.21172,-0.019599,0.030243,0.18858,0.27356,0.14753,-0.019832,-0.16755,-0.46706,-0.48597,-0.35383,-0.02526,-0.2832,-0.18939,0.024254,0.35315,0.50032,0,-0.35752,-0.071087,-0.1527,-0.14563,-0.54144,-0.38627,0.015511,-0.21459,-0.21288,-0.21547,0.037361,0.32826,-0.34569,-0.033099,-0.26746,-0.60589,-0.48679,0.1004,0.31668,-0.087393,-0.35862,-0.19149,-0.21684,-0.56737,-0.4583,-0.24209,-0.20462,0.0069141,-0.43618,-0.40997,-0.3845,-0.33746,-0.29506,-0.11164,0.18071,-0.43441,-0.4165,-0.73376,-0.4289,-0.34429,-0.37132,-0.38517,-0.51905,-0.46418,-0.55195,-0.57851,-0.50738,-0.43505,-0.26822,-0.23824,-0.11513,0.062643,0.23027,0.013522,0.152,-0.058322,0.56293,-0.34156,-0.33076,-0.1798,-0.30813,-0.088785,0.22616
-0.42265,-0.44439,-0.19876,-0.28588,-0.54521,-0.56904,0.14594,-0.27216,0.014316,-0.12601,0.0041456,-0.21889,0.03154,0.083079,-0.36558,-0.13781,-0.21643,-0.32291,-0.062446,0.059998,0.012932,-0.15445,-0.0011584,-0.10361,0.13585,0.017726,-0.50497,-0.71147,-0.1719,-0.12706,0.29853,0.079946,0.013559,-0.083291,0.25142,-0.069338,-0.13807,-0.37661,-0.16406,-0.48192,-0.3711,-0.35752,0,0.18329,0.17836,0.2277,0.028371,0.098102,-0.071706,-0.34743,-0.44994,0.1549,-0.3325,-0.33622,-0.34589,-0.12243,0.19346,0.080114,0.18237,-0.19909,-0.33422,-0.015737,0.042009,-0.046264,-0.0059816,0.0079779,0.076216,-0.14923,-0.19071,0.11568,0.39793,0.44122,0.31747,0.36523,0.33412,-0.33382,-0.44945,-0.18324,-0.33047,-0.1673,-0.15457,-0.18175,-0.32075,0.013107,-0.050082,-0.12315,-0.26858,0.043161,0.13997,0.2066,-0.024742,-0.068311,-0.52162,-0.10024,-0.2539,0.080777,-0.1808,-0.0186,-0.17786,0.11831,-0.029434,0.31334,-0.041747,-0.079725,-0.25207
