,,,,,,,,,,,,,,,,,,,,,,,,,,,,,,,,,,,,,,,,,,,,,,,,,,,,,,,,,,,,,,,,,,,,,,,,,,,,,,,,,,,,,,,,,,,,,,,,,,,,,,,,
0,0.37658,-0.14369,0.034452,0.18118,0.11497,-0.1128,-0.091833,-0.19699,-0.15033,-0.42073,-0.14566,-0.45865,-0.56813,-0.33325,-0.21622,-0.097551,-0.0077534,-0.34619,-0.54242,-0.32627,0.14978,-0.19691,-0.15896,-0.38251,-0.33883,0.078736,0.46877,0.013536,-0.33972,-0.40351,-0.35812,-0.62742,-0.52675,-0.42155,-0.40521,-0.47377,-0.13946,-0.10927,0.078563,0.35103,0.19183,-0.37967,-0.093883,-0.25743,-0.24189,-0.23421,-0.35052,-0.42126,-0.19088,0.0030999,-0.44482,0.25913,-0.072234,-0.080433,0.014831,-0.25686,-0.64468,-0.35065,-0.26232,-0.021002,-0.49042,-0.55098,-0.053778,-0.36707,-0.29452,-0.43432,-0.13947,-0.038767,-0.15398,-0.51967,-0.33616,-0.35645,-0.35497,-0.29074,0.14144,0.12261,-0.41504,-0.27381,-0.32298,-0.19019,0.11553,0.059496,-0.24366,-0.19967,-0.27214,-0.12224,-0.35849,-0.39353,-0.50811,-0.23348,-0.30937,0.0078973,-0.2012,-0.060949,-0.24484,0.079606,-0.31199,0.067134,-0.33694,-0.36114,-0.85481,-0.48769,-0.29677,-0.2554
0.37658,0,-0.45154,-0.069774,0.34945,0.69418,-0.18268,0.39618,-0.054698,-0.019635,-0.19687,0.17528,-0.44335,-0.53653,-0.21251,-0.069601,-0.11569,-0.21958,-0.10915,-0.62327,-0.24536,-0.03625,0.016902,0.086424,-0.32198,-0.076937,0.13302,0.37941,0.12062,0.011155,-0.020693,0.032222,-0.39984,-0.33444,-0.27624,0.091862,-0.39219,0.089316,-0.10974,0.3248,0.11509,0.41049,-0.3387,0.19917,-0.17229,-0.16207,-0.3227,-0.34399,-0.3297,-0.15599,0.077311,-0.30819,0.01304,0.11408,-0.010084,-0.054986,-0.33405,-0.7184,-0.44917,-0.13361,0.37122,-0.26767,-0.35237,0.02349,-0.074075,-0.29149,-0.37079,-0.078398,0.12467,0.18757,-0.31104,-0.27853,-0.26721,-0.43548,-0.37247,-0.13338,0.19837,-0.63548,-0.50348,-0.45923,-0.15421,-0.062589,-0.13962,-0.2689,-0.12451,-0.44262,-0.12851,-0.51455,-0.43196,-0.545,-0.22768,-0.29183,0.22025,-0.027439,0.25978,-0.24007,0.10461,-0.3548,0.23829,-0.30345,-0.13408,-0.68709,-0.28066,-0.19936,0.093581
-0.14369,-0.45154,0,0.58615,-0.31169,-0.53474,-0.32216,-0.55618,0.0081562,-0.24704,0.004524,-0.19562,0.25135,0.16701,-0.27121,-0.35507,0.059769,0.32258,-0.33123,-0.06128,-0.66549,-0.38451,-0.72147,-0.62806,0.023713,-0.24277,-0.59717,-0.38761,-0.35674,-0.44373,-0.63891,-0.31732,-0.17168,-0.14206,-0.20231,-0.56567,0.21774,-0.022412,0.10051,-0.23123,-0.31973,-0.6102,-0.38831,-0.72581,-0.10015,-0.065271,0.044456,-0.14798,-0.48158,-0.15224,-0.19198,-0.3798,-0.1775,-0.33224,-0.2425,-0.44066,-0.45781,0.025325,0.042867,-0.073348,-0.3165,-0.46194,-0.25852,-0.48112,-0.49106,-0.11521,-0.06904,-0.31587,-0.44677,-0.61659,-0.15481,-0.076405,0.010738,-0.037372,-0.031366,0.53875,0.1059,0.49859,0.59197,0.15142,-0.017621,0.18237,0.50889,0.20944,0.092826,0.4894,0.059805,0.028,-0.073974,0.04304,0.069385,-0.072111,-0.19597,-0.24934,-0.2073,-0.037091,-0.24916,-0.044032,-0.21625,-0.29434,-0.37194,-0.14068,-0.16831,-0.34742,-0.37064
0.034452,-0.069774,0.58615,0,-0.10504,-0.1536,-0.25109,-0.1309,0.15381,-0.097191,-0.014824,0.033107,0.12236,0.055626,-0.34029,-0.3363,0.014327,0.31345,-0.20399,-0.23309,-0.542,-0.31585,-0.42832,-0.31601,-0.0694,-0.1363,-0.42928,-0.16752,-0.10122,-0.21821,-0.42743,-0.11906,-0.26094,-0.21426,-0.29452,-0.3072,0.031956,0.14577,0.085496,0.026835,-0.13271,-0.25322,-0.33607,-0.30019,-0.093106,-0.033553,0.021304,-0.091768,-0.38176,-0.21126,-0.087949,-0.23143,-0.015586,-0.057367,-0.049455,-0.22581,-0.44194,-0.18519,-0.025986,0.086791,0.059712,-0.47912,-0.21645,-0.3294,-0.25288,-0.050699,-0.016895,-0.35223,-0.32057,-0.37588,-0.12318,-0.10817,0.010968,-0.11315,-0.1072,0.46979,0.38405,0.10254,0.25985,-0.12895,-0.035991,0.27251,0.69475,0.33661,0.24363,0.21387,0.084612,-0.08044,-0.078534,-0.057899,0.14414,0.04532,0.098954,-0.013752,0.082023,-0.062776,-0.094458,-0.0425,0.080383,-0.20952,-0.13043,-0.22369,0.011062,-0.1972,-0.053814
0.18118,0.34945,-0.31169,-0.10504,0,0.35866,0.045147,0.30223,-0.061977,-0.045701,-0.10257,0.30365,-0.41792,-0.36533,-0.015126,0.028108,-0.37801,-0.083267,-0.36116,-0.54694,-0.33804,-0.18334,-0.16745,0.05444,-0.31822,-0.23185,0.0099759,0.049304,0.022714,0.17252,-0.11689,-0.024102,-0.43022,-0.21436,-0.28758,0.082145,-0.1977,0.1582,0.13128,0.47223,0.27851,0.38546,-0.62146,-0.1868,-0.2355,-0.22189,-0.51921,-0.54932,-0.26611,-0.37872,-0.26224,-0.46612,0.075456,0.097709,-0.3261,-0.33469,-0.62504,-0.64617,-0.51707,0.12211,0.31303,-0.049851,-0.30914,-0.22084,-0.28237,-0.62797,-0.50487,-0.03612,0.0033445,-0.12647,-0.34462,-0.45057,-0.30754,-0.57045,-0.4553,0.050786,0.27451,-0.30765,-0.25943,-0.55562,-0.31552,-0.45099,-0.34461,-0.45484,-0.3916,-0.47224,-0.49728,-0.65006,-0.65655,-0.55843,-0.23653,-0.4746,-0.15108,-0.0094796,0.10179,-0.30968,-0.16326,-0.26152,0.20769,-0.42704,-0.31619,-0.39807,-0.32731,-0.29421,0.048592
0.11497,0.69418,-0.53474,-0.1536,0.35866,0,-0.2231,0.66958,-0.22751,-0.090265,-0.28501,0.16878,-0.46265,-0.41164,-0.22473,-0.064574,-0.22596,-0.11854,-0.033394,-0.50234,-0.14437,0.021577,0.059676,0.19678,-0.46096,-0.16137,0.20723,0.34072,0.17688,0.1004,0.085202,0.088855,-0.26501,-0.14283,-0.26565,0.17783,-0.34552,0.078254,-0.2323,0.20939,-0.0052361,0.39212,-0.35866,0.28281,-0.24162,-0.28973,-0.22251,-0.21519,-0.068904,-0.20182,0.028295,-0.16467,-0.068328,0.23307,0.0079692,-0.084267,-0.41687,-0.54357,-0.40428,-0.13948,0.40086,-0.18452,-0.18738,-0.035243,-0.0043658,-0.20439,-0.1827,-0.21715,0.04806,0.28128,-0.22974,-0.25828,-0.22446,-0.3975,-0.32696,-0.25645,0.061337,-0.6663,-0.51847,-0.56173,-0.22268,-0.20881,-0.23055,-0.23976,-0.18,-0.52398,-0.2576,-0.43096,-0.34473,-0.38164,-0.10141,-0.20625,0.31355,0.04888,0.28521,-0.46572,-0.12095,-0.36564,0.13835,-0.21323,0.038753,-0.49041,-0.13255,-0.074039,0.28676
-0.1128,-0.18268,-0.32216,-0.25109,0.045147,-0.2231,0,-0.00071924,-0.0050635,-0.2506,-0.2017,-0.084605,-0.29426,-0.2102,-0.1493,-0.067573,-0.55757,-0.29971,-0.39893,-0.40081,-0.11724,-0.25975,-0.11099,-0.073938,-0.0902,-0.060028,-0.35591,-0.28873,0.10545,0.18578,0.013148,0.023864,-0.3176,-0.24708,-0.17675,-0.070666,-0.3217,-0.20752,0.016845,-0.070551,0.23846,0.079556,0.02864,-0.048909,-0.1519,-0.089488,-0.31281,-0.21875,-0.16233,-0.52964,-0.56853,-0.08751,0.036717,-0.13974,-0.36553,-0.1042,-0.13037,-0.50718,-0.38761,-0.01135,-0.055432,0.19453,0.062991,0.013421,-0.10242,-0.3437,-0.37616,0.040853,-0.017557,-0.092322,0.055972,-0.25508,-0.30201,-0.30197,-0.24114,-0.28603,-0.25923,-0.31761,-0.29125,-0.51196,-0.29158,-0.39135,-0.39437,-0.40599,-0.37001,-0.4636,-0.60352,-0.40201,-0.33289,-0.39246,-0.28079,-0.25281,-0.3839,-0.034962,-0.29738,-0.242,-0.32942,-0.15732,-0.043579,-0.11081,-0.045521,-0.01309,-0.15096,-0.18187,-0.19666
-0.091833,0.39618,-0.55618,-0.1309,0.30223,0.66958,-0.00071924,0,-0.083317,-0.0040565,-0.22154,0.18477,-0.38416,-0.27317,-0.14565,-0.10044,-0.39192,-0.22616,0.094314,-0.41046,0.010084,-0.16945,0.24246,0.35954,-0.35723,0.0059697,0.014284,0.085712,0.27057,0.4169,0.22181,0.22491,-0.32113,-0.23828,-0.38459,0.30956,-0.42559,-0.0017478,-0.23234,0.26741,0.073514,0.48494,-0.22677,0.38848,-0.22585,-0.24801,-0.35123,-0.21813,0.077549,-0.36848,-0.18295,0.081462,-0.014083,0.35442,-0.021175,-0.0033157,-0.31729,-0.5783,-0.49198,0.1291,0.64721,0.011429,0.015349,-0.0044305,0.22179,-0.23679,-0.20567,-0.23832,-0.041421,0.24582,-0.0809,-0.29056,-0.26608,-0.38888,-0.42091,-0.3736,0.045823,-0.60083,-0.50319,-0.86886,-0.38211,-0.32559,-0.29349,-0.18949,-0.1918,-0.58116,-0.40296,-0.51219,-0.37278,-0.36632,-0.17057,-0.063387,0.1754,0.21992,0.26285,-0.34639,-0.11125,-0.25466,0.27313,-0.1232,0.2625,-0.23454,0.086446,0.097256,0.49498
-0.19699,-0.054698,0.0081562,0.15381,-0.061977,-0.22751,-0.0050635,-0.083317,0,0.18656,0.54465,0.27823,-0.055288,-0.207,0.016535,-0.084245,-0.17011,-0.11228,-0.2122,-0.38461,-0.5389,-0.49326,-0.23598,-0.13812,0.35925,0.5089,-0.46098,-0.35564,-0.314,0.062768,-0.030726,0.17944,-0.30707,-0.28071,-0.029561,0.070946,0.053763,0.21926,0.47085,0.26644,-0.077578,-0.13117,-0.056123,-0.18239,0.15953,0.38596,-0.23962,-0.30914,-0.46166,-0.15939,-0.17637,-0.27875,-0.33031,-0.19998,-0.2535,-0.40918,-0.2908,-0.26234,-0.18124,0.36714,0.18132,-0.18917,-0.13723,-0.24028,-0.15572,-0.29943,-0.28692,0.010379,-0.032841,-0.32375,0.08833,-0.0049484,0.067156,-0.14285,-0.067767,0.074068,0.26155,-0.17108,-0.18879,-0.15772,-0.0056533,-0.082325,-0.039825,-0.10262,-0.004524,-0.050894,-0.13766,-0.34516,-0.28752,-0.28369,-0.21165,-0.15605,-0.089884,-0.10759,0.019945,0.11837,-0.0084799,0.063747,0.029885,-0.32616,-0.25866,-0.068206,0.037214,-0.24066,-0.081692
-0.15033,-0.019635,-0.24704,-0.097191,-0.045701,-0.090265,-0.2506,-0.0040565,0.18656,0,0.17914,0.25642,-0.13455,-0.20037,0.12454,0.12909,-0.26494,-0.012119,-0.076599,-0.25434,-0.13996,-0.059151,0.22374,0.30675,-0.11637,0.064797,-0.14994,-0.18621,-0.32154,-0.17114,0.078786,-0.057849,-0.36143,-0.49687,-0.20966,-0.10706,-0.25893,-0.15927,-0.037537,0.17232,0.029698,0.15819,-0.10821,-0.055691,0.16506,0.24426,-0.42125,-0.28568,-0.053965,-0.3447,-0.27884,-0.19311,-0.13694,0.1185,-0.39221,-0.16843,-0.18541,-0.24865,-0.12245,0.28414,0.32354,-0.15479,-0.29285,-0.17872,-0.06348,-0.416,-0.21767,-0.17434,-0.22399,-0.28351,-0.22568,-0.00045312,0.12678,-0.037782,0.029187,-0.10083,0.34401,-0.215,-0.22872,-0.37677,-0.28118,-0.26511,-0.21293,-0.071939,-0.12885,-0.085576,-0.19309,-0.46656,-0.27134,-0.19421,-0.18484,-0.22633,-0.1491,-0.066415,0.23876,0.16766,0.23564,-0.055252,0.20468,-0.24208,-0.30324,-0.10251,-0.072665,-0.17861,-0.063063
-0.42073,-0.19687,0.004524,-0.014824,-0.10257,-0.28501,-0.2017,-0.22154,0.54465,0.17914,0,0.37928,0.17168,-0.00099256,0.13084,0.071845,-0.0933,-0.10281,-0.24975,-0.26909,-0.59511,-0.54384,-0.27294,-0.1645,0.52797,0.21921,-0.56011,-0.62878,-0.44198,-0.12088,0.066415,0.16605,-0.029935,-0.10812,0.23019,0.045391,0.32754,0.13942,0.42564,0.033258,-0.36156,-0.26932,-0.13829,-0.38977,0.40181,0.55558,-0.25148,-0.3336,-0.42932,-0.119,-0.22878,-0.3673,-0.44661,-0.19519,-0.3905,-0.66951,-0.45469,-0.085619,-0.083202,0.23302,0.042896,-0.073075,-0.22037,-0.29647,-0.22232,-0.36398,-0.22506,0.0024023,-0.15479,-0.30006,0.07606,0.15795,0.29577,0.031021,0.083972,0.057079,0.22225,0.069616,-0.067271,0.044694,0.052742,-0.27521,-0.20074,-0.13553,-0.015234,0.094904,-0.16753,-0.33544,-0.29117,-0.073629,-0.10092,-0.24821,-0.23682,-0.064192,0.10664,0.2593,-0.10333,-0.0069839,-0.046823,-0.30454,-0.42238,0.075981,-0.12358,-0.32048,-0.10697
-0.14566,0.17528,-0.19562,0.033107,0.30365,0.16878,-0.084605,0.18477,0.27823,0.25642,0.37928,0,-0.13597,-0.15959,0.071421,0.28778,-0.20801,-0.030215,-0.28473,-0.42432,-0.51452,-0.3622,-0.1706,0.032287,-0.0027835,0.024282,-0.31891,-0.29122,-0.085259,0.099536,0.13094,0.29065,-0.074844,-0.034401,0.14629,0.31254,0.12521,0.40872,0.35523,0.37651,-0.10897,0.094983,-0.27016,-0.12472,0.16411,0.24257,-0.26545,-0.29182,-0.32816,-0.33045,-0.27987,-0.37402,-0.25826,-0.029021,-0.42773,-0.49333,-0.65059,-0.3339,-0.15208,0.21956,0.49189,0.031194,-0.10226,-0.17534,-0.16635,-0.42498,-0.1937,0.078628,0.067271,-0.089193,-0.021103,-0.034603,0.1393,-0.22749,-0.072413,0.021462,0.38195,-0.19025,-0.13645,-0.24615,0.082411,-0.35411,-0.20244,-0.2457,-0.08969,-0.1735,-0.16138,-0.48745,-0.35352,-0.25348,0.0049844,-0.41016,-0.097155,0.0073075,0.42064,-0.037401,-0.098997,-0.21318,0.18504,-0.25313,-0.25362,-0.10225,-0.080447,-0.37334,0.091567
-0.45865,-0.44335,0.25135,0.12236,-0.41792,-0.46265,-0.29426,-0.38416,-0.055288,-0.13455,0.17168,-0.13597,0,0.84788,-0.38586,-0.31281,-0.093171,0.020923,-0.18279,0.076376,-0.28214,-0.30769,-0.29295,-0.24341,0.092401,-0.20876,-0.67385,-0.62497,-0.22137,-0.40092,-0.146,-0.11359,0.21199,-0.062603,-0.041982,-0.41147,0.14043,-0.23735,-0.094631,-0.43516,-0.51473,-0.45386,-0.14346,-0.46588,0.17503,0.1282,-0.11775,-0.077383,-0.16906,-0.15088,-0.17404,-0.1272,-0.21974,-0.021405,-0.22879,-0.2956,-0.27413,-0.045722,0.015018,-0.16161,-0.31699,-0.2913,-0.27459,-0.40834,-0.27559,-0.18043,-0.042148,-0.51951,-0.75168,-0.29518,-0.051527,0.10431,0.17278,0.15893,0.11043,0.020009,-0.0048765,0.5083,0.36489,-0.0067393,-0.17744,-0.13484,0.019765,0.30966,0.19053,0.31645,-0.092574,-0.1073,0.054001,0.15298,0.039709,0.034955,-0.19946,0.09097,0.0047686,0.18967,-0.15868,0.043054,-0.023275,-0.11143,-0.26537,0.17926,-0.22643,-0.12259,-0.14992
-0.56813,-0.53653,0.16701,0.055626,-0.36533,-0.41164,-0.2102,-0.27317,-0.207,-0.20037,-0.00099256,-0.15959,0.84788,0,-0.41462,-0.32108,-0.24079,0.011911,-0.13495,0.15943,-0.16618,-0.34225,-0.25417,-0.2063,-0.061042,-0.31107,-0.69112,-0.68957,-0.15201,-0.25381,-0.10047,-0.085007,0.26375,0.022973,-0.11632,-0.33524,0.065609,-0.27261,-0.22916,-0.48783,-0.51007,-0.44802,-0.1574,-0.40906,0.043414,-0.029295,-0.17617,-0.06804,0.020678,-0.37141,-0.38021,0.010026,-0.16881,0.019499,-0.29982,-0.2907,-0.31724,-0.047779,-0.049649,-0.12078,-0.28304,-0.15136,-0.10902,-0.44637,-0.23916,-0.20638,0.0018628,-0.579,-0.80008,-0.23745,0.026993,0.050944,0.11889,0.075859,-0.0063221,-0.088158,-0.10545,0.50059,0.44067,-0.16122,-0.28987,-0.29649,-0.06625,0.28474,0.10162,0.18141,-0.17694,-0.13819,0.033524,0.15808,0.016881,0.013716,-0.30265,0.12112,-0.060812,-0.00071205,-0.32234,-0.03082,-0.046887,-0.05436,-0.11825,0.3262,-0.1073,-0.058503,-0.10689
-0.33325,-0.21251,-0.27121,-0.34029,-0.015126,-0.22473,-0.1493,-0.14565,0.016535,0.12454,0.13084,0.071421,-0.38586,-0.41462,0,0.43962,-0.11033,-0.1532,-0.19238,-0.35857,-0.28164,-0.35851,-0.11906,-0.13536,-0.024713,0.097213,-0.1791,-0.31158,-0.4609,-0.055504,-0.11487,-0.094616,-0.38447,-0.25018,-0.11678,-0.027396,-0.063703,-0.12176,0.070745,0.10915,-0.12938,-0.087856,-0.35085,-0.33947,-0.10512,-0.069659,-0.27914,-0.31453,-0.35767,-0.22131,-0.4233,-0.39889,-0.34537,-0.30281,-0.51054,-0.47598,-0.39675,-0.088294,-0.21972,0.12611,0.059481,0.32712,-0.023512,0.034452,-1.4385e-05,-0.35867,-0.30308,0.35667,0.12157,-0.25955,-0.13327,-0.18819,-0.15306,-0.21973,-0.16048,-0.22903,-0.074226,-0.1704,-0.30499,-0.12378,-0.14345,-0.30313,-0.37601,-0.47051,-0.43959,-0.12379,-0.38675,-0.33931,-0.48726,-0.18654,-0.15909,-0.38865,-0.34371,-0.34889,-0.13711,-0.042881,-0.20439,-0.34815,-0.271,-0.25819,-0.28899,-0.18289,-0.18289,-0.45556,-0.27607
-0.21622,-0.069601,-0.35507,-0.3363,0.028108,-0.064574,-0.067573,-0.10044,-0.084245,0.12909,0.071845,0.28778,-0.31281,-0.32108,0.43962,0,-0.12661,-0.084856,-0.40916,-0.44283,-0.27692,-0.15172,-0.14908,-0.10908,-0.17677,-0.083216,-0.15171,-0.24527,-0.27087,-0.14071,0.031323,0.0155,-0.10874,-0.044687,0.19627,0.017003,0.017895,-0.035293,0.056799,0.0048405,-0.17377,-0.035962,-0.19985,-0.1685,0.0034524,0.041644,-0.1202,-0.083353,-0.34792,-0.3701,-0.46315,-0.47315,-0.25821,-0.24675,-0.67077,-0.42693,-0.39261,-0.098781,-0.0058187,-0.12171,0.09466,0.36133,-0.031388,0.15365,-0.026893,-0.28089,-0.09799,0.44016,0.28434,-0.032812,-0.051217,3.5962e-05,0.086482,-0.13782,0.099579,-0.20639,-0.069551,-0.23025,-0.26309,-0.11811,-0.00086309,-0.30678,-0.38715,-0.44039,-0.32693,-0.15083,-0.28082,-0.2636,-0.24488,-0.11381,0.076297,-0.531,-0.31663,-0.31103,0.018859,-0.099025,-0.22211,-0.42922,-0.15552,-0.15333,-0.27725,-0.20465,-0.25685,-0.64424,-0.32657
-0.097551,-0.11569,0.059769,0.014327,-0.37801,-0.22596,-0.55757,-0.39192,-0.17011,-0.26494,-0.0933,-0.20801,-0.093171,-0.24079,-0.11033,-0.12661,0,-0.056561,0.018377,-0.040896,-0.42486,-0.25182,-0.40429,-0.53681,-0.052109,-0.081188,-0.31511,-0.17196,-0.36922,-0.55734,-0.28108,-0.056187,-0.060014,-0.13015,-0.08057,-0.34255,0.039573,-0.11178,-0.16479,-0.29837,-0.53461,-0.45357,-0.28976,-0.31196,0.062524,-0.029,0.14082,-0.075161,-0.60386,0.14086,0.050829,-0.2986,-0.34475,-0.45423,-0.015759,-0.36772,-0.36271,-0.061431,-0.048714,-0.35016,-0.22249,-0.30525,-0.26615,-0.05349,-0.0984,0.068004,-0.070946,-0.076434,-0.12049,-0.13485,-0.15198,0.062107,-2.1577e-05,0.069206,-0.021232,-0.025303,-0.15749,-0.031395,-0.055648,0.32343,0.12967,0.3608,0.27075,0.036933,0.3525,0.35915,0.37647,0.0048117,-0.15383,0.11783,0.054382,-0.06776,0.011048,-0.34544,-0.066904,0.089596,-0.01035,-0.1992,-0.22704,-0.12764,-0.21162,-0.36111,-0.19774,-0.28754,-0.26578
-0.0077534,-0.21958,0.32258,0.31345,-0.083267,-0.11854,-0.29971,-0.22616,-0.11228,-0.012119,-0.10281,-0.030215,0.020923,0.011911,-0.1532,-0.084856,-0.056561,0,-0.28535,-0.29761,-0.415,0.079707,-0.33063,-0.15231,-0.22752,-0.26079,-0.21871,-0.09156,-0.30887,-0.38444,-0.35572,-0.21259,-0.24171,-0.12112,-0.24107,-0.51814,0.00081994,-0.086266,-0.023814,-0.12108,-0.10286,-0.18753,-0.40379,-0.36016,-0.051332,-0.044643,0.13893,0.014557,-0.16761,-0.26456,-0.17622,-0.32524,-0.078779,0.0062718,-0.23605,-0.27927,-0.47175,-0.065832,0.099299,-0.078642,-0.037753,-0.36509,-0.27094,-0.31156,-0.333,-0.10043,0.064818,-0.36005,-0.36026,-0.4102,-0.15121,0.0080771,0.15176,0.0060057,0.21564,0.26993,0.18775,0.076628,0.17634,-0.11488,-0.1487,0.11052,0.29617,0.23647,0.02175,0.28585,-0.17225,-0.060819,-0.031913,0.056755,0.29934,-0.066063,0.051498,-0.11628,-0.0035818,-0.24107,-0.31056,-0.11072,-0.10215,-0.16396,-0.23197,-0.20052,-0.12044,-0.25401,-0.19354
-0.34619,-0.10915,-0.33123,-0.20399,-0.36116,-0.033394,-0.39893,0.094314,-0.2122,-0.076599,-0.24975,-0.28473,-0.18279,-0.13495,-0.19238,-0.40916,0.018377,-0.28535,0,0.046154,0.0135,-0.2724,0.23286,0.0095803,-0.14153,0.1539,-0.25801,-0.13979,-0.13483,-0.072291,0.12595,0.10497,-0.25574,-0.42027,-0.52416,-0.12253,-0.46648,-0.3706,-0.54271,-0.21689,-0.35372,-0.12068,-0.11782,0.1145,-0.03,-0.15794,-0.29106,-0.27046,0.046175,-0.1647,-0.14404,0.332,-0.31652,-0.027712,0.081756,-0.080742,-0.1748,-0.34017,-0.50264,-0.050664,0.040573,-0.19623,-0.054145,-0.15925,0.15392,-0.10993,-0.22118,-0.46062,-0.39781,0.094314,-0.019017,-0.035833,-0.19517,-0.066767,-0.33888,-0.53956,-0.22414,-0.31724,-0.32371,-0.38703,-0.38567,-0.079066,-0.056482,0.084267,0.098464,-0.11127,-0.042766,-0.39093,-0.35487,-0.10797,-0.357,0.16934,0.060726,-0.071112,-0.027295,-0.10868,-0.016953,-0.15138,-0.029769,-0.1423,0.17544,-0.15445,0.14266,0.33666,0.13635
-0.54242,-0.62327,-0.06128,-0.23309,-0.54694,-0.50234,-0.40081,-0.41046,-0.38461,-0.25434,-0.26909,-0.42432,0.076376,0.15943,-0.35857,-0.44283,-0.040896,-0.29761,0.046154,0,-0.029885,-0.32131,-0.27128,-0.36956,-0.29852,-0.31087,-0.42,-0.46685,-0.2011,-0.41109,-0.21621,-0.23819,0.10715,-0.11547,-0.22903,-0.3344,-0.063322,-0.35268,-0.38468,-0.48365,-0.56568,-0.49623,-0.15421,-0.36403,-0.14666,-0.29093,-0.2114,-0.14781,-0.021441,-0.046032,-0.16848,0.035826,-0.36651,-0.32926,-0.18508,-0.25886,-0.17134,0.0080268,-0.16037,-0.24883,-0.4644,-0.26582,-0.084856,-0.41737,-0.1627,-0.16005,-0.090855,-0.51961,-0.61579,-0.3178,-0.2978,-0.17884,-0.19793,-0.0066386,-0.21938,-0.23765,-0.38418,0.14283,0.092718,-0.10263,-0.29579,-0.30266,-0.17473,-0.029316,-0.010256,-0.033581,0.025375,-0.05239,-0.06156,0.11301,-0.21168,0.0042867,-0.30855,-0.22288,-0.19219,0.017945,-0.0033013,0.044679,-0.19024,-0.1409,-0.17446,0.13275,-0.11486,0.00051066,-0.14947
-0.32627,-0.24536,-0.66549,-0.542,-0.33804,-0.14437,-0.11724,0.010084,-0.5389,-0.13996,-0.59511,-0.51452,-0.28214,-0.16618,-0.28164,-0.27692,-0.42486,-0.415,0.0135,-0.029885,0,0.14027,0.42438,0.25284,-0.5607,-0.34199,0.10816,-0.097853,-0.086856,-0.1679,-0.0015392,-0.31237,-0.20774,-0.32795,-0.47118,-0.22488,-0.75999,-0.7798,-0.92009,-0.44458,-0.070932,0.037501,0.083173,0.219,-0.37283,-0.4411,-0.3124,0.044974,0.53709,-0.31942,-0.23776,0.37222,0.10221,0.16259,0.024893,0.4821,0.38984,-0.1817,-0.20179,-0.2578,-0.20907,-0.049232,-0.10766,0.067429,0.30272,-0.044435,-0.068565,-0.442,-0.36461,-0.034632,-0.27664,-0.29433,-0.34572,-0.10432,-0.2474,-0.71067,-0.51114,-0.42012,-0.48584,-0.5834,-0.68687,-0.36005,-0.50861,-0.1019,-0.2593,-0.46248,-0.42305,-0.10715,0.028806,-0.10256,-0.25714,0.095307,-0.19338,0.062675,-0.25127,-0.20135,-0.09507,-0.15966,-0.1422,0.24064,0.23434,-0.0077031,-0.063516,0.21559,-0.021836
0.14978,-0.03625,-0.38451,-0.31585,-0.18334,0.021577,-0.25975,-0.16945,-0.49326,-0.059151,-0.54384,-0.3622,-0.30769,-0.34225,-0.35851,-0.15172,-0.25182,0.079707,-0.2724,-0.32131,0.14027,0,0.094947,0.16743,-0.63489,-0.44982,0.37585,0.33106,-0.14096,-0.49508,-0.19578,-0.41711,-0.32706,-0.32512,-0.34149,-0.54271,-0.53393,-0.48419,-0.47356,-0.29516,0.10424,0.13412,-0.13457,0.053756,-0.25084,-0.27805,-0.032862,0.082353,0.11305,-0.13388,0.044097,-0.18978,0.069558,0.14117,-0.043529,0.26289,0.11605,-0.23031,-0.022577,-0.49257,-0.22819,-0.45386,-0.48779,-0.072859,-0.17383,-0.047794,-0.034632,-0.43372,-0.27785,-0.17293,-0.48389,-0.19538,-0.16341,-0.084432,0.10955,-0.25583,-0.21267,-0.45266,-0.39445,-0.35206,-0.38728,-0.050807,-0.20303,-0.083087,-0.22298,-0.27181,-0.30975,-0.074154,0.065537,-0.15845,-0.034703,-0.11791,0.077311,-0.14137,-0.153,-0.36209,-0.083339,-0.13919,-0.11996,-0.080757,-0.18975,-0.39471,-0.36447,-0.10451,-0.22557
-0.19691,0.016902,-0.72147,-0.42832,-0.16745,0.059676,-0.11099,0.24246,-0.23598,0.22374,-0.27294,-0.1706,-0.29295,-0.25417,-0.11906,-0.14908,-0.40429,-0.33063,0.23286,-0.27128,0.42438,0.094947,0,0.74222,-0.25619,-0.051368,0.037465,-0.040608,-0.031726,-0.066063,0.31777,-0.078139,-0.37851,-0.5937,-0.45645,-0.10769,-0.83152,-0.58888,-0.56299,-0.15156,0.063725,0.36209,0.095854,0.40362,-0.051771,-0.093307,-0.44303,-0.1878,0.38269,-0.35657,-0.24551,0.30733,0.040616,0.3784,-0.036602,0.31572,0.14087,-0.41542,-0.36593,-0.0041716,0.16489,-0.056907,-0.19327,0.086453,0.27377,-0.20335,-0.22082,-0.363,-0.29677,0.096602,-0.17574,-0.11455,-0.18864,-0.052843,-0.1829,-0.65791,-0.1678,-0.55695,-0.61984,-0.69287,-0.55874,-0.32905,-0.42655,-0.12,-0.21609,-0.41865,-0.42309,-0.46385,-0.26869,-0.21192,-0.32318,0.027979,-0.064034,0.15488,0.019362,-0.089589,0.051613,-0.1691,0.10263,0.033783,0.11413,-0.1001,-0.020024,0.25692,0.12879
-0.15896,0.086424,-0.62806,-0.31601,0.05444,0.19678,-0.073938,0.35954,-0.13812,0.30675,-0.1645,0.032287,-0.24341,-0.2063,-0.13536,-0.10908,-0.53681,-0.15231,0.0095803,-0.36956,0.25284,0.16743,0.74222,0,-0.30192,-0.11686,0.10172,-0.034538,-0.027245,0.030827,0.26234,-0.035142,-0.33784,-0.4093,-0.382,-0.027878,-0.59328,-0.34747,-0.33876,0.015967,0.19882,0.56572,-0.05641,0.27391,-0.057755,-0.055137,-0.42287,-0.17752,0.4114,-0.35406,-0.18683,0.12283,0.048218,0.64045,-0.061963,0.20321,0.00093502,-0.42825,-0.27531,0.0839,0.2689,-0.11606,-0.27078,-0.092308,0.094732,-0.29388,-0.19425,-0.41175,-0.31821,-0.066559,-0.23156,-0.19895,-0.13399,-0.14627,-0.12855,-0.44698,-5.7539e-05,-0.49901,-0.51585,-0.7579,-0.52318,-0.43698,-0.4425,-0.10753,-0.22563,-0.44803,-0.53596,-0.47108,-0.21646,-0.2654,-0.20861,-0.042615,0.016643,0.30466,0.13364,-0.16142,-0.026907,-0.055382,0.20793,-0.01455,0.019369,-0.045154,-0.036552,0.20175,0.29323
-0.38251,-0.32198,0.023713,-0.0694,-0.31822,-0.46096,-0.0902,-0.35723,0.35925,-0.11637,0.52797,-0.0027835,0.092401,-0.061042,-0.024713,-0.17677,-0.052109,-0.22752,-0.14153,-0.29852,-0.5607,-0.63489,-0.25619,-0.30192,0,0.24792,-0.74382,-0.67883,-0.41876,-0.17774,0.022793,0.071291,-0.097479,-0.22491,0.12018,-0.09986,0.077793,-0.10668,0.1828,-0.21469,-0.37816,-0.41412,0.048693,-0.33952,0.36266,0.47376,-0.1949,-0.35857,-0.44423,-0.1223,-0.27446,-0.17465,-0.39956,-0.34493,-0.23548,-0.49667,-0.29706,-0.1442,-0.19594,0.090589,-0.15154,-0.10013,-0.16269,-0.18416,-0.22697,-0.23037,-0.30032,-0.002057,-0.17499,-0.21782,0.24787,0.22584,0.12019,0.11176,-0.00090625,-0.093502,-0.078448,-0.00043155,-0.13661,0.14128,0.09348,-0.13344,-0.11288,-0.13406,0.0021937,0.11382,-0.14012,-0.30072,-0.34578,-0.080814,-0.24506,-0.12674,-0.30915,-0.10802,-0.18187,0.18675,-0.23722,-0.085446,-0.2501,-0.17951,-0.29664,0.070277,-0.077585,-0.19249,-0.22014
-0.33883,-0.076937,-0.24277,-0.1363,-0.23185,-0.16137,-0.060028,0.0059697,0.5089,0.064797,0.21921,0.024282,-0.20876,-0.31107,0.097213,-0.083216,-0.081188,-0.26079,0.1539,-0.31087,-0.34199,-0.44982,-0.051368,-0.11686,0.24792,0,-0.37587,-0.24833,-0.28776,0.14803,0.15924,0.3467,-0.32504,-0.32083,-0.14401,0.095623,-0.13134,-0.0022081,0.07975,0.10638,-0.21879,-0.1364,0.011515,0.0099687,0.10372,0.19507,-0.20657,-0.27347,-0.35254,-0.11702,-0.18961,-0.095098,-0.54039,-0.26545,-0.20259,-0.35721,-0.21205,-0.30095,-0.36647,0.14255,0.14228,-0.060158,0.043421,-0.10182,0.051965,-0.19816,-0.2949,0.012342,0.018844,-0.045111,0.24453,0.04916,-0.048189,-0.14904,-0.13669,-0.32249,-0.071435,-0.37345,-0.41325,-0.23153,-0.11344,-0.040098,-0.11985,-0.15752,-0.047506,-0.12546,-0.15788,-0.39636,-0.36402,-0.27304,-0.32972,-0.077549,-0.010264,-0.25165,-0.087187,-0.042709,-0.07829,-0.060719,-0.096796,-0.32159,-0.058633,-0.14164,0.12404,-0.10873,-0.090078
0.078736,0.13302,-0.59717,-0.42928,0.0099759,0.20723,-0.35591,0.014284,-0.46098,-0.14994,-0.56011,-0.31891,-0.67385,-0.69112,-0.1791,-0.15171,-0.31511,-0.21871,-0.25801,-0.42,0.10816,0.37585,0.037465,0.10172,-0.74382,-0.37587,0,0.55342,-0.13258,-0.19454,-0.29455,-0.44132,-0.49013,-0.297,-0.43014,-0.18009,-0.49015,-0.2341,-0.41554,-0.025138,0.11404,0.18266,-0.34124,0.072248,-0.62325,-0.58834,-0.17447,-0.092372,-0.008782,-0.035257,0.12496,-0.3007,-0.026224,0.019916,0.025361,0.13904,0.058036,-0.19721,-0.17341,-0.35572,-0.13591,-0.38246,-0.44264,-0.10541,-0.087273,-0.061999,-0.11164,-0.25924,-0.018405,-0.16168,-0.65453,-0.55133,-0.44259,-0.42041,-0.28131,-0.30084,-0.22276,-0.69929,-0.6803,-0.42892,-0.41515,-0.18688,-0.38482,-0.39653,-0.48571,-0.62033,-0.39035,-0.087043,-0.13115,-0.33604,-0.17392,-0.22332,0.071543,-0.27523,-0.22479,-0.54178,-0.10528,-0.18673,-0.19775,-0.26003,-0.18218,-0.59415,-0.27925,-0.16197,-0.10508
0.46877,0.37941,-0.38761,-0.16752,0.049304,0.34072,-0.28873,0.085712,-0.35564,-0.18621,-0.62878,-0.29122,-0.62497,-0.68957,-0.31158,-0.24527,-0.17196,-0.09156,-0.13979,-0.46685,-0.097853,0.33106,-0.040608,-0.034538,-0.67883,-0.24833,0.55342,0,0.064128,-0.21594,-0.33133,-0.35041,-0.63787,-0.44742,-0.55595,-0.29243,-0.56853,-0.17255,-0.33788,0.075046,0.1859,0.24464,-0.38106,0.13452,-0.51552,-0.52419,-0.1283,-0.17074,-0.19553,-0.042701,0.19474,-0.30781,0.026346,0.0050275,0.063797,0.14219,-0.11497,-0.46854,-0.35225,-0.37733,-0.025361,-0.51132,-0.40377,-0.046312,-0.15189,-0.093732,-0.23599,-0.27645,-0.0089905,-0.014565,-0.56019,-0.45048,-0.47486,-0.44651,-0.33384,-0.16842,-0.074888,-0.72319,-0.54905,-0.48077,-0.34086,0.099385,-0.072701,-0.27187,-0.32826,-0.4899,-0.21936,-0.22658,-0.25805,-0.45647,-0.2066,-0.17367,0.28892,-0.28646,-0.092509,-0.53021,0.01509,-0.29549,-0.043917,-0.36731,-0.15529,-0.99525,-0.33166,-0.15865,-0.12505
0.013536,0.12062,-0.35674,-0.10122,0.022714,0.17688,0.10545,0.27057,-0.314,-0.32154,-0.44198,-0.085259,-0.22137,-0.15201,-0.4609,-0.27087,-0.36922,-0.30887,-0.13483,-0.2011,-0.086856,-0.14096,-0.031726,-0.027245,-0.41876,-0.28776,-0.13258,0.064128,0,0.018672,-0.069616,-0.079016,-0.20819,-0.24463,-0.32532,-0.073701,-0.36727,-0.1204,-0.2116,-0.016291,0.027655,0.23258,-0.19625,0.13166,-0.31952,-0.39029,-0.1809,-0.12552,-0.090553,-0.20423,-0.094487,-0.021311,0.023203,0.079793,-0.050678,0.10917,-0.25533,-0.59015,-0.41813,-0.25513,0.013356,-0.15048,-0.033344,-0.012443,-0.039005,-0.15345,-0.19352,-0.31147,-0.16837,0.18432,-0.28655,-0.42599,-0.47559,-0.37987,-0.40187,-0.29958,-0.1495,-0.40912,-0.28309,-0.60922,-0.23761,-0.2295,-0.18139,-0.28977,-0.2705,-0.58801,-0.30972,-0.34171,-0.25832,-0.31873,-0.096271,-0.084777,0.074744,0.079426,0.096875,-0.3486,-0.075075,-0.26002,0.18585,-0.1586,0.058309,-0.29926,-0.21951,-0.0363,0.16007
-0.33972,0.011155,-0.44373,-0.21821,0.17252,0.1004,0.18578,0.4169,0.062768,-0.17114,-0.12088,0.099536,-0.40092,-0.25381,-0.055504,-0.14071,-0.55734,-0.38444,-0.072291,-0.41109,-0.1679,-0.49508,-0.066063,0.030827,-0.17774,0.14803,-0.19454,-0.21594,0.018672,0,0.066926,0.24837,-0.27505,-0.065451,-0.27276,0.51002,-0.2319,0.15114,-0.038616,0.25849,0.0053871,0.066681,-0.24554,0.031675,-0.34942,-0.26019,-0.43942,-0.35101,-0.10144,-0.44905,-0.40853,-0.074132,-0.28767,-0.077268,-0.27127,-0.26629,-0.31494,-0.47244,-0.53332,0.15913,0.2112,0.1484,0.19976,-0.24173,-0.044075,-0.37418,-0.34423,-0.037257,0.047801,-0.018499,0.081836,-0.41764,-0.37399,-0.67313,-0.57765,-0.42386,-0.14571,-0.42908,-0.35254,-0.60975,-0.27164,-0.47871,-0.39041,-0.3784,-0.34859,-0.57457,-0.43019,-0.51757,-0.42885,-0.56579,-0.38709,-0.30791,-0.17452,-0.10098,-0.18853,-0.48015,-0.42016,-0.2193,-0.076513,-0.29039,0.10965,-0.07437,0.13346,-0.12963,0.091603
-0.40351,-0.020693,-0.63891,-0.42743,-0.11689,0.085202,0.013148,0.22181,-0.030726,0.078786,0.066415,0.13094,-0.146,-0.10047,-0.11487,0.031323,-0.28108,-0.35572,0.12595,-0.21621,-0.0015392,-0.19578,0.31777,0.26234,0.022793,0.15924,-0.29455,-0.33133,-0.069616,0.066926,0,0.50002,0.02157,-0.16657,0.03689,0.20785,-0.26482,-0.22411,-0.2417,-0.17295,-0.27091,0.070536,0.22463,0.28936,0.32211,0.2309,-0.3345,-0.19856,0.10672,-0.34883,-0.33533,0.16859,-0.28162,0.083447,-0.22864,-0.2089,-0.18322,-0.36326,-0.35097,0.0068184,0.20688,0.142,0.013205,0.011235,0.17565,-0.24601,-0.17298,-0.16083,-0.11432,0.34424,0.25419,0.24351,0.14309,0.055274,-0.011378,-0.58046,-0.18464,-0.4374,-0.50001,-0.41573,-0.23933,-0.45355,-0.50062,-0.18115,-0.044629,-0.32323,-0.31727,-0.50996,-0.29424,-0.11207,-0.23879,-0.11716,-0.13102,0.11701,0.11773,-0.073708,-0.13591,-0.15181,0.062071,-0.036343,0.078959,0.11549,0.048923,0.066825,0.11538
-0.35812,0.032222,-0.31732,-0.11906,-0.024102,0.088855,0.023864,0.22491,0.17944,-0.057849,0.16605,0.29065,-0.11359,-0.085007,-0.094616,0.0155,-0.056187,-0.21259,0.10497,-0.23819,-0.31237,-0.41711,-0.078139,-0.035142,0.071291,0.3467,-0.44132,-0.35041,-0.079016,0.24837,0.50002,0,0.019333,-0.00048909,0.031726,0.30036,-0.0021865,0.14335,0.01824,0.011422,-0.30668,-0.070011,-0.041543,0.078275,0.26925,0.24586,-0.18219,-0.18342,-0.21471,-0.31009,-0.31524,-0.027626,-0.40917,-0.10677,-0.22309,-0.4418,-0.42171,-0.3684,-0.32366,0.070148,0.28638,0.084691,0.085576,-0.14862,0.060352,-0.20528,-0.15183,-0.064243,-0.021469,0.16593,0.39983,0.1411,0.14117,-0.11186,-0.086827,-0.32557,-0.064624,-0.28916,-0.26085,-0.29233,-0.071284,-0.24534,-0.183,-0.09248,0.1761,-0.14462,-0.13764,-0.43447,-0.30797,-0.13761,-0.11765,-0.14542,-0.027907,-0.012421,0.10546,-0.12169,-0.22729,-0.06028,0.097796,-0.17939,0.07724,0.031546,0.16911,-0.070479,0.12439
-0.62742,-0.39984,-0.17168,-0.26094,-0.43022,-0.26501,-0.3176,-0.32113,-0.30707,-0.36143,-0.029935,-0.074844,0.21199,0.26375,-0.38447,-0.10874,-0.060014,-0.24171,-0.25574,0.10715,-0.20774,-0.32706,-0.37851,-0.33784,-0.097479,-0.32504,-0.49013,-0.63787,-0.20819,-0.27505,0.02157,0.019333,0,0.58572,0.45977,-0.0091704,0.25241,-0.0819,-0.22925,-0.56184,-0.86762,-0.56662,-0.024461,-0.26232,0.016327,-0.049764,0.022469,0.069918,-0.13649,-0.13074,-0.18815,-0.11717,-0.49895,-0.31383,-0.28039,-0.3991,-0.2993,0.066681,0.10839,-0.45425,-0.38915,-0.049283,0.025663,-0.23877,-0.19797,-0.064595,0.11701,-0.20694,-0.2476,-0.011695,0.075895,0.10569,0.12772,0.012558,0.056266,-0.309,-0.41541,0.072694,0.063617,0.17534,0.15608,-0.33172,-0.25716,-0.068076,0.088395,0.00010069,0.073766,0.011371,0.16164,0.12334,0.063595,-0.23052,-0.2724,-0.12303,-0.11199,-0.12901,-0.40063,-0.23564,-0.35221,0.10184,-0.095846,0.24225,-0.1333,-0.28845,-0.17227
-0.52675,-0.33444,-0.14206,-0.21426,-0.21436,-0.14283,-0.24708,-0.23828,-0.28071,-0.49687,-0.10812,-0.034401,-0.062603,0.022973,-0.25018,-0.044687,-0.13015,-0.12112,-0.42027,-0.11547,-0.32795,-0.32512,-0.5937,-0.4093,-0.22491,-0.32083,-0.297,-0.44742,-0.24463,-0.065451,-0.16657,-0.00048909,0.58572,0,0.35849,0.10781,0.37591,0.17876,-0.085993,-0.32283,-0.61511,-0.5215,-0.253,-0.32849,-0.2595,-0.25268,0.12916,0.089877,-0.23243,-0.12143,-0.17223,-0.30556,-0.55277,-0.39376,-0.29471,-0.50997,-0.42626,0.092344,0.099824,-0.41933,-0.33924,-0.016456,0.12639,-0.28921,-0.26642,-0.047139,0.12539,-0.061416,-0.027202,-0.12424,0.044629,-0.1368,-0.035603,-0.26852,-0.067127,-0.23007,-0.40621,-0.033884,0.015018,0.14265,0.21139,-0.30781,-0.24185,-0.20921,-0.093509,-0.11782,-0.052375,0.082404,0.11708,-0.041781,0.1248,-0.35596,-0.20088,-0.26256,-0.25016,-0.45117,-0.7007,-0.2941,-0.51291,-0.019635,-0.071558,0.075298,-0.091862,-0.44996,-0.20032
-0.42155,-0.27624,-0.20231,-0.29452,-0.28758,-0.26565,-0.17675,-0.38459,-0.029561,-0.20966,0.23019,0.14629,-0.041982,-0.11632,-0.11678,0.19627,-0.08057,-0.24107,-0.52416,-0.22903,-0.47118,-0.34149,-0.45645,-0.382,0.12018,-0.14401,-0.43014,-0.55595,-0.32532,-0.27276,0.03689,0.031726,0.45977,0.35849,0,0.089956,0.38333,0.096472,0.1129,-0.30926,-0.59028,-0.46033,0.061761,-0.26173,0.13066,0.18102,0.055504,-0.020153,-0.40959,-0.085187,-0.1986,-0.39012,-0.55883,-0.4861,-0.42796,-0.5625,-0.32618,0.075485,0.16548,-0.33576,-0.2754,0.0071133,-0.032726,-0.093825,-0.25813,-0.12478,0.013716,0.19019,0.13207,-0.070529,0.11022,0.19446,0.2356,0.014838,0.21945,-0.17267,-0.27889,-0.11734,-0.15311,0.32158,0.46581,-0.29302,-0.33454,-0.33239,-0.10118,-0.080174,-0.0068616,-0.041752,0.0094293,-0.010839,0.042112,-0.43852,-0.31208,-0.27269,-0.11327,-0.086719,-0.34683,-0.28986,-0.41109,-0.060323,-0.31046,0.046269,-0.22325,-0.56179,-0.32942
-0.40521,0.091862,-0.56567,-0.3072,0.082145,0.17783,-0.070666,0.30956,0.070946,-0.10706,0.045391,0.31254,-0.41147,-0.33524,-0.027396,0.017003,-0.34255,-0.51814,-0.12253,-0.3344,-0.22488,-0.54271,-0.10769,-0.027878,-0.09986,0.095623,-0.18009,-0.29243,-0.073701,0.51002,0.20785,0.30036,-0.0091704,0.10781,0.089956,0,-0.05631,0.301,-0.020858,0.17565,-0.25645,-0.039249,-0.11317,0.10258,-0.19272,-0.12896,-0.3277,-0.27128,-0.18294,-0.25404,-0.238,-0.12175,-0.43909,-0.19641,-0.22433,-0.36321,-0.34112,-0.28021,-0.31148,0.056396,0.21497,0.14873,0.17076,-0.11863,0.031827,-0.27022,-0.19931,0.11099,0.25858,0.097357,0.075053,-0.22844,-0.17856,-0.44374,-0.40189,-0.4172,-0.16377,-0.49903,-0.46416,-0.31444,0.013903,-0.50898,-0.48361,-0.44579,-0.23845,-0.54978,-0.18789,-0.3778,-0.31471,-0.38707,-0.26968,-0.36166,-0.14387,-0.10233,-0.003589,-0.29915,-0.26985,-0.29682,-0.14423,-0.15973,0.045147,-0.049621,0.11679,-0.2167,0.15103
-0.47377,-0.39219,0.21774,0.031956,-0.1977,-0.34552,-0.3217,-0.42559,0.053763,-0.25893,0.32754,0.12521,0.14043,0.065609,-0.063703,0.017895,0.039573,0.00081994,-0.46648,-0.063322,-0.75999,-0.53393,-0.83152,-0.59328,0.077793,-0.13134,-0.49015,-0.56853,-0.36727,-0.2319,-0.26482,-0.0021865,0.25241,0.37591,0.38333,-0.05631,0,0.35944,0.35985,-0.14523,-0.62807,-0.61882,-0.34329,-0.64407,-0.01437,0.024073,0.086892,-0.095285,-0.55152,-0.0045025,-0.16258,-0.5641,-0.60532,-0.49495,-0.42989,-0.92556,-0.61697,0.19238,0.13522,-0.15044,-0.27373,-0.15442,-0.09827,-0.4399,-0.38884,-0.14259,0.039825,-0.018441,-0.10475,-0.36782,-0.031258,-0.028237,0.1539,-0.10314,0.065825,0.17837,-0.053778,0.25402,0.19809,0.32941,0.25286,-0.19329,-0.070292,-0.18581,-0.044198,0.1389,-0.018398,0.028345,-0.0622,0.086158,0.17527,-0.32625,-0.24223,-0.33897,-0.11216,-0.10861,-0.37598,-0.056166,-0.31455,-0.32775,-0.42118,0.011796,-0.15945,-0.56714,-0.27036
-0.13946,0.089316,-0.022412,0.14577,0.1582,0.078254,-0.20752,-0.0017478,0.21926,-0.15927,0.13942,0.40872,-0.23735,-0.27261,-0.12176,-0.035293,-0.11178,-0.086266,-0.3706,-0.35268,-0.7798,-0.48419,-0.58888,-0.34747,-0.10668,-0.0022081,-0.2341,-0.17255,-0.1204,0.15114,-0.22411,0.14335,-0.0819,0.17876,0.096472,0.301,0.35944,0,0.44216,0.37334,-0.2272,-0.20053,-0.43657,-0.2719,-0.20078,-0.092761,-0.081828,-0.2481,-0.57451,-0.087503,-0.058971,-0.56371,-0.47218,-0.33559,-0.28904,-0.63078,-0.64931,-0.20739,-0.13579,-0.010371,0.095746,-0.23251,-0.073794,-0.40178,-0.34947,-0.24133,-0.13749,0.052411,0.17629,-0.23036,-0.10695,-0.27308,-0.094106,-0.49388,-0.25467,0.13518,0.156,-0.19717,-0.077218,-0.069774,0.24525,-0.16118,-0.029381,-0.29827,-0.1063,-0.2116,0.012637,-0.22319,-0.25149,-0.3424,-0.029935,-0.44057,-0.0043802,-0.30041,0.017449,-0.3349,-0.26011,-0.15003,-0.1091,-0.46712,-0.27618,-0.27085,-0.054526,-0.50854,-0.056288
-0.10927,-0.10974,0.10051,0.085496,0.13128,-0.2323,0.016845,-0.23234,0.47085,-0.037537,0.42564,0.35523,-0.094631,-0.22916,0.070745,0.056799,-0.16479,-0.023814,-0.54271,-0.38468,-0.92009,-0.47356,-0.56299,-0.33876,0.1828,0.07975,-0.41554,-0.33788,-0.2116,-0.038616,-0.2417,0.01824,-0.22925,-0.085993,0.1129,-0.020858,0.35985,0.44216,0,0.3207,-0.065861,-0.15845,-0.3714,-0.50912,0.01993,0.15896,-0.17319,-0.3779,-0.71688,-0.077419,-0.18041,-0.70646,-0.38675,-0.36433,-0.47651,-0.68719,-0.5997,-0.2566,-0.16265,0.099435,-0.019578,-0.15498,-0.20716,-0.34552,-0.46053,-0.43552,-0.3457,0.15339,0.034135,-0.42781,-0.14274,-0.20742,-0.072032,-0.31484,-0.096494,0.27491,0.22853,-0.020743,-0.022289,-0.015989,0.14897,-0.20728,-0.10474,-0.38705,-0.23401,-0.091567,-0.22084,-0.33669,-0.39063,-0.32666,-0.092221,-0.44958,-0.20715,-0.27402,-0.037084,-0.054799,-0.16961,-0.039141,-0.067839,-0.51638,-0.568,-0.18326,-0.27284,-0.5631,-0.2235
0.078563,0.3248,-0.23123,0.026835,0.47223,0.20939,-0.070551,0.26741,0.26644,0.17232,0.033258,0.37651,-0.43516,-0.48783,0.10915,0.0048405,-0.29837,-0.12108,-0.21689,-0.48365,-0.44458,-0.29516,-0.15156,0.015967,-0.21469,0.10638,-0.025138,0.075046,-0.016291,0.25849,-0.17295,0.011422,-0.56184,-0.32283,-0.30926,0.17565,-0.14523,0.37334,0.3207,0,0.24568,0.30743,-0.51614,-0.1337,-0.24929,-0.14919,-0.41035,-0.4829,-0.39659,-0.17754,-0.10849,-0.47064,-0.20191,-0.055669,-0.2948,-0.32021,-0.50256,-0.53583,-0.43567,0.25523,0.43224,-0.16331,-0.18023,-0.24188,-0.20441,-0.4947,-0.44214,0.026051,0.10284,-0.23721,-0.33848,-0.48396,-0.33792,-0.6337,-0.44193,0.022361,0.39145,-0.38622,-0.30251,-0.46884,-0.15221,-0.23666,-0.16525,-0.41271,-0.34812,-0.40928,-0.27616,-0.57405,-0.57064,-0.61657,-0.26017,-0.40347,0.018154,-0.19201,0.13484,-0.2356,0.02444,-0.16969,0.16389,-0.54985,-0.29401,-0.42865,-0.15193,-0.33835,0.045118
0.35103,0.11509,-0.31973,-0.13271,0.27851,-0.0052361,0.23846,0.073514,-0.077578,0.029698,-0.36156,-0.10897,-0.51473,-0.51007,-0.12938,-0.17377,-0.53461,-0.10286,-0.35372,-0.56568,-0.070932,0.10424,0.063725,0.19882,-0.37816,-0.21879,0.11404,0.1859,0.027655,0.0053871,-0.27091,-0.30668,-0.86762,-0.61511,-0.59028,-0.25645,-0.62807,-0.2272,-0.065861,0.24568,0,0.53206,-0.29033,-0.043198,-0.34501,-0.25104,-0.43797,-0.35673,-0.11394,-0.38221,-0.24617,-0.25813,0.29535,0.1095,-0.18497,0.14703,-0.069752,-0.6434,-0.40076,0.042126,0.082584,-0.22867,-0.3654,-0.11697,-0.22647,-0.42637,-0.48219,-0.15828,-0.12018,-0.34081,-0.46672,-0.56341,-0.4854,-0.47821,-0.36134,-0.094796,0.057108,-0.4623,-0.37711,-0.69303,-0.4578,-0.23739,-0.24263,-0.35154,-0.45343,-0.50604,-0.5488,-0.47127,-0.41655,-0.61261,-0.33584,-0.27444,-0.14708,-0.064085,-0.1811,-0.28189,-0.038731,-0.11145,0.11639,-0.2815,-0.23957,-0.39224,-0.28002,-0.14475,-0.11679
0.19183,0.41049,-0.6102,-0.25322,0.38546,0.39212,0.079556,0.48494,-0.13117,0.15819,-0.26932,0.094983,-0.45386,-0.44802,-0.087856,-0.035962,-0.45357,-0.18753,-0.12068,-0.49623,0.037501,0.13412,0.36209,0.56572,-0.41412,-0.1364,0.18266,0.24464,0.23258,0.066681,0.070536,-0.070011,-0.56662,-0.5215,-0.46033,-0.039249,-0.61882,-0.20053,-0.15845,0.30743,0.53206,0,-0.26321,0.21459,-0.18391,-0.1923,-0.45848,-0.3227,0.01696,-0.29035,-0.12772,-0.13042,0.15785,0.39219,-0.11258,0.14518,-0.17995,-0.75459,-0.48624,0.023455,0.36864,-0.10687,-0.29701,0.025152,0.0069982,-0.41543,-0.40836,-0.20711,-0.10225,0.0018269,-0.40847,-0.41171,-0.37416,-0.38107,-0.32331,-0.29044,0.1041,-0.62452,-0.56637,-0.8787,-0.45984,-0.34514,-0.38352,-0.34633,-0.37129,-0.62468,-0.54869,-0.62635,-0.45748,-0.50336,-0.25404,-0.20178,0.064768,0.14324,0.20011,-0.22114,0.099694,-0.19293,0.36587,-0.21408,-0.10627,-0.37576,-0.26067,-0.0074442,0.20354
