,,,,,,,,,,,,,,,,,,,,,,,,,,,,,,,,,,,,,,,,,,,,,,,,,,,,,,,,,,,,,,,,,,,,,,,,,,,,,,,,,,,,,,,,,,,,,,,,,,,,,,,,
0,0.2212,-0.24822,-0.035309,0.10427,-0.10747,0.0051658,-0.10637,0.4243,0.31656,-0.013226,0.10309,-0.60533,-0.81522,0.11958,0.035101,-0.011024,0.057392,-0.069524,-0.2362,-0.33494,-0.095329,0.0048127,-0.046811,0.24045,0.28958,-0.079856,0.15448,-0.27369,-0.27918,-0.1135,-0.017014,-0.77266,-0.69244,-0.14151,-0.15994,-0.30041,-0.029576,0.28466,0.29846,0.32125,0.15819,-0.00094176,0.0041202,0.22468,0.37954,-0.39864,-0.56558,-0.3431,-0.22185,-0.1492,-0.30424,0.094737,-0.20822,-0.11749,-0.13775,-0.14787,-0.26588,-0.20744,0.2083,0.20668,-0.30529,-0.24659,-0.16132,-0.37275,-0.27597,-0.57,0.15865,0.22025,-0.1881,-0.076844,0.04625,-0.029949,-0.018399,0.062544,0.094294,0.17792,-0.54347,-0.50778,-0.23859,-0.077702,0.076671,0.050391,-0.20652,-0.086447,-0.10736,0.071574,-0.405,-0.49699,-0.30057,-0.24064,-0.34777,-0.15066,-0.18714,-0.10181,-0.32775,-0.18386,-0.035718,-0.3545,-0.37282,-0.2618,-0.44791,-0.11472,-0.29609,-0.2652
0.2212,0,-0.47489,-0.059463,0.25325,0.60917,-0.21729,0.42924,0.21881,0.15236,0.058999,0.2829,-0.24259,-0.31819,-0.12511,0.01342,-0.0068209,-0.17547,0.084205,-0.39566,-0.131,-0.044568,0.14127,0.18694,-0.067412,0.28874,0.15982,0.26975,0.048058,0.11749,0.24319,0.36879,-0.20874,-0.18123,-0.18548,0.32073,-0.26735,0.2034,-0.022658,0.40146,0.036182,0.32847,-0.2294,0.27619,-0.03434,0.055716,-0.30704,-0.30716,-0.26486,-0.085898,0.12609,-0.25668,-0.17637,0.11882,-0.057136,-0.096467,-0.26596,-0.62299,-0.37657,-0.041825,0.44588,-0.20984,-0.19136,-0.035448,-0.013898,-0.24794,-0.32371,-0.0076449,0.15236,0.31728,-0.12696,-0.16223,-0.15164,-0.37202,-0.27888,-0.22239,0.21867,-0.50238,-0.40363,-0.32824,-0.056956,-0.013697,-0.066526,-0.17386,0.019119,-0.22189,0.042082,-0.53648,-0.36872,-0.45674,-0.19773,-0.30733,0.17923,-0.1349,0.16026,-0.22328,-0.0065716,-0.19776,0.042899,-0.22104,-0.039339,-0.46466,-0.024943,-0.23464,0.067253
-0.24822,-0.47489,0,0.51076,-0.28022,-0.46362,-0.27635,-0.47724,-0.067052,-0.28432,0.085015,-0.17727,0.16208,0.14763,-0.22195,-0.25282,0.015511,0.21386,-0.32964,-0.10475,-0.63369,-0.4335,-0.6201,-0.58355,-0.1191,-0.30003,-0.58974,-0.38704,-0.31278,-0.32424,-0.63755,-0.27257,-0.071082,-0.061741,-0.16754,-0.51476,0.30546,-0.0034277,0.0085036,-0.2663,-0.35851,-0.6117,-0.33656,-0.63861,-0.10182,-0.11065,0.13638,0.012354,-0.47146,-0.20445,-0.26343,-0.32137,-0.10081,-0.31464,-0.21861,-0.47073,-0.39348,0.12565,0.11378,-0.082203,-0.29308,-0.37396,-0.28424,-0.38641,-0.33226,-0.038557,0.11666,-0.28478,-0.39321,-0.56482,-0.1309,-0.011488,0.13276,-0.019355,-0.027207,0.5092,0.090942,0.46144,0.50026,0.1046,-0.054401,0.082633,0.25016,0.18539,0.035538,0.27618,-0.097455,0.14677,0.025698,0.11008,0.080666,0.045703,-0.14989,-0.18357,-0.10024,0.11821,-0.060875,-0.00015927,0.022346,-0.28021,-0.36768,-0.16354,-0.17518,-0.21538,-0.26892
-0.035309,-0.059463,0.51076,0,-0.079191,-0.10944,-0.14344,-0.032796,0.32507,-0.0043072,0.24741,0.15088,0.10823,0.096891,-0.26083,-0.19035,0.016765,0.36479,-0.073035,-0.18441,-0.48583,-0.39481,-0.24721,-0.205,0.03157,0.062274,-0.50717,-0.22446,-0.035981,-0.060529,-0.22352,0.10015,-0.13692,-0.089406,-0.22528,-0.17467,0.11802,0.21291,0.12765,0.058902,-0.16094,-0.24179,-0.19597,-0.18184,0.045606,0.13328,0.087085,0.018198,-0.38409,-0.29867,-0.16681,-0.1876,-0.019064,-0.070099,-0.091588,-0.33533,-0.38907,-0.082425,0.097673,0.13763,0.10781,-0.3409,-0.11893,-0.31152,-0.17494,-0.0064469,0.11938,-0.24783,-0.21742,-0.2227,0.072668,0.071131,0.20596,-0.064656,0.010124,0.35856,0.37921,0.098567,0.23289,-0.15245,-0.0096461,0.21208,0.5117,0.42904,0.33077,0.27689,0.061526,-0.049228,0.0082335,-0.0049789,0.19129,0.077536,0.10357,-0.034811,0.15379,-0.0036978,-0.047587,0.070217,0.16153,-0.22071,-0.11528,-0.15736,0.12204,-0.17255,-0.042435
0.10427,0.25325,-0.28022,-0.079191,0,0.28674,0.05269,0.26111,0.1167,0.057621,0.23712,0.57565,-0.36238,-0.30846,0.10928,0.15201,-0.31978,-0.070764,-0.2212,-0.3756,-0.45818,-0.3629,-0.16228,0.023703,-0.13391,-0.084551,-0.16819,-0.11968,0.018177,0.17772,0.078956,0.22192,-0.29952,-0.17556,-0.039976,0.29283,-0.032567,0.32008,0.30141,0.4595,0.1609,0.29236,-0.3892,-0.14766,0.029063,0.018288,-0.46582,-0.51962,-0.24379,-0.34952,-0.27751,-0.37741,-0.049214,0.02022,-0.29905,-0.52237,-0.70384,-0.43608,-0.39501,0.27709,0.36696,0.05778,-0.20275,-0.31267,-0.3151,-0.60405,-0.42829,0.04634,0.073797,-0.1403,-0.14352,-0.23651,-0.079392,-0.30675,-0.27608,0.07174,0.31777,-0.29912,-0.25968,-0.45099,-0.16182,-0.48706,-0.30561,-0.32836,-0.22529,-0.36828,-0.29622,-0.63748,-0.63284,-0.39351,-0.18876,-0.41911,-0.13486,0.07782,0.22846,-0.24677,-0.17845,-0.20283,0.062267,-0.45597,-0.31186,-0.26045,-0.25732,-0.21551,0.14851
-0.10747,0.60917,-0.46362,-0.10944,0.28674,0,-0.2945,0.63389,-0.0823,-0.0848,-0.062233,0.2064,-0.17843,-0.16064,-0.16822,-0.05733,-0.14429,-0.16054,0.021411,-0.39988,-0.10452,-0.032699,0.029098,0.16777,-0.29578,0.048411,0.21597,0.24025,0.17628,0.23032,0.25673,0.39075,-0.01734,0.045135,-0.19432,0.40282,-0.17094,0.21978,-0.1967,0.22517,-0.1104,0.27396,-0.34266,0.26921,-0.22474,-0.23142,-0.14433,-0.13262,-0.046105,-0.043716,0.1381,-0.1076,-0.24189,0.28003,0.058272,-0.11617,-0.38938,-0.5438,-0.421,-0.098572,0.3855,-0.11393,-0.079821,-0.0010318,0.14531,-0.14324,-0.10878,-0.18566,0.027041,0.36801,-0.13394,-0.26367,-0.22134,-0.42416,-0.40227,-0.30892,0.092064,-0.43113,-0.33199,-0.36832,-0.080008,-0.16973,-0.19047,-0.18963,-0.070424,-0.35587,-0.15573,-0.40504,-0.27139,-0.36575,-0.13823,-0.11414,0.38085,-0.027734,0.24162,-0.25375,-0.030739,-0.27235,0.14379,-0.10919,0.11476,-0.33698,0.055065,-0.05134,0.35714
0.0051658,-0.21729,-0.27635,-0.14344,0.05269,-0.2945,0,0.0096392,0.16501,-0.0031161,-0.10429,0.077273,-0.37245,-0.25829,-0.1678,-0.071297,-0.53687,-0.13357,-0.18691,-0.19573,-0.12068,-0.332,-0.01387,0.038986,0.029735,-0.054941,-0.50472,-0.48379,0.079163,0.13953,0.10536,0.0067239,-0.42176,-0.31035,-0.038862,0.057572,-0.3235,-0.1373,0.17421,-0.022962,0.29636,0.047358,0.25539,0.013434,0.074974,0.17481,-0.3373,-0.22773,-0.049269,-0.67468,-0.58418,-0.0050204,0.086919,-0.19465,-0.30348,-0.17044,-0.050107,-0.13537,-0.029312,0.17749,-0.034367,0.15065,0.085126,-0.29494,-0.28321,-0.30948,-0.25078,0.00626,-0.00023544,-0.26873,0.26238,-0.042158,-0.0027837,-0.038093,0.092217,-0.16664,-0.21,-0.38639,-0.33747,-0.56675,-0.29389,-0.4011,-0.2475,-0.10965,-0.15802,-0.3183,-0.28939,-0.26349,-0.17833,-0.17672,-0.067585,-0.30182,-0.43356,0.14529,-0.21261,-0.40458,-0.53635,-0.009847,-0.25097,-0.21281,-0.064026,0.20026,-0.066415,-0.11618,-0.12122
-0.10637,0.42924,-0.47724,-0.032796,0.26111,0.63389,0.0096392,0,0.098954,0.11902,-0.045689,0.32192,-0.1695,-0.077322,-0.2123,-0.098229,-0.27542,-0.087976,0.2528,-0.25761,0.047102,-0.16132,0.29796,0.45125,-0.17221,0.20223,-0.066346,-0.027547,0.39619,0.4876,0.54941,0.44821,-0.15907,-0.082418,-0.31877,0.53588,-0.35497,0.094917,-0.11423,0.29852,0.034873,0.39008,-0.14616,0.43767,-0.094052,-0.059511,-0.26501,-0.15,0.078803,-0.31794,-0.083893,0.075819,-0.17122,0.30253,-0.058306,-0.087939,-0.30719,-0.49039,-0.3162,0.10481,0.51215,0.024811,0.10534,-0.13633,0.11842,-0.23156,-0.12382,-0.22684,-0.054442,0.3248,0.077308,-0.1728,-0.13935,-0.32746,-0.26196,-0.38137,0.071006,-0.4654,-0.34122,-0.72864,-0.27508,-0.23928,-0.1234,0.0051451,0.026591,-0.29171,-0.13965,-0.49392,-0.25489,-0.30836,-0.042919,-0.13785,0.16381,0.13154,0.23575,-0.3432,-0.1992,-0.16718,0.11645,-0.12092,0.23419,-0.093618,0.20735,0.027332,0.40407
0.4243,0.21881,-0.067052,0.32507,0.1167,-0.0823,0.16501,0.098954,0,0.44327,0.27018,0.37639,-0.2361,-0.2907,-0.087295,-0.025026,-0.10732,0.14049,0.015961,-0.22638,-0.30531,-0.28901,0.068659,0.098165,0.2614,0.43606,-0.36432,-0.12042,-0.029188,0.012374,0.00098331,0.10668,-0.46977,-0.38765,-0.17715,0.039519,-0.21632,0.14264,0.43068,0.44698,0.30015,0.1364,0.029562,0.06931,0.2059,0.53458,-0.27107,-0.27756,-0.38483,-0.36621,-0.17026,-0.23589,0.035565,-0.11575,-0.16138,-0.20315,-0.16444,-0.26571,-0.021633,0.30911,0.28334,-0.24063,-0.13313,-0.25072,-0.30179,-0.28415,-0.29459,0.058078,0.076955,-0.17786,0.050924,0.024333,0.065563,-0.11846,0.067772,0.14114,0.3507,-0.34195,-0.22993,-0.38078,-0.072883,0.065453,0.22419,0.1047,0.18495,0.030282,0.13748,-0.34358,-0.22922,-0.31272,-0.051956,-0.25135,-0.074538,-0.034561,0.079925,-0.15528,-0.099588,0.067288,-0.043266,-0.31803,-0.19929,-0.23888,0.012471,-0.25563,-0.11742
0.31656,0.15236,-0.28432,-0.0043072,0.057621,-0.0848,-0.0031161,0.11902,0.44327,0,0.11448,0.2934,-0.2525,-0.33213,0.16772,0.10804,-0.092451,0.14651,0.18905,-0.010789,-0.013815,-0.092392,0.39947,0.38378,0.20451,0.3462,-0.22286,-0.066872,-0.041569,-0.17638,0.10959,-0.079655,-0.54946,-0.61303,-0.27759,-0.061561,-0.39175,-0.18373,0.19519,0.39382,0.29877,0.39403,-0.03229,0.078457,0.25633,0.42755,-0.49582,-0.42113,-0.082847,-0.27981,-0.15773,-0.10218,0.039284,0.053653,-0.24691,-0.020193,-0.15896,-0.29893,-0.16862,0.32724,0.36234,-0.0896,-0.096162,-0.10189,-0.1842,-0.43367,-0.45156,-0.0095215,-0.079385,-0.11194,-0.13872,0.010927,-0.030067,-0.053888,0.078616,-0.087201,0.27597,-0.35025,-0.33276,-0.45094,-0.23861,-0.070244,0.051991,-0.029278,-0.024881,0.015345,0.10483,-0.53831,-0.40893,-0.2699,-0.11737,-0.31049,-0.17604,-0.016827,0.12146,-0.14042,-0.085403,-0.079607,-0.17569,-0.20039,-0.16283,-0.15011,-0.038432,-0.18752,-0.076366
-0.013226,0.058999,0.085015,0.24741,0.23712,-0.062233,-0.10429,-0.045689,0.27018,0.11448,0,0.4584,0.012077,-0.031466,-0.0073679,0.11709,-0.15114,0.003407,-0.28912,-0.34509,-0.51496,-0.45135,-0.20779,-0.10373,0.10433,-0.15864,-0.44253,-0.39429,-0.141,-0.11496,-0.059954,0.0082404,-0.13977,-0.14611,0.066325,-0.021695,0.099301,0.14178,0.24552,0.10232,-0.094729,-0.048757,-0.20884,-0.29332,0.2909,0.30474,-0.23217,-0.24272,-0.43085,-0.31098,-0.23707,-0.38596,0.1477,0.016605,-0.23263,-0.46725,-0.46857,-0.14547,0.026605,0.22364,0.13924,-0.085394,-0.37376,-0.22401,-0.22862,-0.34265,-0.15453,-0.033855,-0.12598,-0.25061,-0.14373,0.045482,0.25116,-0.0085313,-0.010775,0.35715,0.55495,0.05402,0.015414,-0.158,-0.033079,-0.23116,-0.096239,0.022595,0.052171,0.0022921,-0.16849,-0.28321,-0.21896,-0.088197,0.039298,-0.16026,-0.12611,0.18989,0.43519,0.22588,0.074275,-0.10825,0.24327,-0.26905,-0.43333,-0.14767,-0.34088,-0.26401,0.013981
0.10309,0.2829,-0.17727,0.15088,0.57565,0.2064,0.077273,0.32192,0.37639,0.2934,0.4584,0,-0.2049,-0.18627,0.09302,0.32561,-0.19809,0.079891,-0.13007,-0.29826,-0.36787,-0.40216,-0.033315,0.12732,0.026792,0.034554,-0.32106,-0.22522,0.14135,0.12083,0.12483,0.2194,-0.24066,-0.16138,0.048106,0.35336,0.0028184,0.34259,0.42853,0.5232,0.1124,0.27208,-0.2251,-0.027893,0.1528,0.24965,-0.28982,-0.2795,-0.28912,-0.38533,-0.25007,-0.29767,-0.020975,0.025511,-0.30625,-0.38429,-0.5877,-0.29336,-0.09231,0.32034,0.52899,0.11345,-0.058431,-0.15536,-0.18752,-0.4207,-0.21598,0.1289,0.10785,-0.077813,-0.025324,-0.071235,0.096766,-0.1976,-0.058562,0.10278,0.43957,-0.24345,-0.16976,-0.39087,-0.0072848,-0.28696,-0.08131,-0.12583,-0.033287,-0.14974,-0.082155,-0.44809,-0.35068,-0.25297,0.075203,-0.36015,-0.095869,0.12962,0.41546,-0.12643,-0.14221,-0.2071,0.078672,-0.23905,-0.1945,-0.14393,-0.090207,-0.28463,0.15932
-0.60533,-0.24259,0.16208,0.10823,-0.36238,-0.17843,-0.37245,-0.1695,-0.2361,-0.2525,0.012077,-0.2049,0,0.96115,-0.56365,-0.37759,0.0088983,-0.084579,-0.076768,0.022201,-0.02461,-0.12348,-0.16501,-0.091825,-0.17014,-0.2294,-0.34591,-0.32723,0.043827,-0.16464,-0.1366,-0.11682,0.44731,0.2128,-0.21506,-0.26718,0.10647,-0.17959,-0.29465,-0.3539,-0.47485,-0.32252,-0.34292,-0.28451,-0.19297,-0.17247,0.04346,0.20031,-0.14229,0.0022367,0.058057,-0.093432,-0.22656,0.085687,-0.11067,-0.1069,-0.13991,-0.23427,-0.089379,-0.41818,-0.32852,-0.29654,-0.30886,-0.18883,-0.070314,-0.089274,0.1403,-0.54015,-0.7213,-0.069981,-0.24398,-0.17557,-0.093782,-0.26778,-0.19468,-0.13719,-0.080244,0.46702,0.47936,-0.0094246,-0.15887,-0.039886,0.06289,0.21751,0.18835,0.22399,-0.015948,-0.030483,0.18333,-0.093214,-0.010082,0.059774,-0.029818,-0.094516,-0.056991,0.28978,0.090361,0.034658,0.26527,0.018995,-0.1588,0.028731,-0.15065,-0.05706,-0.063701
-0.81522,-0.31819,0.14763,0.096891,-0.30846,-0.16064,-0.25829,-0.077322,-0.2907,-0.33213,-0.031466,-0.18627,0.96115,0,-0.60355,-0.41729,-0.14265,-0.12552,-0.055107,0.015761,-0.029015,-0.28593,-0.18299,-0.111,-0.24698,-0.28925,-0.45531,-0.48196,0.10768,0.014085,-0.080091,-0.066651,0.46273,0.30746,-0.24855,-0.15004,0.069123,-0.15092,-0.3409,-0.37697,-0.51728,-0.37049,-0.32162,-0.27455,-0.25069,-0.26705,0.018932,0.19694,-0.070341,-0.17145,-0.11159,-0.014168,-0.25416,0.058909,-0.17559,-0.20671,-0.22353,-0.19567,-0.095598,-0.33544,-0.31357,-0.15291,-0.15401,-0.28485,-0.055571,-0.11651,0.19412,-0.5756,-0.71766,-0.057337,-0.12123,-0.19879,-0.10311,-0.28445,-0.27223,-0.19179,-0.14726,0.46089,0.51575,-0.13652,-0.23399,-0.18786,-0.020809,0.24213,0.14405,0.11427,-0.12315,-0.049567,0.17028,-0.061332,0.0077211,0.064102,-0.088666,-0.028052,-0.053944,0.15396,-0.041396,-0.033807,0.28062,-0.0034901,-0.07755,0.15713,-0.087418,-0.01135,0.00078942
0.11958,-0.12511,-0.22195,-0.26083,0.10928,-0.16822,-0.1678,-0.2123,-0.087295,0.16772,-0.0073679,0.09302,-0.56365,-0.60355,0,0.54574,-0.088013,0.088062,-0.25766,-0.28793,-0.31078,-0.14617,-0.1376,-0.12045,-0.055232,-0.15063,-0.07836,-0.10426,-0.47071,-0.33462,-0.27867,-0.29945,-0.5008,-0.41525,-0.047344,-0.19002,-0.15779,-0.17013,0.093885,0.09874,0.091836,0.058826,-0.2865,-0.30758,0.0015165,-0.017776,-0.28904,-0.40689,-0.22903,-0.21692,-0.34086,-0.35796,-0.048342,-0.23181,-0.34311,-0.2659,-0.40534,-0.046146,-0.12213,0.13717,0.097022,0.18246,-0.11533,0.052344,-0.19629,-0.34485,-0.38484,0.33052,0.1441,-0.35349,-0.24536,-0.11195,-0.10201,-0.039104,-0.014057,-0.020276,0.021127,-0.25815,-0.32919,-0.080722,-0.035129,-0.21602,-0.23069,-0.41618,-0.41363,-0.13351,-0.21486,-0.29929,-0.50507,-0.14017,-0.1114,-0.38971,-0.29622,-0.17647,-0.055287,-0.18527,-0.23917,-0.46763,-0.40721,-0.16947,-0.30037,-0.27773,-0.2776,-0.37723,-0.22687
0.035101,0.01342,-0.25282,-0.19035,0.15201,-0.05733,-0.071297,-0.098229,-0.025026,0.10804,0.11709,0.32561,-0.37759,-0.41729,0.54574,0,-0.097429,0.010262,-0.37757,-0.37185,-0.29392,-0.17202,-0.183,-0.11995,-0.11915,-0.2097,-0.11516,-0.19034,-0.23476,-0.21442,-0.15671,-0.13898,-0.2787,-0.20706,0.26702,0.0288,0.012146,0.026536,0.18562,0.10384,-0.028814,0.05071,-0.23221,-0.21855,0.0034347,0.030123,-0.18203,-0.20701,-0.32199,-0.24082,-0.30605,-0.44591,-0.10423,-0.1997,-0.4631,-0.27063,-0.43714,-0.037989,0.054518,-0.0082889,0.14321,0.33022,-0.017776,0.13521,-0.102,-0.27455,-0.19461,0.47488,0.28771,-0.18767,-0.12674,-0.062246,0.058819,-0.089781,0.093228,-0.039374,0.032574,-0.23316,-0.26703,-0.063209,0.097756,-0.23177,-0.25859,-0.3942,-0.35366,-0.17344,-0.18375,-0.20861,-0.26724,-0.096842,0.11557,-0.51268,-0.27468,-0.11492,0.055259,-0.19269,-0.3015,-0.5441,-0.32277,-0.089255,-0.21397,-0.19715,-0.28902,-0.56675,-0.1909
-0.011024,-0.0068209,0.015511,0.016765,-0.31978,-0.14429,-0.53687,-0.27542,-0.10732,-0.092451,-0.15114,-0.19809,0.0088983,-0.14265,-0.088013,-0.097429,0,0.081587,0.091226,0.050509,-0.13065,-0.015504,-0.13722,-0.21285,0.0034624,0.047019,-0.077605,0.025885,-0.34535,-0.45786,-0.2736,-0.094228,-0.0626,-0.1145,-0.18405,-0.3054,0.029672,-0.12461,-0.13081,-0.15208,-0.3635,-0.27781,-0.36458,-0.2223,-0.058403,-0.025531,0.059934,-0.044969,-0.4451,0.23037,0.20563,-0.27947,-0.33933,-0.30171,-0.011661,-0.15659,-0.21057,-0.13183,-0.079496,-0.35593,-0.1647,-0.35381,-0.27346,0.017492,-0.07629,0.032429,-0.08942,-0.058417,-0.14366,-0.070549,-0.23511,-0.028281,-0.072246,-0.14059,-0.037123,-0.065259,-0.1184,-0.0077695,-0.01781,0.29109,0.06422,0.44795,0.34042,0.0085797,0.21733,0.43793,0.38673,-0.0029361,-0.12613,-0.043093,0.022028,-0.15732,-0.020483,-0.42836,-0.21046,0.013323,-0.051278,-0.070542,-0.24039,-0.017374,-0.14192,-0.35122,-0.035157,-0.28184,-0.27972
0.057392,-0.17547,0.21386,0.36479,-0.070764,-0.16054,-0.13357,-0.087976,0.14049,0.14651,0.003407,0.079891,-0.084579,-0.12552,0.088062,0.010262,0.081587,0,0.0069594,-0.064995,-0.28284,-0.11589,-0.094134,-0.027048,0.087695,0.11965,-0.33849,-0.10043,-0.16627,-0.26515,-0.27051,-0.071498,-0.33284,-0.2505,-0.25775,-0.33392,0.02065,-0.062101,0.1634,0.066117,-0.024604,-0.073506,-0.25045,-0.19173,0.046569,0.13029,0.058666,-0.032955,-0.1685,-0.22098,-0.16007,-0.13338,-0.018074,-0.044547,-0.055432,-0.20079,-0.34806,0.024167,0.09383,0.11486,0.08541,-0.17902,-0.061595,-0.17358,-0.22494,-0.047033,-0.019985,-0.15442,-0.19973,-0.29118,0.028648,0.063624,0.09964,0.0097362,0.23333,0.17272,0.15693,-0.043854,0.007915,-0.16479,-0.09262,0.19553,0.44161,0.24376,0.13124,0.34832,0.049872,-0.044533,-0.087709,0.011287,0.23789,0.0055329,0.03731,-0.053438,0.00063707,-0.20369,-0.29088,0.0038432,-0.20937,-0.10914,-0.072253,-0.14833,0.10099,-0.13522,-0.074912
-0.069524,0.084205,-0.32964,-0.073035,-0.2212,0.021411,-0.18691,0.2528,0.015961,0.18905,-0.28912,-0.13007,-0.076768,-0.055107,-0.25766,-0.37757,0.091226,0.0069594,0,0.1613,0.2885,-0.10676,0.57496,0.35293,0.06647,0.45544,-0.14817,-0.038578,0.032941,0.029326,0.21009,0.054172,-0.2583,-0.27456,-0.69272,-0.018233,-0.52762,-0.29589,-0.26488,0.023849,-0.10858,0.045779,-0.11893,0.22783,-0.07755,-0.01144,-0.28212,-0.20917,0.037262,-0.19194,-0.0086628,0.16691,-0.27459,0.0043487,-0.0050274,0.013891,-0.062392,-0.34093,-0.29682,-0.060896,0.055363,-0.21056,0.0045911,-0.21739,-0.046687,-0.168,-0.23865,-0.32853,-0.29281,0.21153,0.0024791,-0.095125,-0.25133,-0.22409,-0.19546,-0.45939,-0.15802,-0.29729,-0.23825,-0.43774,-0.39158,0.071068,0.20787,0.20456,0.24931,0.13262,0.23433,-0.37297,-0.25667,-0.22752,-0.14241,-0.10541,-0.033287,-0.17184,-0.15855,-0.2956,-0.23131,-0.00038086,-0.17494,-0.088272,0.14975,-0.11824,0.28722,0.052316,-0.019549
-0.2362,-0.39566,-0.10475,-0.18441,-0.3756,-0.39988,-0.19573,-0.25761,-0.22638,-0.010789,-0.34509,-0.29826,0.022201,0.015761,-0.28793,-0.37185,0.050509,-0.064995,0.1613,0,0.14982,-0.14408,0.0041064,-0.078603,-0.11016,-0.086727,-0.31992,-0.26134,-0.057635,-0.3521,-0.11625,-0.25996,-0.096097,-0.19963,-0.26024,-0.29828,-0.10433,-0.34933,-0.16749,-0.23113,-0.30491,-0.24527,-0.13568,-0.23471,-0.11259,-0.14566,-0.27112,-0.19599,0.029506,-0.020553,-0.054539,0.012125,-0.3053,-0.24474,-0.20319,-0.13886,-0.097024,-0.076574,-0.18682,-0.19697,-0.33365,-0.23932,-0.027256,-0.32174,-0.25709,-0.22926,-0.21118,-0.35966,-0.45204,-0.16701,-0.27386,-0.16133,-0.23534,-0.10569,-0.094887,-0.19955,-0.29756,0.027879,0.0054428,-0.14684,-0.29787,-0.14064,0.0061907,-0.017256,0.027865,0.10192,0.18544,-0.13625,-0.13653,-0.063617,-0.154,-0.16771,-0.32332,-0.25196,-0.27092,-0.15315,-0.15175,0.11926,-0.30546,-0.12248,-0.1404,0.1223,-0.053881,-0.094919,-0.238
-0.33494,-0.131,-0.63369,-0.48583,-0.45818,-0.10452,-0.12068,0.047102,-0.30531,-0.013815,-0.51496,-0.36787,-0.02461,-0.029015,-0.31078,-0.29392,-0.13065,-0.28284,0.2885,0.14982,0,0.25971,0.50236,0.35324,-0.15525,0.033543,0.016135,-0.092697,0.032221,-0.1224,0.28661,-0.11509,-0.044034,-0.16641,-0.34474,-0.10359,-0.59904,-0.62962,-0.56106,-0.31363,-0.15537,0.044886,0.097189,0.27979,-0.19326,-0.18177,-0.23295,-0.0039055,0.42052,-0.048764,0.020414,0.36704,-0.22283,0.10591,-0.014078,0.4539,0.31395,-0.29708,-0.24977,-0.34985,-0.18647,-0.033841,0.084267,0.10303,0.21095,-0.067121,-0.14993,-0.3454,-0.32918,0.23882,-0.09789,-0.15566,-0.33553,-0.17024,-0.12388,-1,-0.52296,-0.32095,-0.34502,-0.32287,-0.36614,-0.13368,-0.21485,-0.048799,-0.054179,-0.14103,-0.029562,-0.21339,-0.0021744,-0.17771,-0.20309,-0.074171,-0.12323,-0.11373,-0.29646,-0.23246,-0.21099,-0.11962,-0.28677,0.26623,0.31265,0.16693,0.091753,0.066083,-0.087718
-0.095329,-0.044568,-0.4335,-0.39481,-0.3629,-0.032699,-0.332,-0.16132,-0.28901,-0.092392,-0.45135,-0.40216,-0.12348,-0.28593,-0.14617,-0.17202,-0.015504,-0.11589,-0.10676,-0.14408,0.25971,0,0.062378,0.1037,-0.27902,-0.047691,0.43214,0.37449,-0.13687,-0.42124,-0.10437,-0.20875,-0.15793,-0.26182,-0.26137,-0.38836,-0.34827,-0.43694,-0.37463,-0.22184,-0.0079011,0.13312,-0.10798,0.10377,-0.2237,-0.21464,-0.017063,0.045468,0.13916,0.36249,0.33977,0.0057752,-0.15666,0.14503,0.1877,0.56963,0.26466,-0.28928,-0.23305,-0.43713,-0.17107,-0.37009,-0.2715,0.23101,0.14986,0.075618,-0.12587,-0.32061,-0.23709,-0.048764,-0.38885,-0.22742,-0.30597,-0.14344,-0.010553,-0.45362,-0.28808,-0.37952,-0.42432,-0.11092,-0.19946,0.088546,-0.17552,-0.22127,-0.22565,-0.21323,-0.16131,-0.064372,0.0029915,-0.18571,-0.18569,0.031881,0.18705,-0.1991,-0.22844,-0.14882,0.0020289,-0.020012,-0.23314,0.10972,0.043847,-0.24111,-0.11243,0.024714,-0.084011
0.0048127,0.14127,-0.6201,-0.24721,-0.16228,0.029098,-0.01387,0.29796,0.068659,0.39947,-0.20779,-0.033315,-0.16501,-0.18299,-0.1376,-0.183,-0.13722,-0.094134,0.57496,0.0041064,0.50236,0.062378,0,0.84115,0.17493,0.40243,-0.054913,-0.030919,0.11026,-0.007174,0.45923,0.024292,-0.30959,-0.38058,-0.44205,0.030614,-0.7153,-0.41029,-0.22651,0.054775,0.12217,0.34208,0.10942,0.44628,0.033211,0.14691,-0.38885,-0.2294,0.23118,-0.22919,-0.053404,0.24652,-0.052926,0.1958,-0.010934,0.27964,0.13777,-0.38984,-0.25932,0.0062877,0.14678,-0.053466,0.017942,-0.0063084,0.034672,-0.2028,-0.31406,-0.20473,-0.18178,0.26272,-0.012776,-0.076394,-0.248,-0.14571,-0.076137,-0.6046,-0.1508,-0.47571,-0.45558,-0.5176,-0.33487,-0.080368,-0.038682,0.022637,0.071685,-0.064268,0.076941,-0.46582,-0.24647,-0.28271,-0.18082,-0.14507,-0.080971,-0.019486,-0.10631,-0.27815,-0.21265,-0.051568,-0.21644,0.052524,0.17856,0.0050274,0.18952,0.029846,0.0050758
-0.046811,0.18694,-0.58355,-0.205,0.023703,0.16777,0.038986,0.45125,0.098165,0.38378,-0.10373,0.12732,-0.091825,-0.111,-0.12045,-0.11995,-0.21285,-0.027048,0.35293,-0.078603,0.35324,0.1037,0.84115,0,0.074822,0.31224,-0.06001,-0.023849,0.27065,0.06924,0.4789,0.083893,-0.23897,-0.28432,-0.37686,0.1128,-0.52939,-0.2763,-0.10414,0.17702,0.24444,0.63334,-0.027976,0.40685,0.016072,0.13529,-0.33705,-0.16554,0.23995,-0.17945,0.0048404,0.1876,-0.052981,0.36099,0.020497,0.22257,0.018697,-0.484,-0.28791,0.028973,0.23022,-0.032636,-0.065591,-0.0053182,0.022318,-0.2846,-0.27283,-0.23293,-0.21922,0.15824,-0.089158,-0.16837,-0.2392,-0.23156,-0.085361,-0.49562,-0.047074,-0.45544,-0.41062,-0.60989,-0.32531,-0.18506,-0.092347,-0.0161,0.030981,-0.14059,-0.037864,-0.49131,-0.24377,-0.35832,-0.13625,-0.12591,0.017229,0.11384,0.031563,-0.19759,-0.14098,-0.0043903,-0.045364,0.030129,0.10391,-0.0047227,0.1106,0.11723,0.21834
0.24045,-0.067412,-0.1191,0.03157,-0.13391,-0.29578,0.029735,-0.17221,0.2614,0.20451,0.10433,0.026792,-0.17014,-0.24698,-0.055232,-0.11915,0.0034624,0.087695,0.06647,-0.11016,-0.15525,-0.27902,0.17493,0.074822,0,0.22777,-0.40904,-0.23488,-0.21919,-0.27051,-0.00096946,-0.073915,-0.32694,-0.37248,-0.10431,-0.1919,-0.24226,-0.23964,0.092812,-0.044436,0.048944,-0.077301,0.13325,-0.038245,0.2783,0.59172,-0.26389,-0.31012,-0.20889,-0.34425,-0.2459,-0.061014,0.23723,-0.14478,-0.028391,-0.10268,-0.012035,-0.14167,-0.04195,0.11783,-0.029112,-0.13825,-0.19054,-0.088454,-0.35529,-0.16342,-0.33202,0.067301,-0.052136,-0.072959,0.11458,0.17756,-0.0029707,0.040939,0.088263,-0.026903,-0.00045011,-0.19831,-0.19983,-0.085436,0.019015,0.054338,0.18589,0.046486,0.23517,0.24306,0.23246,-0.26371,-0.26304,-0.19618,-0.15151,-0.17085,-0.28728,-0.071851,-0.20977,-0.11119,-0.24899,-0.003587,-0.3135,-0.03954,-0.17367,-0.073845,0.032567,-0.1961,-0.28578
0.28958,0.28874,-0.30003,0.062274,-0.084551,0.048411,-0.054941,0.20223,0.43606,0.3462,-0.15864,0.034554,-0.2294,-0.28925,-0.15063,-0.2097,0.047019,0.11965,0.45544,-0.086727,0.033543,-0.047691,0.40243,0.31224,0.22777,0,-0.080091,0.18114,-0.018074,0.055841,0.080438,0.12229,-0.3611,-0.29004,-0.44002,0.032879,-0.41302,-0.04375,0.028675,0.33952,0.18475,0.15697,-0.041784,0.30004,-0.087096,0.17152,-0.22839,-0.22127,-0.17947,-0.17604,0.058431,-0.068195,-0.19922,-0.074621,0.015504,0.021314,0.020421,-0.40724,-0.22097,0.00040856,0.15998,-0.28961,-0.0073402,-0.14147,-0.20677,-0.15826,-0.32958,-0.031618,0.039014,0.13606,0.023461,-0.14489,-0.28871,-0.33584,-0.13145,-0.26565,0.005616,-0.4743,-0.31304,-0.34041,-0.090352,0.27586,0.37004,0.099986,0.29351,0.11905,0.4196,-0.37036,-0.22433,-0.49641,-0.20299,-0.20907,0.068382,-0.28219,-0.18206,-0.35418,-0.17714,0.024915,-0.22521,-0.15908,0.040717,-0.30993,0.26531,-0.19041,-0.17815
-0.079856,0.15982,-0.58974,-0.50717,-0.16819,0.21597,-0.50472,-0.066346,-0.36432,-0.22286,-0.44253,-0.32106,-0.34591,-0.45531,-0.07836,-0.11516,-0.077605,-0.33849,-0.14817,-0.31992,0.016135,0.43214,-0.054913,-0.06001,-0.40904,-0.080091,0,0.65245,-0.15596,-0.19958,-0.15251,-0.15494,-0.14732,-0.13455,-0.23649,-0.11366,-0.27484,-0.13471,-0.36965,-0.058992,-0.10938,0.069185,-0.29743,0.060758,-0.47866,-0.4724,-0.077342,-0.1298,-0.072647,0.36249,0.33942,-0.25661,-0.38747,-0.031445,0.056575,0.14257,0.0091199,-0.33214,-0.36574,-0.45805,-0.12393,-0.34708,-0.24358,0.086808,0.048494,0.019265,-0.19257,-0.14741,0.036694,0.091725,-0.50769,-0.48854,-0.53435,-0.38981,-0.34045,-0.4714,-0.26428,-0.50589,-0.51537,-0.079558,-0.073506,-0.03713,-0.31664,-0.52664,-0.38391,-0.44129,-0.19476,-0.16894,-0.19286,-0.33878,-0.30517,-0.17091,0.20699,-0.43191,-0.22923,-0.33497,-0.020109,-0.21724,-0.24034,-0.12407,-0.064885,-0.52616,-0.16088,-0.19597,-0.12074
0.15448,0.26975,-0.38704,-0.22446,-0.11968,0.24025,-0.48379,-0.027547,-0.12042,-0.066872,-0.39429,-0.22522,-0.32723,-0.48196,-0.10426,-0.19034,0.025885,-0.10043,-0.038578,-0.26134,-0.092697,0.37449,-0.030919,-0.023849,-0.23488,0.18114,0.65245,0,-0.13716,-0.22381,-0.18522,-0.068562,-0.24385,-0.23575,-0.32399,-0.16207,-0.25331,-0.038979,-0.2161,0.11726,0.0086351,0.12248,-0.29296,0.12915,-0.37313,-0.28461,-0.091692,-0.19364,-0.1273,0.29578,0.39867,-0.22259,-0.29961,-0.011239,0.14126,0.13966,-0.03452,-0.44103,-0.43982,-0.30232,0.017118,-0.5319,-0.24324,0.041354,-0.077889,-0.014272,-0.27059,-0.15321,0.040627,0.079787,-0.39305,-0.35724,-0.46423,-0.40597,-0.30929,-0.27435,-0.068271,-0.52429,-0.43004,-0.10976,-0.013704,0.19512,-0.022561,-0.33908,-0.19669,-0.25027,0.027637,-0.24199,-0.25601,-0.46989,-0.36084,-0.12933,0.32796,-0.45594,-0.19259,-0.32878,0.038965,-0.12817,-0.21578,-0.18492,-0.057842,-0.68002,-0.013379,-0.1646,-0.13322
-0.27369,0.048058,-0.31278,-0.035981,0.018177,0.17628,0.079163,0.39619,-0.029188,-0.041569,-0.141,0.14135,0.043827,0.10768,-0.47071,-0.23476,-0.34535,-0.16627,0.032941,-0.057635,0.032221,-0.13687,0.11026,0.27065,-0.21919,-0.018074,-0.15596,-0.13716,0,0.24853,0.24581,0.12444,-0.00014542,0.00020082,-0.18265,0.25829,-0.13357,0.066851,-0.030587,0.10435,-0.020193,0.19211,-0.11071,0.21257,-0.22229,-0.14048,-0.11794,0.035136,0.067509,-0.16225,-0.0093899,0.036341,-0.24809,0.1398,-0.10679,-0.027277,-0.151,-0.34381,-0.17407,-0.11189,0.06136,-0.13751,0.014805,-0.22459,-0.035794,-0.14407,0.052628,-0.35237,-0.22027,0.099467,-0.1098,-0.32053,-0.20927,-0.35472,-0.17906,-0.31113,-0.081393,-0.28467,-0.17047,-0.54684,-0.21289,-0.28023,-0.11432,-0.077682,-0.046133,-0.31331,-0.13373,-0.24356,-0.050246,-0.24232,0.040309,-0.1187,0.045364,0.044644,0.054539,-0.26567,-0.15879,0.077779,0.13059,-0.1417,0.051326,0.029389,0.10681,0.015878,0.27662
-0.27918,0.11749,-0.32424,-0.060529,0.17772,0.23032,0.13953,0.4876,0.012374,-0.17638,-0.11496,0.12083,-0.16464,0.014085,-0.33462,-0.21442,-0.45786,-0.26515,0.029326,-0.3521,-0.1224,-0.42124,-0.007174,0.06924,-0.27051,0.055841,-0.19958,-0.22381,0.24853,0,0.18204,0.29944,-0.052538,0.13793,-0.29473,0.55384,-0.24934,0.21505,-0.10997,0.15276,-0.030614,0.007361,-0.20731,0.095804,-0.35279,-0.25769,-0.23577,-0.13922,-0.13144,-0.48289,-0.28146,-0.1181,-0.33812,-0.052254,-0.26885,-0.31334,-0.2941,-0.43166,-0.2835,-0.0381,0.079558,0.07397,0.14729,-0.37405,-0.12833,-0.2887,-0.12682,-0.13457,-0.016038,0.12729,0.10634,-0.41009,-0.32037,-0.57498,-0.48909,-0.37068,-0.12107,-0.29041,-0.13627,-0.577,-0.2184,-0.34677,-0.19139,-0.081352,-0.044478,-0.33624,-0.21598,-0.40495,-0.18846,-0.44622,-0.16388,-0.2718,-0.058756,-0.089177,-0.075009,-0.4172,-0.3191,-0.19778,0.088616,-0.27114,0.053701,-0.077322,0.070051,-0.16956,0.054415
-0.1135,0.24319,-0.63755,-0.22352,0.078956,0.25673,0.10536,0.54941,0.00098331,0.10959,-0.059954,0.12483,-0.1366,-0.080091,-0.27867,-0.15671,-0.2736,-0.27051,0.21009,-0.11625,0.28661,-0.10437,0.45923,0.4789,-0.00096946,0.080438,-0.15251,-0.18522,0.24581,0.18204,0,0.36452,-0.11159,-0.16676,-0.15851,0.32566,-0.46557,-0.19439,-0.24684,-0.012139,-0.029714,0.29425,0.13555,0.45083,0.12652,0.10172,-0.42862,-0.22095,0.26855,-0.33124,-0.14887,0.28232,0.052649,0.34271,-0.027637,0.047843,-0.089972,-0.45705,-0.33335,0.071255,0.27676,0.10688,0.073132,-0.017617,0.18232,-0.22957,-0.22038,-0.23505,-0.12527,0.42171,0.14093,0.028447,-0.051001,-0.10841,-0.15053,-0.49715,-0.088695,-0.42704,-0.41905,-0.57263,-0.31111,-0.3207,-0.2727,-0.00092099,0.063154,-0.27571,-0.12863,-0.50983,-0.24309,-0.20625,-0.14815,-0.12117,-0.067495,0.2657,0.10196,-0.23928,-0.20444,-0.13647,-0.019999,0.049076,0.2768,0.16992,0.11592,0.068167,0.21488
-0.017014,0.36879,-0.27257,0.10015,0.22192,0.39075,0.0067239,0.44821,0.10668,-0.079655,0.0082404,0.2194,-0.11682,-0.066651,-0.29945,-0.13898,-0.094228,-0.071498,0.054172,-0.25996,-0.11509,-0.20875,0.024292,0.083893,-0.073915,0.12229,-0.15494,-0.068562,0.12444,0.29944,0.36452,0,-0.024084,0.038695,-0.16814,0.27708,-0.15518,0.20858,-0.10806,0.11333,-0.061097,0.096288,-0.13922,0.17231,0.043986,0.051915,-0.20208,-0.16723,-0.081643,-0.33014,-0.14712,-0.015013,-0.024181,0.17736,-0.035268,-0.17906,-0.35027,-0.54444,-0.30443,0.053459,0.35547,-0.025538,0.066678,-0.15727,0.039319,-0.13913,-0.15786,-0.16602,-0.027069,0.29456,0.19363,-0.085563,-0.058292,-0.26547,-0.27,-0.21306,0.085278,-0.2346,-0.12565,-0.34874,-0.064871,-0.10972,-0.022422,0.05537,0.25158,-0.119,-0.040704,-0.42557,-0.20857,-0.24671,-0.080978,-0.10368,0.12251,0.048307,0.11056,-0.25611,-0.18239,-0.053085,0.11163,-0.036964,0.23565,-0.0030815,0.23082,-0.11622,0.14991
-0.77266,-0.20874,-0.071082,-0.13692,-0.29952,-0.01734,-0.42176,-0.15907,-0.46977,-0.54946,-0.13977,-0.24066,0.44731,0.46273,-0.5008,-0.2787,-0.0626,-0.33284,-0.2583,-0.096097,-0.044034,-0.15793,-0.30959,-0.23897,-0.32694,-0.3611,-0.14732,-0.24385,-0.00014542,-0.052538,-0.11159,-0.024084,0,0.83124,0.049934,-0.030164,0.21539,-0.027145,-0.44327,-0.4171,-0.64839,-0.41164,-0.32921,-0.22998,-0.43923,-0.4453,0.14249,0.26146,-0.12934,0.084309,0.083817,-0.12252,-0.3654,-0.055391,-0.065674,-0.16013,-0.17353,-0.24635,-0.15029,-0.61278,-0.38695,-0.097373,-0.095457,0.00056783,0.035614,0.020885,0.18711,-0.28089,-0.31318,0.12334,-0.23337,-0.34345,-0.30865,-0.43716,-0.43853,-0.31062,-0.309,0.25068,0.30336,0.19116,0.15448,-0.168,-0.17296,-0.097887,0.060605,-0.041535,-0.049449,0.030434,0.21239,-0.19989,-0.1249,-0.0037394,0.012028,-0.22183,-0.14096,0.1259,0.054394,-0.22036,0.11643,0.19425,-0.032726,0.036196,-0.11738,-0.20096,-0.097417
-0.69244,-0.18123,-0.061741,-0.089406,-0.17556,0.045135,-0.31035,-0.082418,-0.38765,-0.61303,-0.14611,-0.16138,0.2128,0.30746,-0.41525,-0.20706,-0.1145,-0.2505,-0.27456,-0.19963,-0.16641,-0.26182,-0.38058,-0.28432,-0.37248,-0.29004,-0.13455,-0.23575,0.00020082,0.13793,-0.16676,0.038695,0.83124,0,0.058701,0.10795,0.29352,0.17407,-0.30312,-0.28074,-0.57394,-0.43413,-0.38152,-0.23488,-0.57734,-0.52271,0.2371,0.29411,-0.23924,-0.0039748,0.021806,-0.23792,-0.49388,-0.17816,-0.099931,-0.32476,-0.26704,-0.16025,-0.066374,-0.54977,-0.35646,-0.031334,0.016335,-0.10661,-0.048771,0.046236,0.24314,-0.15431,-0.13158,0.085784,-0.14171,-0.44208,-0.3473,-0.54318,-0.44564,-0.27045,-0.32683,0.13408,0.24026,0.12625,0.20643,-0.16861,-0.1436,-0.11094,0.054324,-0.083997,-0.077176,0.086545,0.22457,-0.23566,-0.037428,-0.073561,0.050274,-0.27524,-0.17438,-0.087208,-0.11694,-0.24356,0.042608,0.060771,-0.027124,-0.041348,-0.079364,-0.3028,-0.11325
-0.14151,-0.18548,-0.16754,-0.22528,-0.039976,-0.19432,-0.038862,-0.31877,-0.17715,-0.27759,0.066325,0.048106,-0.21506,-0.24855,-0.047344,0.26702,-0.18405,-0.25775,-0.69272,-0.26024,-0.34474,-0.26137,-0.44205,-0.37686,-0.10431,-0.44002,-0.23649,-0.32399,-0.18265,-0.29473,-0.15851,-0.16814,0.049934,0.058701,0,0.0061353,0.27817,0.055453,0.053722,-0.23863,-0.30999,-0.27869,-0.0076103,-0.26004,-0.073194,-0.06726,-0.049609,-0.05341,-0.31226,-0.1213,-0.2022,-0.35506,-0.059837,-0.31315,-0.2565,-0.3177,-0.23925,0.085167,0.11613,-0.2319,-0.21847,0.11272,-0.069905,0.096676,-0.16308,-0.082896,-0.025615,0.26944,0.23058,-0.14364,-0.082792,0.00024929,0.073291,-0.035863,0.0542,0.024756,-0.18844,-0.13543,-0.17855,0.17848,0.30168,-0.28992,-0.36492,-0.37754,-0.23687,-0.25715,-0.15953,0.053646,-0.0036632,-0.054775,0.01288,-0.32092,-0.30018,-0.079004,-0.084592,-0.10979,-0.22346,-0.38309,-0.30467,-0.021425,-0.2404,-0.049249,-0.36367,-0.49979,-0.27835
-0.15994,0.32073,-0.51476,-0.17467,0.29283,0.40282,0.057572,0.53588,0.039519,-0.061561,-0.021695,0.35336,-0.26718,-0.15004,-0.19002,0.0288,-0.3054,-0.33392,-0.018233,-0.29828,-0.10359,-0.38836,0.030614,0.1128,-0.1919,0.032879,-0.11366,-0.16207,0.25829,0.55384,0.32566,0.27708,-0.030164,0.10795,0.0061353,0,-0.16096,0.30199,-0.014957,0.24675,-0.088056,0.11552,-0.14923,0.21204,-0.24345,-0.15841,-0.26406,-0.17785,-0.17323,-0.31017,-0.14664,-0.16701,-0.3427,-0.091502,-0.24071,-0.30701,-0.34891,-0.38107,-0.24928,-0.047642,0.20439,0.17153,0.15894,-0.12305,-0.047157,-0.29634,-0.15194,0.095748,0.23982,0.27236,0.036216,-0.28378,-0.22285,-0.48132,-0.3763,-0.3452,-0.091218,-0.45086,-0.31845,-0.42322,-0.030434,-0.37794,-0.27779,-0.25537,-0.085598,-0.40256,-0.08569,-0.39833,-0.25061,-0.42688,-0.11718,-0.41005,-0.080445,-0.069545,0.054456,-0.35858,-0.2511,-0.35402,-0.025677,-0.1702,0.032519,-0.13397,0.017035,-0.26305,0.099522
-0.30041,-0.26735,0.30546,0.11802,-0.032567,-0.17094,-0.3235,-0.35497,-0.21632,-0.39175,0.099301,0.0028184,0.10647,0.069123,-0.15779,0.012146,0.029672,0.02065,-0.52762,-0.10433,-0.59904,-0.34827,-0.7153,-0.52939,-0.24226,-0.41302,-0.27484,-0.25331,-0.13357,-0.24934,-0.46557,-0.15518,0.21539,0.29352,0.27817,-0.16096,0,0.32533,0.13131,-0.14412,-0.47106,-0.46026,-0.51291,-0.61752,-0.27493,-0.26188,0.15036,0.038585,-0.51383,0.038446,-0.051139,-0.5892,-0.31681,-0.32892,-0.27037,-0.61769,-0.54981,0.060301,0.053978,-0.30021,-0.30219,-0.19033,-0.22156,-0.24782,-0.34126,-0.079267,0.12287,-0.044471,-0.10654,-0.29921,-0.29645,-0.25009,-0.040669,-0.267,-0.13045,0.31788,-0.0037463,0.29346,0.31911,0.28689,0.24603,-0.11732,-0.028481,-0.1918,-0.07586,0.031175,-0.056617,0.13184,0.0083928,-0.056921,0.11328,-0.21442,-0.11807,-0.27722,-0.071269,-0.023447,-0.10537,-0.12758,-0.057032,-0.24214,-0.41111,-0.19795,-0.30846,-0.4861,-0.23361
-0.029576,0.2034,-0.0034277,0.21291,0.32008,0.21978,-0.1373,0.094917,0.14264,-0.18373,0.14178,0.34259,-0.17959,-0.15092,-0.17013,0.026536,-0.12461,-0.062101,-0.29589,-0.34933,-0.62962,-0.43694,-0.41029,-0.2763,-0.23964,-0.04375,-0.13471,-0.038979,0.066851,0.21505,-0.19439,0.20858,-0.027145,0.17407,0.055453,0.30199,0.32533,0,0.27621,0.34723,-0.1398,-0.12488,-0.42688,-0.18645,-0.28754,-0.17953,-0.029679,-0.13287,-0.57623,-0.15455,-0.061824,-0.57945,-0.36187,-0.2479,-0.26056,-0.59525,-0.59818,-0.24829,-0.11955,-0.063763,0.09597,-0.18316,-0.076089,-0.32374,-0.29918,-0.19069,-0.053611,0.081913,0.2166,-0.083083,-0.14353,-0.35824,-0.14739,-0.49952,-0.32383,0.167,0.19749,-0.15394,-0.001108,-0.12564,0.20683,-0.11901,-0.006253,-0.21778,-0.033897,-0.1959,-0.026951,-0.18861,-0.18124,-0.35172,-0.013005,-0.33891,0.060612,-0.26555,0.074787,-0.25718,-0.1092,-0.15247,0.073312,-0.41352,-0.25367,-0.38213,-0.094118,-0.48584,-0.065176
0.28466,-0.022658,0.0085036,0.12765,0.30141,-0.1967,0.17421,-0.11423,0.43068,0.19519,0.24552,0.42853,-0.29465,-0.3409,0.093885,0.18562,-0.13081,0.1634,-0.26488,-0.16749,-0.56106,-0.37463,-0.22651,-0.10414,0.092812,0.028675,-0.36965,-0.2161,-0.030587,-0.10997,-0.24684,-0.10806,-0.44327,-0.30312,0.053722,-0.014957,0.13131,0.27621,0,0.4279,0.22694,0.049865,-0.23756,-0.28714,0.058888,0.25002,-0.24212,-0.32699,-0.54225,-0.26511,-0.23374,-0.56461,-0.11634,-0.33284,-0.37249,-0.49451,-0.40567,-0.095687,0.01977,0.1716,0.05001,-0.14475,-0.23534,-0.37587,-0.60105,-0.41896,-0.29769,0.21,0.11122,-0.44855,-0.16828,-0.16759,0.014403,-0.18449,0.096655,0.36829,0.23466,-0.21193,-0.15462,-0.23449,-0.018711,-0.16505,0.032712,-0.21065,-0.11239,-0.068763,-0.01761,-0.24489,-0.33244,-0.26752,0.037428,-0.49148,-0.27807,-0.12846,-0.017741,-0.22164,-0.24554,0.035108,-0.16741,-0.51625,-0.52337,-0.28451,-0.26468,-0.4239,-0.18334
0.29846,0.40146,-0.2663,0.058902,0.4595,0.22517,-0.022962,0.29852,0.44698,0.39382,0.10232,0.5232,-0.3539,-0.37697,0.09874,0.10384,-0.15208,0.066117,0.023849,-0.23113,-0.31363,-0.22184,0.054775,0.17702,-0.044436,0.33952,-0.058992,0.11726,0.10435,0.15276,-0.012139,0.11333,-0.4171,-0.28074,-0.23863,0.24675,-0.14412,0.34723,0.4279,0,0.33989,0.39672,-0.33279,0.023011,-0.093361,0.07557,-0.36048,-0.40859,-0.32476,-0.20422,-0.061949,-0.39285,-0.23793,-0.07586,-0.26858,-0.29388,-0.41133,-0.44974,-0.29481,0.21418,0.42433,-0.15758,-0.10994,-0.2697,-0.32468,-0.46336,-0.404,0.1026,0.15689,-0.09922,-0.22502,-0.342,-0.23874,-0.44477,-0.22929,0.0011634,0.3551,-0.42734,-0.28546,-0.44575,-0.070078,-0.12793,0.024894,-0.23561,-0.093979,-0.18511,0.042462,-0.56135,-0.49573,-0.54583,-0.16015,-0.45062,-0.0068486,-0.19596,0.11213,-0.3051,-0.089985,-0.085342,-0.030725,-0.45519,-0.2584,-0.41755,-0.045032,-0.3213,0.0022298
0.32125,0.036182,-0.35851,-0.16094,0.1609,-0.1104,0.29636,0.034873,0.30015,0.29877,-0.094729,0.1124,-0.47485,-0.51728,0.091836,-0.028814,-0.3635,-0.024604,-0.10858,-0.30491,-0.15537,-0.0079011,0.12217,0.24444,0.048944,0.18475,-0.10938,0.0086351,-0.020193,-0.030614,-0.029714,-0.061097,-0.64839,-0.57394,-0.30999,-0.088056,-0.47106,-0.1398,0.22694,0.33989,0,0.51897,-0.023987,0.068589,0.040766,0.20197,-0.4058,-0.40032,-0.079309,-0.30104,-0.24495,-0.12145,0.078374,-0.030663,-0.15206,0.039499,-0.028059,-0.44147,-0.29101,0.2396,0.1826,-0.1379,-0.19959,-0.15742,-0.29258,-0.41523,-0.51706,0.0091891,-0.0046119,-0.32806,-0.1625,-0.25163,-0.24569,-0.19738,-0.064587,-0.13741,0.052067,-0.55198,-0.47083,-0.53602,-0.23936,-0.21153,-0.14758,-0.28488,-0.25205,-0.31451,-0.21506,-0.5037,-0.44788,-0.45992,-0.29973,-0.28411,-0.16567,-0.037726,-0.12729,-0.25391,-0.15087,0.052483,-0.14283,-0.2745,-0.20933,-0.19991,-0.080029,-0.058036,-0.042476
0.15819,0.32847,-0.6117,-0.24179,0.29236,0.27396,0.047358,0.39008,0.1364,0.39403,-0.048757,0.27208,-0.32252,-0.37049,0.058826,0.05071,-0.27781,-0.073506,0.045779,-0.24527,0.044886,0.13312,0.34208,0.63334,-0.077301,0.15697,0.069185,0.12248,0.19211,0.007361,0.29425,0.096288,-0.41164,-0.43413,-0.27869,0.11552,-0.46026,-0.12488,0.049865,0.39672,0.51897,0,-0.12825,0.28051,0.065002,0.12011,-0.43375,-0.3423,0.10463,-0.14859,-0.034984,-0.019888,0.0058514,0.31143,-0.06368,0.12215,-0.14798,-0.5864,-0.40347,0.15393,0.44739,-0.065889,-0.18111,-0.0067585,-0.028835,-0.41103,-0.41915,-0.12302,-0.071062,-0.019216,-0.23091,-0.22259,-0.20598,-0.22461,-0.11568,-0.29853,0.12651,-0.6001,-0.55527,-0.64171,-0.29364,-0.28497,-0.24534,-0.26941,-0.21812,-0.37615,-0.21087,-0.63196,-0.4582,-0.40785,-0.21149,-0.23576,0.024673,0.11426,0.15721,-0.20403,-0.051312,-0.061595,-0.0033516,-0.14798,-0.058438,-0.18609,-0.057849,0.050675,0.27977
-0.00094176,-0.2294,-0.33656,-0.19597,-0.3892,-0.34266,0.25539,-0.14616,0.029562,-0.03229,-0.20884,-0.2251,-0.34292,-0.32162,-0.2865,-0.23221,-0.36458,-0.25045,-0.11893,-0.13568,0.097189,-0.10798,0.10942,-0.027976,0.13325,-0.041784,-0.29743,-0.29296,-0.11071,-0.20731,0.13555,-0.13922,-0.32921,-0.38152,-0.0076103,-0.14923,-0.51291,-0.42688,-0.23756,-0.33279,-0.023987,-0.12825,0,0.26756,0.12046,0.15565,-0.17,-0.068963,0.11874,-0.37585,-0.3007,0.30348,0.24916,-0.1149,0.046354,0.19597,0.37013,0.034963,0.097452,0.015878,-0.12829,-0.077363,0.098033,0.042012,0.036805,0.097895,-0.083311,-0.12504,-0.011377,-0.048383,0.25593,0.26394,0.0526,0.29612,0.20864,-0.29625,-0.32798,-0.47819,-0.50429,-0.29354,-0.16561,-0.11527,-0.2019,0.019008,-0.046465,-0.2518,-0.1477,-0.026349,0.07755,0.031508,-0.10798,0.045468,-0.2182,0.12111,-0.19891,-0.25603,-0.27374,-0.084066,-0.3655,0.1051,0.16539,0.18092,0.059082,-0.011931,-0.19342
