,,,,,,,,,,,,,,,,,,,,,,,,,,,,,,,,,,,,,,,,,,,,,,,,,,,,,,,,,,,,,,,,,,,,,,,,,,,,,,,,,,,,,,,,,,,,,,,,,,,,,,,,
0,0.133,-0.49078,-0.21712,-0.19222,-0.25451,0.036553,-0.12835,0.15069,0.34244,-0.23707,-0.003677,-0.60667,-0.76623,0.098135,0.092853,-0.082335,-0.019069,-0.040934,-0.19357,-0.1329,0.0039862,0.15482,0.084315,0.16176,0.10845,-0.13752,-0.0022891,-0.2958,-0.44944,0.060576,-0.005874,-0.68663,-0.68237,-0.23089,-0.25701,-0.47593,-0.31481,-0.024825,0.11621,0.40581,0.32974,0.32979,0.1983,0.34797,0.422,-0.40583,-0.45477,-0.19436,-0.35736,-0.30884,-0.15427,0.05805,-0.17265,-0.19636,0.078316,0.0060714,-0.17126,-0.051327,0.20019,0.40681,-0.24186,-0.15845,-0.076112,-0.17359,-0.13554,-0.41817,0.024924,0.097569,-0.17298,0.025502,0.21385,0.13346,0.16097,0.28987,-0.23866,-0.061523,-0.69211,-0.71121,-0.4077,-0.26873,0.0065318,-0.096649,-0.27002,-0.2392,-0.24559,-0.070475,-0.33038,-0.43884,-0.099424,-0.11154,-0.38192,-0.28845,-0.13329,-0.17882,-0.47346,-0.40876,-0.12216,-0.55395,-0.17062,-0.042263,-0.31041,-0.074014,-0.25363,-0.26736
0.133,0,-0.65819,-0.25116,-0.1389,0.32125,-0.236,0.29658,0.086696,-0.025969,-0.21351,0.019253,-0.40799,-0.48767,-0.30623,-0.06937,-0.050636,-0.2638,-0.0099918,-0.46987,-0.063075,-0.073475,0.086874,0.091761,-0.13093,0.1727,0.20061,0.16741,-0.18542,-0.11255,0.15846,0.12021,-0.40453,-0.37107,-0.34708,0.062148,-0.44337,-0.081059,-0.197,0.15805,-0.039165,0.24733,-0.13566,0.32518,-0.15797,-0.062766,-0.2597,-0.2852,-0.39853,-0.23938,-0.11131,-0.33602,-0.22725,-0.036231,-0.13096,-0.030567,-0.12508,-0.47068,-0.26882,-0.2766,0.29638,-0.39244,-0.23022,-0.12309,-0.048518,-0.13687,-0.34834,-0.11477,0.098536,0.21484,-0.099174,-0.20768,-0.17675,-0.30423,-0.18797,-0.40526,-0.085789,-0.69106,-0.59653,-0.41594,-0.25035,0.025331,-0.17457,-0.30831,-0.18289,-0.36506,-0.080454,-0.39216,-0.24829,-0.31221,-0.15463,-0.40378,0.0047295,-0.34433,-0.14033,-0.46213,-0.28487,-0.19401,-0.26073,-0.23793,0.03506,-0.63247,0.018497,-0.30141,-0.10364
-0.49078,-0.65819,0,0.42694,-0.08344,-0.47117,-0.16932,-0.48554,-0.20927,-0.37869,0.16848,-0.14013,0.28533,0.3396,-0.36886,-0.44129,-0.25283,0.065345,-0.46903,-0.16143,-0.7264,-0.43924,-0.63451,-0.44491,-0.17835,-0.45335,-0.85686,-0.63128,-0.11916,-0.21217,-0.40263,-0.16542,0.06422,0.018661,-0.054307,-0.40975,0.24476,-0.057589,-0.03283,-0.32851,-0.30126,-0.51973,-0.38471,-0.7139,-0.11863,-0.1282,-0.11836,-0.047367,-0.35659,-0.20559,-0.22372,-0.29429,-0.076599,-0.10325,-0.12417,-0.51014,-0.41144,-0.25334,-0.16156,-0.096977,-0.47101,-0.29476,-0.43853,-0.44705,-0.4557,-0.29968,-0.0093077,-0.41333,-0.59589,-0.60492,-0.27617,-0.25053,-0.13625,-0.25456,-0.25642,0.29652,0.09157,0.51212,0.52587,0.015497,-0.0095708,-0.2489,0.040184,0.22222,0.10465,0.17408,-0.24012,-0.1487,-0.062878,-0.25848,-0.20051,0.12601,-0.13944,0.13785,0.054221,0.32946,0.067897,0.041276,0.2601,-0.30346,-0.55911,0.2139,-0.41247,-0.16887,-0.18668
-0.21712,-0.25116,0.42694,0,-0.038362,-0.24742,-0.0018155,-0.11032,0.13152,-0.1705,0.19136,0.076481,0.12835,0.14086,-0.4565,-0.40842,-0.23916,0.16614,-0.27468,-0.23592,-0.59021,-0.39056,-0.34527,-0.13388,-0.0054399,-0.067923,-0.67631,-0.38726,0.042914,-0.035935,-0.12368,0.11109,-0.077007,-0.068739,-0.15513,-0.22095,0.059806,0.099155,0.084637,0.0098997,-0.060168,-0.22184,-0.20511,-0.30157,-0.043124,0.068252,-0.086552,-0.024424,-0.37874,-0.31765,-0.21907,-0.19583,0.0016182,0.066903,-0.032968,-0.36529,-0.28507,-0.34046,-0.10288,0.064207,-0.11568,-0.37757,-0.30883,-0.42455,-0.36866,-0.18725,-0.013557,-0.37493,-0.40293,-0.34652,-0.047676,-0.18509,-0.07904,-0.27395,-0.1748,0.20465,0.3058,0.084499,0.19769,-0.19662,-0.042967,-0.029475,0.32279,0.46094,0.36324,0.15599,-0.090202,-0.22217,0.0015984,-0.32382,-0.10525,0.11951,0.041809,0.16522,0.16577,0.055668,-0.02714,0.25211,0.28495,-0.27288,-0.29556,0.041539,-0.11776,-0.1631,-0.062003
-0.19222,-0.1389,-0.08344,-0.038362,0,0.0568,0.11237,-0.072061,-0.022759,-0.34375,0.1638,0.15665,-0.23522,-0.2122,-0.34396,-0.31001,-0.26935,-0.18913,-0.49686,-0.42615,-0.75073,-0.56646,-0.53974,-0.32605,-0.18029,-0.30772,-0.42728,-0.43673,-0.070317,0.048439,0.0076172,-0.0711,-0.053498,0.004519,0.10686,0.15339,0.10827,0.26857,0.2836,0.066219,-0.11597,-0.11899,-0.42447,-0.44985,-0.17009,-0.16599,-0.45091,-0.48383,-0.50448,-0.13714,-0.11118,-0.52997,-0.14407,-0.27899,-0.12256,-0.77882,-0.71167,-0.55306,-0.48278,-0.050886,-0.18052,-0.18771,-0.34912,-0.48675,-0.58291,-0.61261,-0.42531,-0.079461,-0.0007433,-0.33525,-0.18771,-0.45858,-0.29159,-0.458,-0.43377,0.15852,0.019839,-0.21078,-0.15495,-0.067094,0.041105,-0.4392,-0.24792,-0.20408,-0.047005,-0.22904,-0.24486,-0.59166,-0.56118,-0.51059,-0.32109,-0.2959,-0.18835,0.082815,-0.012912,-0.14855,-0.16456,-0.10127,-0.054136,-0.65041,-0.5478,-0.064812,-0.34052,-0.35511,-0.13229
-0.25451,0.32125,-0.47117,-0.24742,0.0568,0,-0.35186,0.32485,-0.20031,-0.436,-0.26662,-0.18444,-0.25551,-0.26119,-0.54236,-0.416,-0.14,-0.36827,-0.18466,-0.54697,-0.20763,-0.16352,-0.21731,-0.10349,-0.38565,-0.073876,0.14284,0.10122,-0.079211,0.10203,0.080164,-0.0069002,-0.084137,-0.029456,-0.26907,0.14649,-0.24925,0.057116,-0.30757,-0.048696,-0.27922,-0.021339,-0.47718,0.00012498,-0.45687,-0.43476,-0.14763,-0.20228,-0.27036,-0.011222,0.10114,-0.25782,-0.388,-0.033021,0.052491,-0.26553,-0.38167,-0.66647,-0.57169,-0.43604,-0.039467,-0.44385,-0.28372,-0.20984,-0.046723,-0.1976,-0.25879,-0.30608,-0.049393,0.16618,-0.23708,-0.50567,-0.47199,-0.56943,-0.56581,-0.38092,-0.22646,-0.47876,-0.37668,-0.23088,-0.15427,-0.099648,-0.23014,-0.27362,-0.11032,-0.38901,-0.21594,-0.41043,-0.30136,-0.46492,-0.30641,-0.18756,0.21689,-0.28276,-0.1591,-0.3567,-0.17768,-0.19842,-0.07162,-0.29621,-0.046453,-0.51337,-0.017458,-0.1635,0.077395
0.036553,-0.236,-0.16932,-0.0018155,0.11237,-0.35186,0,-0.01876,0.19438,-0.045769,-0.098425,0.14978,-0.43736,-0.37422,-0.20477,-0.14791,-0.52096,-0.16197,-0.33741,-0.27392,-0.48703,-0.57323,-0.27219,-0.14456,-0.055892,-0.059997,-0.67918,-0.47369,0.0015853,0.062292,0.0016445,-0.139,-0.36512,-0.27482,-0.062161,0.064404,-0.18459,0.020523,0.33271,0.20643,0.19164,-0.066371,0.0051242,-0.2066,-0.084078,0.015491,-0.4487,-0.42349,-0.3542,-0.57475,-0.51622,-0.2196,-0.079836,-0.43538,-0.4452,-0.47873,-0.36895,-0.20886,-0.16471,0.30873,0.018234,0.048235,0.024733,-0.41481,-0.51348,-0.46099,-0.33744,0.0096103,0.025016,-0.38688,0.22537,-0.12389,-0.051215,-0.22549,-0.097017,0.010656,-0.085946,-0.35832,-0.28516,-0.43294,-0.24897,-0.38122,-0.15083,-0.12134,-0.15798,-0.27913,-0.23667,-0.43304,-0.4205,-0.35738,-0.15353,-0.4225,-0.48934,0.042019,-0.18899,-0.4359,-0.52108,-0.17377,-0.30298,-0.48011,-0.27609,-0.049183,-0.16405,-0.38747,-0.27976
-0.12835,0.29658,-0.48554,-0.11032,-0.072061,0.32485,-0.01876,0,0.060773,-0.18485,-0.31667,-0.0301,-0.37456,-0.31531,-0.5416,-0.3537,-0.31514,-0.25346,0.016024,-0.41401,-0.12699,-0.32645,-0.012044,0.13629,-0.24709,0.25862,-0.083934,-0.012452,0.069153,0.31203,0.18561,0.045775,-0.32491,-0.21412,-0.44166,0.22523,-0.39707,0.030877,-0.15816,0.2215,-0.091176,0.079494,-0.25366,0.20701,-0.3991,-0.28749,-0.19408,-0.2148,-0.24672,-0.38718,-0.22901,-0.093833,-0.32476,-0.093702,-0.16257,-0.25781,-0.29813,-0.42996,-0.35848,-0.1731,0.1756,-0.32023,-0.028318,-0.36752,-0.15436,-0.19344,-0.23078,-0.31837,-0.07681,0.12222,0.090485,-0.34561,-0.30573,-0.46952,-0.34661,-0.36585,-0.17991,-0.58484,-0.42994,-0.62089,-0.40722,-0.11768,-0.092064,-0.10503,-0.088459,-0.38611,-0.18905,-0.39584,-0.22454,-0.39104,-0.12099,-0.2738,0.0024733,-0.23235,-0.19636,-0.64022,-0.45971,-0.10442,-0.16644,-0.36726,0.11951,-0.47617,0.24124,-0.15367,0.077711
0.15069,0.086696,-0.20927,0.13152,-0.022759,-0.20031,0.19438,0.060773,0,0.34245,0.15932,0.44391,-0.34304,-0.36947,-0.24863,-0.099701,-0.2877,0.084203,-0.11074,-0.36958,-0.3348,-0.43709,-0.02293,0.077474,0.16048,0.2481,-0.37032,-0.2976,-0.18871,-0.12489,-0.079454,-0.040625,-0.50288,-0.46203,-0.34183,-0.095609,-0.34081,-0.074567,0.28395,0.44674,0.32311,0.20275,0.0047755,-0.0056372,0.0306,0.25291,-0.39299,-0.38469,-0.49696,-0.48991,-0.33722,-0.3226,0.084453,-0.1119,-0.19944,-0.25372,-0.19821,-0.37229,-0.099865,0.16536,0.19007,-0.34142,-0.19782,-0.40547,-0.5332,-0.41756,-0.47294,-0.10514,-0.069173,-0.30586,-0.010498,-0.20173,-0.098642,-0.22002,-0.065937,0.045815,0.31733,-0.44055,-0.3307,-0.50604,-0.21784,-0.13783,0.0086367,-0.035474,-0.051386,-0.15874,-0.044677,-0.46383,-0.17771,-0.35534,-0.13015,-0.30877,-0.15379,-0.037842,0.079592,-0.24483,-0.17974,0.017852,-0.15001,-0.43896,-0.28074,-0.24898,-0.036876,-0.26748,-0.15852
0.34244,-0.025969,-0.37869,-0.1705,-0.34375,-0.436,-0.045769,-0.18485,0.34245,0,-0.13344,0.066094,-0.42177,-0.5204,-0.0067423,0.03679,-0.0795,0.1487,0.13673,-0.084743,0.0012695,-0.15562,0.33821,0.22486,0.2402,0.20384,-0.21421,-0.18929,-0.35705,-0.51083,-0.1588,-0.19471,-0.7572,-0.83283,-0.44717,-0.38221,-0.55761,-0.48093,0.017379,0.10777,0.30395,0.27982,0.13584,0.066397,0.21145,0.39504,-0.52562,-0.50744,-0.25783,-0.42458,-0.3435,-0.21431,0.038704,-0.15372,-0.28422,0.067311,0.026423,-0.22576,-0.036408,0.082046,0.13887,-0.34252,-0.20648,-0.27639,-0.4189,-0.36094,-0.58936,-0.11742,-0.17891,-0.30671,-0.12817,-0.027732,-0.031541,0.021325,0.18115,-0.2086,0.031324,-0.51456,-0.50184,-0.50404,-0.37443,-0.042164,-0.00055254,-0.1667,-0.23707,-0.093675,0.051965,-0.42802,-0.31208,-0.15439,-0.13121,-0.43112,-0.36315,-0.22841,-0.18326,-0.33179,-0.29701,-0.048571,-0.49001,-0.28552,-0.19442,-0.24544,-0.048078,-0.23008,-0.33719
-0.23707,-0.21351,0.16848,0.19136,0.1638,-0.26662,-0.098425,-0.31667,0.15932,-0.13344,0,0.3231,-0.03781,-0.064036,-0.26429,-0.17299,-0.26388,-0.00075645,-0.46288,-0.43063,-0.80155,-0.59386,-0.45395,-0.31109,0.057576,-0.28996,-0.50704,-0.57392,-0.26677,-0.21911,-0.26387,-0.10447,-0.14812,-0.15928,-0.051584,-0.1871,0.084598,0.044289,0.25668,-0.042605,-0.15276,-0.21689,-0.27954,-0.49794,0.003552,0.07825,-0.32135,-0.31142,-0.76378,-0.27691,-0.22692,-0.68537,0.12777,-0.081112,-0.084545,-0.58525,-0.39974,-0.33316,-0.11954,-0.035698,-0.2686,-0.32001,-0.60771,-0.46888,-0.67267,-0.46936,-0.3177,-0.15463,-0.23376,-0.4903,-0.30707,-0.33026,-0.13089,-0.26834,-0.23412,0.47206,0.48055,0.0094261,0.012649,-0.095866,0.042256,-0.35651,-0.1633,-0.024549,0.02395,-0.037698,-0.21396,-0.34763,-0.14078,-0.35115,-0.21733,-0.12495,-0.12214,0.16743,0.34548,0.24512,0.13381,0.012932,0.17674,-0.51182,-0.77707,-0.10659,-0.47078,-0.337,-0.18918
-0.003677,0.019253,-0.14013,0.076481,0.15665,-0.18444,0.14978,-0.0301,0.44391,0.066094,0.3231,0,-0.36285,-0.36087,-0.11958,0.088867,-0.25104,0.049012,-0.29014,-0.37702,-0.59914,-0.62985,-0.27279,-0.10087,0.10915,-0.0088012,-0.35403,-0.35771,-0.21765,-0.11953,-0.17295,0.10479,-0.3981,-0.32903,-0.17154,0.048367,-0.083953,0.15217,0.52751,0.45331,0.12197,0.081513,-0.20741,-0.20044,-0.047999,0.14009,-0.35916,-0.40685,-0.80453,-0.52731,-0.44123,-0.60191,0.074659,-0.20262,-0.21986,-0.48136,-0.39362,-0.31756,-0.13518,0.10559,0.089446,-0.14371,-0.28285,-0.39795,-0.63236,-0.45748,-0.41896,0.054603,0.020464,-0.38712,-0.07754,-0.31223,-0.10575,-0.33233,-0.16849,0.22468,0.34953,-0.29871,-0.22609,-0.37451,-0.099385,-0.3537,-0.13396,-0.19318,-0.092728,-0.20234,-0.12851,-0.41948,-0.2614,-0.40827,-0.16071,-0.38361,-0.23581,-0.05528,0.073422,-0.17323,-0.19918,-0.019411,-0.08963,-0.46271,-0.40023,-0.28482,-0.12719,-0.39987,-0.14985
-0.60667,-0.40799,0.28533,0.12835,-0.23522,-0.25551,-0.43736,-0.37456,-0.34304,-0.42177,-0.03781,-0.36285,0,0.90758,-0.67121,-0.62313,-0.061957,-0.17496,-0.29503,-0.086196,-0.30339,-0.16888,-0.38428,-0.238,-0.25946,-0.35093,-0.52466,-0.39989,0.047183,-0.17838,-0.21387,-0.24706,0.34686,0.1828,-0.080585,-0.33472,0.13871,-0.13197,-0.25857,-0.41392,-0.51145,-0.50234,-0.50938,-0.53562,-0.27855,-0.25135,-0.081276,0.099221,-0.28,0.11079,0.14598,-0.28788,-0.39746,-0.037172,-0.1184,-0.3064,-0.24504,-0.43401,-0.2675,-0.51997,-0.62738,-0.48042,-0.53275,-0.3263,-0.28201,-0.25203,0.029521,-0.51859,-0.69654,-0.21817,-0.46072,-0.34348,-0.31567,-0.4365,-0.36285,-0.13525,-0.14354,0.4372,0.45884,0.13311,-0.021404,-0.042407,0.1034,0.17291,0.2023,0.26259,-0.024858,-0.173,0.0061766,-0.36341,-0.23692,0.010044,-0.055412,-0.1517,-0.12672,0.29929,0.11958,0.0041309,0.23769,-0.19209,-0.47652,0.043631,-0.43933,-0.2196,-0.24254
-0.76623,-0.48767,0.3396,0.14086,-0.2122,-0.26119,-0.37422,-0.31531,-0.36947,-0.5204,-0.064036,-0.36087,0.90758,0,-0.73534,-0.69288,-0.1843,-0.1977,-0.27761,-0.11584,-0.35353,-0.32419,-0.43872,-0.3237,-0.31925,-0.3857,-0.61454,-0.51954,0.041052,-0.034218,-0.25136,-0.23797,0.31687,0.22279,-0.14965,-0.26796,0.11614,-0.094083,-0.28512,-0.4351,-0.58599,-0.64519,-0.55107,-0.57519,-0.36564,-0.34755,-0.082144,0.083171,-0.28847,-0.030298,0.0052689,-0.27263,-0.44176,-0.12021,-0.18069,-0.43003,-0.34264,-0.39167,-0.28109,-0.47465,-0.66919,-0.39564,-0.41251,-0.46302,-0.34531,-0.28109,0.050742,-0.55057,-0.71143,-0.23802,-0.36895,-0.39216,-0.34887,-0.48333,-0.45326,-0.13947,-0.18991,0.47417,0.56783,0.027673,-0.084164,-0.17126,0.040829,0.18194,0.15196,0.16852,-0.11171,-0.17142,0.0079592,-0.35308,-0.23723,-0.0015524,-0.10236,-0.15786,-0.16433,0.17051,0.021562,-0.053248,0.26078,-0.27123,-0.45182,0.086282,-0.39636,-0.1971,-0.21811
0.098135,-0.30623,-0.36886,-0.4565,-0.34396,-0.54236,-0.20477,-0.5416,-0.24863,-0.0067423,-0.26429,-0.11958,-0.67121,-0.73534,0,0.48351,-0.071587,-0.011406,-0.22159,-0.22787,-0.2638,-0.1732,-0.15339,-0.27872,0.02518,-0.26553,-0.16257,-0.22739,-0.72289,-0.6749,-0.47273,-0.23823,-0.61775,-0.58712,-0.21047,-0.42208,-0.35004,-0.46867,-0.16318,-0.25508,-0.02912,-0.14375,-0.016484,-0.20231,0.054182,0.034652,-0.24875,-0.37313,-0.33486,-0.42587,-0.53575,-0.33234,-0.022306,-0.46131,-0.29137,-0.11497,-0.14915,0.12718,0.060799,-0.038586,-0.090715,0.12881,-0.17342,0.050051,-0.23932,-0.1406,-0.35136,0.24195,0.0459,-0.43629,-0.1336,0.056609,0.00015129,0.13741,0.14286,-0.22425,-0.29268,-0.41298,-0.51182,-0.22205,-0.1963,-0.25316,-0.32718,-0.49582,-0.47188,-0.23323,-0.25424,-0.09009,-0.38125,-0.0018878,-0.13496,-0.4037,-0.49177,-0.29468,-0.36151,-0.3227,-0.4407,-0.45632,-0.70342,-0.021602,-0.19995,-0.332,-0.25775,-0.33442,-0.41888
0.092853,-0.06937,-0.44129,-0.40842,-0.31001,-0.416,-0.14791,-0.3537,-0.099701,0.03679,-0.17299,0.088867,-0.62313,-0.69288,0.48351,0,-0.084657,-0.12665,-0.25643,-0.32756,-0.25353,-0.24934,-0.16601,-0.26129,-0.060858,-0.20663,-0.11025,-0.22495,-0.60782,-0.5073,-0.41238,-0.13431,-0.61958,-0.56942,-0.22354,-0.2471,-0.34,-0.29665,-0.068857,-0.11074,-0.06837,-0.081631,-0.099997,-0.15517,-0.00094721,0.040967,-0.26852,-0.35847,-0.60608,-0.53552,-0.60588,-0.55988,-0.076606,-0.44418,-0.48731,-0.1653,-0.22438,0.023937,0.095629,-0.13401,0.040322,0.15434,-0.17227,0.00051307,-0.22989,-0.21637,-0.36948,0.31833,0.12059,-0.33969,-0.097879,-0.0091235,0.081901,-0.01434,0.11429,-0.20781,-0.17982,-0.4219,-0.48516,-0.33466,-0.26205,-0.27874,-0.37348,-0.53811,-0.48882,-0.31433,-0.25073,-0.15333,-0.28367,-0.054261,-0.032889,-0.63072,-0.52841,-0.36598,-0.26882,-0.36016,-0.47954,-0.4688,-0.56437,-0.10394,-0.18455,-0.46594,-0.25073,-0.52694,-0.41612
-0.082335,-0.050636,-0.25283,-0.23916,-0.26935,-0.14,-0.52096,-0.31514,-0.2877,-0.0795,-0.26388,-0.25104,-0.061957,-0.1843,-0.071587,-0.084657,0,0.071173,0.063338,-0.033277,-0.015267,0.15422,-0.015662,-0.059865,-0.10963,-0.1528,-0.063838,-0.097273,-0.31927,-0.50258,-0.16652,-0.078901,-0.20222,-0.26377,-0.21119,-0.35415,-0.19441,-0.3369,-0.25269,-0.2437,-0.25917,-0.10725,-0.38285,-0.20371,0.003802,-0.0073146,-0.19205,-0.17304,-0.32545,0.12161,0.11498,-0.39261,-0.41165,-0.20424,-0.10563,-0.027745,-0.18762,-0.34964,-0.15809,-0.46598,-0.20303,-0.33165,-0.36582,-0.098596,-0.11795,-0.15804,-0.25405,-0.14167,-0.245,-0.1005,-0.35846,-0.16473,-0.17703,-0.18309,-0.050992,-0.39505,-0.2783,-0.19193,-0.22588,0.051682,-0.073185,0.22826,0.11033,-0.17611,-0.053938,0.21842,0.17881,-0.22388,-0.30527,-0.12891,-0.0484,-0.33204,-0.1397,-0.42196,-0.32488,-0.14786,-0.2085,-0.13805,-0.3788,-0.05357,-0.1877,-0.2,-0.21748,-0.2981,-0.31553
-0.019069,-0.2638,0.065345,0.16614,-0.18913,-0.36827,-0.16197,-0.25346,0.084203,0.1487,-0.00075645,0.049012,-0.17496,-0.1977,-0.011406,-0.12665,0.071173,0,0.046802,-0.10313,-0.2989,-0.24209,-0.066522,-0.0071041,0.19481,0.018333,-0.41959,-0.31205,-0.40114,-0.42525,-0.29294,0.0057688,-0.44574,-0.45126,-0.39181,-0.4823,-0.22811,-0.32605,-0.0056438,-0.071001,0.03656,-0.056681,-0.17873,-0.20772,0.17375,0.24943,-0.23436,-0.25864,-0.27786,-0.36101,-0.3008,-0.17968,0.073929,-0.017208,-0.0015721,-0.18482,-0.23115,-0.21893,-0.066272,0.079572,-0.036007,-0.30871,-0.28819,-0.34834,-0.44199,-0.24518,-0.31356,-0.2546,-0.373,-0.4318,-0.061898,-0.058083,-0.025187,-0.041388,0.05182,0.014465,0.12643,-0.15962,-0.13867,-0.28198,-0.199,0.021029,0.27947,0.16218,0.044835,0.25687,0.0018089,-0.25096,-0.19558,-0.13343,-0.07483,-0.069975,-0.11079,-0.023253,-0.070199,-0.11249,-0.19523,0.069548,-0.2254,-0.20681,-0.21506,-0.078559,-0.04175,-0.044118,-0.15525
-0.040934,-0.0099918,-0.46903,-0.27468,-0.49686,-0.18466,-0.33741,0.016024,-0.11074,0.13673,-0.46288,-0.29014,-0.29503,-0.27761,-0.22159,-0.25643,0.063338,0.046802,0,-0.034363,0.32394,-0.055557,0.63565,0.19392,-0.028666,0.18444,-0.07627,-0.11487,-0.30134,-0.2675,-0.077316,-0.12025,-0.58875,-0.58721,-0.76109,-0.3153,-0.70513,-0.55521,-0.41639,-0.15536,-0.13541,-0.054767,-0.089091,0.21069,-0.088643,-0.047242,-0.2987,-0.27805,-0.072061,-0.31373,-0.20406,-0.032304,-0.36751,-0.17087,-0.1953,0.094609,-0.011564,-0.22065,-0.13404,-0.22456,-0.029061,-0.41066,-0.077296,-0.37096,-0.20509,-0.12474,-0.32531,-0.35123,-0.32274,0.023088,-0.074639,-0.082657,-0.19309,-0.094991,-0.049301,-0.63057,-0.33325,-0.50803,-0.46964,-0.53263,-0.49733,0.068975,0.067351,-0.10634,-0.19583,-0.072646,0.055372,-0.27374,-0.25055,-0.045683,-0.06491,-0.33579,-0.20046,-0.4558,-0.43509,-0.55394,-0.44442,-0.14728,-0.49539,-0.21691,0.090367,-0.30114,0.11882,-0.022286,-0.20479
-0.19357,-0.46987,-0.16143,-0.23592,-0.42615,-0.54697,-0.27392,-0.41401,-0.36958,-0.084743,-0.43063,-0.37702,-0.086196,-0.11584,-0.22787,-0.32756,-0.033277,-0.10313,-0.034363,0,-0.018168,-0.065134,-0.1035,-0.079967,-0.18018,-0.17412,-0.34907,-0.19813,-0.08046,-0.43965,-0.17282,-0.20538,-0.1925,-0.24355,-0.16556,-0.36886,-0.10276,-0.32997,-0.20529,-0.23806,-0.2868,-0.28714,-0.17772,-0.2922,-0.15154,-0.14832,-0.3278,-0.23953,-0.0031574,-0.12107,-0.15479,-0.12099,-0.40537,-0.31125,-0.28245,-0.14313,-0.070008,-0.096951,-0.19651,-0.23033,-0.40451,-0.28287,-0.15036,-0.32483,-0.32818,-0.21598,-0.18702,-0.33655,-0.45079,-0.25733,-0.36309,-0.16091,-0.24372,-0.17899,-0.090873,-0.29442,-0.37009,-0.062246,-0.10485,-0.1771,-0.27895,-0.16918,-0.011557,-0.12482,-0.08194,0.021621,0.11341,-0.16133,-0.26917,-0.20983,-0.26693,-0.26801,-0.40232,-0.36615,-0.43526,-0.26506,-0.28368,0.065779,-0.39318,-0.16247,-0.22821,0.040197,-0.22767,-0.25986,-0.40467
-0.1329,-0.063075,-0.7264,-0.59021,-0.75073,-0.20763,-0.48703,-0.12699,-0.3348,0.0012695,-0.80155,-0.59914,-0.30339,-0.35353,-0.2638,-0.25353,-0.015267,-0.2989,0.32394,-0.018168,0,0.19487,0.43095,0.10064,-0.28856,0.035876,0.10488,0.062661,-0.30765,-0.38537,-0.1589,-0.39713,-0.43383,-0.48654,-0.60874,-0.38825,-0.77663,-0.72458,-0.64762,-0.35113,-0.2844,-0.11136,-0.15507,0.13093,-0.29522,-0.29755,-0.29163,-0.24825,0.11235,-0.15988,-0.12122,0.034146,-0.51692,-0.23709,-0.36333,0.29769,0.067522,-0.25184,-0.2506,-0.50728,-0.16829,-0.36114,-0.048696,-0.10898,0.016899,-0.13823,-0.35648,-0.35734,-0.3297,0.10913,-0.25313,-0.14788,-0.32528,-0.16799,-0.13543,-1,-0.61322,-0.51509,-0.52066,-0.42602,-0.56381,0.069285,-0.15797,-0.31222,-0.37182,-0.22647,-0.022121,-0.26179,-0.23746,-0.11206,-0.19042,-0.43279,-0.30716,-0.68929,-0.62372,-0.58128,-0.46133,-0.35525,-0.65281,-0.034363,0.15745,-0.39084,-0.014596,-0.17059,-0.35999
0.0039862,-0.073475,-0.43924,-0.39056,-0.56646,-0.16352,-0.57323,-0.32645,-0.43709,-0.15562,-0.59386,-0.62985,-0.16888,-0.32419,-0.1732,-0.24934,0.15422,-0.24209,-0.055557,-0.065134,0.19487,0,0.037237,-0.011866,-0.29125,-0.16299,0.078441,0.27608,-0.2318,-0.60309,-0.12718,-0.25144,-0.25472,-0.34938,-0.2508,-0.51105,-0.41181,-0.5331,-0.56887,-0.40574,-0.18611,-0.051676,-0.086532,0.055668,-0.077869,-0.144,-0.065016,-0.026114,0.093965,0.15276,0.13179,0.026561,-0.36705,-0.054195,-0.050584,0.4912,0.1838,-0.2302,-0.17566,-0.44593,-0.15049,-0.50098,-0.36687,0.22275,0.36639,0.13717,-0.086229,-0.3434,-0.30971,-0.03873,-0.37794,0.06176,-0.12047,0.0052623,0.039796,-0.59899,-0.43641,-0.3934,-0.45977,-0.12623,-0.27617,0.31481,-0.091057,-0.24484,-0.23672,-0.15948,-0.09455,-0.042276,-0.19768,-0.06695,-0.17633,-0.12501,-0.054136,-0.3412,-0.32602,-0.23771,-0.186,-0.20275,-0.38693,0.18158,0.034843,-0.39563,-0.23272,-0.058326,-0.2017
0.15482,0.086874,-0.63451,-0.34527,-0.53974,-0.21731,-0.27219,-0.012044,-0.02293,0.33821,-0.45395,-0.27279,-0.38428,-0.43872,-0.15339,-0.16601,-0.015662,-0.066522,0.63565,-0.1035,0.43095,0.037237,0,0.38686,0.10077,0.3034,-0.013649,-0.008492,-0.28489,-0.35328,-0.010189,-0.20769,-0.64144,-0.67582,-0.63332,-0.32356,-0.8271,-0.61539,-0.36838,-0.096241,0.014504,0.1095,0.085914,0.35898,-0.030515,0.057885,-0.34833,-0.33621,-0.036757,-0.31311,-0.20623,0.0040783,-0.25112,-0.14694,-0.22646,0.28512,0.15547,-0.22429,-0.10069,-0.17501,0.072534,-0.38629,-0.099017,-0.1936,-0.15479,-0.11775,-0.40041,-0.23813,-0.20566,0.068436,-0.080881,-0.018951,-0.17895,-0.038283,0.033356,-0.66331,-0.31256,-0.65052,-0.62456,-0.52341,-0.46385,0.13248,0.018793,-0.19438,-0.23648,-0.13702,0.078481,-0.32559,-0.29068,-0.097096,-0.11187,-0.38829,-0.25861,-0.44621,-0.43593,-0.56552,-0.44977,-0.18247,-0.59705,-0.12521,0.097504,-0.3657,0.1101,-0.12172,-0.28486
0.084315,0.091761,-0.44491,-0.13388,-0.32605,-0.10349,-0.14456,0.13629,0.077474,0.22486,-0.31109,-0.10087,-0.238,-0.3237,-0.27872,-0.26129,-0.059865,-0.0071041,0.19392,-0.079967,0.10064,-0.011866,0.38686,0,0.14319,0.54093,-0.11643,0.10536,0.0081105,-0.23005,0.11759,-0.10711,-0.37316,-0.37819,-0.36848,-0.15311,-0.40945,-0.29316,-0.11139,0.16576,0.12572,0.32417,-0.053596,0.27047,-0.14805,0.048413,-0.2227,-0.18878,-0.096991,-0.22153,-0.087578,0.031613,-0.21045,0.0024535,-0.019615,0.11217,0.11884,-0.33148,-0.19593,-0.16049,0.056201,-0.41679,-0.22613,-0.11849,-0.19726,-0.14104,-0.27179,-0.25383,-0.21492,0.0066436,-0.11354,-0.16363,-0.26244,-0.27107,-0.056576,-0.39942,-0.17054,-0.51315,-0.44091,-0.42302,-0.30514,0.1748,0.21345,-0.029568,0.027956,-0.058648,0.17286,-0.31819,-0.22226,-0.38721,-0.17749,-0.21654,-0.082,-0.24757,-0.28914,-0.37512,-0.32019,0.06841,-0.32321,-0.096089,0.0036836,-0.39545,0.15061,-0.10119,-0.11478
0.16176,-0.13093,-0.17835,-0.0054399,-0.18029,-0.38565,-0.055892,-0.24709,0.16048,0.2402,0.057576,0.10915,-0.25946,-0.31925,0.02518,-0.060858,-0.10963,0.19481,-0.028666,-0.18018,-0.28856,-0.29125,0.10077,0.14319,0,0.14586,-0.38643,-0.25741,-0.28547,-0.36226,-0.059418,-0.033771,-0.40784,-0.4214,-0.21675,-0.27259,-0.24476,-0.26722,0.055701,0.049091,0.14412,-0.0075053,0.096432,-0.077895,0.15738,0.46002,-0.32959,-0.34917,-0.31196,-0.40524,-0.32579,-0.2213,0.15619,-0.10273,-0.067502,-0.14121,-0.013906,-0.19462,-0.048426,0.12638,-0.028462,-0.19198,-0.26021,-0.18237,-0.51782,-0.20386,-0.35819,0.0217,-0.10123,-0.18528,-0.024831,-0.015017,-0.10657,-0.0869,0.019714,-0.089446,0.064022,-0.28434,-0.27191,-0.22294,-0.032153,-0.042269,0.12806,-0.073264,0.04127,0.10965,0.14612,-0.3218,-0.29226,-0.29701,-0.22888,-0.22686,-0.26184,-0.1307,-0.21963,-0.18285,-0.23933,-0.051097,-0.33665,-0.13912,-0.2718,-0.1469,-0.079546,-0.28841,-0.36473
0.10845,0.1727,-0.45335,-0.067923,-0.30772,-0.073876,-0.059997,0.25862,0.2481,0.20384,-0.28996,-0.0088012,-0.35093,-0.3857,-0.26553,-0.20663,-0.1528,0.018333,0.18444,-0.17412,0.035876,-0.16299,0.3034,0.54093,0.14586,0,-0.13585,0.088453,-0.099497,-0.079375,0.10356,0.036777,-0.41155,-0.35394,-0.42067,-0.049755,-0.42945,-0.17434,-0.10619,0.30663,0.11522,0.17187,0.026627,0.36558,-0.21897,0.015945,-0.19819,-0.18243,-0.1777,-0.39504,-0.22741,0.002493,-0.17703,-0.067068,-0.069942,0.0011248,0.074258,-0.32354,-0.17954,-0.10287,0.14913,-0.30275,0.042809,-0.14787,-0.23602,-0.10345,-0.29534,-0.14544,-0.050564,0.11275,0.084407,-0.17903,-0.29715,-0.33238,-0.12529,-0.37327,-0.13395,-0.55861,-0.41706,-0.49188,-0.24277,0.17447,0.20612,-0.009038,0.073481,-0.093235,0.22715,-0.31249,-0.098398,-0.44168,-0.20196,-0.23831,-0.03385,-0.3373,-0.30241,-0.49582,-0.35757,-0.048683,-0.35148,-0.091413,0.14709,-0.38867,0.33963,-0.23261,-0.21126
-0.13752,0.20061,-0.85686,-0.67631,-0.42728,0.14284,-0.67918,-0.083934,-0.37032,-0.21421,-0.50704,-0.35403,-0.52466,-0.61454,-0.16257,-0.11025,-0.063838,-0.41959,-0.07627,-0.34907,0.10488,0.078441,-0.013649,-0.11643,-0.38643,-0.13585,0,0.40293,-0.42074,-0.39825,-0.2179,-0.18839,-0.4,-0.41154,-0.44967,-0.21637,-0.52214,-0.36978,-0.56266,-0.2368,-0.28727,0.030909,-0.27883,0.12694,-0.3917,-0.4204,-0.20454,-0.30142,-0.14419,-0.10144,-0.10188,-0.23425,-0.31846,-0.094412,-0.086867,0.1069,-0.070561,-0.33776,-0.39918,-0.5137,-0.05359,-0.41981,-0.27553,0.026364,0.13147,-0.053735,-0.35813,-0.25474,-0.076935,0.078842,-0.43455,-0.35943,-0.41101,-0.27862,-0.33473,-0.60445,-0.37083,-0.65138,-0.67713,-0.328,-0.33817,-0.12337,-0.45389,-0.60812,-0.48594,-0.54744,-0.26669,-0.25774,-0.2788,-0.21803,-0.33802,-0.30148,-0.028226,-0.58565,-0.3265,-0.43509,-0.21242,-0.34813,-0.40373,-0.098148,0.052084,-0.77661,-0.042309,-0.18175,-0.13296
-0.0022891,0.16741,-0.63128,-0.38726,-0.43673,0.10122,-0.47369,-0.012452,-0.2976,-0.18929,-0.57392,-0.35771,-0.39989,-0.51954,-0.22739,-0.22495,-0.097273,-0.31205,-0.11487,-0.19813,0.062661,0.27608,-0.008492,0.10536,-0.25741,0.088453,0.40293,0,-0.16478,-0.342,-0.026114,-0.02739,-0.2808,-0.29009,-0.29363,-0.19544,-0.36385,-0.24098,-0.4551,-0.09703,-0.11705,0.12929,-0.11336,0.3095,-0.35336,-0.29039,-0.053669,-0.10277,0.042052,-0.091801,-0.054458,0.052787,-0.24831,0.066417,0.075277,0.26035,0.13863,-0.32631,-0.38907,-0.36762,0.045058,-0.43666,-0.19771,0.25162,0.26333,0.1637,-0.15487,-0.27529,-0.091025,0.16664,-0.26926,-0.19246,-0.33921,-0.28658,-0.2292,-0.51989,-0.31635,-0.58073,-0.5484,-0.29802,-0.23784,0.12157,-0.17674,-0.34969,-0.21487,-0.39081,-0.10159,-0.15496,-0.17988,-0.35605,-0.37658,-0.10553,0.11217,-0.43242,-0.33122,-0.40841,-0.20652,-0.16776,-0.32299,0.13422,0.25494,-0.6668,0.10515,-0.12324,-0.095636
-0.2958,-0.18542,-0.11916,0.042914,-0.070317,-0.079211,0.0015853,0.069153,-0.18871,-0.35705,-0.26677,-0.21765,0.047183,0.041052,-0.72289,-0.60782,-0.31927,-0.40114,-0.30134,-0.08046,-0.30765,-0.2318,-0.28489,0.0081105,-0.28547,-0.099497,-0.42074,-0.16478,0,0.15364,0.17455,-0.14303,0.10885,0.12527,-0.0014208,0.096221,0.046552,0.16539,-0.029554,0.040993,-0.17225,-0.15048,-0.28712,-0.19719,-0.39543,-0.2885,-0.12585,-0.014287,-0.18128,-0.060786,0.001263,-0.099957,-0.45842,-0.19032,-0.18888,-0.31891,-0.21797,-0.37933,-0.33765,-0.24352,-0.25725,-0.36583,-0.23421,-0.3006,-0.19123,-0.18278,0.066371,-0.37635,-0.29183,-0.094063,-0.23095,-0.35389,-0.33212,-0.51957,-0.33457,-0.20116,-0.2369,-0.13744,-0.059313,-0.19261,-0.15008,-0.13535,0.026772,-0.021286,0.098681,-0.18062,-0.091018,-0.25003,-0.22067,-0.49192,-0.19355,-0.14334,-0.1185,-0.13198,-0.21776,-0.2325,-0.22657,0.12301,0.041033,-0.30061,-0.24352,-0.1325,-0.15744,-0.25259,-0.073994
-0.44944,-0.11255,-0.21217,-0.035935,0.048439,0.10203,0.062292,0.31203,-0.12489,-0.51083,-0.21911,-0.11953,-0.17838,-0.034218,-0.6749,-0.5073,-0.50258,-0.42525,-0.2675,-0.43965,-0.38537,-0.60309,-0.35328,-0.23005,-0.36226,-0.079375,-0.39825,-0.342,0.15364,0,0.053741,-0.052524,0.014662,0.16947,-0.17697,0.45463,-0.12012,0.27171,-0.14951,-0.0011051,-0.30694,-0.35355,-0.35296,-0.18367,-0.60159,-0.46865,-0.1724,-0.12734,-0.36685,-0.34723,-0.23926,-0.22552,-0.47315,-0.3455,-0.2736,-0.5766,-0.43809,-0.43755,-0.38202,-0.25683,-0.22686,-0.10592,0.066982,-0.45974,-0.30063,-0.29559,-0.11,-0.21944,-0.066844,0.013945,0.061332,-0.5077,-0.46989,-0.71328,-0.62185,-0.2825,-0.30162,-0.24296,-0.091347,-0.31004,-0.14868,-0.31421,-0.16297,-0.076395,-0.0035718,-0.31074,-0.2211,-0.36032,-0.17596,-0.56479,-0.2667,-0.25412,-0.12607,-0.23721,-0.27784,-0.41662,-0.36534,-0.26221,-0.026903,-0.40971,-0.13014,-0.18498,-0.048196,-0.35806,-0.15034
0.060576,0.15846,-0.40263,-0.12368,0.0076172,0.080164,0.0016445,0.18561,-0.079454,-0.1588,-0.26387,-0.17295,-0.21387,-0.25136,-0.47273,-0.41238,-0.16652,-0.29294,-0.077316,-0.17282,-0.1589,-0.12718,-0.010189,0.11759,-0.059418,0.10356,-0.2179,-0.026114,0.17455,0.053741,0,0.093353,-0.13925,-0.11849,-0.027844,0.14905,-0.1865,-0.00642,-0.12056,0.062167,-0.10201,-0.0022299,-0.025687,0.066509,-0.13857,-0.054682,-0.41069,-0.31882,-0.13366,-0.14413,-0.017773,-0.1251,-0.28367,-0.098484,-0.10461,-0.20048,-0.10205,-0.44637,-0.391,-0.14544,-0.025765,-0.29621,-0.13604,-0.25937,-0.17907,-0.18759,-0.23679,-0.1858,-0.0040322,0.27542,0.041815,-0.13079,-0.21107,-0.33614,-0.21883,-0.35747,-0.21823,-0.42345,-0.37306,-0.21851,-0.14554,-0.0047887,-0.010373,-0.040289,0.096425,-0.16074,0.042782,-0.4723,-0.41711,-0.45386,-0.2966,-0.28811,-0.13544,-0.15167,-0.29903,-0.47257,-0.38033,-0.073541,-0.28541,-0.32896,-0.066989,-0.19375,-0.10584,-0.34472,-0.28208
-0.005874,0.12021,-0.16542,0.11109,-0.0711,-0.0069002,-0.139,0.045775,-0.040625,-0.19471,-0.10447,0.10479,-0.24706,-0.23797,-0.23823,-0.13431,-0.078901,0.0057688,-0.12025,-0.20538,-0.39713,-0.25144,-0.20769,-0.10711,-0.033771,0.036777,-0.18839,-0.02739,-0.14303,-0.052524,0.093353,0,-0.23166,-0.17456,-0.15357,0.023989,-0.062845,0.16262,-0.10794,0.10286,-0.10056,-0.098247,-0.12019,0.0064989,-0.081105,0.026193,-0.17849,-0.18731,-0.38217,-0.39412,-0.29814,-0.28109,-0.09286,0.0025719,-0.023365,-0.22796,-0.18799,-0.33998,-0.22227,-0.044348,0.12843,-0.2007,-0.11767,-0.24099,-0.18312,-0.028975,-0.12681,-0.12493,-0.035021,0.02441,0.091452,-0.13337,-0.10067,-0.30586,-0.21521,-0.14876,0.039441,-0.24098,-0.16934,-0.25321,-0.037685,-0.052366,0.041171,-0.039612,0.11586,-0.10592,-0.013412,-0.26635,-0.1821,-0.35562,-0.25439,-0.15726,0.0011511,-0.18877,-0.12539,-0.29766,-0.24644,-0.0090577,-0.094787,-0.14857,0.034172,-0.2352,0.062102,-0.31495,-0.16532
-0.68663,-0.40453,0.06422,-0.077007,-0.053498,-0.084137,-0.36512,-0.32491,-0.50288,-0.7572,-0.14812,-0.3981,0.34686,0.31687,-0.61775,-0.61958,-0.20222,-0.44574,-0.58875,-0.1925,-0.43383,-0.25472,-0.64144,-0.37316,-0.40784,-0.41155,-0.4,-0.2808,0.10885,0.014662,-0.13925,-0.23166,0,1,0.25361,-0.043046,0.40111,0.13688,-0.24547,-0.36163,-0.59001,-0.56847,-0.58919,-0.59825,-0.56593,-0.51793,-0.06518,0.044052,-0.28011,0.20633,0.17615,-0.32307,-0.50336,-0.2281,-0.092274,-0.47703,-0.34632,-0.50386,-0.46063,-0.60425,-0.71451,-0.23507,-0.33501,-0.17145,-0.21848,-0.25735,0.011485,-0.28479,-0.31763,-0.10526,-0.44442,-0.57524,-0.60163,-0.7389,-0.67359,-0.1864,-0.34135,0.27542,0.34196,0.41569,0.24628,-0.18217,-0.11488,-0.074317,0.17361,0.0038217,-0.080086,-0.2262,-0.1261,-0.65213,-0.45455,-0.0385,-0.05682,-0.24732,-0.26565,0.12768,0.040717,-0.17829,0.11876,-0.13267,-0.42152,0.0053149,-0.41529,-0.44048,-0.32333
-0.68237,-0.37107,0.018661,-0.068739,0.004519,-0.029456,-0.27482,-0.21412,-0.46203,-0.83283,-0.15928,-0.32903,0.1828,0.22279,-0.58712,-0.56942,-0.26377,-0.45126,-0.58721,-0.24355,-0.48654,-0.34938,-0.67582,-0.37819,-0.4214,-0.35394,-0.41154,-0.29009,0.12527,0.16947,-0.11849,-0.17456,1,0,0.23595,0.094188,0.40589,0.27738,-0.20224,-0.28143,-0.58425,-0.58236,-0.58563,-0.54854,-0.64522,-0.56609,-0.0028877,0.076876,-0.33589,0.077047,0.070508,-0.32765,-0.5341,-0.29875,-0.10237,-0.58647,-0.40585,-0.43144,-0.41619,-0.54625,-0.64164,-0.1376,-0.23103,-0.1961,-0.2254,-0.2256,0.05803,-0.22488,-0.21932,-0.083506,-0.33031,-0.59245,-0.60427,-0.79659,-0.6917,-0.17923,-0.37108,0.17673,0.26773,0.26627,0.21703,-0.22801,-0.13565,-0.073047,0.19134,-0.062115,-0.11769,-0.18392,-0.097576,-0.6663,-0.39466,-0.05482,-0.044223,-0.23941,-0.26601,-0.0026114,-0.070574,-0.20527,0.095971,-0.15001,-0.35914,-0.050965,-0.35094,-0.46365,-0.275
-0.23089,-0.34708,-0.054307,-0.15513,0.10686,-0.26907,-0.062161,-0.44166,-0.34183,-0.44717,-0.051584,-0.17154,-0.080585,-0.14965,-0.21047,-0.22354,-0.21119,-0.39181,-0.76109,-0.16556,-0.60874,-0.2508,-0.63332,-0.36848,-0.21675,-0.42067,-0.44967,-0.29363,-0.0014208,-0.17697,-0.027844,-0.15357,0.25361,0.23595,0,0.019418,0.4343,0.15834,0.049735,-0.18597,-0.27004,-0.33872,-0.24009,-0.5193,-0.22211,-0.186,-0.27543,-0.20149,-0.40314,0.027877,-0.042263,-0.46231,-0.27325,-0.38594,-0.17937,-0.47107,-0.27018,-0.30019,-0.28821,-0.26271,-0.45164,-0.0056175,-0.32325,-0.05753,-0.27853,-0.30261,-0.12354,0.088104,0.020023,-0.25676,-0.29301,-0.27854,-0.27096,-0.40327,-0.30221,-0.032192,-0.25245,-0.00078934,-0.031968,0.36664,0.31097,-0.2744,-0.22902,-0.21923,0.015241,-0.10336,-0.11094,-0.25785,-0.35249,-0.55707,-0.41883,-0.24355,-0.30487,-0.088255,-0.22634,0.011465,-0.12528,-0.22554,-0.15882,-0.19973,-0.50524,-0.015596,-0.56909,-0.64351,-0.48211
-0.25701,0.062148,-0.40975,-0.22095,0.15339,0.14649,0.064404,0.22523,-0.095609,-0.38221,-0.1871,0.048367,-0.33472,-0.26796,-0.42208,-0.2471,-0.35415,-0.4823,-0.3153,-0.36886,-0.38825,-0.51105,-0.32356,-0.15311,-0.27259,-0.049755,-0.21637,-0.19544,0.096221,0.45463,0.14905,0.023989,-0.043046,0.094188,0.019418,0,-0.046663,0.4154,0.011209,0.21035,-0.20648,-0.16153,-0.295,-0.10698,-0.52687,-0.35441,-0.27949,-0.25202,-0.52974,-0.2619,-0.18258,-0.43855,-0.48143,-0.45277,-0.24863,-0.52799,-0.34861,-0.43363,-0.38861,-0.28888,-0.16991,-0.029186,-0.01459,-0.29005,-0.32686,-0.34096,-0.23126,0.074975,0.27211,0.047972,-0.060668,-0.52429,-0.4713,-0.75498,-0.54255,-0.28396,-0.30671,-0.40071,-0.27586,-0.22372,-0.016221,-0.35523,-0.26467,-0.31332,-0.076435,-0.38952,-0.098129,-0.4018,-0.31824,-0.71525,-0.3564,-0.46143,-0.20851,-0.33635,-0.32537,-0.42665,-0.35365,-0.28598,-0.18069,-0.39703,-0.20333,-0.3332,-0.12211,-0.54753,-0.24895
-0.47593,-0.44337,0.24476,0.059806,0.10827,-0.24925,-0.18459,-0.39707,-0.34081,-0.55761,0.084598,-0.083953,0.13871,0.11614,-0.35004,-0.34,-0.19441,-0.22811,-0.70513,-0.10276,-0.77663,-0.41181,-0.8271,-0.40945,-0.24476,-0.42945,-0.52214,-0.36385,0.046552,-0.12012,-0.1865,-0.062845,0.40111,0.40589,0.4343,-0.046663,0,0.33348,0.08836,-0.17041,-0.42,-0.45474,-0.4971,-0.70168,-0.33882,-0.28338,-0.12066,-0.063601,-0.4754,-0.027121,-0.079276,-0.49916,-0.26412,-0.2419,-0.092228,-0.67588,-0.42542,-0.30151,-0.32089,-0.30515,-0.55468,-0.13703,-0.40391,-0.24599,-0.40593,-0.28522,0.0010459,-0.15488,-0.24416,-0.33521,-0.38333,-0.43541,-0.33358,-0.543,-0.4184,0.19033,-0.091538,0.32487,0.32064,0.27188,0.26167,-0.32579,-0.12681,-0.076461,0.16815,0.0080382,-0.11836,-0.1669,-0.16746,-0.55238,-0.34984,-0.069929,-0.14498,-0.068877,-0.10037,0.17123,0.011018,-0.018648,0.12562,-0.25458,-0.57733,0.0039073,-0.47533,-0.48328,-0.28832
-0.31481,-0.081059,-0.057589,0.099155,0.26857,0.057116,0.020523,0.030877,-0.074567,-0.48093,0.044289,0.15217,-0.13197,-0.094083,-0.46867,-0.29665,-0.3369,-0.32605,-0.55521,-0.32997,-0.72458,-0.5331,-0.61539,-0.29316,-0.26722,-0.17434,-0.36978,-0.24098,0.16539,0.27171,-0.00642,0.16262,0.13688,0.27738,0.15834,0.4154,0.33348,0,0.16182,0.18917,-0.23075,-0.24478,-0.38915,-0.32335,-0.42078,-0.28967,-0.11138,-0.10358,-0.60153,-0.21483,-0.16673,-0.48473,-0.29122,-0.26197,-0.12954,-0.66402,-0.45759,-0.41329,-0.33147,-0.19684,-0.20368,-0.14,-0.18764,-0.30668,-0.34716,-0.2614,-0.06149,-0.071409,0.02887,-0.15276,-0.16476,-0.50675,-0.36189,-0.68376,-0.50283,0.064647,-0.036034,-0.099089,0.015767,-0.088762,0.14584,-0.32596,-0.1562,-0.14944,0.12653,-0.24781,-0.1436,-0.27174,-0.15886,-0.64981,-0.29529,-0.19136,-0.039119,-0.13079,-0.043697,-0.14409,-0.12222,-0.038086,0.14717,-0.34062,-0.32806,-0.19636,-0.19486,-0.49744,-0.12574
-0.024825,-0.197,-0.03283,0.084637,0.2836,-0.30757,0.33271,-0.15816,0.28395,0.017379,0.25668,0.52751,-0.25857,-0.28512,-0.16318,-0.068857,-0.25269,-0.0056438,-0.41639,-0.20529,-0.64762,-0.56887,-0.36838,-0.11139,0.055701,-0.10619,-0.56266,-0.4551,-0.029554,-0.14951,-0.12056,-0.10794,-0.24547,-0.20224,0.049735,0.011209,0.08836,0.16182,0,0.37833,0.12565,0.029318,-0.2275,-0.3763,-0.039369,0.11118,-0.39768,-0.3934,-0.63265,-0.32598,-0.29756,-0.53171,-0.034409,-0.32704,-0.2517,-0.58355,-0.43018,-0.28983,-0.16304,0.11257,-0.10715,-0.137,-0.31067,-0.40782,-0.71435,-0.55074,-0.37291,0.032014,-0.046249,-0.51543,-0.17451,-0.31257,-0.13146,-0.32708,-0.12166,0.34728,0.17965,-0.19531,-0.15038,-0.2201,-0.043552,-0.36132,-0.084854,-0.13631,-0.021003,-0.11229,-0.089255,-0.41176,-0.35502,-0.44313,-0.14582,-0.36509,-0.32728,0.054267,0.022088,-0.11394,-0.20164,0.070048,-0.1262,-0.51652,-0.58338,-0.095017,-0.28842,-0.4341,-0.21289
0.11621,0.15805,-0.32851,0.0098997,0.066219,-0.048696,0.20643,0.2215,0.44674,0.10777,-0.042605,0.45331,-0.41392,-0.4351,-0.25508,-0.11074,-0.2437,-0.071001,-0.15536,-0.23806,-0.35113,-0.40574,-0.096241,0.16576,0.049091,0.30663,-0.2368,-0.09703,0.040993,-0.0011051,0.062167,0.10286,-0.36163,-0.28143,-0.18597,0.21035,-0.17041,0.18917,0.37833,0,0.28433,0.30371,-0.10212,0.058582,-0.18364,0.042276,-0.306,-0.32209,-0.47693,-0.37857,-0.26322,-0.3192,-0.13025,-0.21673,-0.14058,-0.30033,-0.20921,-0.38623,-0.2322,0.047242,0.17506,-0.2566,-0.10884,-0.29601,-0.44084,-0.32387,-0.35341,-0.0032429,0.10758,-0.17833,-0.063391,-0.3428,-0.26003,-0.42941,-0.19522,-0.046137,0.075889,-0.50343,-0.36353,-0.4295,-0.11561,-0.17447,-0.0086499,-0.18555,-0.013879,-0.25531,0.042217,-0.41656,-0.27355,-0.53833,-0.20556,-0.35844,-0.12578,-0.18597,-0.10096,-0.36089,-0.25526,0.07729,-0.18333,-0.36995,-0.19352,-0.33659,0.085453,-0.34402,-0.10541
0.40581,-0.039165,-0.30126,-0.060168,-0.11597,-0.27922,0.19164,-0.091176,0.32311,0.30395,-0.15276,0.12197,-0.51145,-0.58599,-0.02912,-0.06837,-0.25917,0.03656,-0.13541,-0.2868,-0.2844,-0.18611,0.014504,0.12572,0.14412,0.11522,-0.28727,-0.11705,-0.17225,-0.30694,-0.10201,-0.10056,-0.59001,-0.58425,-0.27004,-0.20648,-0.42,-0.23075,0.12565,0.28433,0,0.45588,0.16991,0.11547,0.11222,0.28224,-0.36514,-0.40281,-0.22456,-0.39144,-0.33069,-0.081368,0.097425,-0.16809,-0.13451,0.0064463,-0.047459,-0.32024,-0.1554,0.29879,0.30886,-0.29323,-0.18822,-0.14661,-0.31852,-0.2803,-0.42738,-0.041743,-0.015228,-0.38407,-0.035231,-0.059293,-0.070409,-0.070206,0.03873,-0.10897,0.042033,-0.60281,-0.5118,-0.43961,-0.20018,-0.096721,-0.026686,-0.22712,-0.22614,-0.25883,-0.11454,-0.40648,-0.41394,-0.29954,-0.22718,-0.27477,-0.23315,-0.054353,-0.1306,-0.29277,-0.24827,-0.05182,-0.32224,-0.23415,-0.16107,-0.25871,0.0217,-0.11339,-0.12371
0.32974,0.24733,-0.51973,-0.22184,-0.11899,-0.021339,-0.066371,0.079494,0.20275,0.27982,-0.21689,0.081513,-0.50234,-0.64519,-0.14375,-0.081631,-0.10725,-0.056681,-0.054767,-0.28714,-0.11136,-0.051676,0.1095,0.32417,-0.0075053,0.17187,0.030909,0.12929,-0.15048,-0.35355,-0.0022299,-0.098247,-0.56847,-0.58236,-0.33872,-0.16153,-0.45474,-0.24478,0.029318,0.30371,0.45588,0,-0.064983,0.21748,-0.01455,0.091399,-0.3878,-0.44004,-0.2113,-0.23667,-0.16227,-0.15208,-0.021227,-0.012445,-0.063562,0.063299,-0.082375,-0.43855,-0.30732,-0.013833,0.35545,-0.45795,-0.33377,-0.1261,-0.20762,-0.29661,-0.50032,-0.17223,-0.061128,-0.21596,-0.20049,-0.19303,-0.1557,-0.1792,-0.042559,-0.217,0.015767,-0.73865,-0.66393,-0.47581,-0.31972,-0.048946,-0.10542,-0.29917,-0.25915,-0.3348,-0.11201,-0.48136,-0.4432,-0.32306,-0.21508,-0.32353,-0.11356,-0.14796,-0.10849,-0.35697,-0.24093,0.0057819,-0.3237,-0.28107,-0.11312,-0.49035,0.047696,-0.088321,-0.0064068
