,,,,,,,,,,,,,,,,,,,,,,,,,,,,,,,,,,,,,,,,,,,,,,,,,,,,,,,,,,,,,,,,,,,,,,,,,,,,,,,,,,,,,,,,,,,,,,,,,,,,,,,,
0,0.15084,-0.62253,-0.32567,-0.24331,-0.54837,0.087045,-0.064287,0.10632,0.1947,-0.2758,-0.15827,-0.631,-0.6642,-0.12324,-0.1509,-0.16736,-0.32286,0.056692,-0.1566,-0.16931,-0.32647,0.14139,-0.17745,0.20449,0.063048,-0.22058,-0.065923,-0.15806,-0.35009,-0.078812,-0.1265,-0.69835,-0.62975,-0.2091,-0.12807,-0.49781,-0.32595,-0.0074112,0.14597,0.30017,0.089648,0.22054,0.095454,0.064104,0.28522,-0.31799,-0.2877,-0.24917,-0.45365,-0.47321,-0.15121,0.034232,-0.26114,-0.35445,-0.033063,0.024622,-0.079286,-0.062613,0.10381,-0.0086053,-0.38441,-0.0099637,-0.22429,-0.31486,-0.14606,-0.2591,0.1302,0.21829,-0.10403,-0.023099,0.062543,0.084878,0.073113,0.24898,-0.26759,-0.20787,-0.77603,-0.77544,-0.46955,-0.38937,-0.14451,-0.18482,-0.2698,-0.32809,-0.19237,-0.14218,-0.23128,-0.22236,-0.059978,-0.0088833,-0.36181,-0.3819,-0.19036,-0.47902,-0.59326,-0.57303,-0.29545,-0.6844,-0.37331,-0.28178,-0.3945,-0.16756,-0.2316,-0.53214
0.15084,0,-0.64833,-0.24021,-0.33849,-0.28087,-0.15534,0.20117,0.046906,0.10209,-0.24913,-0.080708,-0.47766,-0.45334,-0.37808,-0.22529,-0.028608,-0.39167,0.1867,-0.26131,-0.031546,-0.34755,0.17631,-0.10517,-0.045042,-0.017583,0.07463,0.01915,-0.23825,-0.15702,-0.14354,-0.14002,-0.57639,-0.48301,-0.45049,0.059466,-0.6422,-0.27324,-0.11224,0.26952,0.2612,0.19061,-0.11551,0.031799,-0.22186,-0.079431,-0.30993,-0.25837,-0.47562,-0.45369,-0.38096,-0.29303,-0.1065,-0.036923,-0.29597,-0.097356,-0.097552,-0.26039,-0.2224,-0.1452,0.029544,-0.61995,-0.10525,-0.36286,-0.3079,-0.27014,-0.32807,-0.26339,-0.061962,-0.1684,-0.20524,-0.27642,-0.17522,-0.29448,-0.12238,-0.43313,-0.14546,-0.56225,-0.48968,-0.53885,-0.53537,-0.14818,-0.1816,-0.19124,-0.25722,-0.2407,-0.18644,-0.34357,-0.15205,-0.15242,-0.01558,-0.48898,-0.31667,-0.4146,-0.47083,-0.38915,-0.35215,-0.31749,-0.36723,-0.43247,-0.29513,-0.60748,-0.13013,-0.25367,-0.34871
-0.62253,-0.64833,0,0.24404,-0.16549,-0.19119,-0.29347,-0.38276,-0.41652,-0.61179,-0.062227,-0.23233,0.16157,0.16023,-0.37092,-0.52783,-0.21273,-0.067023,-0.46231,-0.14276,-0.51797,-0.26061,-0.62913,-0.29672,-0.36114,-0.46844,-0.62605,-0.55362,-0.17822,-0.1104,-0.12651,-0.10522,0.19803,0.15198,-0.0095467,-0.23142,0.31824,0.053432,-0.25048,-0.43481,-0.53018,-0.5041,-0.34917,-0.44389,-0.21662,-0.29346,-0.11417,-0.10237,-0.21949,-0.10234,-0.097564,-0.26406,-0.43378,-0.28767,0.0039172,-0.47562,-0.34572,-0.31647,-0.30077,-0.33072,-0.51916,-0.16683,-0.37637,-0.16329,-0.16109,-0.21641,-0.059725,-0.38697,-0.5149,-0.29756,-0.2991,-0.22658,-0.25306,-0.33316,-0.3434,0.046141,-0.18345,0.34081,0.34684,0.073524,0.074232,-0.24837,-0.12001,0.10855,0.051215,-0.041883,-0.24195,-0.14446,-0.20182,-0.41819,-0.39611,0.051499,0.048327,-0.064969,-0.0066846,0.2832,0.18319,-0.024514,0.28974,-0.079949,-0.23098,0.056149,-0.3385,-0.2396,-0.088782
-0.32567,-0.24021,0.24404,0,-0.28476,-0.34837,-0.1726,-0.13715,-0.049774,-0.35177,-0.043052,-0.12851,-0.023308,-0.016105,-0.42148,-0.50297,-0.22287,-0.21652,-0.25719,-0.16893,-0.51043,-0.40763,-0.40368,-0.27856,-0.16402,-0.21807,-0.62807,-0.43704,-0.077277,0.11589,-0.032172,0.078319,-0.026208,0.090134,-0.047114,0.11287,0.083361,0.3129,-0.14351,-0.089307,-0.23804,-0.37899,-0.099611,-0.16835,-0.20286,-0.095505,-0.049635,-0.010842,-0.37338,-0.3563,-0.25355,-0.16652,-0.24961,-0.09747,0.14795,-0.36178,-0.089825,-0.13375,-0.085459,-0.15875,-0.35123,-0.24921,-0.10287,-0.29659,-0.25539,-0.10874,-0.009256,-0.33222,-0.22211,-0.10396,-0.088978,-0.17399,-0.17898,-0.34538,-0.1901,0.0095846,-0.019251,0.11489,0.13121,-0.14288,-0.010197,-0.16807,0.055991,0.48545,0.27994,0.012952,-0.1427,-0.092396,-0.0065393,-0.40259,-0.1569,-0.069386,0.018525,-0.12638,-0.21166,0.054645,0.00072027,0.047639,0.14638,-0.213,-0.31111,-0.090513,-0.25714,-0.32203,-0.25085
-0.24331,-0.33849,-0.16549,-0.28476,0,0.04139,0.20569,-0.099119,-0.21335,-0.30713,0.34465,0.0072216,-0.12789,-0.10579,-0.54412,-0.5469,-0.39519,-0.33876,-0.41192,-0.33401,-0.59563,-0.76183,-0.27561,-0.17939,-0.047241,-0.29677,-0.37753,-0.44498,-0.08767,-0.052826,-0.18265,-0.57895,-0.098771,-0.11321,0.044208,-0.048258,-0.00010109,-0.15119,0.426,-0.039078,-0.10959,-0.11045,-0.47371,-0.67748,-0.43053,-0.33708,-0.52262,-0.5464,-0.57009,0.042919,0.0018512,-0.69751,-0.14456,-0.50273,-0.41289,-0.85304,-0.6223,-0.56643,-0.52351,-0.17394,-0.60192,-0.44888,-0.67589,-0.36694,-0.77985,-0.60047,-0.48529,0.012276,-0.15069,-0.46874,-0.56279,-0.54545,-0.51283,-0.53175,-0.48915,0.112,-0.13711,-0.24861,-0.083557,-0.035419,-0.095454,-0.40457,-0.27383,-0.34956,-0.15667,-0.11028,-0.1522,-0.5758,-0.41298,-0.53667,-0.48054,-0.26019,-0.35796,0.13018,-0.061444,-0.12542,-0.25812,-0.35957,-0.22622,-0.58633,-0.63244,-0.37313,-0.42295,-0.40917,-0.4861
-0.54837,-0.28087,-0.19119,-0.34837,0.04139,0,-0.30522,-0.052674,-0.37466,-0.39085,-0.1407,-0.20854,0.020287,0.037637,-0.58402,-0.49836,-0.19274,-0.26527,-0.27512,-0.17575,-0.16504,-0.32457,-0.22026,-0.072027,-0.3126,-0.26815,-0.10493,-0.28937,-0.18903,-0.081226,-0.26875,-0.40493,0.10705,0.042635,-0.23316,-0.17621,-0.132,-0.18359,-0.21588,-0.3493,-0.49197,-0.24094,-0.63578,-0.43296,-0.53468,-0.58375,-0.31695,-0.37406,-0.18864,0.13483,0.16995,-0.34835,-0.3569,-0.20941,-0.21062,-0.40181,-0.5402,-0.60874,-0.49067,-0.50128,-0.36235,-0.3395,-0.46228,-0.25587,-0.28328,-0.45145,-0.39281,-0.31488,-0.39824,-0.21681,-0.48486,-0.6224,-0.682,-0.62563,-0.77157,-0.3372,-0.36619,-0.15792,0.017564,-0.026681,-0.11749,-0.22327,-0.18483,-0.34278,-0.057457,-0.099839,-0.052794,-0.45709,-0.37428,-0.57742,-0.58467,-0.21645,-0.18797,-0.27498,-0.080234,-0.089205,-0.10688,-0.18859,-0.054898,-0.21619,-0.23253,-0.20667,-0.14863,-0.27557,-0.16608
0.087045,-0.15534,-0.29347,-0.1726,0.20569,-0.30522,0,0.19328,0.038951,-0.1164,0.11925,0.089294,-0.33463,-0.29603,-0.4991,-0.43729,-0.45738,-0.40274,-0.2158,-0.19891,-0.48443,-0.8154,-0.10232,-0.09383,0.090027,-0.085851,-0.50163,-0.3741,0.075438,0.031793,0.10846,-0.31539,-0.36046,-0.28879,0.020528,0.18522,-0.15614,-0.077195,0.55287,0.19952,0.057147,-0.010716,-0.080468,-0.26086,-0.21616,-0.042982,-0.37199,-0.36833,-0.47371,-0.37014,-0.40093,-0.38899,-0.11482,-0.53539,-0.56409,-0.57545,-0.33256,-0.23709,-0.2278,0.05637,-0.32367,-0.31438,-0.23522,-0.27207,-0.4831,-0.3524,-0.26815,-0.023718,-0.060319,-0.25349,-0.22733,-0.14096,-0.080385,-0.23084,-0.04211,0.10691,-0.15363,-0.46048,-0.35489,-0.42661,-0.38251,-0.39935,-0.26952,-0.15285,-0.20019,-0.20307,-0.237,-0.34117,-0.25876,-0.3035,-0.13499,-0.31093,-0.4121,0.22047,-0.17299,-0.43358,-0.5994,-0.28453,-0.31474,-0.49141,-0.41714,-0.42035,-0.26415,-0.38501,-0.45772
-0.064287,0.20117,-0.38276,-0.13715,-0.099119,-0.052674,0.19328,0,0.055302,-0.096238,-0.10738,0.040891,-0.30206,-0.2378,-0.70676,-0.47987,-0.23715,-0.38424,0.056528,-0.10963,-0.16107,-0.59085,0.081188,0.095985,-0.023131,0.073499,-0.2248,-0.22315,0.049761,0.19386,0.05764,-0.20048,-0.3344,-0.24375,-0.30127,0.28895,-0.32851,-0.061595,0.12703,0.22069,-0.044745,0.058304,-0.19207,-0.085396,-0.3676,-0.20687,-0.22928,-0.22522,-0.41101,-0.41279,-0.35931,-0.25825,-0.25235,-0.28302,-0.42112,-0.37523,-0.27199,-0.27967,-0.21652,-0.17336,-0.16174,-0.44509,-0.11341,-0.2865,-0.28387,-0.27606,-0.20659,-0.28825,-0.2405,-0.11543,-0.21173,-0.26227,-0.19022,-0.38084,-0.17288,-0.24233,-0.26404,-0.47735,-0.30252,-0.55796,-0.51865,-0.21793,-0.13582,-0.039962,-0.066189,-0.16636,-0.13178,-0.30028,-0.12807,-0.31556,-0.085554,-0.31733,-0.25837,-0.16433,-0.2503,-0.42482,-0.48042,-0.17242,-0.16945,-0.32724,-0.22091,-0.49011,-0.053268,-0.27803,-0.19833
0.10632,0.046906,-0.41652,-0.049774,-0.21335,-0.37466,0.038951,0.055302,0,0.16792,-0.073549,0.015776,-0.44369,-0.41217,-0.27035,-0.25019,-0.35117,-0.30337,0.0017691,-0.3279,-0.32909,-0.61034,-0.021153,-0.23489,0.15839,0.13864,-0.36321,-0.34364,-0.14508,-0.096004,-0.14409,-0.10611,-0.53056,-0.40287,-0.28717,0.077915,-0.3759,-0.057899,0.025986,0.218,0.072216,-0.057779,0.10292,0.095334,-0.14884,0.11553,-0.27782,-0.26771,-0.38194,-0.53963,-0.45712,-0.14804,0.11244,-0.10421,-0.12886,-0.19316,0.02025,-0.09148,-0.035116,0.029297,-0.093502,-0.34435,0.0033423,-0.47423,-0.50323,-0.21741,-0.28933,-0.091335,0.08127,-0.03377,0.054677,-0.16636,-0.13106,-0.22385,-0.062625,-0.028495,0.094639,-0.52328,-0.4646,-0.51388,-0.26948,-0.32371,-0.1522,-0.11222,-0.1772,-0.14829,-0.11304,-0.24737,-0.13586,-0.32684,-0.069562,-0.30659,-0.22664,-0.1509,-0.26869,-0.40972,-0.3662,-0.1529,-0.33045,-0.5442,-0.41014,-0.29276,-0.12652,-0.19909,-0.34432
0.1947,0.10209,-0.61179,-0.35177,-0.30713,-0.39085,-0.1164,-0.096238,0.16792,0,-0.19434,0.17773,-0.55567,-0.55195,0.075761,0.16196,-0.017312,0.013799,0.28976,-0.057185,0.078528,-0.23743,0.42284,0.12433,0.20396,0.1285,0.019011,-0.035438,-0.49076,-0.52914,-0.065355,-0.053262,-0.73325,-0.74625,-0.41667,-0.17558,-0.63314,-0.51717,-0.11167,0.13455,0.13239,0.30363,-0.13079,-0.038003,0.13173,0.30611,-0.64883,-0.59848,-0.30027,-0.48504,-0.43185,-0.34318,-0.055473,-0.17473,-0.32817,-0.09105,-0.22217,-0.35507,-0.32701,0.17454,0.30868,-0.18228,-0.12476,-0.30827,-0.40766,-0.49654,-0.64055,0.11101,0.12262,-0.28942,-0.23741,-0.2545,-0.21273,-0.19769,-0.12872,-0.32409,-0.011568,-0.6682,-0.65949,-0.54457,-0.45914,-0.24105,-0.1082,-0.25404,-0.2958,-0.10666,-0.015738,-0.54472,-0.53749,-0.28352,-0.29866,-0.64689,-0.54542,-0.32861,-0.28377,-0.51486,-0.47653,-0.13461,-0.62862,-0.36612,-0.16616,-0.32405,-0.031047,-0.3511,-0.40846
-0.2758,-0.24913,-0.062227,-0.043052,0.34465,-0.1407,0.11925,-0.10738,-0.073549,-0.19434,0,0.32283,-0.12638,-0.061349,-0.4543,-0.40972,-0.41017,-0.23065,-0.3263,-0.4086,-0.64747,-0.93707,-0.25334,-0.19211,0.037555,-0.28708,-0.33767,-0.43114,-0.2768,-0.07413,-0.0829,-0.29585,-0.20408,-0.1829,-0.038553,0.081674,-0.076089,-0.090975,0.29298,0.058221,-0.050659,-0.095069,-0.34646,-0.51596,-0.28743,-0.15377,-0.52383,-0.52809,-0.78257,-0.24241,-0.22752,-0.82513,-0.076443,-0.33577,-0.32816,-0.82571,-0.53552,-0.52655,-0.48017,-0.040524,-0.43972,-0.40606,-0.55858,-0.40854,-0.76119,-0.61907,-0.50441,-0.115,-0.1534,-0.46161,-0.50384,-0.47893,-0.40601,-0.51804,-0.44982,0.30482,0.23441,-0.14786,-0.023099,-0.20285,-0.14676,-0.57204,-0.31729,-0.19075,-0.16466,-0.14925,-0.25475,-0.5515,-0.35702,-0.51668,-0.45429,-0.2846,-0.27107,0.12816,0.084056,0.01886,-0.09546,-0.27418,-0.039299,-0.58611,-0.55282,-0.40026,-0.307,-0.4332,-0.45445
-0.15827,-0.080708,-0.23233,-0.12851,0.0072216,-0.20854,0.089294,0.040891,0.015776,0.17773,0.32283,0,-0.34053,-0.28362,-0.22861,-0.094778,-0.22317,-0.012794,-0.071388,-0.12502,-0.27721,-0.59451,0.019953,0.1725,0.1135,-0.09457,-0.10484,-0.19078,-0.42907,-0.25845,0.05021,-0.10172,-0.42486,-0.4167,-0.24106,0.047342,-0.27084,-0.25578,0.19036,0.21267,0.015479,0.21704,-0.35616,-0.35394,-0.12476,0.0021734,-0.68648,-0.67666,-0.59251,-0.47743,-0.4379,-0.6781,-0.078263,-0.22922,-0.38458,-0.56739,-0.54273,-0.54471,-0.54313,0.17533,-0.030965,-0.20848,-0.37798,-0.30126,-0.55421,-0.72357,-0.65758,-0.051543,-0.095682,-0.49576,-0.48586,-0.45057,-0.34815,-0.47203,-0.36662,0.065664,0.26315,-0.32584,-0.23588,-0.46541,-0.40546,-0.49253,-0.22885,-0.14762,-0.17199,-0.15261,-0.16186,-0.67199,-0.51113,-0.50573,-0.48622,-0.50709,-0.45956,-0.049882,0.052497,-0.20574,-0.28076,-0.11913,-0.19991,-0.41429,-0.2735,-0.43211,-0.10763,-0.49688,-0.35495
-0.631,-0.47766,0.16157,-0.023308,-0.12789,0.020287,-0.33463,-0.30206,-0.44369,-0.55567,-0.12638,-0.34053,0,0.90902,-0.58307,-0.68045,-0.16009,-0.29852,-0.33279,-0.20422,-0.33759,-0.24745,-0.36895,-0.23154,-0.27814,-0.35651,-0.44253,-0.33409,-0.029373,-0.086779,-0.11934,-0.26384,0.45816,0.35937,0.031193,-0.11881,0.14509,-0.021444,-0.28018,-0.36915,-0.45108,-0.40236,-0.39814,-0.36917,-0.40327,-0.34858,-0.1533,-0.11961,-0.2257,0.26681,0.31242,-0.27149,-0.52485,-0.26207,-0.067793,-0.32465,-0.29128,-0.45854,-0.37367,-0.63287,-0.62716,-0.33899,-0.46899,-0.10474,-0.20568,-0.28661,-0.13906,-0.4172,-0.56737,-0.11606,-0.40231,-0.36044,-0.46081,-0.57641,-0.49692,-0.22006,-0.35073,0.32356,0.44085,0.21163,0.15496,-0.1354,-0.021412,-0.10601,0.040903,0.11249,-0.052036,-0.24154,-0.26483,-0.58518,-0.42451,-0.073796,0.0032854,-0.23008,-0.19957,0.24532,0.096307,-0.17279,0.20289,-0.16465,-0.33446,-0.097337,-0.31937,-0.22297,-0.19737
-0.6642,-0.45334,0.16023,-0.016105,-0.10579,0.037637,-0.29603,-0.2378,-0.41217,-0.55195,-0.061349,-0.28362,0.90902,0,-0.64343,-0.68451,-0.2447,-0.29532,-0.31771,-0.25667,-0.33749,-0.31081,-0.35115,-0.21962,-0.26498,-0.33676,-0.43225,-0.398,-0.044991,-0.015941,-0.15336,-0.27915,0.35714,0.32205,-0.026486,-0.074029,0.085806,-0.010248,-0.26175,-0.34933,-0.44625,-0.39416,-0.39018,-0.36385,-0.4397,-0.3832,-0.15385,-0.1113,-0.2902,0.16267,0.21478,-0.31598,-0.51812,-0.29217,-0.11422,-0.39306,-0.3163,-0.43876,-0.35196,-0.57986,-0.62985,-0.37213,-0.4858,-0.21965,-0.23877,-0.30704,-0.13154,-0.4456,-0.56874,-0.18145,-0.39304,-0.38571,-0.4433,-0.5684,-0.52231,-0.20088,-0.34359,0.2548,0.38626,0.0794,0.052895,-0.25507,-0.11126,-0.070839,0.013173,0.026625,-0.13731,-0.23282,-0.23379,-0.53764,-0.39924,-0.032981,0.022556,-0.12608,-0.076152,0.2379,0.1098,-0.15604,0.32031,-0.23647,-0.33265,-0.15213,-0.3037,-0.15515,-0.11006
-0.12324,-0.37808,-0.37092,-0.42148,-0.54412,-0.58402,-0.4991,-0.70676,-0.27035,0.075761,-0.4543,-0.22861,-0.58307,-0.64343,0,0.56209,-0.13744,0.10776,-0.17816,-0.1245,-0.063358,0.13338,-0.16346,-0.22897,-0.22014,-0.25585,-0.06991,-0.079147,-0.78983,-1,-0.37115,-0.092788,-0.56625,-0.65875,-0.42847,-0.73266,-0.45852,-0.65623,-0.51544,-0.39515,-0.24911,-0.21095,-0.21238,-0.22209,0.16076,0.0037782,-0.45074,-0.46865,-0.052851,-0.43806,-0.46365,-0.19851,-0.08683,-0.14314,-0.17173,-0.00087822,-0.22415,-0.18343,-0.25958,0.06883,0.16363,0.1384,-0.17327,-0.1634,-0.19914,-0.30079,-0.46934,0.0039236,-0.020989,-0.40329,-0.23655,-0.16828,-0.20217,0.025911,-0.15582,-0.32787,-0.11753,-0.36989,-0.54769,-0.32358,-0.29272,-0.22514,-0.26198,-0.40497,-0.4248,-0.30962,-0.23602,-0.32029,-0.51064,-0.11847,-0.38456,-0.42223,-0.48802,-0.40349,-0.2314,-0.41765,-0.33263,-0.21229,-0.62698,-0.11518,-0.08175,-0.11501,-0.2432,-0.30204,-0.29669
-0.1509,-0.22529,-0.52783,-0.50297,-0.5469,-0.49836,-0.43729,-0.47987,-0.25019,0.16196,-0.40972,-0.094778,-0.68045,-0.68451,0.56209,0,-0.19151,0.020989,-0.14166,-0.13448,-0.0068867,0.016705,-0.097558,-0.1487,-0.27985,-0.24687,0.1057,-0.023465,-0.81156,-0.78972,-0.38201,-0.1088,-0.70734,-0.77971,-0.5313,-0.54421,-0.58539,-0.67936,-0.46114,-0.31775,-0.22801,-0.1341,-0.26067,-0.19274,0.016358,-0.094626,-0.49343,-0.51515,-0.19301,-0.59127,-0.59328,-0.28878,-0.087057,-0.10689,-0.31481,-0.058676,-0.28269,-0.18286,-0.27276,0.054108,0.29112,0.10921,-0.19022,-0.26219,-0.21587,-0.36698,-0.52319,-0.091335,-0.07027,-0.45723,-0.26998,-0.23875,-0.19857,-0.055176,-0.19959,-0.37276,-0.078591,-0.46709,-0.64059,-0.54026,-0.52548,-0.36488,-0.38566,-0.45429,-0.51395,-0.47845,-0.32613,-0.36538,-0.47819,-0.093003,-0.34932,-0.58124,-0.64765,-0.38336,-0.20415,-0.49152,-0.42829,-0.23688,-0.59772,-0.20138,-0.058569,-0.3,-0.17815,-0.32997,-0.29685
-0.16736,-0.028608,-0.21273,-0.22287,-0.39519,-0.19274,-0.45738,-0.23715,-0.35117,-0.017312,-0.41017,-0.22317,-0.16009,-0.2447,-0.13744,-0.19151,0,0.090855,0.21336,0.16051,0.19912,0.14193,0.061589,0.08623,-0.18528,-0.17864,-0.050772,-0.077321,-0.3951,-0.46081,-0.059138,-0.0742,-0.25805,-0.35903,-0.3906,-0.34171,-0.37276,-0.49462,-0.34858,-0.21038,-0.17976,-0.011455,-0.40007,-0.2279,0.045067,-0.035527,-0.39172,-0.32958,-0.15931,-0.081965,-0.02126,-0.29263,-0.51458,-0.21645,-0.16373,-0.050924,-0.30023,-0.51201,-0.43033,-0.30904,-0.038105,-0.31377,-0.25515,-0.10482,-0.11943,-0.36154,-0.38391,-0.18759,-0.31949,-0.2617,-0.40007,-0.27829,-0.29996,-0.28458,-0.22282,-0.62055,-0.35273,-0.25652,-0.23283,-0.11349,-0.24811,0.25204,0.21785,-0.093331,-0.072083,0.16081,0.12649,-0.41775,-0.44916,-0.25735,-0.31718,-0.47901,-0.29531,-0.66567,-0.50069,-0.1765,-0.16341,-0.10671,-0.38083,-0.027964,-0.058341,-0.13165,-0.15931,-0.33573,-0.29588
-0.32286,-0.39167,-0.067023,-0.21652,-0.33876,-0.26527,-0.40274,-0.38424,-0.30337,0.013799,-0.23065,-0.012794,-0.29852,-0.29532,0.10776,0.020989,0.090855,0,-0.038149,0.10839,0.051126,0.029398,-0.10667,0.14571,-0.12231,-0.058348,-0.1656,-0.2563,-0.57415,-0.53606,-0.1544,-0.019782,-0.29937,-0.42088,-0.39997,-0.47946,-0.252,-0.48995,-0.33537,-0.35325,-0.40162,-0.16993,-0.39078,-0.31488,0.059902,-0.049913,-0.43129,-0.40758,-0.11203,-0.30449,-0.26613,-0.36083,-0.4872,-0.37871,-0.24366,-0.26558,-0.42657,-0.45412,-0.4297,-0.14328,-0.058304,0.02308,-0.22383,-0.23452,-0.22372,-0.4107,-0.42721,-0.030839,-0.28799,-0.43805,-0.32404,-0.26484,-0.28995,-0.2111,-0.28113,-0.33664,-0.21993,-0.26984,-0.24733,-0.2513,-0.23653,-0.18153,-0.023156,-0.050103,-0.13458,-0.03928,-0.039236,-0.3824,-0.48982,-0.30744,-0.50086,-0.28156,-0.22505,-0.36704,-0.14607,-0.21473,-0.12704,0.20535,-0.32624,0.044934,0.16092,0.037447,0.050185,-0.32744,-0.15795
0.056692,0.1867,-0.46231,-0.25719,-0.41192,-0.27512,-0.2158,0.056528,0.0017691,0.28976,-0.3263,-0.071388,-0.33279,-0.31771,-0.17816,-0.14166,0.21336,-0.038149,0,0.057324,0.25683,-0.14321,0.66091,0.17851,0.10589,0.12449,-0.068033,-0.1231,-0.34799,-0.3364,-0.0078092,-0.048599,-0.57425,-0.58693,-0.59328,-0.20298,-0.67164,-0.51694,-0.2387,0.0010046,-0.03794,0.098537,-0.16069,0.021159,0.068394,0.15879,-0.36882,-0.33061,-0.25418,-0.37398,-0.29693,-0.23566,-0.32763,-0.261,-0.30116,-0.029417,-0.1853,-0.3104,-0.207,-0.1067,0.11175,-0.35023,-0.091411,-0.22167,-0.21014,-0.29771,-0.36088,-0.13856,-0.19662,-0.14288,-0.24414,-0.1603,-0.15838,-0.14494,-0.056655,-0.57065,-0.29072,-0.57598,-0.50064,-0.50832,-0.47668,0.061001,0.094544,-0.10443,-0.15172,0.049875,0.094595,-0.34803,-0.3371,-0.13802,-0.1346,-0.49031,-0.34014,-0.51558,-0.37556,-0.48202,-0.43241,-0.16361,-0.45193,-0.18104,-0.074623,-0.31681,-0.058196,-0.20587,-0.23068
-0.1566,-0.26131,-0.14276,-0.16893,-0.33401,-0.17575,-0.19891,-0.10963,-0.3279,-0.057185,-0.4086,-0.12502,-0.20422,-0.25667,-0.1245,-0.13448,0.16051,0.10839,0.057324,0,0.068002,0.02943,0.021349,0.33881,-0.099757,-0.024262,-0.24386,-0.10121,-0.20417,-0.33813,0.059119,0.066056,-0.2055,-0.26886,-0.22473,-0.26649,-0.14101,-0.30696,-0.23662,-0.24903,-0.36865,-0.13247,-0.28055,-0.16951,-0.001232,-0.03161,-0.28474,-0.28283,0.01354,-0.24322,-0.21152,-0.11591,-0.44147,-0.28684,-0.20975,-0.14,-0.29037,-0.29047,-0.25754,-0.14196,-0.017609,0.021823,-0.12861,0.033259,-0.01716,-0.22523,-0.2166,-0.0075375,-0.24944,-0.16686,-0.25765,-0.11807,-0.18657,-0.17965,-0.13355,-0.44002,-0.42811,-0.2797,-0.24775,-0.2343,-0.26768,0.12364,0.2286,-0.002622,0.1196,0.11462,0.21458,-0.26308,-0.38503,-0.33457,-0.38748,-0.31793,-0.36389,-0.34654,-0.31801,-0.36104,-0.41281,0.13638,-0.35463,0.17781,0.13564,-0.07614,-0.051398,-0.37385,-0.2693
-0.16931,-0.031546,-0.51797,-0.51043,-0.59563,-0.16504,-0.48443,-0.16107,-0.32909,0.078528,-0.64747,-0.27721,-0.33759,-0.33749,-0.063358,-0.0068867,0.19912,0.051126,0.25683,0.068002,0,0.26446,0.24397,0.16795,-0.21925,0.010482,0.13838,0.039937,-0.44152,-0.51304,-0.15897,-0.13151,-0.39091,-0.47177,-0.59405,-0.41558,-0.65708,-0.64513,-0.54788,-0.30431,-0.28674,-0.013622,-0.31317,-0.046944,-0.049553,-0.14579,-0.34548,-0.306,0.063017,-0.25922,-0.22273,-0.13022,-0.52818,-0.25358,-0.36108,0.095498,-0.25827,-0.38228,-0.34333,-0.30555,0.19573,-0.14928,-0.051872,-0.143,0.035103,-0.31174,-0.37186,-0.24806,-0.29138,-0.19899,-0.25668,-0.2253,-0.25174,-0.17919,-0.21653,-0.94604,-0.54681,-0.48528,-0.48734,-0.41631,-0.50962,-0.01371,-0.079943,-0.23648,-0.28162,-0.15218,-0.069853,-0.34033,-0.45132,-0.14565,-0.25965,-0.45033,-0.32703,-0.64499,-0.38328,-0.49448,-0.37369,-0.089913,-0.47173,0.023965,0.24053,-0.17938,0.080821,-0.20751,-0.076847
-0.32647,-0.34755,-0.26061,-0.40763,-0.76183,-0.32457,-0.8154,-0.59085,-0.61034,-0.23743,-0.93707,-0.59451,-0.24745,-0.31081,0.13338,0.016705,0.14193,0.029398,-0.14321,0.02943,0.26446,0,-0.2141,-0.17009,-0.47529,-0.27823,-0.062429,-0.026498,-0.45068,-0.64977,-0.35289,-0.11412,-0.20553,-0.30597,-0.4165,-0.71309,-0.36059,-0.54426,-0.88362,-0.63347,-0.4781,-0.33426,-0.31354,-0.16303,-0.055163,-0.25755,-0.18668,-0.15109,0.24054,-0.13871,-0.13986,0.014304,-0.52684,-0.1777,-0.12454,0.19375,-0.15536,-0.22905,-0.25463,-0.39842,-0.023567,-0.018879,-0.12382,-0.063213,0.18854,-0.12442,-0.18996,-0.28422,-0.34986,-0.23506,-0.20954,-0.15149,-0.2279,-0.07945,-0.20972,-0.809,-0.60224,-0.19336,-0.31826,-0.13084,-0.24244,0.065734,-0.093559,-0.24583,-0.26092,-0.19655,-0.16089,-0.15207,-0.36498,-0.10134,-0.29639,-0.26078,-0.24243,-0.62789,-0.42587,-0.29287,-0.19475,-0.10516,-0.40188,0.18,0.14758,0.016522,-0.17254,-0.16976,-0.081794
0.14139,0.17631,-0.62913,-0.40368,-0.27561,-0.22026,-0.10232,0.081188,-0.021153,0.42284,-0.25334,0.019953,-0.36895,-0.35115,-0.16346,-0.097558,0.061589,-0.10667,0.66091,0.021349,0.24397,-0.2141,0,0.28598,0.24305,0.16942,0.043519,0.021153,-0.3553,-0.39788,0.026359,-0.13249,-0.56977,-0.58985,-0.47198,-0.16758,-0.67793,-0.56335,-0.14024,0.095151,0.062524,0.28923,-0.19819,-0.058942,0.011227,0.14532,-0.52709,-0.49798,-0.26433,-0.32798,-0.28739,-0.32145,-0.22481,-0.27951,-0.41715,-0.09124,-0.27652,-0.41594,-0.33173,-0.01596,0.14785,-0.3157,-0.16044,-0.16531,-0.29315,-0.43442,-0.51606,-0.0052883,-0.062594,-0.19469,-0.34284,-0.25257,-0.25976,-0.224,-0.15243,-0.51819,-0.27008,-0.64229,-0.54309,-0.49547,-0.48395,-0.04544,-0.0047955,-0.2491,-0.20576,0.012194,0.094481,-0.50474,-0.48457,-0.24148,-0.26017,-0.5528,-0.4607,-0.41686,-0.31222,-0.55943,-0.54341,-0.22981,-0.5457,-0.24454,-0.11773,-0.40519,-0.046179,-0.30204,-0.3236
-0.17745,-0.10517,-0.29672,-0.27856,-0.17939,-0.072027,-0.09383,0.095985,-0.23489,0.12433,-0.19211,0.1725,-0.23154,-0.21962,-0.22897,-0.1487,0.08623,0.14571,0.17851,0.33881,0.16795,-0.17009,0.28598,0,0.070365,0.13257,-0.031913,-0.0037909,-0.2865,-0.31483,0.10732,-0.084214,-0.27722,-0.33683,-0.32607,-0.13782,-0.28847,-0.39908,-0.068444,-0.0077334,-0.1768,0.20071,-0.43936,-0.27405,-0.13783,-0.077808,-0.51353,-0.4893,-0.22287,-0.25589,-0.2205,-0.38666,-0.4319,-0.35361,-0.4085,-0.30893,-0.49183,-0.57806,-0.52664,-0.1053,0.01028,-0.13245,-0.26459,-0.072614,-0.23779,-0.52135,-0.47471,-0.015006,-0.24937,-0.34588,-0.47111,-0.38033,-0.38364,-0.43081,-0.32516,-0.40477,-0.3133,-0.3714,-0.2474,-0.35863,-0.3999,-0.079444,0.097811,-0.076032,0.0026852,0.077226,0.15472,-0.5458,-0.54087,-0.47393,-0.48747,-0.42187,-0.39411,-0.32598,-0.19649,-0.36479,-0.41171,0.058234,-0.32473,-0.034446,0.056926,-0.28272,0.062587,-0.42304,-0.19615
0.20449,-0.045042,-0.36114,-0.16402,-0.047241,-0.3126,0.090027,-0.023131,0.15839,0.20396,0.037555,0.1135,-0.27814,-0.26498,-0.22014,-0.27985,-0.18528,-0.12231,0.10589,-0.099757,-0.21925,-0.47529,0.24305,0.070365,0,0.30949,-0.24482,-0.084221,-0.16924,-0.29636,0.0028937,-0.076847,-0.3934,-0.3737,-0.14377,-0.037814,-0.25947,-0.22076,0.14537,0.26011,0.15758,0.14326,-0.033063,-0.090425,-0.083229,0.26993,-0.41699,-0.39118,-0.35449,-0.28727,-0.27024,-0.33432,-0.022764,-0.2681,-0.23335,-0.24175,-0.15269,-0.34394,-0.27425,0.052314,-0.17322,-0.38244,-0.22554,-0.18739,-0.52174,-0.33622,-0.38258,0.29454,0.098367,-0.15975,-0.24004,-0.21483,-0.25309,-0.28388,-0.1397,-0.11419,-0.073341,-0.4578,-0.3373,-0.29899,-0.13521,-0.16792,0.022733,-0.15442,-0.056857,0.14549,0.15962,-0.3917,-0.32979,-0.45362,-0.34496,-0.21621,-0.21172,-0.14398,-0.24003,-0.31888,-0.328,-0.10086,-0.37484,-0.33131,-0.30391,-0.35174,-0.067389,-0.27114,-0.43114
0.063048,-0.017583,-0.46844,-0.21807,-0.29677,-0.26815,-0.085851,0.073499,0.13864,0.1285,-0.28708,-0.09457,-0.35651,-0.33676,-0.25585,-0.24687,-0.17864,-0.058348,0.12449,-0.024262,0.010482,-0.27823,0.16942,0.13257,0.30949,0,-0.21464,-0.063263,-0.047733,-0.18307,-0.11002,-0.033164,-0.3648,-0.33533,-0.30182,-0.080297,-0.29927,-0.17793,-0.093906,0.054734,-0.10863,-0.033878,0.0018765,0.12119,-0.24082,0.011695,-0.18652,-0.15632,-0.14408,-0.38481,-0.32834,-0.07238,-0.2481,-0.27444,-0.25267,-0.086653,-0.0019144,-0.18928,-0.12811,-0.20007,-0.13532,-0.26827,0.065822,-0.25706,-0.29838,-0.1178,-0.18192,0.081592,-0.060907,0.0080556,0.0056042,-0.14201,-0.19796,-0.25593,-0.085863,-0.36898,-0.32686,-0.55049,-0.41185,-0.43098,-0.23687,-0.092952,0.066119,-0.046179,-0.033922,0.0021355,0.15064,-0.18391,-0.13913,-0.37291,-0.19992,-0.12012,-0.074042,-0.32114,-0.40866,-0.50057,-0.39423,0.14324,-0.40011,-0.13805,-0.027484,-0.23557,0.24662,-0.19011,-0.24733
-0.22058,0.07463,-0.62605,-0.62807,-0.37753,-0.10493,-0.50163,-0.2248,-0.36321,0.019011,-0.33767,-0.10484,-0.44253,-0.43225,-0.06991,0.1057,-0.050772,-0.1656,-0.068033,-0.24386,0.13838,-0.062429,0.043519,-0.031913,-0.24482,-0.21464,0,0.30718,-0.64907,-0.59943,-0.32768,-0.18427,-0.43716,-0.50983,-0.53503,-0.37295,-0.60483,-0.60212,-0.41252,-0.18377,-0.12374,0.12941,-0.46753,-0.26087,-0.2587,-0.30745,-0.55836,-0.55541,-0.2726,-0.28537,-0.30198,-0.42311,-0.14346,0.023036,-0.34515,-0.073404,-0.38462,-0.55343,-0.58918,-0.22122,0.14456,-0.29245,-0.36093,-0.18232,-0.20105,-0.50541,-0.63604,-0.25303,-0.19816,-0.41101,-0.51737,-0.54779,-0.48024,-0.41128,-0.51408,-0.53724,-0.17333,-0.37859,-0.38514,-0.35832,-0.451,-0.26882,-0.3755,-0.54041,-0.44692,-0.3555,-0.24715,-0.59287,-0.52021,-0.29753,-0.51241,-0.4896,-0.4125,-0.53066,-0.20053,-0.30037,-0.22981,-0.34875,-0.36628,-0.22394,-0.10483,-0.47527,-0.098512,-0.31882,-0.21149
-0.065923,0.01915,-0.55362,-0.43704,-0.44498,-0.28937,-0.3741,-0.22315,-0.34364,-0.035438,-0.43114,-0.19078,-0.33409,-0.398,-0.079147,-0.023465,-0.077321,-0.2563,-0.1231,-0.10121,0.039937,-0.026498,0.021153,-0.0037909,-0.084221,-0.063263,0.30718,0,-0.34621,-0.57122,-0.17449,-0.058765,-0.30837,-0.33809,-0.26887,-0.27294,-0.3574,-0.37017,-0.33147,-0.064255,-0.023927,0.1242,-0.25525,-0.12224,-0.25592,-0.165,-0.35644,-0.34183,-0.13985,-0.27082,-0.31021,-0.19804,-0.11589,0.065051,-0.23879,0.060698,-0.16351,-0.38661,-0.45445,-0.21131,0.060982,-0.24558,-0.2202,0.14311,-0.10329,-0.28632,-0.3792,-0.14141,-0.12212,-0.20328,-0.37373,-0.32706,-0.3586,-0.37997,-0.30536,-0.45261,-0.24098,-0.27969,-0.30594,-0.26958,-0.28869,-0.08381,-0.18149,-0.4103,-0.27253,-0.20932,-0.10486,-0.38828,-0.38816,-0.39085,-0.43101,-0.33008,-0.30173,-0.51654,-0.39901,-0.30941,-0.29223,-0.25957,-0.36766,-0.054203,-0.09069,-0.45842,-0.074074,-0.34376,-0.28529
-0.15806,-0.23825,-0.17822,-0.077277,-0.08767,-0.18903,0.075438,0.049761,-0.14508,-0.49076,-0.2768,-0.42907,-0.029373,-0.044991,-0.78983,-0.81156,-0.3951,-0.57415,-0.34799,-0.20417,-0.44152,-0.45068,-0.3553,-0.2865,-0.16924,-0.047733,-0.64907,-0.34621,0,0.27128,-0.15321,-0.29519,0.021381,0.12222,0.11525,0.13145,0.10523,0.26606,0.013786,-0.12065,-0.23029,-0.3511,-0.0085421,-0.066366,-0.5338,-0.32191,0.13825,0.17958,-0.21388,-0.092927,-0.09958,0.014336,-0.34994,-0.38009,-0.22846,-0.25671,0.038364,-0.034908,0.01486,-0.49921,-0.64369,-0.4404,-0.14165,-0.23256,-0.20989,0.090229,0.24913,-0.24081,-0.31635,0.084903,0.034933,-0.066233,-0.095479,-0.29781,-0.065626,-0.1874,-0.53109,-0.22621,-0.12883,-0.15037,-0.091594,-0.14146,-0.097628,-0.04755,-0.01788,-0.12402,-0.13194,0.071009,0.13288,-0.34941,-0.011031,0.086792,0.006217,-0.05016,-0.48073,-0.24153,-0.32881,-0.12621,-0.10372,-0.26324,-0.34427,-0.24487,-0.20789,-0.1038,-0.25277
-0.35009,-0.15702,-0.1104,0.11589,-0.052826,-0.081226,0.031793,0.19386,-0.096004,-0.52914,-0.07413,-0.25845,-0.086779,-0.015941,-1,-0.78972,-0.46081,-0.53606,-0.3364,-0.33813,-0.51304,-0.64977,-0.39788,-0.31483,-0.29636,-0.18307,-0.59943,-0.57122,0.27128,0,-0.17951,-0.32686,-0.031951,0.12516,-0.12043,0.25706,-0.032785,0.28745,0.0014342,-0.10432,-0.2985,-0.4352,-0.18965,-0.22949,-0.60668,-0.46086,0.03988,0.044069,-0.46304,-0.27067,-0.19051,-0.20739,-0.35158,-0.34505,-0.23745,-0.53957,-0.19708,-0.10021,-0.031963,-0.39215,-0.59761,-0.43725,-0.14532,-0.49585,-0.33663,-0.08175,0.067086,-0.43112,-0.33046,-0.079286,-0.093653,-0.25904,-0.22874,-0.40114,-0.24363,-0.12967,-0.3217,-0.15965,-0.026448,-0.27281,-0.22307,-0.27173,-0.1726,0.10472,0.059194,-0.22888,-0.26733,-0.059801,0.17505,-0.29241,0.01855,-0.066966,-0.055277,-0.040246,-0.26721,-0.20804,-0.26178,-0.16744,0.038692,-0.38421,-0.39778,-0.30087,-0.26964,-0.25562,-0.24296
-0.078812,-0.14354,-0.12651,-0.032172,-0.18265,-0.26875,0.10846,0.05764,-0.14409,-0.065355,-0.0829,0.05021,-0.11934,-0.15336,-0.37115,-0.38201,-0.059138,-0.1544,-0.0078092,0.059119,-0.15897,-0.35289,0.026359,0.10732,0.0028937,-0.11002,-0.32768,-0.17449,-0.15321,-0.17951,0,0.078806,-0.18364,-0.1979,-0.017267,0.075805,-0.17868,-0.15573,-0.052415,-0.0078661,-0.14038,0.016686,-0.13537,-0.18022,0.1014,0.16749,-0.43654,-0.40174,-0.19776,-0.31742,-0.32031,-0.29661,-0.36844,-0.37119,-0.42215,-0.30507,-0.33826,-0.46393,-0.39923,-0.042704,-0.067351,-0.095265,-0.053173,0.062347,-0.091701,-0.39134,-0.32425,-0.21892,-0.20542,-0.065538,-0.27866,-0.093085,-0.11423,-0.27656,-0.11661,-0.16732,-0.17471,-0.18039,-0.15371,-0.27675,-0.28884,-0.12841,-0.030011,0.073998,-0.050463,0.072222,-0.077397,-0.44183,-0.46946,-0.39687,-0.30071,-0.38475,-0.2927,-0.20772,-0.21792,-0.31043,-0.40299,-0.12015,-0.19807,-0.085465,-0.049142,-0.10038,-0.051802,-0.6047,-0.39729
-0.1265,-0.14002,-0.10522,0.078319,-0.57895,-0.40493,-0.31539,-0.20048,-0.10611,-0.053262,-0.29585,-0.10172,-0.26384,-0.27915,-0.092788,-0.1088,-0.0742,-0.019782,-0.048599,0.066056,-0.13151,-0.11412,-0.13249,-0.084214,-0.076847,-0.033164,-0.18427,-0.058765,-0.29519,-0.32686,0.078806,0,-0.25306,-0.251,-0.15845,-0.11562,-0.16669,-0.070434,-0.40013,-0.20954,-0.29076,-0.20117,0.079773,0.13176,0.10255,0.16097,-0.20098,-0.16804,-0.061621,-0.51523,-0.47623,-0.031925,-0.19946,0.030807,-0.024609,0.058076,0.043405,-0.17121,-0.12976,-0.080486,0.078983,-0.0023882,0.10772,-0.078174,0.091455,-0.068552,-0.12511,-0.20134,-0.14063,0.040164,0.022897,-0.0042015,-0.023118,-0.13604,-0.10176,-0.27488,-0.088927,-0.12859,-0.20101,-0.29458,-0.1502,-0.1452,-0.057027,0.13857,-0.02253,-0.053944,-0.092352,-0.15775,-0.2208,-0.3332,-0.33613,-0.12476,-0.065329,-0.30857,-0.2145,-0.19895,-0.15024,0.17262,-0.10882,0.067907,0.14302,0.018777,0.11973,-0.33007,-0.25413
-0.69835,-0.57639,0.19803,-0.026208,-0.098771,0.10705,-0.36046,-0.3344,-0.53056,-0.73325,-0.20408,-0.42486,0.45816,0.35714,-0.56625,-0.70734,-0.25805,-0.29937,-0.57425,-0.2055,-0.39091,-0.20553,-0.56977,-0.27722,-0.3934,-0.3648,-0.43716,-0.30837,0.021381,-0.031951,-0.18364,-0.25306,0,0.9003,0.17841,-0.13982,0.40389,0.14029,-0.3054,-0.44983,-0.57042,-0.48335,-0.43898,-0.44313,-0.51241,-0.52208,-0.11864,-0.10629,-0.098228,0.28142,0.2848,-0.19224,-0.48353,-0.22634,-0.011436,-0.36495,-0.31015,-0.45053,-0.40433,-0.61476,-0.63899,-0.21124,-0.37509,-0.11136,-0.14588,-0.23873,-0.1046,-0.3668,-0.43481,-0.12243,-0.33201,-0.42593,-0.53913,-0.62671,-0.61236,-0.20118,-0.40871,0.43131,0.57416,0.41949,0.29533,-0.15278,-0.070719,-0.069499,0.13481,0.021279,-0.10148,-0.23498,-0.2506,-0.69066,-0.52222,0.075925,0.069657,-0.19151,-0.1895,0.19339,0.10303,-0.063187,0.18813,-0.080051,-0.25386,0.049749,-0.26127,-0.32634,-0.18824
-0.62975,-0.48301,0.15198,0.090134,-0.11321,0.042635,-0.28879,-0.24375,-0.40287,-0.74625,-0.1829,-0.4167,0.35937,0.32205,-0.65875,-0.77971,-0.35903,-0.42088,-0.58693,-0.26886,-0.47177,-0.30597,-0.58985,-0.33683,-0.3737,-0.33533,-0.50983,-0.33809,0.12222,0.12516,-0.1979,-0.251,0.9003,0,0.19252,-0.0097299,0.38348,0.3423,-0.25234,-0.3476,-0.48389,-0.49773,-0.34768,-0.36825,-0.58347,-0.52414,-0.037985,-0.023289,-0.17006,0.13359,0.16964,-0.14022,-0.39234,-0.16919,0.042818,-0.38021,-0.22483,-0.32995,-0.29259,-0.54762,-0.64655,-0.25684,-0.30728,-0.18515,-0.18438,-0.17359,-0.026264,-0.39959,-0.36335,-0.074775,-0.24594,-0.4027,-0.48758,-0.62401,-0.54854,-0.14522,-0.36048,0.3843,0.50693,0.25699,0.23653,-0.19001,-0.085156,-0.0014026,0.19012,-0.031117,-0.14627,-0.16492,-0.13365,-0.65886,-0.39479,0.10012,0.084088,-0.12856,-0.2011,0.14947,0.054772,-0.076095,0.24723,-0.16984,-0.3325,-0.033916,-0.29355,-0.3002,-0.18459
-0.2091,-0.45049,-0.0095467,-0.047114,0.044208,-0.23316,0.020528,-0.30127,-0.28717,-0.41667,-0.038553,-0.24106,0.031193,-0.026486,-0.42847,-0.5313,-0.3906,-0.39997,-0.59328,-0.22473,-0.59405,-0.4165,-0.47198,-0.32607,-0.14377,-0.30182,-0.53503,-0.26887,0.11525,-0.12043,-0.017267,-0.15845,0.17841,0.19252,0,0.073751,0.33571,0.19945,-0.0078345,-0.1901,-0.20543,-0.2774,-0.097046,-0.29389,-0.25597,-0.15481,-0.25879,-0.22267,-0.213,0.012643,-0.045996,-0.24757,-0.19979,-0.29344,-0.16924,-0.34444,-0.16875,-0.31287,-0.29645,-0.24026,-0.50412,-0.19252,-0.30589,-0.13816,-0.26973,-0.25173,-0.15362,-0.069253,-0.083469,-0.12736,-0.17322,-0.19976,-0.2275,-0.37827,-0.28267,0.03758,-0.21808,0.037485,0.025064,0.15405,0.15594,-0.33873,-0.20653,-0.11507,-0.05747,-0.067579,-0.19097,-0.26507,-0.2989,-0.5902,-0.41426,-0.043715,-0.15321,0.12934,-0.24433,0.0019965,-0.15416,-0.10838,-0.081788,-0.29832,-0.36836,-0.054178,-0.25724,-0.40293,-0.49482
-0.12807,0.059466,-0.23142,0.11287,-0.048258,-0.17621,0.18522,0.28895,0.077915,-0.17558,0.081674,0.047342,-0.11881,-0.074029,-0.73266,-0.54421,-0.34171,-0.47946,-0.20298,-0.26649,-0.41558,-0.71309,-0.16758,-0.13782,-0.037814,-0.080297,-0.37295,-0.27294,0.13145,0.25706,0.075805,-0.11562,-0.13982,-0.0097299,0.073751,0,-0.10396,0.26836,0.17294,0.25149,0.026473,-0.046767,-0.077125,-0.094614,-0.35787,-0.12971,-0.24103,-0.18793,-0.53183,-0.31596,-0.25047,-0.32076,-0.18532,-0.18993,-0.24859,-0.39835,-0.14854,-0.27521,-0.21015,-0.17371,-0.3028,-0.42143,-0.17278,-0.38198,-0.37569,-0.30295,-0.18723,-0.26457,-0.11197,-0.10073,-0.13833,-0.28775,-0.19829,-0.50595,-0.24032,-0.057773,-0.077593,-0.20951,-0.11606,-0.31951,-0.25678,-0.38221,-0.16434,0.081156,-0.0059074,-0.13389,-0.19916,-0.30063,-0.12432,-0.49558,-0.14958,-0.2609,-0.19867,0.014784,-0.26884,-0.14483,-0.2672,-0.094797,-0.0062865,-0.48688,-0.38827,-0.37013,-0.11686,-0.36085,-0.37183
-0.49781,-0.6422,0.31824,0.083361,-0.00010109,-0.132,-0.15614,-0.32851,-0.3759,-0.63314,-0.076089,-0.27084,0.14509,0.085806,-0.45852,-0.58539,-0.37276,-0.252,-0.67164,-0.14101,-0.65708,-0.36059,-0.67793,-0.28847,-0.25947,-0.29927,-0.60483,-0.3574,0.10523,-0.032785,-0.17868,-0.16669,0.40389,0.38348,0.33571,-0.10396,0,0.29422,-0.080543,-0.3187,-0.45902,-0.46736,-0.30056,-0.42989,-0.46082,-0.38307,-0.10194,-0.099144,-0.20819,0.013192,-0.016446,-0.2091,-0.29748,-0.25233,-0.01486,-0.46334,-0.2458,-0.28775,-0.30193,-0.39708,-0.68931,-0.16793,-0.38024,-0.12749,-0.26774,-0.16018,-0.030826,-0.17088,-0.33146,-0.18751,-0.24379,-0.29868,-0.36144,-0.4908,-0.40435,0.09033,-0.24014,0.27106,0.35388,0.22853,0.29717,-0.23718,-0.096023,-0.028716,0.13955,-0.024931,-0.10868,-0.15236,-0.15552,-0.67366,-0.48973,0.16155,0.021109,0.0012699,-0.16795,0.13986,0.011878,0.0038604,0.11417,-0.13694,-0.3242,-0.025443,-0.29861,-0.33224,-0.28617
-0.32595,-0.27324,0.053432,0.3129,-0.15119,-0.18359,-0.077195,-0.061595,-0.057899,-0.51717,-0.090975,-0.25578,-0.021444,-0.010248,-0.65623,-0.67936,-0.49462,-0.48995,-0.51694,-0.30696,-0.64513,-0.54426,-0.56335,-0.39908,-0.22076,-0.17793,-0.60212,-0.37017,0.26606,0.28745,-0.15573,-0.070434,0.14029,0.3423,0.19945,0.26836,0.29422,0,-0.07118,-0.11529,-0.28078,-0.41392,-0.032033,-0.10861,-0.4945,-0.31284,0.069822,0.091183,-0.28021,-0.23928,-0.20233,-0.045825,-0.15201,-0.063762,0.0678,-0.33384,0.018512,-0.083134,-0.060755,-0.33396,-0.51038,-0.31411,-0.11567,-0.30481,-0.24038,-0.0083273,0.11579,-0.33144,-0.20034,0.03813,0.04,-0.20283,-0.20299,-0.43615,-0.26862,0.06936,-0.14667,0.058057,0.11376,-0.089288,0.06797,-0.32239,-0.16672,0.11821,0.12248,-0.15404,-0.22758,-0.013022,0.10745,-0.53803,-0.19374,0.14503,0.12665,0.024085,-0.23165,0.018373,-0.040847,0.0021671,0.21364,-0.29795,-0.36821,-0.14251,-0.19223,-0.22833,-0.23974
-0.0074112,-0.11224,-0.25048,-0.14351,0.426,-0.21588,0.55287,0.12703,0.025986,-0.11167,0.29298,0.19036,-0.28018,-0.26175,-0.51544,-0.46114,-0.34858,-0.33537,-0.2387,-0.23662,-0.54788,-0.88362,-0.14024,-0.068444,0.14537,-0.093906,-0.41252,-0.33147,0.013786,0.0014342,-0.052415,-0.40013,-0.3054,-0.25234,-0.0078345,0.17294,-0.080543,-0.07118,0,0.35747,0.16051,0.072538,-0.2673,-0.40522,-0.35013,-0.13285,-0.43287,-0.42273,-0.68015,-0.24196,-0.24782,-0.57034,-0.078692,-0.44002,-0.42106,-0.69949,-0.41148,-0.37877,-0.37209,-0.027117,-0.42675,-0.48361,-0.44694,-0.33819,-0.76336,-0.47211,-0.37849,0.060547,-0.07039,-0.39992,-0.39001,-0.36535,-0.28966,-0.44581,-0.2188,0.17095,-0.041125,-0.39376,-0.23223,-0.29037,-0.266,-0.36049,-0.18059,-0.19324,-0.12425,-0.11381,-0.12601,-0.45376,-0.27114,-0.45977,-0.25922,-0.32533,-0.38019,0.10503,-0.22184,-0.24412,-0.3922,-0.2695,-0.28234,-0.58831,-0.58452,-0.52708,-0.32143,-0.3905,-0.4905
0.14597,0.26952,-0.43481,-0.089307,-0.039078,-0.3493,0.19952,0.22069,0.218,0.13455,0.058221,0.21267,-0.36915,-0.34933,-0.39515,-0.31775,-0.21038,-0.35325,0.0010046,-0.24903,-0.30431,-0.63347,0.095151,-0.0077334,0.26011,0.054734,-0.18377,-0.064255,-0.12065,-0.10432,-0.0078661,-0.20954,-0.44983,-0.3476,-0.1901,0.25149,-0.3187,-0.11529,0.35747,0,0.56765,0.36635,-0.16446,-0.18008,-0.26289,0.01879,-0.45207,-0.39612,-0.64787,-0.39781,-0.35495,-0.4359,0.026915,-0.16002,-0.29039,-0.38181,-0.22623,-0.35589,-0.3571,0.065639,-0.13911,-0.53012,-0.26322,-0.30394,-0.60988,-0.44451,-0.42513,-0.040455,0.05898,-0.30242,-0.32462,-0.37679,-0.28754,-0.47373,-0.18435,-0.043393,0.059005,-0.42601,-0.31863,-0.4265,-0.35797,-0.25473,-0.099245,-0.12371,-0.1164,-0.085585,-0.088062,-0.4827,-0.26978,-0.4354,-0.1777,-0.43328,-0.36204,-0.14156,-0.31347,-0.30272,-0.37793,-0.26559,-0.30923,-0.57014,-0.50662,-0.62451,-0.24206,-0.37509,-0.4169
0.30017,0.2612,-0.53018,-0.23804,-0.10959,-0.49197,0.057147,-0.044745,0.072216,0.13239,-0.050659,0.015479,-0.45108,-0.44625,-0.24911,-0.22801,-0.17976,-0.40162,-0.03794,-0.36865,-0.28674,-0.4781,0.062524,-0.1768,0.15758,-0.10863,-0.12374,-0.023927,-0.23029,-0.2985,-0.14038,-0.29076,-0.57042,-0.48389,-0.20543,0.026473,-0.45902,-0.28078,0.16051,0.56765,0,0.36871,-0.10879,-0.17085,-0.15459,0.067768,-0.47524,-0.40294,-0.61186,-0.34221,-0.34225,-0.44274,0.075937,-0.17205,-0.30938,-0.25323,-0.17054,-0.31677,-0.3341,0.077725,-0.11428,-0.61624,-0.32945,-0.30746,-0.57387,-0.42748,-0.44962,-0.032298,0.10799,-0.38544,-0.32882,-0.30891,-0.20571,-0.31017,-0.10335,-0.12521,0.0060654,-0.49981,-0.46617,-0.39153,-0.3843,-0.27809,-0.227,-0.28758,-0.32727,-0.19597,-0.225,-0.45955,-0.314,-0.26009,-0.11826,-0.47227,-0.42025,-0.15697,-0.37558,-0.29139,-0.35565,-0.42352,-0.42899,-0.64684,-0.57572,-0.66583,-0.34923,-0.26846,-0.43635
0.089648,0.19061,-0.5041,-0.37899,-0.11045,-0.24094,-0.010716,0.058304,-0.057779,0.30363,-0.095069,0.21704,-0.40236,-0.39416,-0.21095,-0.1341,-0.011455,-0.16993,0.098537,-0.13247,-0.013622,-0.33426,0.28923,0.20071,0.14326,-0.033878,0.12941,0.1242,-0.3511,-0.4352,0.016686,-0.20117,-0.48335,-0.49773,-0.2774,-0.046767,-0.46736,-0.41392,0.072538,0.36635,0.36871,0,-0.32363,-0.23912,-0.10349,0.025228,-0.72081,-0.63388,-0.41773,-0.27914,-0.29676,-0.49882,-0.086729,-0.18206,-0.4107,-0.25134,-0.38803,-0.62088,-0.62909,0.049218,0.096749,-0.4096,-0.36882,-0.15858,-0.41207,-0.67527,-0.67773,-0.036816,-0.035489,-0.43954,-0.49854,-0.44691,-0.3436,-0.44683,-0.29254,-0.23899,-0.064641,-0.48423,-0.41077,-0.3967,-0.46056,-0.26082,-0.18277,-0.3043,-0.29398,-0.10151,-0.10407,-0.73785,-0.61454,-0.43338,-0.39448,-0.56685,-0.48479,-0.24684,-0.22349,-0.31299,-0.36897,-0.27875,-0.39302,-0.41721,-0.28866,-0.52668,-0.14901,-0.35794,-0.2909
