,,,,,,,,,,,,,,,,,,,,,,,,,,,,,,,,,,,,,,,,,,,,,,,,,,,,,,,,,,,,,,,,,,,,,,,,,,,,,,,,,,,,,,,,,,,,,,,,,,,,,,,,
0,0.58352,0.34154,0.18728,0.41495,0.15595,0.40405,0.29211,0.22026,0.082144,0.10992,0.096251,-0.24749,-0.27218,0.0067067,-0.22726,-0.038201,-0.18251,-0.25799,0.055304,-0.17852,-0.28643,0.056323,-0.096418,0.03087,0.21173,0.07514,-0.074252,0.097951,0.22909,-0.013379,0.13223,-0.14565,-0.2662,-0.040122,0.080626,0.1012,0.10997,0.39352,0.32582,0.085952,0.20095,-0.042161,0.098422,0.13078,0.11762,-0.39883,-0.49878,0.20075,-0.089468,-0.14762,0.02623,0.063384,-0.0053542,-0.079849,-0.208,-0.082131,-0.38995,-0.40257,0.18532,0.014128,-0.26926,-0.13488,-0.22992,0.030183,-0.29227,-0.38526,-0.23262,0.11955,-0.27864,-0.067573,-0.14287,-0.28638,-0.0090439,-0.35982,0.16811,0.05769,-0.098283,-0.15259,0.055346,-0.025127,0.16258,0.089011,-0.22096,-0.2912,-0.2221,-0.24616,-0.50978,-0.52213,-0.037466,-0.020772,-0.35886,-0.30584,-0.011853,-0.18305,-0.17691,-0.18103,-0.24462,-0.15277,-0.25749,-0.26768,-0.22234,-0.24164,-0.1337,-0.3221
0.58352,0,-0.010376,-0.093394,0.17476,0.24971,0.086639,0.3458,0.18836,0.084884,0.19578,0.20861,0.066422,-0.0021708,-0.22727,-0.21696,-0.16093,-0.23521,-0.10161,0.10605,-0.15813,-0.17124,0.043229,0.11955,0.16608,0.24259,-0.035392,-0.022943,0.0041474,0.22889,-0.0097167,0.24251,0.14301,0.058987,-0.06036,0.23019,0.14529,0.12039,0.20697,0.38722,0.021105,0.35636,-0.1865,0.122,0.19032,0.22567,-0.38344,-0.48265,0.23367,0.090654,0.069196,-0.1519,-0.13967,-0.02279,-0.12436,-0.27179,-0.19965,-0.42076,-0.43487,-0.087318,-0.0026008,-0.49528,-0.36774,-0.45098,-0.26368,-0.4078,-0.44774,-0.2891,-0.12216,-0.54369,-0.29571,-0.22396,-0.34048,0.088248,-0.29808,0.081666,0.024434,0.16352,0.030801,0.064299,-0.056691,-0.11933,-0.21009,-0.1168,-0.32185,-0.095898,-0.093429,-0.42142,-0.53422,0.0050491,0.037445,-0.31158,-0.1865,-0.0050976,0.051829,0.054402,0.019309,-0.1825,-0.031557,-0.2629,-0.28572,-0.16971,-0.096876,-0.2647,-0.17346
0.34154,-0.010376,0,0.69123,0.29864,-0.070167,0.3413,-0.066963,-0.064292,-0.21718,-0.12684,-0.10125,-0.41649,-0.35471,0.22076,-0.098616,0.13177,-0.11118,-0.31632,0.019392,-0.18238,-0.32605,0.065589,-0.31021,-0.13766,-0.045345,-0.060617,-0.15921,-0.065693,-0.11128,0.017901,-0.070472,-0.3301,-0.51502,-0.19044,-0.26145,-0.14824,-0.096258,0.072788,-0.010688,-0.037528,-0.092132,0.048153,-0.1031,0.022506,-0.11762,-0.19565,-0.2405,0.1786,-0.18721,-0.31079,0.19531,0.12157,-0.054402,-0.1401,-0.24026,-0.066928,-0.29257,-0.36449,0.44141,0.10133,-0.10197,-0.0046121,0.0039394,0.33019,-0.045067,-0.12081,-0.38544,0.024968,-0.030905,0.28553,0.045365,-0.088768,-0.23178,-0.29674,0.0079273,-0.043368,-0.27973,-0.26342,-0.090925,-0.065929,0.54482,0.52533,-0.20053,-0.16304,-0.27934,-0.25693,-0.33105,-0.2804,-0.11729,-0.25255,-0.21463,-0.26474,-0.12013,-0.43091,-0.33571,-0.32943,-0.17041,-0.11752,-0.24481,-0.19933,-0.26688,-0.29763,0.07643,-0.38204
0.18728,-0.093394,0.69123,0,0.029441,-0.30414,0.2703,0.0095017,0.0077192,-0.18582,0.063613,0.049492,-0.3683,-0.22269,-0.053591,-0.20652,-0.056525,-0.29643,-0.18567,0.13543,-0.4029,-0.62011,-0.084135,-0.44534,-0.070361,-0.056185,-0.3051,-0.37309,-0.1337,-0.11497,0.039498,-0.083247,-0.38965,-0.48875,-0.098172,-0.2083,-0.045296,0.058224,0.096889,0.039727,-0.28721,-0.31213,-0.0008392,-0.36978,0.036446,-0.1475,-0.19796,-0.25038,0.00057565,-0.056095,-0.20898,0.071706,-0.065215,-0.25974,-0.18547,-0.53613,-0.28064,-0.51049,-0.59854,0.45483,0.064771,-0.24148,-0.11504,-0.16776,0.14902,-0.090536,-0.14241,-0.30409,-0.018344,-0.032278,0.20728,0.053015,-0.083268,-0.22873,-0.31351,0.22968,0.25265,-0.20535,-0.087228,0.022589,0.13899,0.29967,0.31229,-0.12523,0.02055,-0.10781,-0.10317,-0.3564,-0.37376,-0.088643,-0.22939,-0.11947,-0.17587,0.0016229,-0.29512,-0.12539,-0.15543,0.012963,-0.057586,-0.47044,-0.34341,-0.41033,-0.40743,-0.039144,-0.34535
0.41495,0.17476,0.29864,0.029441,0,0.38463,0.48171,-0.058869,0.10577,-0.1804,-0.2904,-0.13556,-0.30864,-0.30824,0.28657,0.054756,0.3731,0.12152,-0.36695,0.032195,0.10091,0.079114,0.096882,-0.040358,-0.070091,-0.083525,0.23883,0.10197,-0.030364,-0.14085,0.004092,-0.028124,-0.16671,-0.33284,-0.27352,-0.27306,-0.24466,-0.29967,-0.00080452,-0.066595,0.39603,0.20481,0.093727,0.32426,0.15065,0.12351,-0.12976,-0.22811,0.3284,-0.24679,-0.27693,0.13868,0.38356,0.21986,-0.057835,0.10482,0.28531,-0.016257,-0.10525,0.15961,0.057905,-0.067025,0.0025592,0.10458,0.1522,-0.035704,-0.14787,-0.435,0.046967,-0.095773,0.058605,0.02028,-0.145,0.0080938,-0.20178,-0.097964,-0.25694,-0.23348,-0.31088,-0.21267,-0.22004,0.24092,0.23593,-0.28013,-0.44985,-0.39563,-0.30437,-0.17192,-0.1185,-0.023955,-0.072095,-0.13558,-0.15575,-0.046059,-0.21051,-0.38908,-0.30845,-0.33552,-0.061643,0.13724,0.05864,-0.16166,-0.16692,-0.063079,-0.31847
0.15595,0.24971,-0.070167,-0.30414,0.38463,0,0.083795,0.010167,-0.1325,-0.13807,-0.34121,-0.21838,-0.15447,-0.24662,0.081798,-0.011978,0.2053,0.11577,-0.43241,-0.10149,0.34401,0.3215,0.18357,0.30409,-0.1289,-0.1185,0.24351,0.13967,-0.007102,-0.054222,-0.089649,-0.015577,0.08435,-0.037688,-0.29708,-0.064695,-0.21969,-0.27437,-0.081853,-0.078691,0.49905,0.59878,-0.10904,0.70919,-0.094011,-0.0085723,-0.18263,-0.25142,0.21567,-0.30928,-0.17973,-0.04359,0.19349,0.40396,-0.036987,0.27283,0.31603,0.12895,0.074502,-0.18328,0.021119,-0.20067,-0.14905,-0.076332,-0.024899,-0.13668,-0.19969,-0.5405,-0.19824,-0.364,-0.11417,-0.21568,-0.27695,-0.12978,-0.21945,-0.36869,-0.40245,-0.088407,-0.25931,-0.25163,-0.38934,-0.019808,-0.10063,-0.3081,-0.61082,-0.42421,-0.39711,-0.14099,-0.035704,-0.12536,-0.15525,-0.13029,-0.082262,-0.098984,-0.1385,-0.2186,-0.17693,-0.39662,-0.095183,0.17543,0.079634,0.0029268,0.087291,-0.05839,-0.1241
0.40405,0.086639,0.3413,0.2703,0.48171,0.083795,0,0.22211,0.13313,-0.098582,-0.085779,0.012082,-0.40542,-0.3612,0.006561,-0.18426,0.11074,-0.11448,-0.27833,0.04522,-0.13931,-0.261,0.01831,-0.25429,0.041433,0.003121,-0.034768,-0.17486,-0.03447,-0.069106,0.020668,-0.016222,-0.29103,-0.43571,-0.030676,-0.076464,-0.054229,-0.012165,0.34268,0.12413,0.14101,0.0080591,0.16253,0.056525,-0.010708,-0.14317,-0.18128,-0.32786,0.04463,-0.18671,-0.255,0.00045081,0.096078,-0.088407,-0.15736,-0.21757,0.10346,-0.26446,-0.36477,0.10149,-0.13848,-0.12131,0.0041197,-0.057933,0.098485,-0.11791,-0.2226,-0.39704,0.0423,-0.0349,0.14017,-0.048327,-0.23778,-0.14022,-0.31544,0.097881,-0.0017131,-0.27305,-0.24247,-0.064313,-0.031023,0.20974,0.21791,-0.29362,-0.26805,-0.26409,-0.26114,-0.32306,-0.29791,0.00037452,-0.15466,-0.20712,-0.31109,-0.027395,-0.21997,-0.29484,-0.3194,-0.32727,-0.19889,-0.19419,-0.20418,-0.29423,-0.32374,-0.20232,-0.46925
0.29211,0.3458,-0.066963,0.0095017,-0.058869,0.010167,0.22211,0,0.12476,0.25651,0.42977,0.32658,-0.017914,-0.10163,-0.46684,-0.51308,-0.26653,-0.42112,0.051462,-0.0091688,-0.30984,-0.45134,0.0387,-0.0019489,0.26967,0.38,-0.18616,-0.23387,0.15511,0.40691,-0.013386,0.1578,0.072254,0.0091618,0.21408,0.51514,0.47223,0.54225,0.67583,0.77619,-0.090592,0.17831,-0.22262,-0.062822,-0.18197,-0.19163,-0.53102,-0.59664,-0.16809,0.10745,0.099906,-0.42258,-0.26437,-0.23777,-0.063744,-0.45234,-0.28147,-0.56179,-0.53811,-0.14188,-0.23849,-0.55873,-0.35143,-0.64981,-0.34533,-0.55447,-0.54137,-0.2572,-0.052238,-0.46551,-0.15821,-0.40007,-0.50215,-0.25057,-0.51603,0.2206,0.27968,0.17423,0.1478,0.33452,0.1,-0.18884,-0.33003,-0.11001,-0.13503,0.072754,-0.10616,-0.59435,-0.61581,-0.19007,-0.24291,-0.28294,-0.24296,-0.065804,-0.062018,0.034373,-0.10557,-0.16793,-0.24391,-0.54148,-0.53298,-0.21368,-0.19227,-0.27053,-0.18316
0.22026,0.18836,-0.064292,0.0077192,0.10577,-0.1325,0.13313,0.12476,0,0.29646,0.17684,0.1431,-0.18087,-0.084197,-0.27573,-0.29898,-0.20563,-0.32267,-0.018129,0.09424,-0.31674,-0.36265,-0.13686,-0.15293,0.11567,0.12665,-0.049326,-0.14053,-0.0043139,0.090849,0.003655,0.095967,-0.24243,-0.23182,-0.16729,-0.13603,0.079759,0.086438,0.076367,0.095072,-0.14531,-0.1709,-0.094094,-0.17345,0.21547,0.25259,-0.20014,-0.23374,0.047245,-0.024746,-0.10513,-0.1862,-0.19031,-0.23281,-0.22808,-0.41487,-0.27559,-0.46556,-0.49367,0.023061,-0.13318,-0.36459,-0.25456,-0.28091,-0.14389,-0.23924,-0.22383,-0.13101,0.14212,-0.12553,-0.052433,-0.018712,-0.10742,0.32714,-0.11682,0.25895,0.17136,-0.027284,-0.004841,0.015182,0.022631,-0.12138,-0.17284,-0.088511,-0.17857,-0.077088,-0.023768,-0.22086,-0.37435,0.07815,0.21799,-0.21392,-0.11364,-0.010036,-0.050324,-0.049034,-0.11461,-0.11654,-0.03981,-0.28353,-0.23366,-0.46588,-0.28995,-0.46553,-0.31731
0.082144,0.084884,-0.21718,-0.18582,-0.1804,-0.13807,-0.098582,0.25651,0.29646,0,0.16468,-0.010278,-0.23973,-0.3101,-0.42638,-0.68728,-0.43615,-0.60906,-0.094254,-0.25979,-0.37522,-0.44772,-0.1704,-0.099407,-0.056462,0.36431,-0.067254,-0.28991,0.24718,0.6121,-0.055755,0.15442,-0.18439,-0.22374,0.044346,0.12981,0.25578,0.25713,0.1548,0.14784,-0.2017,-0.059216,-0.16619,-0.050387,-0.21177,-0.13838,-0.41574,-0.31904,-0.22395,-0.16477,-0.13868,-0.45001,-0.4266,-0.36643,-0.23456,-0.37387,-0.31792,-0.47888,-0.36458,-0.2303,-0.42853,-0.45621,-0.31872,-0.39829,-0.19554,-0.39247,-0.30677,0.053764,0.059874,-0.19698,-0.077588,-0.25624,-0.21492,-0.13522,-0.29594,-0.03139,0.069362,-0.073239,-0.10693,0.17043,-0.068128,-0.2767,-0.37738,-0.1795,-0.18951,-0.040212,-0.23153,-0.46144,-0.46111,-0.21788,-0.094996,-0.45263,-0.30988,-0.18507,-0.28601,-0.14522,-0.33493,-0.27274,-0.4078,-0.39232,-0.41686,-0.4484,-0.31135,-0.36588,-0.28092
0.10992,0.19578,-0.12684,0.063613,-0.2904,-0.34121,-0.085779,0.42977,0.17684,0.16468,0,0.55855,0.10798,0.10543,-0.66072,-0.5622,-0.46232,-0.56222,0.31104,0.11247,-0.67243,-0.77749,-0.20521,-0.22359,0.34667,0.44483,-0.42967,-0.36717,-0.023151,0.18836,0.054798,0.21254,0.034615,0.011208,0.18742,0.21484,0.73042,0.65842,0.28351,0.65711,-0.49511,-0.16635,-0.25313,-0.37597,-0.0029407,-0.0043347,-0.44786,-0.42875,-0.26423,0.32775,0.13904,-0.45581,-0.43093,-0.48239,-0.15704,-0.81752,-0.5715,-0.79408,-0.69204,-0.060887,-0.17989,-0.81384,-0.62382,-0.82036,-0.46408,-0.50935,-0.41952,-0.10213,-0.16258,-0.42155,-0.25815,-0.24025,-0.27345,-0.0834,-0.28752,0.57513,0.69699,0.3352,0.39467,0.56244,0.34034,-0.32633,-0.45116,0.073766,0.049506,0.40896,0.22969,-0.46635,-0.66141,-0.089635,-0.073142,-0.2388,-0.17765,-0.066463,-0.011187,0.089427,-0.0059854,0.048119,-0.21264,-1,-0.84343,-0.36615,-0.34855,-0.3703,-0.19075
0.096251,0.20861,-0.10125,0.049492,-0.13556,-0.21838,0.012082,0.32658,0.1431,-0.010278,0.55855,0,0.16998,0.27115,-0.54269,-0.43855,-0.4039,-0.53915,0.40579,0.17412,-0.58998,-0.54766,-0.21801,-0.22579,0.27296,0.24483,-0.51058,-0.32939,-0.26535,-0.047071,0.076353,0.15764,0.088997,0.025516,0.28131,0.14833,0.27255,0.22095,0.12819,0.51528,-0.44051,-0.10502,-0.10371,-0.25831,0.070097,0.041162,-0.25038,-0.26882,-0.23897,0.55294,0.41844,-0.53372,-0.31874,-0.40311,-0.029788,-0.69757,-0.4016,-0.5975,-0.5714,0.011811,-0.16793,-0.64422,-0.4566,-0.62468,-0.48451,-0.3155,-0.27876,-0.14674,-0.22258,-0.373,-0.2228,-0.092832,-0.16853,-0.04463,-0.19808,0.58727,0.52367,0.42408,0.59233,0.52727,0.62083,-0.42552,-0.44393,0.41469,0.24063,0.57534,0.47187,-0.28242,-0.50281,0.087055,-0.022547,-0.22512,-0.17664,0.019073,0.16964,0.0829,0.017207,-0.13187,-0.1493,-0.63004,-0.66122,-0.25909,-0.28988,-0.44335,-0.29496
-0.24749,0.066422,-0.41649,-0.3683,-0.30864,-0.15447,-0.40542,-0.017914,-0.18087,-0.23973,0.10798,0.16998,0,0.74859,-0.51218,-0.16092,-0.20799,-0.26612,0.40381,-0.0571,-0.20015,-0.12759,0.0010681,0.17816,0.14746,-0.053834,-0.32899,0.0026494,-0.22607,-0.17574,-0.17799,-0.11249,0.68117,0.84173,-0.20469,-0.071894,0.016097,-0.10802,-0.23693,0.053993,-0.26948,0.041364,-0.53381,-0.24467,-0.12148,-0.026986,-0.32926,-0.30838,-0.18674,0.54746,0.5202,-0.56192,-0.31978,-0.20845,-0.020411,-0.36294,-0.4907,-0.33755,-0.31775,-0.31584,-0.097833,-0.71556,-0.66358,-0.67825,-0.85809,-0.51164,-0.40198,-0.44188,-0.44797,-0.79596,-0.53923,-0.35794,-0.37585,-0.17118,-0.2669,-0.02888,-0.10317,0.65683,0.45174,0.0027326,-0.11504,-0.49627,-0.66172,0.083025,-0.15719,0.18413,0.23359,-0.19241,-0.27559,-0.25517,-0.2444,-0.080792,0.048431,-0.25995,0.084412,0.11426,0.12795,0.082325,0.058494,-0.34025,-0.3973,0.011104,0.097111,-0.29292,0.069765
-0.27218,-0.0021708,-0.35471,-0.22269,-0.30824,-0.24662,-0.3612,-0.10163,-0.084197,-0.3101,0.10543,0.27115,0.74859,0,-0.47755,-0.12397,-0.23551,-0.30513,0.37386,0.057246,-0.26942,-0.2158,-0.08675,-0.01032,0.090238,-0.17987,-0.46508,-0.11921,-0.40464,-0.32902,-0.12928,-0.13606,0.31055,0.48642,-0.25319,-0.19467,-0.084711,-0.14108,-0.32815,-0.04015,-0.3949,-0.16905,-0.41463,-0.37916,0.01478,0.070923,-0.1357,-0.14848,-0.14768,0.60204,0.59309,-0.45646,-0.31326,-0.25948,-0.072088,-0.49003,-0.50955,-0.37914,-0.4056,-0.21045,-0.020196,-0.63164,-0.5772,-0.54174,-0.66955,-0.30251,-0.22615,-0.45885,-0.45836,-0.57315,-0.41243,-0.14984,-0.19167,-0.025204,-0.1107,0.061102,-0.0017547,0.55793,0.60031,-0.041551,0.0089885,-0.47169,-0.53236,0.19877,-0.028477,0.21962,0.42951,-0.037376,-0.20747,-0.064209,-0.092361,-0.0084683,0.13024,-0.15445,0.17775,0.26605,0.29483,0.15289,0.23001,-0.34201,-0.34642,-0.094746,0.038229,-0.38311,-0.031723
0.0067067,-0.22727,0.22076,-0.053591,0.28657,0.081798,0.006561,-0.46684,-0.27573,-0.42638,-0.66072,-0.54269,-0.51218,-0.47755,0,0.18944,0.35397,0.19004,-0.65865,-0.33328,0.30194,0.14453,0.12926,-0.15314,-0.59309,-0.47038,0.28762,0.15885,-0.19216,-0.3499,-0.35904,-0.46908,-0.45136,-0.49082,-0.57841,-0.52386,-0.63953,-0.61567,-0.26968,-0.47594,0.24104,-0.057371,-0.10779,0.074592,-0.20135,-0.15374,-0.13589,-0.16623,0.075056,-0.51442,-0.44842,0.29625,0.48656,0.31935,-0.02881,0.32012,0.12314,0.15026,0.093512,0.14452,0.12519,0.4028,0.34323,0.49287,0.44168,0.054916,-0.074758,-0.43763,0.012858,-0.067608,0.064556,-0.072781,-0.12827,-0.25211,-0.2369,-0.40117,-0.54998,-0.55733,-0.61754,-0.63104,-0.57898,0.39251,0.48504,-0.40073,-0.51039,-0.81968,-0.62162,-0.15577,0.035489,-0.27567,-0.25936,-0.26735,-0.28791,-0.30186,-0.52735,-0.50854,-0.33903,-0.35647,-0.11251,0.29448,0.24838,0.022117,0.0051531,0.10419,-0.32035
-0.22726,-0.21696,-0.098616,-0.20652,0.054756,-0.011978,-0.18426,-0.51308,-0.29898,-0.68728,-0.5622,-0.43855,-0.16092,-0.12397,0.18944,0,0.30884,0.35657,-0.42241,0.012782,0.24274,0.28431,-0.001179,0.017921,-0.28216,-0.66778,0.074508,0.25888,-0.36147,-0.54275,-0.40306,-0.5325,-0.17523,-0.15482,-0.68485,-0.47408,-0.55556,-0.62015,-0.44623,-0.47879,0.10937,-0.094136,-0.30284,-0.14979,-0.060894,-0.077012,-0.04135,-0.14241,0.16128,-0.29866,-0.33122,0.26207,0.2594,0.3167,-0.13134,0.10007,-0.029053,0.18105,0.0053612,-0.016652,0.35584,-0.036349,-0.028352,0.0095502,-0.050525,-0.063703,-0.15572,-0.55024,-0.25577,-0.31945,-0.30854,-0.2141,-0.26877,-0.12386,-0.204,-0.34904,-0.46947,-0.2858,-0.30337,-0.65107,-0.47426,0.10808,0.082408,-0.33107,-0.45337,-0.61513,-0.29855,0.063106,0.12127,-0.20407,-0.21066,0.13829,0.050456,-0.014953,-0.038818,-0.19248,0.020474,-0.10158,0.25693,0.19716,0.28554,-0.091743,-0.024767,-0.10183,-0.078906
-0.038201,-0.16093,0.13177,-0.056525,0.3731,0.2053,0.11074,-0.26653,-0.20563,-0.43615,-0.46232,-0.4039,-0.20799,-0.23551,0.35397,0.30884,0,0.45954,-0.40216,-0.062156,0.36642,0.22445,0.29276,0.083171,-0.14311,-0.31834,0.23396,0.20814,-0.022617,-0.32591,-0.1079,-0.27345,-0.12437,-0.20377,-0.55181,-0.47869,-0.38254,-0.46741,-0.20282,-0.30676,0.39721,0.086555,-0.1327,0.11992,-0.089316,-0.10118,-0.13881,-0.19763,0.15952,-0.29387,-0.32689,0.16694,0.45157,0.31224,-0.062406,0.21263,0.21291,0.17703,0.064237,0.052939,0.22813,-0.065021,-0.059965,0.1459,0.12755,-0.044554,-0.11316,-0.80997,-0.14359,-0.16918,0.049242,-0.11133,-0.22165,-0.26413,-0.27043,-0.30284,-0.43772,-0.26102,-0.35371,-0.42556,-0.50944,0.35224,0.24283,-0.47376,-0.6818,-0.53666,-0.39001,-0.088289,0.15346,-0.31632,-0.36197,0.13845,0.08023,-0.23114,-0.37459,-0.3842,-0.22537,-0.1136,0.051378,0.18254,0.20808,-0.011957,0.04875,0.10692,-0.1134
-0.18251,-0.23521,-0.11118,-0.29643,0.12152,0.11577,-0.11448,-0.42112,-0.32267,-0.60906,-0.56222,-0.53915,-0.26612,-0.30513,0.19004,0.35657,0.45954,0,-0.48363,-0.088511,0.32815,0.33431,0.054964,0.065305,-0.1675,-0.46266,0.20736,0.224,-0.15863,-0.46128,-0.25746,-0.35333,-0.18683,-0.1733,-0.59985,-0.46308,-0.48519,-0.556,-0.31358,-0.4135,0.30645,-0.0094393,-0.26517,-0.023303,-0.13924,-0.11996,-0.17437,-0.27297,0.082838,-0.42813,-0.45247,0.18106,0.27933,0.31919,-0.18678,0.33687,0.23196,0.27419,0.14758,-0.1296,0.1778,0.013656,-0.050421,0.028928,-0.0072338,-0.11513,-0.20882,-0.59815,-0.17115,-0.21197,-0.15482,-0.28119,-0.34128,-0.14975,-0.19623,-0.43799,-0.60624,-0.33592,-0.4656,-0.55971,-0.58419,0.12097,0.053737,-0.49274,-0.66406,-0.64053,-0.40888,-0.051129,0.084648,-0.27898,-0.25678,0.068121,0.02562,-0.29785,-0.29597,-0.4051,-0.19769,-0.24065,-0.019954,0.19655,0.32542,0.10627,0.075022,-0.015924,-0.081617
-0.25799,-0.10161,-0.31632,-0.18567,-0.36695,-0.43241,-0.27833,0.051462,-0.018129,-0.094254,0.31104,0.40579,0.40381,0.37386,-0.65865,-0.42241,-0.40216,-0.48363,0,-0.12317,-0.48699,-0.41077,-0.14737,-0.1251,0.25754,0.13515,-0.47209,-0.16793,-0.25024,-0.15629,-0.064514,-0.043694,0.17419,0.19292,0.0013455,-0.072039,0.14509,0.083032,-0.077997,0.19958,-0.46492,-0.19056,-0.39388,-0.44043,-0.15512,-0.1147,-0.36785,-0.26027,-0.369,0.5229,0.35246,-0.8295,-0.43963,-0.44873,0.0051254,-0.64288,-0.62417,-0.58367,-0.5229,-0.20186,-0.29514,-0.59419,-0.53062,-0.73121,-0.78612,-0.53326,-0.37444,-0.21959,-0.22194,-0.46796,-0.27758,-0.27494,-0.28925,-0.16801,-0.2676,0.21791,0.1587,0.44967,0.50806,0.2351,0.14698,-0.55377,-0.66809,0.36106,0.18023,0.52845,0.37464,-0.26763,-0.43772,-0.23483,-0.26069,-0.19341,-0.1278,-0.30177,0.0094462,-0.054929,-0.12083,-0.0071991,-0.13092,-0.56887,-0.61029,-0.13031,-0.14704,-0.41146,-0.10869
0.055304,0.10605,0.019392,0.13543,0.032195,-0.10149,0.04522,-0.0091688,0.09424,-0.25979,0.11247,0.17412,-0.0571,0.057246,-0.33328,0.012782,-0.062156,-0.088511,-0.12317,0,-0.39411,-0.34868,-0.27167,-0.18279,0.24351,-0.07025,-0.32384,-0.2736,-0.19662,-0.19488,0.13849,0.083948,-0.059528,-0.14436,-0.078427,-0.11031,0.016111,-0.056226,-0.093491,0.070215,-0.26696,-0.1702,-0.018636,-0.23754,0.3976,0.1523,-0.052724,-0.20543,0.083684,0.081354,-0.10373,0.021188,-0.13054,-0.1943,-0.31727,-0.4429,-0.14151,-0.27431,-0.38828,0.13468,0.22212,-0.5964,-0.44141,-0.38826,-0.19237,-0.084149,-0.14041,-0.27968,-0.28777,-0.21305,-0.21781,0.0046468,-0.097035,0.068329,-0.099511,0.22101,0.21866,0.06448,0.1129,0.070763,0.21459,-0.070541,-0.10063,-0.063294,-0.13153,0.021653,0.22124,-0.086895,-0.22935,0.14425,0.027236,0.23393,0.17398,0.35632,0.19109,0.084114,0.16391,0.038964,0.093498,-0.39232,-0.23933,-0.45532,-0.39016,-0.25386,-0.18325
-0.17852,-0.15813,-0.18238,-0.4029,0.10091,0.34401,-0.13931,-0.30984,-0.31674,-0.37522,-0.67243,-0.58998,-0.20015,-0.26942,0.30194,0.24274,0.36642,0.32815,-0.48699,-0.39411,0,0.68194,0.4154,0.34662,-0.37586,-0.51033,0.43029,0.45351,-0.12191,-0.28769,-0.44484,-0.47413,-0.10472,-0.039331,-0.78256,-0.35887,-0.53931,-0.51351,-0.29491,-0.43451,0.62999,0.21379,-0.42593,0.15208,-0.35409,-0.21297,-0.24547,-0.26802,0.11047,-0.46784,-0.29275,0.017991,0.29085,0.64774,0.030308,0.48719,0.08521,0.21251,0.12191,-0.26268,0.051101,0.11669,0.072511,0.058661,-0.018109,-0.22443,-0.27379,-0.75081,-0.11853,-0.41397,-0.14253,-0.3987,-0.43825,-0.26618,-0.34391,-0.62375,-0.75231,-0.28463,-0.42717,-0.72723,-0.89962,0.083199,-0.022062,-0.4828,-0.72773,-0.82905,-0.68273,-0.11373,0.09338,-0.42042,-0.36232,-0.10866,-0.064438,-0.34692,-0.30819,-0.2594,-0.16597,-0.25686,0.066123,0.48004,0.41814,0.2294,0.41289,-0.0073655,-0.0034816
-0.28643,-0.17124,-0.32605,-0.62011,0.079114,0.3215,-0.261,-0.45134,-0.36265,-0.44772,-0.77749,-0.54766,-0.12759,-0.2158,0.14453,0.28431,0.22445,0.33431,-0.41077,-0.34868,0.68194,0,0.096869,0.29217,-0.31541,-0.49027,0.24249,0.38594,-0.27338,-0.41997,-0.36239,-0.37624,-0.029261,-0.020925,-0.64883,-0.40361,-0.62074,-0.70959,-0.47127,-0.49787,0.41929,0.19216,-0.31212,0.22809,-0.23849,-0.13037,-0.12616,-0.13778,0.084641,-0.41846,-0.27816,-0.088296,0.13503,0.41176,-0.06896,0.49808,0.16698,0.33128,0.23223,-0.37384,-0.05572,0.032063,-0.047085,0.045483,-0.1672,-0.15518,-0.19077,-0.5781,-0.26903,-0.37188,-0.27136,-0.30848,-0.32471,-0.16118,-0.18701,-0.70416,-0.91178,-0.26163,-0.42559,-0.67252,-0.76202,-0.14774,-0.1725,-0.36726,-0.65967,-0.62927,-0.47904,0.027451,0.15354,-0.30006,-0.26506,-0.10554,-0.067989,-0.32285,-0.17993,-0.33685,-0.22632,-0.38527,-0.0073378,0.65884,0.42507,0.16882,0.24506,-0.14333,-0.056164
0.056323,0.043229,0.065589,-0.084135,0.096882,0.18357,0.01831,0.0387,-0.13686,-0.1704,-0.20521,-0.21801,0.0010681,-0.08675,0.12926,-0.001179,0.29276,0.054964,-0.14737,-0.27167,0.4154,0.096869,0,0.37933,-0.1255,-0.15901,0.29258,0.42498,0.081895,-0.021757,-0.29639,-0.29675,0.042536,0.079266,-0.47809,-0.14091,-0.18367,-0.14314,0.046135,-0.039477,0.37546,0.33133,-0.48081,0.019295,-0.33093,-0.22638,-0.4493,-0.44815,0.084745,-0.10616,-0.026965,-0.14572,0.15681,0.30374,0.14802,0.025772,-0.16897,-0.14828,-0.18347,-0.058141,0.1111,-0.11157,-0.031453,-0.19756,-0.086417,-0.41633,-0.41615,-0.79829,0.011527,-0.53191,0.0048271,-0.43172,-0.51964,-0.36337,-0.53463,-0.23612,-0.31673,-0.014398,-0.13028,-0.31313,-0.50733,0.20109,-0.023123,-0.26494,-0.4579,-0.42788,-0.41574,-0.35533,-0.18459,-0.47754,-0.47676,-0.19257,-0.10729,-0.40879,-0.37633,-0.15204,-0.13208,-0.088123,0.074044,-0.015223,-0.0017894,0.24643,0.45323,0.016139,-0.032257
-0.096418,0.11955,-0.31021,-0.44534,-0.040358,0.30409,-0.25429,-0.0019489,-0.15293,-0.099407,-0.22359,-0.22579,0.17816,-0.01032,-0.15314,0.017921,0.083171,0.065305,-0.1251,-0.18279,0.34662,0.29217,0.37933,0,-0.046919,-0.13775,0.24872,0.41962,0.090113,0.060859,-0.27843,-0.197,0.26526,0.3602,-0.4149,-0.0006242,-0.17192,-0.21324,-0.1196,-0.062149,0.31185,0.5392,-0.61459,0.092506,-0.26091,-0.11007,-0.52687,-0.495,0.047578,-0.11327,0.011811,-0.28807,-0.011562,0.33729,0.10916,0.10251,-0.16853,-0.07559,-0.073551,-0.25882,0.084586,-0.32043,-0.2377,-0.43136,-0.35633,-0.55837,-0.5364,-0.50002,-0.095495,-0.77566,-0.30921,-0.60927,-0.62484,-0.26408,-0.52179,-0.34193,-0.3618,0.13536,-0.061227,-0.2613,-0.50312,-0.15555,-0.35868,-0.2195,-0.51125,-0.33277,-0.34803,-0.32357,-0.2029,-0.52007,-0.40438,-0.048937,0.12094,-0.22786,-0.078517,-0.010244,0.028131,-0.091806,0.10226,0.077796,0.10238,0.21787,0.4239,-0.063169,0.26866
0.03087,0.16608,-0.13766,-0.070361,-0.070091,-0.1289,0.041433,0.26967,0.11567,-0.056462,0.34667,0.27296,0.14746,0.090238,-0.59309,-0.28216,-0.14311,-0.1675,0.25754,0.24351,-0.37586,-0.31541,-0.1255,-0.046919,0,0.32465,-0.30413,-0.20506,-0.04214,-0.044443,0.27336,0.34692,0.18812,0.071935,0.017838,0.021465,0.36855,0.24779,0.13483,0.39143,-0.18869,-0.012519,-0.15577,-0.1872,0.14518,0.043229,-0.30907,-0.33693,-0.031584,0.19516,-0.014759,-0.36199,-0.3124,-0.30685,-0.24678,-0.51825,-0.22702,-0.4721,-0.51021,-0.19943,-0.15837,-0.79302,-0.67151,-0.64653,-0.47219,-0.42529,-0.35426,-0.38259,-0.26184,-0.35742,-0.19519,-0.20165,-0.31196,0.002039,-0.22084,0.19337,0.15787,0.28036,0.20402,0.29181,0.12103,-0.26718,-0.38869,-0.10165,-0.18721,0.24015,0.19906,-0.27245,-0.40558,-0.057405,-0.12426,0.015348,0.022672,-0.089843,0.054298,-0.063321,-0.11391,-0.011492,-0.089281,-0.51403,-0.45211,-0.30236,-0.28576,-0.3775,-0.11704
0.21173,0.24259,-0.045345,-0.056185,-0.083525,-0.1185,0.003121,0.38,0.12665,0.36431,0.44483,0.24483,-0.053834,-0.17987,-0.47038,-0.66778,-0.31834,-0.46266,0.13515,-0.07025,-0.51033,-0.49027,-0.15901,-0.13775,0.32465,0,-0.23092,-0.29685,0.18236,0.36618,0.28196,0.56597,0.024184,-0.14841,0.2711,0.19298,0.51597,0.36206,0.32667,0.57756,-0.25354,0.059049,-0.050484,-0.0098485,-0.017977,-0.039324,-0.472,-0.38453,-0.18629,0.069286,-0.060069,-0.48163,-0.39088,-0.40823,-0.19423,-0.48253,-0.27185,-0.56047,-0.44129,-0.13334,-0.32422,-0.64789,-0.537,-0.5336,-0.3098,-0.4416,-0.3508,-0.081118,-0.11093,-0.26913,-0.077234,-0.17545,-0.20571,-0.16327,-0.28914,0.16398,0.21248,0.11147,0.015667,0.56084,0.11005,-0.26508,-0.36033,-0.055131,-0.16768,0.25657,0.00049936,-0.53071,-0.58228,-0.17636,-0.17995,-0.35735,-0.2881,-0.22667,-0.23981,-0.24707,-0.3647,-0.2196,-0.43579,-0.60169,-0.64199,-0.3268,-0.35619,-0.26076,-0.26078
0.07514,-0.035392,-0.060617,-0.3051,0.23883,0.24351,-0.034768,-0.18616,-0.049326,-0.067254,-0.42967,-0.51058,-0.32899,-0.46508,0.28762,0.074508,0.23396,0.20736,-0.47209,-0.32384,0.43029,0.24249,0.29258,0.24872,-0.30413,-0.23092,0,0.52714,0.23337,0.023824,-0.38209,-0.32541,-0.19627,-0.21068,-0.55031,-0.24364,-0.28579,-0.31204,-0.065596,-0.23497,0.65732,0.25268,-0.35899,0.19125,-0.29135,-0.13773,-0.40013,-0.40524,0.10547,-0.50985,-0.43446,0.060166,0.29301,0.42859,-0.011575,0.44927,0.078011,0.12542,0.10549,-0.099192,0.011298,0.074973,0.12051,0.0080244,0.09166,-0.30949,-0.36634,-0.36878,0.24725,-0.28399,-0.087644,-0.42334,-0.43464,-0.18185,-0.39368,-0.39612,-0.51396,-0.33027,-0.48269,-0.47606,-0.67319,0.22628,0.032014,-0.48798,-0.68891,-0.77519,-0.68185,-0.28994,-0.098332,-0.43464,-0.27785,-0.24691,-0.20873,-0.29404,-0.40816,-0.44131,-0.34938,-0.29919,-0.12541,0.22805,0.20914,0.0030516,0.07059,-0.00017339,-0.11196
-0.074252,-0.022943,-0.15921,-0.37309,0.10197,0.13967,-0.17486,-0.23387,-0.14053,-0.28991,-0.36717,-0.32939,0.0026494,-0.11921,0.15885,0.25888,0.20814,0.224,-0.16793,-0.2736,0.45351,0.38594,0.42498,0.41962,-0.20506,-0.29685,0.52714,0,-0.054638,-0.17926,-0.46567,-0.4301,0.012879,0.062142,-0.59663,-0.24925,-0.33327,-0.38272,-0.16004,-0.19712,0.39872,0.28696,-0.54388,0.027694,-0.26851,-0.096647,-0.40128,-0.3933,0.058494,-0.21214,-0.16002,-0.12036,0.24295,0.46786,0.15524,0.24826,-0.12662,0.059625,0.018428,-0.10779,0.1285,0.00063807,0.021105,-0.16436,-0.19763,-0.42056,-0.44037,-0.5042,0.051767,-0.54964,-0.25187,-0.49093,-0.5163,-0.17918,-0.40255,-0.30946,-0.48427,-0.096466,-0.23021,-0.48346,-0.61246,0.023068,-0.14451,-0.21325,-0.50359,-0.5392,-0.39759,-0.20872,-0.1126,-0.44204,-0.32713,-0.18983,-0.13879,-0.34522,-0.20548,-0.29914,-0.16077,-0.2062,0.05796,0.17459,0.14831,0.25672,0.32952,-0.097853,-0.017145
0.097951,0.0041474,-0.065693,-0.1337,-0.030364,-0.007102,-0.03447,0.15511,-0.0043139,0.24718,-0.023151,-0.26535,-0.22607,-0.40464,-0.19216,-0.36147,-0.022617,-0.15863,-0.25024,-0.19662,-0.12191,-0.27338,0.081895,0.090113,-0.04214,0.18236,0.23337,-0.054638,0,0.52998,-0.035024,0.024801,-0.073947,-0.16573,-0.16388,0.023005,0.13736,0.099005,0.1851,0.085189,0.11985,0.14065,-0.31372,0.020169,-0.29094,-0.25016,-0.60223,-0.56921,-0.097243,-0.28907,-0.32427,-0.16854,-0.12261,-0.098318,-0.16135,-0.048667,-0.11522,-0.20788,-0.15582,-0.15366,-0.17137,-0.35266,-0.24004,-0.32659,-0.09157,-0.47439,-0.46339,-0.22221,0.17729,-0.24474,-0.029629,-0.42784,-0.43305,-0.35692,-0.52646,-0.19042,-0.13373,-0.15164,-0.2637,-0.03526,-0.31966,0.094261,-0.13084,-0.46614,-0.50626,-0.29169,-0.41636,-0.58656,-0.34835,-0.54875,-0.45139,-0.1713,-0.13492,-0.24897,-0.45424,-0.34135,-0.38324,-0.062822,-0.27809,-0.26086,-0.22779,-0.2523,-0.2093,0.13122,-0.0043902
0.22909,0.22889,-0.11128,-0.11497,-0.14085,-0.054222,-0.069106,0.40691,0.090849,0.6121,0.18836,-0.047071,-0.17574,-0.32902,-0.3499,-0.54275,-0.32591,-0.46128,-0.15629,-0.19488,-0.28769,-0.41997,-0.021757,0.060859,-0.044443,0.36618,0.023824,-0.17926,0.52998,0,-0.10641,0.099199,-0.087402,-0.13522,0.05228,0.37645,0.26892,0.30775,0.3532,0.30276,-0.074266,0.15621,-0.32704,-0.0387,-0.25339,-0.2134,-0.72827,-0.67081,-0.14834,-0.13994,-0.13178,-0.32581,-0.32131,-0.21573,-0.13924,-0.28995,-0.3419,-0.49733,-0.39741,-0.15501,-0.24717,-0.44405,-0.26999,-0.53848,-0.21647,-0.62,-0.59669,-0.010265,0.14433,-0.4075,-0.17334,-0.48155,-0.48035,-0.30797,-0.61136,-0.04282,0.06432,-0.054721,-0.12997,0.13904,-0.14229,-0.10856,-0.26998,-0.25798,-0.27239,-0.13599,-0.34352,-0.8056,-0.66275,-0.42977,-0.32048,-0.39521,-0.27451,-0.14418,-0.27421,-0.094185,-0.22946,-0.15291,-0.31693,-0.39694,-0.36901,-0.27639,-0.22245,-0.1006,-0.087804
-0.013379,-0.0097167,0.017901,0.039498,0.004092,-0.089649,0.020668,-0.013386,0.003655,-0.055755,0.054798,0.076353,-0.17799,-0.12928,-0.35904,-0.40306,-0.1079,-0.25746,-0.064514,0.13849,-0.44484,-0.36239,-0.29639,-0.27843,0.27336,0.28196,-0.38209,-0.46567,-0.035024,-0.10641,0,0.74394,-0.075896,-0.27349,0.023615,-0.18219,0.06837,0.015404,-0.096674,0.071589,-0.27021,-0.15272,0.24357,-0.018962,0.26433,0.06346,-0.060388,-0.033991,-0.00074904,-0.081534,-0.20629,-0.21285,-0.294,-0.36913,-0.36113,-0.40455,0.0057773,-0.30799,-0.31475,-0.12274,-0.18513,-0.58599,-0.55116,-0.23613,-0.10985,-0.014253,0.034144,-0.30592,-0.3107,0.039817,0.15873,0.2539,0.14693,-0.043208,0.011395,-0.047481,0.062441,-0.02184,-0.060242,0.21568,0.11479,-0.16994,-0.15053,-0.13504,-0.23669,0.17403,0.11118,-0.15033,-0.2001,0.025668,-0.1292,0.034282,0.027326,-0.069057,-0.17441,-0.25803,-0.30918,-0.090703,-0.19105,-0.36933,-0.35257,-0.4891,-0.46655,-0.14566,-0.22239
0.13223,0.24251,-0.070472,-0.083247,-0.028124,-0.015577,-0.016222,0.1578,0.095967,0.15442,0.21254,0.15764,-0.11249,-0.13606,-0.46908,-0.5325,-0.27345,-0.35333,-0.043694,0.083948,-0.47413,-0.37624,-0.29675,-0.197,0.34692,0.56597,-0.32541,-0.4301,0.024801,0.099199,0.74394,0,0.01926,-0.17243,0.11656,0.017394,0.26121,0.1871,0.028096,0.25522,-0.25671,-0.026542,0.13471,0.053362,0.25108,0.13075,-0.18393,-0.16408,0.017665,-0.044249,-0.14735,-0.28778,-0.39998,-0.38227,-0.38459,-0.43224,-0.079883,-0.41885,-0.38518,-0.23018,-0.27345,-0.71145,-0.65265,-0.38718,-0.22033,-0.17989,-0.12244,-0.19352,-0.29228,-0.12609,-0.030031,0.076298,0.0117,0.051996,-0.025211,-0.014689,0.086271,0.064875,-0.031175,0.33721,0.12109,-0.27224,-0.2937,-0.13259,-0.24881,0.20178,0.076624,-0.26561,-0.37415,0.074994,-0.0010889,-0.17449,-0.11347,-0.087526,-0.1224,-0.18385,-0.28958,-0.18587,-0.27665,-0.44235,-0.45938,-0.4754,-0.43788,-0.26897,-0.2462
-0.14565,0.14301,-0.3301,-0.38965,-0.16671,0.08435,-0.29103,0.072254,-0.24243,-0.18439,0.034615,0.088997,0.68117,0.31055,-0.45136,-0.17523,-0.12437,-0.18683,0.17419,-0.059528,-0.10472,-0.029261,0.042536,0.26526,0.18812,0.024184,-0.19627,0.012879,-0.073947,-0.087402,-0.075896,0.01926,0,0.70829,-0.16982,-0.013996,0.11808,-0.046697,-0.17629,0.12964,-0.092555,0.27995,-0.42761,-0.0089954,-0.15909,-0.056566,-0.31119,-0.28673,-0.086139,0.22183,0.25115,-0.46435,-0.20254,-0.083532,-3.4678e-05,-0.17741,-0.22588,-0.17597,-0.16444,-0.35934,-0.13103,-0.76297,-0.68549,-0.60681,-0.6618,-0.45207,-0.35749,-0.50368,-0.44241,-0.71663,-0.44058,-0.37374,-0.38117,-0.21291,-0.25545,-0.15306,-0.1867,0.61529,0.31211,0.070479,-0.12523,-0.40384,-0.61083,-0.038263,-0.25019,0.10398,0.081423,-0.17026,-0.1877,-0.24205,-0.27854,-0.039893,0.036453,-0.19408,0.032784,-0.042688,-0.053341,-0.029317,-0.046447,-0.28269,-0.39664,-0.032451,0.0061518,-0.15644,0.097091
-0.2662,0.058987,-0.51502,-0.48875,-0.33284,-0.037688,-0.43571,0.0091618,-0.23182,-0.22374,0.011208,0.025516,0.84173,0.48642,-0.49082,-0.15482,-0.20377,-0.1733,0.19292,-0.14436,-0.039331,-0.020925,0.079266,0.3602,0.071935,-0.14841,-0.21068,0.062142,-0.16573,-0.13522,-0.27349,-0.17243,0.70829,0,-0.30328,-0.024385,-0.0099941,-0.085148,-0.23273,0.0059923,-0.14062,0.12999,-0.70093,-0.20131,-0.24221,-0.080848,-0.39431,-0.3803,-0.16209,0.23496,0.37469,-0.51177,-0.25744,-0.064299,0.027805,-0.21211,-0.40664,-0.25376,-0.23722,-0.42857,-0.092437,-0.62429,-0.58615,-0.70086,-0.8014,-0.58046,-0.47977,-0.50256,-0.39221,-0.94715,-0.55914,-0.52374,-0.51936,-0.18293,-0.31777,-0.17281,-0.20912,0.57957,0.34101,-0.098471,-0.23779,-0.48451,-0.71944,-0.043812,-0.24729,0.0076291,0.021826,-0.20276,-0.24369,-0.31872,-0.26253,-0.062149,0.094115,-0.26194,0.087637,0.16799,0.17484,0.058106,0.088386,-0.25189,-0.28873,0.11154,0.23434,-0.24582,0.21042
-0.040122,-0.06036,-0.19044,-0.098172,-0.27352,-0.29708,-0.030676,0.21408,-0.16729,0.044346,0.18742,0.28131,-0.20469,-0.25319,-0.57841,-0.68485,-0.55181,-0.59985,0.0013455,-0.078427,-0.78256,-0.64883,-0.47809,-0.4149,0.017838,0.2711,-0.55031,-0.59663,-0.16388,0.05228,0.023615,0.11656,-0.16982,-0.30328,0,0.34621,0.15973,0.099802,0.18862,0.28724,-0.46406,-0.16101,0.096473,-0.15269,-0.23161,-0.3696,-0.32715,-0.3569,-0.54994,0.059909,-0.0010819,-0.59872,-0.51326,-0.65198,-0.26599,-0.5562,-0.22392,-0.45322,-0.36484,-0.17943,-0.4997,-0.46782,-0.31317,-0.48954,-0.38098,-0.28126,-0.29377,0.16618,-0.26085,-0.15072,-0.22643,-0.21138,-0.22053,-0.38912,-0.31725,0.13761,0.22078,-0.10274,-0.034962,0.46836,0.39438,-0.47069,-0.39933,0.052169,0.12555,0.30939,0.079065,-0.49108,-0.55891,-0.10061,-0.25143,-0.43833,-0.49513,-0.10367,-0.12878,-0.23574,-0.33511,-0.47457,-0.68172,-0.63518,-0.70584,-0.33953,-0.53753,-0.39196,-0.48947
0.080626,0.23019,-0.26145,-0.2083,-0.27306,-0.064695,-0.076464,0.51514,-0.13603,0.12981,0.21484,0.14833,-0.071894,-0.19467,-0.52386,-0.47408,-0.47869,-0.46308,-0.072039,-0.11031,-0.35887,-0.40361,-0.14091,-0.0006242,0.021465,0.19298,-0.24364,-0.24925,0.023005,0.37645,-0.18219,0.017394,-0.013996,-0.024385,0.34621,0,0.21107,0.27918,0.4124,0.45691,-0.18393,0.16871,-0.29269,-0.086375,-0.31814,-0.34965,-0.62619,-0.71118,-0.31482,-0.010036,0.037937,-0.47384,-0.41153,-0.26851,-0.12843,-0.4011,-0.32964,-0.47814,-0.42257,-0.2714,-0.27195,-0.45184,-0.26036,-0.74451,-0.42245,-0.62387,-0.66337,-0.038201,-0.13488,-0.57396,-0.3649,-0.59285,-0.61399,-0.38401,-0.60687,0.0009363,0.13273,0.013601,-0.006672,0.16074,0.0098554,-0.33114,-0.42527,-0.082339,-0.12092,-0.014169,-0.17683,-0.71206,-0.7299,-0.29017,-0.3381,-0.4091,-0.37906,-0.05237,0.010646,0.038999,-0.063613,-0.30644,-0.35427,-0.50052,-0.4689,-0.1438,-0.19642,-0.29387,-0.16896
0.1012,0.14529,-0.14824,-0.045296,-0.24466,-0.21969,-0.054229,0.47223,0.079759,0.25578,0.73042,0.27255,0.016097,-0.084711,-0.63953,-0.55556,-0.38254,-0.48519,0.14509,0.016111,-0.53931,-0.62074,-0.18367,-0.17192,0.36855,0.51597,-0.28579,-0.33327,0.13736,0.26892,0.06837,0.26121,0.11808,-0.0099941,0.15973,0.21107,0,0.80726,0.31589,0.62513,-0.34256,-0.057662,-0.22005,-0.20898,-0.12093,-0.088962,-0.43872,-0.38294,-0.25482,0.068835,-0.057475,-0.42392,-0.35507,-0.40153,-0.16463,-0.56676,-0.36736,-0.54992,-0.47008,-0.17502,-0.2711,-0.87728,-0.68542,-0.73116,-0.39994,-0.49704,-0.38296,-0.15096,-0.18728,-0.38325,-0.23686,-0.30691,-0.30351,-0.15755,-0.28169,0.2762,0.37722,0.25515,0.22836,0.5702,0.19985,-0.29092,-0.47805,-0.11364,-0.096577,0.25284,0.046766,-0.41977,-0.49508,-0.14604,-0.12989,-0.20464,-0.20319,-0.066366,-0.094878,-0.089822,-0.19144,-0.03723,-0.34094,-0.89219,-0.87753,-0.43543,-0.43066,-0.31166,-0.17265
0.10997,0.12039,-0.096258,0.058224,-0.29967,-0.27437,-0.012165,0.54225,0.086438,0.25713,0.65842,0.22095,-0.10802,-0.14108,-0.61567,-0.62015,-0.46741,-0.556,0.083032,-0.056226,-0.51351,-0.70959,-0.14314,-0.21324,0.24779,0.36206,-0.31204,-0.38272,0.099005,0.30775,0.015404,0.1871,-0.046697,-0.085148,0.099802,0.27918,0.80726,0,0.41825,0.56986,-0.34396,-0.12371,-0.28369,-0.32075,-0.16983,-0.17263,-0.49953,-0.4627,-0.2133,-0.014648,-0.092624,-0.36788,-0.40768,-0.39691,-0.1797,-0.66018,-0.46014,-0.73733,-0.67923,-0.19008,-0.28208,-0.65056,-0.50573,-0.74603,-0.32854,-0.55509,-0.46169,-0.16648,-0.082866,-0.38368,-0.14947,-0.35176,-0.37642,-0.17033,-0.37308,0.21902,0.41827,0.13034,0.15712,0.35543,0.15278,-0.21429,-0.3757,-0.1332,-0.037341,0.13291,-0.071013,-0.53049,-0.64794,-0.17334,-0.17799,-0.26541,-0.25136,-0.072781,-0.10541,0.01951,-0.14257,0.002046,-0.25728,-0.88484,-0.75906,-0.4191,-0.39005,-0.29296,-0.15588
0.39352,0.20697,0.072788,0.096889,-0.00080452,-0.081853,0.34268,0.67583,0.076367,0.1548,0.28351,0.12819,-0.23693,-0.32815,-0.26968,-0.44623,-0.20282,-0.31358,-0.077997,-0.093491,-0.29491,-0.47127,0.046135,-0.1196,0.13483,0.32667,-0.065596,-0.16004,0.1851,0.3532,-0.096674,0.028096,-0.17629,-0.23273,0.18862,0.4124,0.31589,0.41825,0,0.6157,-0.0344,0.11252,-0.17611,-0.086077,-0.22841,-0.26619,-0.64467,-0.73253,-0.20907,-0.071651,-0.13356,-0.28467,-0.15971,-0.20701,-0.064896,-0.37892,-0.24237,-0.53033,-0.50192,-0.027319,-0.20837,-0.2959,-0.14255,-0.47917,-0.17524,-0.56268,-0.613,-0.18577,0.1263,-0.35667,-0.087062,-0.4334,-0.55117,-0.31222,-0.61731,0.22475,0.21481,-0.10182,-0.10738,0.1608,-0.01566,-0.007643,-0.12784,-0.21756,-0.20675,-0.11379,-0.27089,-0.76779,-0.70404,-0.27932,-0.31244,-0.39562,-0.42637,-0.1492,-0.22112,-0.17579,-0.23994,-0.25026,-0.35393,-0.52162,-0.46982,-0.17038,-0.24585,-0.22858,-0.29914
0.32582,0.38722,-0.010688,0.039727,-0.066595,-0.078691,0.12413,0.77619,0.095072,0.14784,0.65711,0.51528,0.053993,-0.04015,-0.47594,-0.47879,-0.30676,-0.4135,0.19958,0.070215,-0.43451,-0.49787,-0.039477,-0.062149,0.39143,0.57756,-0.23497,-0.19712,0.085189,0.30276,0.071589,0.25522,0.12964,0.0059923,0.28724,0.45691,0.62513,0.56986,0.6157,0,-0.1977,0.16032,-0.20275,-0.10924,-0.071159,-0.082998,-0.55375,-0.56543,-0.17036,0.20495,0.10265,-0.43107,-0.25221,-0.26646,-0.012754,-0.50634,-0.32255,-0.58789,-0.53725,-0.044332,-0.16586,-0.61868,-0.42522,-0.73607,-0.38967,-0.56726,-0.53454,-0.18069,-0.062621,-0.48601,-0.19197,-0.3462,-0.42591,-0.19411,-0.44726,0.37634,0.39934,0.28263,0.24258,0.53483,0.23871,-0.21793,-0.35769,0.043604,-0.046135,0.22939,0.043118,-0.5782,-0.6825,-0.16185,-0.21695,-0.28096,-0.26049,-0.053272,-0.01435,-0.051184,-0.12594,-0.13359,-0.25676,-0.66724,-0.65799,-0.20296,-0.2701,-0.25762,-0.18628
0.085952,0.021105,-0.037528,-0.28721,0.39603,0.49905,0.14101,-0.090592,-0.14531,-0.2017,-0.49511,-0.44051,-0.26948,-0.3949,0.24104,0.10937,0.39721,0.30645,-0.46492,-0.26696,0.62999,0.41929,0.37546,0.31185,-0.18869,-0.25354,0.65732,0.39872,0.11985,-0.074266,-0.27021,-0.25671,-0.092555,-0.14062,-0.46406,-0.18393,-0.34256,-0.34396,-0.0344,-0.1977,0,0.43941,-0.26423,0.34366,-0.25756,-0.19724,-0.33807,-0.42281,0.19383,-0.43334,-0.33787,0.034366,0.29512,0.47383,-0.028914,0.45349,0.25607,0.1378,0.04866,-0.19451,-0.036564,0.051309,0.10523,0.0066512,0.020495,-0.2809,-0.37563,-0.58385,0.068239,-0.31203,-0.067504,-0.39517,-0.50438,-0.23461,-0.43751,-0.44837,-0.57622,-0.3005,-0.4567,-0.4737,-0.6312,0.20014,0.062975,-0.52193,-0.7272,-0.71225,-0.63921,-0.28097,-0.087249,-0.37091,-0.3571,-0.16906,-0.16478,-0.26492,-0.31134,-0.38014,-0.31905,-0.34171,-0.062357,0.36374,0.28235,0.089135,0.12886,0.0059021,-0.10385
0.20095,0.35636,-0.092132,-0.31213,0.20481,0.59878,0.0080591,0.17831,-0.1709,-0.059216,-0.16635,-0.10502,0.041364,-0.16905,-0.057371,-0.094136,0.086555,-0.0094393,-0.19056,-0.1702,0.21379,0.19216,0.33133,0.5392,-0.012519,0.059049,0.25268,0.28696,0.14065,0.15621,-0.15272,-0.026542,0.27995,0.12999,-0.16101,0.16871,-0.057662,-0.12371,0.11252,0.16032,0.43941,0,-0.31086,0.4466,-0.21673,-0.12703,-0.5024,-0.52479,0.075646,-0.12377,-0.028769,-0.24525,0.069002,0.2821,0.11527,0.13427,0.029719,-0.065777,-0.05821,-0.18887,-0.028158,-0.2875,-0.18096,-0.33674,-0.24105,-0.46458,-0.50256,-0.44584,-0.09062,-0.62339,-0.22963,-0.47861,-0.54884,-0.30258,-0.51232,-0.25844,-0.30693,0.060173,-0.13422,-0.10901,-0.34505,-0.073648,-0.22928,-0.21441,-0.48938,-0.288,-0.35416,-0.4218,-0.28862,-0.36735,-0.37817,-0.23658,-0.16894,-0.19064,-0.1378,-0.20708,-0.1875,-0.31039,-0.13538,0.0063738,-0.084392,0.15425,0.14223,-0.025148,-0.01831
-0.042161,-0.1865,0.048153,-0.0008392,0.093727,-0.10904,0.16253,-0.22262,-0.094094,-0.16619,-0.25313,-0.10371,-0.53381,-0.41463,-0.10779,-0.30284,-0.1327,-0.26517,-0.39388,-0.018636,-0.42593,-0.31212,-0.48081,-0.61459,-0.15577,-0.050484,-0.35899,-0.54388,-0.31372,-0.32704,0.24357,0.13471,-0.42761,-0.70093,0.096473,-0.29269,-0.22005,-0.28369,-0.17611,-0.20275,-0.26423,-0.31086,0,0.096543,0.082658,-0.12766,0.28749,0.17799,-0.16759,-0.28983,-0.3731,-0.089565,-0.21629,-0.43015,-0.51731,-0.28016,0.25128,-0.085453,-0.11862,-0.097361,-0.34444,-0.20384,-0.18943,0.19727,0.14882,0.44598,0.34384,-0.15788,-0.38113,0.44411,0.12311,0.50883,0.38588,-0.092041,0.18945,-0.13652,-0.13021,-0.4393,-0.38506,-0.055977,0.049804,-0.14271,0.057801,-0.22931,-0.22794,-0.11008,-0.059666,0.011763,-0.02442,0.2986,0.03431,-0.25944,-0.3782,-0.083109,-0.30478,-0.48053,-0.50269,-0.55856,-0.48877,-0.21169,-0.28084,-0.58132,-0.62588,-0.37754,-0.82508
