,,,,,,,,,,,,,,,,,,,,,,,,,,,,,,,,,,,,,,,,,,,,,,,,,,,,,,,,,,,,,,,,,,,,,,,,,,,,,,,,,,,,,,,,,,,,,,,,,,,,,,,,
0,0.31311,0.080742,-0.04731,0.29649,-0.062417,0.35566,0.15411,0.036034,-0.0095775,-0.060711,-0.041536,-0.30395,-0.37934,-0.16187,-0.30804,-0.14502,-0.27092,-0.30567,-0.15221,-0.30399,-0.34853,-0.087227,-0.22589,-0.088362,0.0080311,-0.047702,-0.14251,0.012551,0.095291,-0.195,-0.081193,-0.18582,-0.33424,-0.12943,-0.077045,0.017861,-0.016381,0.22442,0.10868,0.012007,0.049321,-0.11572,-4.6461e-05,-0.051054,-0.0089669,-0.44343,-0.55343,-0.021432,-0.18629,-0.27643,-0.14334,-0.12511,-0.21032,-0.26074,-0.24026,-0.13625,-0.37035,-0.38005,-0.050038,-0.20234,-0.39563,-0.25798,-0.31045,-0.12781,-0.37851,-0.45178,-0.28683,-0.011184,-0.31452,-0.24037,-0.2594,-0.36953,-0.10845,-0.39421,0.10368,-0.13533,-0.21387,-0.26168,-0.052082,-0.11577,-0.013241,-0.10983,-0.36486,-0.3817,-0.30572,-0.29432,-0.52111,-0.53547,-0.12238,-0.077974,-0.50264,-0.46684,-0.21602,-0.34686,-0.43836,-0.44164,-0.41799,-0.35308,-0.33241,-0.4021,-0.37206,-0.41807,-0.33874,-0.48519
0.31311,0,-0.28287,-0.39069,0.055043,0.10825,-0.095198,0.26388,0.14535,0.14402,0.10718,0.21047,0.10791,-0.0096837,-0.46732,-0.29091,-0.28581,-0.26385,-0.04508,0.094727,-0.30464,-0.17992,-0.016002,0.12015,0.17967,0.21538,-0.085753,0.045319,0.072877,0.22323,-0.037693,0.15436,0.23078,0.049175,-0.1088,0.13306,0.14307,0.049959,0.096725,0.30859,-0.054512,0.31476,-0.24217,0.1121,0.1196,0.15145,-0.39631,-0.46868,-0.0046859,0.088216,0.013513,-0.38605,-0.36982,-0.26195,-0.39042,-0.29605,-0.21052,-0.33644,-0.34816,-0.33285,-0.13105,-0.6552,-0.48133,-0.5998,-0.43078,-0.44998,-0.45054,-0.27867,-0.083092,-0.46797,-0.31121,-0.30623,-0.35861,0.086709,-0.25074,-0.007208,-0.088222,0.14642,0.010839,0.035961,-0.095291,-0.34563,-0.50334,-0.17047,-0.45214,-0.089384,-0.023715,-0.35802,-0.49763,-0.028288,-0.027372,-0.41787,-0.25565,-0.23688,-0.099001,-0.19472,-0.19713,-0.27985,-0.18505,-0.36338,-0.36384,-0.306,-0.25351,-0.45381,-0.3336
0.080742,-0.28287,0,0.58736,0.20756,-0.18807,0.26994,-0.2522,-0.22869,-0.40575,-0.40986,-0.33744,-0.58033,-0.55777,0.17981,-0.16426,0.050695,-0.19237,-0.46337,-0.25579,-0.21886,-0.37854,-0.20494,-0.47516,-0.40088,-0.34734,-0.1541,-0.32414,-0.32679,-0.3617,-0.40929,-0.4236,-0.46565,-0.61537,-0.36775,-0.49561,-0.35655,-0.35307,-0.21899,-0.31746,-0.11636,-0.29565,-0.12705,-0.23352,-0.29683,-0.28848,-0.20128,-0.20811,-0.0059802,-0.39882,-0.50041,0.077974,0.18294,-0.024823,-0.056768,-0.18128,-0.11581,-0.23826,-0.29708,0.399,-0.098696,-0.13845,-0.083536,0.0033584,0.16796,-0.11362,-0.15779,-0.43382,-0.2079,-0.15339,-0.050217,-0.14727,-0.22131,-0.40094,-0.37284,-0.079813,-0.23012,-0.38121,-0.37906,-0.27797,-0.21084,0.42674,0.35101,-0.21316,-0.084811,-0.43366,-0.41912,-0.26639,-0.1974,-0.25275,-0.30627,-0.20386,-0.34831,-0.12478,-0.40997,-0.50949,-0.49927,-0.38079,-0.29659,-0.25241,-0.30607,-0.40372,-0.37814,-0.035463,-0.37685
-0.04731,-0.39069,0.58736,0,-0.079607,-0.4201,0.11911,-0.22737,-0.15637,-0.34569,-0.25542,-0.25593,-0.58635,-0.49023,-0.034427,-0.27909,-0.15542,-0.35688,-0.363,-0.23,-0.41703,-0.66138,-0.32867,-0.61444,-0.38912,-0.35329,-0.32849,-0.49943,-0.36349,-0.35875,-0.42009,-0.46254,-0.55467,-0.6375,-0.31119,-0.4819,-0.25508,-0.22156,-0.22849,-0.3018,-0.37531,-0.52059,-0.2159,-0.50624,-0.32838,-0.32225,-0.22548,-0.19835,-0.17761,-0.32187,-0.45297,-0.0024691,-0.011031,-0.20822,-0.10219,-0.43903,-0.32994,-0.42004,-0.49031,0.52292,-0.12769,-0.24797,-0.17774,-0.13435,0.091043,-0.15467,-0.16324,-0.32351,-0.20698,-0.12818,-0.065895,-0.16128,-0.20222,-0.40019,-0.36953,0.11723,-0.01652,-0.33354,-0.24212,-0.18178,-0.035602,0.22252,0.17188,-0.14801,0.091309,-0.29937,-0.31011,-0.27748,-0.26641,-0.24898,-0.26485,-0.16219,-0.30165,-0.041629,-0.36361,-0.3473,-0.38675,-0.25928,-0.30526,-0.46446,-0.45074,-0.56024,-0.49374,-0.032217,-0.31872
0.29649,0.055043,0.20756,-0.079607,0,0.23395,0.2992,-0.16507,-0.035204,-0.22439,-0.3935,-0.29357,-0.39557,-0.4071,0.132,-0.042565,0.1452,-0.01267,-0.4741,-0.13972,0.019374,-0.0032987,0.0032589,-0.14062,-0.23,-0.21012,0.14788,-0.019029,-0.10815,-0.18637,-0.21523,-0.19177,-0.23402,-0.38657,-0.41051,-0.37824,-0.32173,-0.38131,-0.16938,-0.22271,0.2971,0.05566,-0.083291,0.17389,-0.031241,-0.0065045,-0.21848,-0.29023,0.31918,-0.35527,-0.36429,0.0436,0.075339,0.043786,-0.2035,0.079753,0.096174,-0.092935,-0.16962,-0.052633,-0.07887,-0.16044,-0.09026,-0.013507,0.064255,-0.14589,-0.22807,-0.47689,-0.050901,-0.19054,-0.04818,-0.11957,-0.25069,-0.10284,-0.27254,-0.2557,-0.39006,-0.31298,-0.40955,-0.3067,-0.35057,0.15985,0.099612,-0.36482,-0.46933,-0.51956,-0.42446,-0.25021,-0.19106,-0.12831,-0.14726,-0.26548,-0.27312,-0.18515,-0.32474,-0.46801,-0.435,-0.38957,-0.18059,0.021325,-0.07372,-0.2931,-0.25018,-0.17118,-0.38846
-0.062417,0.10825,-0.18807,-0.4201,0.23395,0,-0.14824,-0.085328,-0.19101,-0.17804,-0.41181,-0.24798,-0.16113,-0.20166,-0.15797,-0.095005,-0.0064647,-0.02027,-0.42066,-0.06099,0.20992,0.28735,0.059317,0.25145,-0.19666,-0.18946,0.22272,0.10375,-0.065954,-0.095749,-0.18915,-0.11149,0.065145,-0.041144,-0.39059,-0.16404,-0.29869,-0.35181,-0.24916,-0.18665,0.32436,0.39117,-0.23603,0.5192,-0.15673,-0.10714,-0.238,-0.26481,0.18013,-0.3065,-0.15382,-0.24498,-0.0097899,0.18663,-0.14776,0.24026,0.14392,0.048631,0.053417,-0.37662,-0.063631,-0.27843,-0.20919,-0.25728,-0.23242,-0.21381,-0.24417,-0.48088,-0.18059,-0.39615,-0.14897,-0.29561,-0.33199,-0.18505,-0.26821,-0.45617,-0.38279,-0.086019,-0.24181,-0.27293,-0.4278,-0.1993,-0.30326,-0.26639,-0.5387,-0.4119,-0.38115,-0.18221,-0.09632,-0.21077,-0.2797,-0.12339,-0.065642,-0.1714,-0.10403,-0.22583,-0.16597,-0.29782,-0.073023,0.00079647,-0.028998,-0.14213,-0.019991,-0.27458,-0.24489
0.35566,-0.095198,0.26994,0.11911,0.2992,-0.14824,0,-0.0081107,-0.11646,-0.22991,-0.2782,-0.24581,-0.56581,-0.62333,-0.01958,-0.27392,0.014741,-0.11312,-0.41866,-0.25862,-0.2801,-0.363,-0.12917,-0.39992,-0.1952,-0.1951,-0.20794,-0.29576,-0.17421,-0.21329,-0.28403,-0.26577,-0.40342,-0.57328,-0.20074,-0.28258,-0.20135,-0.19675,0.079687,-0.13066,0.031268,-0.15911,-0.041715,-0.11644,-0.25745,-0.27232,-0.27813,-0.39014,-0.12359,-0.40534,-0.50788,-0.026463,-0.066306,-0.19423,-0.30236,-0.1872,0.0017257,-0.22093,-0.29933,0.094747,-0.24416,-0.24437,-0.13059,-0.10513,0.11389,-0.21442,-0.29487,-0.45339,-0.11926,-0.12333,-0.080642,-0.23766,-0.34847,-0.27132,-0.37291,-0.089344,-0.29853,-0.41219,-0.43315,-0.22841,-0.18513,0.18983,0.11658,-0.37863,-0.27032,-0.4415,-0.4099,-0.3463,-0.31589,-0.13859,-0.18362,-0.4202,-0.48798,-0.27812,-0.50541,-0.63031,-0.67037,-0.60039,-0.4595,-0.22924,-0.29483,-0.33129,-0.39507,-0.18514,-0.46149
0.15411,0.26388,-0.2522,-0.22737,-0.16507,-0.085328,-0.0081107,0,0.056138,0.25842,0.28892,0.29392,-0.033644,-0.15036,-0.60216,-0.58086,-0.38408,-0.3966,0.055348,-0.04897,-0.42971,-0.45499,-0.038728,-0.024704,0.18269,0.29722,-0.228,-0.19557,0.11013,0.33798,-0.11911,0.018345,0.085355,-0.026668,0.11851,0.35413,0.42502,0.40059,0.41367,0.54827,-0.19164,0.11324,-0.33801,-0.11388,-0.25914,-0.24278,-0.59685,-0.59471,-0.31426,0.075465,0.017482,-0.59397,-0.40771,-0.35723,-0.27846,-0.45528,-0.31027,-0.50308,-0.46438,-0.26734,-0.29396,-0.69342,-0.46933,-0.7791,-0.45776,-0.60465,-0.55927,-0.23635,-0.053908,-0.46528,-0.21181,-0.51731,-0.53673,-0.25788,-0.4864,0.17919,0.1564,0.17819,0.12359,0.327,0.07137,-0.37032,-0.58218,-0.11076,-0.24056,0.068131,-0.087266,-0.53963,-0.61165,-0.24821,-0.28175,-0.40078,-0.2952,-0.24837,-0.19354,-0.17739,-0.27082,-0.27549,-0.38227,-0.6357,-0.5962,-0.27229,-0.28582,-0.35001,-0.26234
0.036034,0.14535,-0.22869,-0.15637,-0.035204,-0.19101,-0.11646,0.056138,0,0.3179,0.15597,0.13661,-0.14469,-0.038231,-0.44453,-0.36451,-0.38645,-0.38631,-0.0070355,0.12076,-0.42882,-0.40552,-0.15034,-0.12698,0.046726,0.09634,-0.16879,-0.16477,-0.039452,0.06458,-0.075923,-0.027783,-0.19346,-0.22345,-0.21316,-0.17791,0.035861,-0.0010022,-0.091966,0.024458,-0.29816,-0.21376,-0.26371,-0.27205,0.14654,0.12728,-0.29992,-0.28417,-0.057372,0.063698,-0.045286,-0.33792,-0.47862,-0.42094,-0.44644,-0.54281,-0.41866,-0.55849,-0.63912,-0.17519,-0.16895,-0.51496,-0.37154,-0.45316,-0.25859,-0.32849,-0.2906,-0.13762,0.11221,-0.18313,-0.05643,-0.14237,-0.19483,0.19796,-0.17291,0.17092,0.12714,-0.0039757,0.019872,0.016527,0.011157,-0.28868,-0.37754,-0.082129,-0.27961,-0.065151,0.0041151,-0.27247,-0.46055,-0.0019248,0.078525,-0.3189,-0.14062,-0.14013,-0.13535,-0.035071,-0.14524,-0.088853,-0.11698,-0.41959,-0.32758,-0.57141,-0.35718,-0.36983,-0.30898
-0.0095775,0.14402,-0.40575,-0.34569,-0.22439,-0.17804,-0.22991,0.25842,0.3179,0,0.28257,0.21736,-0.11405,-0.10696,-0.6488,-0.65322,-0.52263,-0.57379,0.022693,-0.023994,-0.50525,-0.44323,-0.15104,-0.035509,0.093844,0.45887,-0.1888,-0.20127,0.19439,0.54542,0.093413,0.20457,-0.10001,-0.1866,0.073488,0.13042,0.263,0.21926,0.12882,0.25377,-0.33393,-0.054757,-0.16998,-0.10392,-0.031441,-0.092729,-0.48332,-0.40651,-0.31763,0.039332,0.023317,-0.64935,-0.64079,-0.56369,-0.47192,-0.57035,-0.3931,-0.59763,-0.51707,-0.39549,-0.36993,-0.62075,-0.43525,-0.61019,-0.36003,-0.43333,-0.36653,0.010414,0.087545,-0.22189,-0.055129,-0.23637,-0.22983,-0.080795,-0.29872,0.050085,0.18144,-0.013367,-0.010626,0.28513,0.021299,-0.50182,-0.59771,-0.18116,-0.3918,0.095364,-0.057651,-0.50757,-0.59614,-0.18951,-0.17541,-0.48018,-0.26285,-0.29143,-0.28155,-0.13547,-0.2648,-0.18004,-0.35148,-0.55412,-0.46572,-0.50387,-0.41388,-0.51567,-0.41548
-0.060711,0.10718,-0.40986,-0.25542,-0.3935,-0.41181,-0.2782,0.28892,0.15597,0.28257,0,0.55026,0.11554,0.093711,-0.84016,-0.60161,-0.60465,-0.5855,0.34825,0.052149,-0.7465,-0.68237,-0.19533,-0.18554,0.29436,0.41705,-0.40502,-0.26631,0.073461,0.20571,0.067494,0.13139,0.060074,-0.044337,0.1394,0.14876,0.81535,0.57668,0.16405,0.53685,-0.5499,-0.18231,-0.31013,-0.37447,-0.051498,-0.12284,-0.50223,-0.46765,-0.42256,0.39555,0.11245,-0.63556,-0.74772,-0.7426,-0.5064,-0.87441,-0.57186,-0.70063,-0.68312,-0.34993,-0.31384,-0.89863,-0.66654,-0.88022,-0.539,-0.53966,-0.44845,-0.1127,-0.092901,-0.34358,-0.21451,-0.30642,-0.3007,-0.10395,-0.27677,0.36276,0.40258,0.20212,0.29479,0.49915,0.28779,-0.52557,-0.69483,-0.10286,-0.26466,0.39442,0.28093,-0.47703,-0.66833,-0.14977,-0.18807,-0.43593,-0.29894,-0.29546,-0.22815,-0.11811,-0.21917,-0.052308,-0.35285,-1,-0.81481,-0.50265,-0.5125,-0.43639,-0.33986
-0.041536,0.21047,-0.33744,-0.25593,-0.29357,-0.24798,-0.24581,0.29392,0.13661,0.21736,0.55026,0,0.14885,0.20177,-0.76063,-0.56764,-0.60954,-0.58606,0.39515,0.094753,-0.63066,-0.51701,-0.16455,-0.13083,0.23013,0.35008,-0.36789,-0.198,-0.073169,0.098616,0.062038,0.16233,0.14277,-0.00087612,0.15002,0.1603,0.39654,0.35547,0.0842,0.52743,-0.47094,-0.078532,-0.22196,-0.23674,-0.026257,-0.097269,-0.34767,-0.31067,-0.3248,0.4815,0.29258,-0.70763,-0.62747,-0.58359,-0.41383,-0.72226,-0.4405,-0.58822,-0.57777,-0.35227,-0.30557,-0.74831,-0.52911,-0.77827,-0.53401,-0.40411,-0.32366,-0.13761,-0.099353,-0.32534,-0.13865,-0.21728,-0.21734,-0.047596,-0.17997,0.27673,0.3445,0.33354,0.44738,0.46451,0.41247,-0.57631,-0.71015,0.13946,-0.14875,0.49258,0.41234,-0.33608,-0.5692,0.009332,-0.13594,-0.46065,-0.3102,-0.26546,-0.10535,-0.10828,-0.20115,-0.15472,-0.27377,-0.77798,-0.71342,-0.42559,-0.42068,-0.51781,-0.42103
-0.30395,0.10791,-0.58033,-0.58635,-0.39557,-0.16113,-0.56581,-0.033644,-0.14469,-0.11405,0.11554,0.14885,0,0.6157,-0.66654,-0.30127,-0.37123,-0.33313,0.33987,-0.071291,-0.28738,-0.17076,0.040368,0.17971,0.13547,0.029881,-0.26664,0.052527,-0.10318,-0.086258,-0.084074,-0.019507,0.63031,0.71174,-0.27074,-0.054591,0.057777,-0.030405,-0.20676,0.08795,-0.31557,0.047848,-0.56405,-0.21019,-0.11468,-0.050848,-0.42336,-0.37218,-0.24579,0.43477,0.34911,-0.68901,-0.52374,-0.36372,-0.32733,-0.44327,-0.50217,-0.40048,-0.37982,-0.55382,-0.15745,-0.75232,-0.70355,-0.80756,-0.83023,-0.57078,-0.44428,-0.46392,-0.31526,-0.68487,-0.38358,-0.39911,-0.38021,-0.12132,-0.23969,-0.1575,-0.13934,0.52199,0.3192,-0.044151,-0.21785,-0.61645,-0.87655,-0.072791,-0.4195,0.10593,0.15657,-0.26913,-0.38028,-0.27584,-0.29966,-0.27096,-0.090605,-0.4372,-0.10004,-0.024405,-0.010016,-0.0056815,-0.055673,-0.4941,-0.4608,-0.097966,-0.02266,-0.43744,-0.13977
-0.37934,-0.0096837,-0.55777,-0.49023,-0.4071,-0.20166,-0.62333,-0.15036,-0.038231,-0.10696,0.093711,0.20177,0.6157,0,-0.64106,-0.26672,-0.44835,-0.39358,0.28424,0.020005,-0.29835,-0.2043,-0.036339,0.073839,0.048326,-0.064474,-0.24952,0.0087744,-0.18404,-0.17658,-0.047728,-0.036107,0.30601,0.43185,-0.33073,-0.17788,-0.01891,-0.06099,-0.32714,-0.020257,-0.41117,-0.12619,-0.48898,-0.2988,-0.020337,0.0088674,-0.25951,-0.19344,-0.19164,0.42979,0.47101,-0.62284,-0.52623,-0.39257,-0.33892,-0.50598,-0.51119,-0.41898,-0.4289,-0.54459,-0.12858,-0.62443,-0.56786,-0.66284,-0.67506,-0.37907,-0.26798,-0.40271,-0.24391,-0.48619,-0.23979,-0.22339,-0.20798,0.01131,-0.080888,-0.12651,-0.04133,0.44081,0.44811,-0.062271,-0.12319,-0.62806,-0.78608,0.0019978,-0.34991,0.1239,0.28117,-0.13336,-0.29288,-0.13521,-0.1925,-0.20996,-0.017044,-0.33746,-0.016626,0.11905,0.13225,0.14187,0.097939,-0.49288,-0.41596,-0.2466,-0.10631,-0.50008,-0.22526
-0.16187,-0.46732,0.17981,-0.034427,0.132,-0.15797,-0.01958,-0.60216,-0.44453,-0.6488,-0.84016,-0.76063,-0.66654,-0.64106,0,0.090758,0.18986,-0.063326,-0.82611,-0.55558,0.13472,-0.073521,-0.17142,-0.43637,-0.80692,-0.73335,-0.039193,-0.22472,-0.48192,-0.58497,-0.66312,-0.74788,-0.62035,-0.61048,-0.6596,-0.70353,-0.79586,-0.83899,-0.48432,-0.71715,0.044284,-0.32535,-0.25735,-0.18053,-0.46682,-0.36848,-0.19608,-0.24102,-0.071622,-0.64108,-0.55815,0.2239,0.33199,0.12966,-0.0095643,0.19354,-0.079103,0.0052832,-0.037992,0.081412,-0.13143,0.27406,0.19412,0.49743,0.21787,-0.073773,-0.1948,-0.54194,-0.30913,-0.24749,-0.24968,-0.23526,-0.3046,-0.48714,-0.41917,-0.48405,-0.67989,-0.68214,-0.71192,-0.75163,-0.66702,0.32149,0.54283,-0.479,-0.35453,-0.97418,-0.79024,-0.24815,-0.015113,-0.41602,-0.36102,-0.28246,-0.41366,-0.24254,-0.4883,-0.51564,-0.42016,-0.46815,-0.27244,0.20993,0.0072678,-0.13638,-0.1332,-0.011967,-0.3559
-0.30804,-0.29091,-0.16426,-0.27909,-0.042565,-0.095005,-0.27392,-0.58086,-0.36451,-0.65322,-0.60161,-0.56764,-0.30127,-0.26672,0.090758,0,0.1599,0.21236,-0.53888,-0.1483,0.13092,0.1516,-0.064906,-0.1038,-0.39231,-0.63486,-0.050655,0.060698,-0.37958,-0.54319,-0.43153,-0.51794,-0.29213,-0.26473,-0.76516,-0.51153,-0.60075,-0.64598,-0.50813,-0.52835,0.041496,-0.18157,-0.42334,-0.22493,-0.19936,-0.20278,-0.14951,-0.23908,0.09547,-0.45886,-0.44784,0.22482,0.010208,0.11077,-0.25303,0.064434,-0.12646,0.1316,-0.048445,-0.14444,0.35267,-0.11297,-0.08793,-0.080895,-0.059344,-0.16175,-0.2507,-0.65001,-0.30647,-0.39879,-0.32861,-0.32925,-0.37065,-0.2432,-0.3122,-0.53471,-0.57222,-0.38604,-0.41882,-0.73972,-0.61552,0.099625,0.03466,-0.40974,-0.5017,-0.77185,-0.44236,-0.050596,0.047224,-0.32135,-0.33237,0.015485,-0.070182,-0.12813,-0.16277,-0.25705,-0.070401,-0.19817,0.13098,0.1229,0.21385,-0.17194,-0.081744,-0.14745,-0.1375
-0.14502,-0.28581,0.050695,-0.15542,0.1452,-0.0064647,0.014741,-0.38408,-0.38645,-0.52263,-0.60465,-0.60954,-0.37123,-0.44835,0.18986,0.1599,0,0.43477,-0.54534,-0.2628,0.14756,0.072134,0.11892,-0.1051,-0.29914,-0.43479,-0.045279,-0.031534,-0.17599,-0.42067,-0.32326,-0.39715,-0.27448,-0.3365,-0.67249,-0.577,-0.5029,-0.55317,-0.30363,-0.44164,0.31306,-0.071105,-0.26742,-0.031972,-0.28905,-0.26999,-0.21979,-0.28407,0.0044934,-0.53373,-0.56727,0.1317,0.13923,0.11721,-0.24926,0.23641,0.1189,0.18813,0.11074,-0.059078,0.14982,-0.18609,-0.18133,0.031102,0.097256,-0.1542,-0.20888,-0.93818,-0.29613,-0.27277,-0.13822,-0.28483,-0.35405,-0.39487,-0.37839,-0.51084,-0.65112,-0.40848,-0.53267,-0.60484,-0.70509,0.4059,0.1812,-0.55315,-0.59196,-0.72619,-0.55871,-0.16011,0.10387,-0.44173,-0.46107,-0.029576,-0.081704,-0.39213,-0.54706,-0.56757,-0.40376,-0.32155,-0.10815,0.13675,0.15084,-0.064972,-0.0016328,-0.07524,-0.17921
-0.27092,-0.26385,-0.19237,-0.35688,-0.01267,-0.02027,-0.11312,-0.3966,-0.38631,-0.57379,-0.5855,-0.58606,-0.33313,-0.39358,-0.063326,0.21236,0.43477,0,-0.50559,-0.12041,0.044516,0.13654,-0.032456,-0.047105,-0.18239,-0.4328,-0.11494,-0.016507,-0.19006,-0.45843,-0.28543,-0.34551,-0.23993,-0.26773,-0.57798,-0.43871,-0.51631,-0.55396,-0.31828,-0.41659,0.26065,-0.078771,-0.30205,-0.083536,-0.25335,-0.32607,-0.20253,-0.34427,-0.050383,-0.53079,-0.56883,0.083935,-0.074045,0.010553,-0.43,0.2385,0.2075,0.31668,0.14834,-0.25882,0.10393,-0.21491,-0.19154,-0.12417,-0.071742,-0.18963,-0.28252,-0.76164,-0.28642,-0.24457,-0.22366,-0.39339,-0.45596,-0.29524,-0.32363,-0.61442,-0.69018,-0.40785,-0.53487,-0.65557,-0.66309,0.12293,-0.017921,-0.52338,-0.61065,-0.69404,-0.44021,-0.10811,0.039419,-0.3577,-0.42748,-0.0059602,-0.048014,-0.38096,-0.38086,-0.51453,-0.32819,-0.32527,-0.090612,0.12921,0.28337,-0.041801,-0.034368,-0.13439,-0.12518
-0.30567,-0.04508,-0.46337,-0.363,-0.4741,-0.42066,-0.41866,0.055348,-0.0070355,0.022693,0.34825,0.39515,0.33987,0.28424,-0.82611,-0.53888,-0.54534,-0.50559,0,-0.089344,-0.57986,-0.45576,-0.094209,-0.091773,0.25162,0.21157,-0.45554,-0.14565,-0.14196,-0.068337,-0.017509,0.0081107,0.13409,0.097189,-0.068204,-0.041045,0.17317,0.16331,-0.05706,0.23027,-0.51646,-0.17775,-0.45267,-0.4209,-0.14901,-0.19395,-0.45678,-0.35091,-0.41781,0.52491,0.22283,-0.87555,-0.73442,-0.61918,-0.4158,-0.79668,-0.64942,-0.6742,-0.67625,-0.42332,-0.3333,-0.72,-0.61751,-0.88609,-0.73732,-0.59414,-0.43567,-0.27784,-0.16367,-0.43936,-0.19778,-0.34746,-0.33377,-0.1512,-0.27795,0.072426,0.084406,0.31143,0.34517,0.14793,0.038888,-0.62692,-0.82066,0.11123,-0.17441,0.42946,0.30922,-0.35157,-0.57226,-0.25036,-0.32978,-0.40646,-0.24177,-0.4864,-0.20739,-0.14207,-0.2364,-0.077025,-0.22304,-0.71511,-0.62126,-0.24269,-0.2416,-0.46001,-0.24478
-0.15221,0.094727,-0.25579,-0.23,-0.13972,-0.06099,-0.25862,-0.04897,0.12076,-0.023994,0.052149,0.094753,-0.071291,0.020005,-0.55558,-0.1483,-0.2628,-0.12041,-0.089344,0,-0.44195,-0.291,-0.18791,0.0084492,0.21037,0.072691,-0.23041,-0.10771,0.029303,-0.043235,0.13345,0.11952,0.015956,-0.14261,-0.16413,-0.082229,0.033472,-0.036525,-0.15272,0.068549,-0.28065,-0.084578,-0.16106,-0.14903,0.2032,-0.036531,-0.14285,-0.18276,-0.066903,-0.042916,-0.15868,-0.22769,-0.46621,-0.35574,-0.59825,-0.38731,-0.14607,-0.18182,-0.26924,-0.25709,0.15203,-0.6752,-0.46907,-0.54478,-0.22899,-0.15807,-0.14827,-0.23848,-0.089078,-0.13728,-0.042,-0.15124,-0.14323,0.031925,-0.076634,-0.086005,0.086497,0.058859,0.051571,-0.0021106,0.039916,-0.24627,-0.39784,-0.071901,-0.35755,-0.036113,0.17672,-0.074536,-0.2203,0.014781,-0.15667,-0.0076594,0.098444,-0.047788,-0.032177,-0.11838,-0.056841,0.0054094,-0.025872,-0.46549,-0.24705,-0.57702,-0.43052,-0.29637,-0.21055
-0.30399,-0.30464,-0.21886,-0.41703,0.019374,0.20992,-0.2801,-0.42971,-0.42882,-0.50525,-0.7465,-0.63066,-0.28738,-0.29835,0.13472,0.13092,0.14756,0.044516,-0.57986,-0.44195,0,0.49876,0.12455,0.065795,-0.49746,-0.60164,0.33705,0.15311,-0.28868,-0.39337,-0.49426,-0.49803,-0.22122,-0.11211,-0.85466,-0.48811,-0.63248,-0.61011,-0.45853,-0.54584,0.39117,0.004427,-0.51768,-0.0016261,-0.4022,-0.25224,-0.34051,-0.3432,0.11559,-0.51366,-0.30149,-0.13231,0.27582,0.49039,0.097036,0.42336,-0.085169,-0.0077191,-0.013686,-0.37042,-0.081067,0.081452,0.0066173,-0.065503,-0.22656,-0.31878,-0.36199,-0.71313,-0.22975,-0.53657,-0.27477,-0.42944,-0.49039,-0.34771,-0.4489,-0.65698,-0.67292,-0.34011,-0.45239,-0.68517,-0.90527,-0.074775,-0.12538,-0.49475,-0.5907,-0.8099,-0.73996,-0.25978,-0.046341,-0.52007,-0.45488,-0.09099,-0.11379,-0.30952,-0.24024,-0.24487,-0.12972,-0.2441,0.065045,0.26374,0.17336,0.10159,0.2431,-0.2621,-0.19121
-0.34853,-0.17992,-0.37854,-0.66138,-0.0032987,0.28735,-0.363,-0.45499,-0.40552,-0.44323,-0.68237,-0.51701,-0.17076,-0.2043,-0.073521,0.1516,0.072134,0.13654,-0.45576,-0.291,0.49876,0,0.067819,0.21817,-0.31245,-0.43301,0.15689,0.26193,-0.25944,-0.37551,-0.2812,-0.28418,-0.082946,-0.062005,-0.67137,-0.3941,-0.59873,-0.62592,-0.46185,-0.44853,0.35681,0.14934,-0.36026,0.18119,-0.21705,-0.18346,-0.23725,-0.26068,0.10182,-0.44612,-0.27637,-0.21865,-0.055129,0.16928,-0.20352,0.36993,0.03766,0.12134,0.090758,-0.54753,-0.09778,-0.077483,-0.11705,-0.14461,-0.29392,-0.25478,-0.29247,-0.64404,-0.26421,-0.44537,-0.26395,-0.34013,-0.38662,-0.21093,-0.29029,-0.82791,-0.76634,-0.30121,-0.44761,-0.64033,-0.81394,-0.23839,-0.26593,-0.4371,-0.71076,-0.6394,-0.51492,-0.15181,-0.031633,-0.37157,-0.40603,-0.15528,-0.102,-0.38614,-0.20643,-0.31966,-0.19628,-0.30329,0.049056,0.37537,0.30836,0.07664,0.15102,-0.36708,-0.2309
-0.087227,-0.016002,-0.20494,-0.32867,0.0032589,0.059317,-0.12917,-0.038728,-0.15034,-0.15104,-0.19533,-0.16455,0.040368,-0.036339,-0.17142,-0.064906,0.11892,-0.032456,-0.094209,-0.18791,0.12455,0.067819,0,0.30949,-0.047689,-0.11044,0.13969,0.47566,0.075658,-0.067965,-0.16553,-0.19178,0.068151,0.046301,-0.45119,-0.20143,-0.15811,-0.17666,-0.0054293,-0.037082,0.21961,0.26414,-0.44658,0.010049,-0.25841,-0.22071,-0.47487,-0.45842,-0.094707,-0.085906,-0.04283,-0.37752,-0.14901,-0.064534,-0.1906,-0.081233,-0.21026,-0.17543,-0.17911,-0.31149,0.032954,-0.292,-0.18486,-0.3602,-0.26457,-0.45041,-0.42697,-0.72806,0.0034315,-0.48112,-0.039438,-0.41618,-0.47835,-0.29509,-0.47037,-0.26513,-0.31835,-0.045731,-0.13763,-0.28111,-0.49458,-0.093426,-0.29102,-0.33119,-0.62409,-0.36838,-0.31513,-0.36376,-0.23143,-0.46243,-0.51624,-0.27057,-0.16077,-0.52005,-0.40952,-0.31314,-0.23133,-0.14228,-0.025215,-0.17543,-0.13051,0.11719,0.17037,-0.34297,-0.26965
-0.22589,0.12015,-0.47516,-0.61444,-0.14062,0.25145,-0.39992,-0.024704,-0.12698,-0.035509,-0.18554,-0.13083,0.17971,0.073839,-0.43637,-0.1038,-0.1051,-0.047105,-0.091773,0.0084492,0.065795,0.21817,0.30949,0,0.058116,-0.028142,0.13466,0.44075,0.13673,0.08412,-0.070886,-0.024199,0.26266,0.27301,-0.38507,-0.012352,-0.13962,-0.16642,-0.11923,-0.012286,0.13879,0.46564,-0.49381,0.11538,-0.13024,-0.12499,-0.4985,-0.46392,-0.050005,-0.09859,0.0084227,-0.48632,-0.29099,-0.051498,-0.27033,-0.061149,-0.19213,-0.16529,-0.13845,-0.53468,0.036432,-0.44516,-0.33345,-0.59628,-0.47766,-0.51637,-0.48141,-0.4605,-0.028467,-0.56502,-0.19527,-0.49731,-0.50409,-0.17758,-0.42569,-0.3813,-0.26656,0.092815,-0.065602,-0.22502,-0.46686,-0.35664,-0.56924,-0.26016,-0.66202,-0.2661,-0.24611,-0.34058,-0.28922,-0.43599,-0.46343,-0.12253,0.083523,-0.34862,-0.11109,-0.098006,0.0023761,-0.047914,0.098039,-0.15809,-0.023901,-0.0063386,0.12078,-0.41241,-0.099074
-0.088362,0.17967,-0.40088,-0.38912,-0.23,-0.19666,-0.1952,0.18269,0.046726,0.093844,0.29436,0.23013,0.13547,0.048326,-0.80692,-0.39231,-0.29914,-0.18239,0.25162,0.21037,-0.49746,-0.31245,-0.047689,0.058116,0,0.42754,-0.30118,-0.072226,0.18578,0.088275,0.33672,0.3996,0.23321,0.021544,-0.04429,0.038868,0.35367,0.28063,0.13034,0.42701,-0.2309,0.041569,-0.22407,-0.16022,0.11227,-0.072419,-0.39984,-0.41704,-0.20754,0.10569,-0.091481,-0.52193,-0.64866,-0.53671,-0.64677,-0.52001,-0.24075,-0.39943,-0.43979,-0.47907,-0.19938,-0.88386,-0.67547,-0.79938,-0.4857,-0.46767,-0.39561,-0.37057,-0.09474,-0.27841,-0.10135,-0.28916,-0.32791,-0.00065709,-0.21121,-0.061282,-0.023741,0.15201,0.071822,0.16875,-0.0041483,-0.413,-0.61842,-0.22823,-0.465,0.15334,0.19722,-0.32609,-0.46941,-0.13619,-0.26363,-0.2613,-0.11298,-0.41698,-0.25687,-0.29754,-0.32417,-0.11587,-0.20216,-0.56784,-0.41404,-0.36586,-0.37985,-0.47847,-0.27359
0.0080311,0.21538,-0.34734,-0.35329,-0.21012,-0.18946,-0.1951,0.29722,0.09634,0.45887,0.41705,0.35008,0.029881,-0.064474,-0.73335,-0.63486,-0.43479,-0.4328,0.21157,0.072691,-0.60164,-0.43301,-0.11044,-0.028142,0.42754,0,-0.26971,-0.15104,0.30085,0.40504,0.32631,0.46962,0.11407,-0.12664,0.22289,0.18313,0.47201,0.30677,0.2576,0.61769,-0.31734,0.067813,-0.099227,-0.04506,0.018684,-0.14197,-0.48943,-0.43899,-0.34004,0.16176,-0.0055023,-0.67705,-0.70371,-0.64398,-0.5725,-0.56067,-0.29616,-0.50245,-0.44232,-0.43093,-0.35741,-0.77417,-0.57401,-0.71048,-0.43529,-0.45987,-0.38523,-0.11472,-0.010221,-0.21568,-0.044058,-0.23707,-0.24508,-0.13803,-0.27674,0.036492,0.11178,0.071715,0.015332,0.46876,0.085601,-0.47225,-0.61624,-0.16095,-0.42073,0.28555,0.11774,-0.50188,-0.60291,-0.19285,-0.30672,-0.47472,-0.30364,-0.42393,-0.36002,-0.34929,-0.43176,-0.19586,-0.4205,-0.66159,-0.5723,-0.41773,-0.47072,-0.45409,-0.4138
-0.047702,-0.085753,-0.1541,-0.32849,0.14788,0.22272,-0.20794,-0.228,-0.16879,-0.1888,-0.40502,-0.36789,-0.26664,-0.24952,-0.039193,-0.050655,-0.045279,-0.11494,-0.45554,-0.23041,0.33705,0.15689,0.13969,0.13466,-0.30118,-0.26971,0,0.31532,0.04966,-0.031912,-0.2572,-0.22246,-0.18434,-0.15844,-0.53957,-0.27029,-0.3282,-0.31046,-0.17832,-0.24494,0.31678,0.13226,-0.37441,0.080397,-0.16949,-0.11012,-0.49805,-0.5123,0.19513,-0.35123,-0.21407,-0.19671,0.098225,0.16465,-0.016135,0.13444,-0.13026,-0.22413,-0.19372,-0.38439,-0.10238,-0.0073607,0.032416,-0.21828,-0.22007,-0.3947,-0.45495,-0.37824,0.14373,-0.40279,-0.13006,-0.34727,-0.43268,-0.19401,-0.46366,-0.34816,-0.33187,-0.28842,-0.37486,-0.36191,-0.57721,-0.075538,-0.15004,-0.49275,-0.67862,-0.57747,-0.56207,-0.50094,-0.34084,-0.44751,-0.39678,-0.2186,-0.19217,-0.27322,-0.24624,-0.26051,-0.15547,-0.11699,0.017575,-0.068556,-0.034155,-0.14594,-0.093844,-0.40222,-0.38144
-0.14251,0.045319,-0.32414,-0.49943,-0.019029,0.10375,-0.29576,-0.19557,-0.16477,-0.20127,-0.26631,-0.198,0.052527,0.0087744,-0.22472,0.060698,-0.031534,-0.016507,-0.14565,-0.10771,0.15311,0.26193,0.47566,0.44075,-0.072226,-0.15104,0.31532,0,0.047861,-0.069618,-0.13919,-0.13283,0.053682,0.05633,-0.5057,-0.18032,-0.25832,-0.25614,-0.10282,-0.08795,0.22661,0.30827,-0.44762,0.040188,-0.092981,-0.097428,-0.46482,-0.4923,0.03018,-0.14001,-0.082999,-0.34062,-0.17378,-0.022985,-0.24294,-0.023841,-0.22154,-0.17361,-0.19032,-0.46019,0.049972,-0.20048,-0.12315,-0.40358,-0.37086,-0.47026,-0.48613,-0.51697,0.092344,-0.49787,-0.16711,-0.39624,-0.45823,-0.12295,-0.40246,-0.34901,-0.35731,-0.12134,-0.22026,-0.38088,-0.56168,-0.1948,-0.33662,-0.34268,-0.72886,-0.42927,-0.31019,-0.37547,-0.32979,-0.40274,-0.43937,-0.28545,-0.1719,-0.47138,-0.25065,-0.28952,-0.13987,-0.11115,0.12092,-0.10814,-0.012246,0.042731,0.067036,-0.49104,-0.32321
0.012551,0.072877,-0.32679,-0.36349,-0.10815,-0.065954,-0.17421,0.11013,-0.039452,0.19439,0.073461,-0.073169,-0.10318,-0.18404,-0.48192,-0.37958,-0.17599,-0.19006,-0.14196,0.029303,-0.28868,-0.25944,0.075658,0.13673,0.18578,0.30085,0.04966,0.047861,0,0.49856,0.23723,0.25845,0.0028806,-0.13665,-0.11825,0.032901,0.17396,0.11073,0.226,0.21044,-0.059058,0.14246,-0.21529,0.016659,-0.025547,-0.13896,-0.60663,-0.62407,-0.21158,-0.12386,-0.17731,-0.41246,-0.41092,-0.3771,-0.46801,-0.27043,-0.19248,-0.32464,-0.26807,-0.43544,-0.1579,-0.52152,-0.38212,-0.55179,-0.29071,-0.47488,-0.47324,-0.25302,0.18027,-0.23668,-0.016281,-0.31872,-0.35753,-0.18925,-0.40617,-0.14864,-0.068974,-0.13344,-0.2096,0.045226,-0.2553,-0.2413,-0.40368,-0.49249,-0.7688,-0.17043,-0.21011,-0.60147,-0.48406,-0.40232,-0.43033,-0.29348,-0.17012,-0.44479,-0.46112,-0.38488,-0.33986,-0.093671,-0.27928,-0.47153,-0.31403,-0.31473,-0.35441,-0.38782,-0.35022
0.095291,0.22323,-0.3617,-0.35875,-0.18637,-0.095749,-0.21329,0.33798,0.06458,0.54542,0.20571,0.098616,-0.086258,-0.17658,-0.58497,-0.54319,-0.42067,-0.45843,-0.068337,-0.043235,-0.39337,-0.37551,-0.067965,0.08412,0.088275,0.40504,-0.031912,-0.069618,0.49856,0,0.042717,0.19144,-0.02027,-0.11738,0.045113,0.3055,0.28526,0.25317,0.30615,0.35477,-0.19238,0.13332,-0.27544,-0.030677,-0.095755,-0.13112,-0.71048,-0.66841,-0.27264,-0.025228,-0.043633,-0.57747,-0.46493,-0.39729,-0.35105,-0.41589,-0.36046,-0.5315,-0.43253,-0.39067,-0.27772,-0.57467,-0.39178,-0.71312,-0.4172,-0.60418,-0.57716,-0.020337,0.16371,-0.37844,-0.17202,-0.40904,-0.41471,-0.19247,-0.48798,0.019089,0.12151,-0.034812,-0.085839,0.22196,-0.10698,-0.4018,-0.55321,-0.29621,-0.49667,-0.041396,-0.18782,-0.72057,-0.70588,-0.36548,-0.32882,-0.43478,-0.2759,-0.30693,-0.28586,-0.21155,-0.25426,-0.17784,-0.34582,-0.56464,-0.45261,-0.36845,-0.37461,-0.45883,-0.35473
-0.195,-0.037693,-0.40929,-0.42009,-0.21523,-0.18915,-0.28403,-0.11911,-0.075923,0.093413,0.067494,0.062038,-0.084074,-0.047728,-0.66312,-0.43153,-0.32326,-0.28543,-0.017509,0.13345,-0.49426,-0.2812,-0.16553,-0.070886,0.33672,0.32631,-0.2572,-0.13919,0.23723,0.042717,0,0.81051,0.028056,-0.20546,-0.050954,-0.14099,0.11131,0.045312,-0.070501,0.11881,-0.30493,-0.073713,0.097926,-0.035184,0.26254,-0.050987,-0.21706,-0.2049,-0.22693,-0.07293,-0.1611,-0.47928,-0.67095,-0.63749,-0.76166,-0.45657,-0.12951,-0.29277,-0.28729,-0.58118,-0.28638,-0.65034,-0.54364,-0.4817,-0.29207,-0.1732,-0.11457,-0.26544,-0.088249,0.032868,0.13858,0.066678,0.035722,0.0076793,0.010208,-0.25486,-0.10663,-0.11551,-0.14009,0.11018,-0.047941,-0.45132,-0.49851,-0.3544,-0.62714,0.081631,0.11789,-0.26099,-0.31734,-0.06908,-0.26054,-0.30244,-0.16842,-0.47821,-0.43403,-0.43894,-0.4495,-0.14988,-0.28299,-0.49402,-0.36128,-0.52688,-0.56165,-0.54209,-0.50743
-0.081193,0.15436,-0.4236,-0.46254,-0.19177,-0.11149,-0.26577,0.018345,-0.027783,0.20457,0.13139,0.16233,-0.019507,-0.036107,-0.74788,-0.51794,-0.39715,-0.34551,0.0081107,0.11952,-0.49803,-0.28418,-0.19178,-0.024199,0.3996,0.46962,-0.22246,-0.13283,0.25845,0.19144,0.81051,0,0.12193,-0.12033,0.0066439,-0.013918,0.20657,0.14727,0.0051439,0.24386,-0.27497,0.025978,0.049686,0.0376,0.28944,0.037129,-0.27844,-0.28431,-0.17917,-0.020967,-0.10476,-0.54421,-0.64017,-0.57399,-0.67478,-0.4586,-0.15361,-0.36541,-0.33737,-0.6118,-0.3429,-0.72839,-0.60775,-0.59231,-0.40762,-0.27378,-0.21377,-0.20291,-0.096359,-0.10545,-0.01798,-0.018233,-0.046308,0.082687,-0.018817,-0.18582,-0.065218,-0.024545,-0.091109,0.20034,-0.015604,-0.52295,-0.59965,-0.30931,-0.57785,0.13936,0.12397,-0.32227,-0.43289,-0.020489,-0.16618,-0.36975,-0.21272,-0.45024,-0.3428,-0.38394,-0.41841,-0.21573,-0.30292,-0.52751,-0.42279,-0.51897,-0.53201,-0.62488,-0.51356
-0.18582,0.23078,-0.46565,-0.55467,-0.23402,0.065145,-0.40342,0.085355,-0.19346,-0.10001,0.060074,0.14277,0.63031,0.30601,-0.62035,-0.29213,-0.27448,-0.23993,0.13409,0.015956,-0.22122,-0.082946,0.068151,0.26266,0.23321,0.11407,-0.18434,0.053682,0.0028806,-0.02027,0.028056,0.12193,0,0.57004,-0.19871,0.025666,0.13872,0.020642,-0.12598,0.19626,-0.16282,0.29047,-0.40735,0.017409,-0.083072,-0.060764,-0.39085,-0.36195,-0.14694,0.20442,0.19768,-0.59392,-0.42003,-0.2741,-0.31443,-0.29316,-0.25876,-0.26513,-0.24481,-0.57057,-0.15109,-0.78325,-0.69958,-0.74837,-0.67985,-0.48781,-0.39741,-0.51064,-0.31392,-0.61127,-0.30374,-0.37463,-0.37573,-0.14859,-0.23487,-0.22097,-0.16323,0.50486,0.23299,0.047562,-0.18033,-0.52905,-0.77727,-0.14691,-0.48298,0.075054,0.070414,-0.2586,-0.31511,-0.22737,-0.32897,-0.20174,-0.06699,-0.35378,-0.089842,-0.12547,-0.10754,-0.070972,-0.10766,-0.4516,-0.44451,-0.13282,-0.11321,-0.38365,-0.15777
-0.33424,0.049175,-0.61537,-0.6375,-0.38657,-0.041144,-0.57328,-0.026668,-0.22345,-0.1866,-0.044337,-0.00087612,0.71174,0.43185,-0.61048,-0.26473,-0.3365,-0.26773,0.097189,-0.14261,-0.11211,-0.062005,0.046301,0.27301,0.021544,-0.12664,-0.15844,0.05633,-0.13665,-0.11738,-0.20546,-0.12033,0.57004,0,-0.37091,-0.056642,-0.035111,-0.071145,-0.25241,-0.021299,-0.19717,0.08957,-0.69328,-0.18375,-0.2245,-0.095915,-0.46769,-0.42932,-0.18258,0.16705,0.28672,-0.63625,-0.36268,-0.18584,-0.17966,-0.2915,-0.42701,-0.35044,-0.3202,-0.62322,-0.16375,-0.6304,-0.61429,-0.78763,-0.87588,-0.6187,-0.5137,-0.52368,-0.32563,-0.82742,-0.44925,-0.52581,-0.51384,-0.16294,-0.31908,-0.25161,-0.20703,0.46437,0.25094,-0.13799,-0.31926,-0.60684,-0.88079,-0.15829,-0.43345,-0.053032,-0.049872,-0.28621,-0.34321,-0.34235,-0.32432,-0.16639,-0.0071682,-0.35646,0.014423,0.090432,0.13006,0.0078585,0.030385,-0.39728,-0.37323,-0.012591,0.09553,-0.42794,-0.052023
-0.12943,-0.1088,-0.36775,-0.31119,-0.41051,-0.39059,-0.20074,0.11851,-0.21316,0.073488,0.1394,0.15002,-0.27074,-0.33073,-0.6596,-0.76516,-0.67249,-0.57798,-0.068204,-0.16413,-0.85466,-0.67137,-0.45119,-0.38507,-0.04429,0.22289,-0.53957,-0.5057,-0.11825,0.045113,-0.050954,0.0066439,-0.19871,-0.37091,0,0.33924,0.15208,0.076288,0.12803,0.21248,-0.53204,-0.19624,-0.0034912,-0.20302,-0.33494,-0.51697,-0.43021,-0.43344,-0.68398,-0.040547,-0.11849,-0.66429,-0.74468,-0.8006,-0.54039,-0.60704,-0.26673,-0.42924,-0.35259,-0.36062,-0.58868,-0.58516,-0.39971,-0.56377,-0.36803,-0.35004,-0.35618,0.10647,-0.2494,-0.15161,-0.21263,-0.33851,-0.30031,-0.42895,-0.34847,-0.049905,0.031918,-0.19801,-0.14733,0.32613,0.28151,-0.5587,-0.54194,-0.11597,-0.15775,0.18683,0.0151,-0.53693,-0.60465,-0.18447,-0.35587,-0.65976,-0.61149,-0.31521,-0.35716,-0.41346,-0.53365,-0.48765,-0.84151,-0.72082,-0.73761,-0.42002,-0.64614,-0.35757,-0.51447
-0.077045,0.13306,-0.49561,-0.4819,-0.37824,-0.16404,-0.28258,0.35413,-0.17791,0.13042,0.14876,0.1603,-0.054591,-0.17788,-0.70353,-0.51153,-0.577,-0.43871,-0.041045,-0.082229,-0.48811,-0.3941,-0.20143,-0.012352,0.038868,0.18313,-0.27029,-0.18032,0.032901,0.3055,-0.14099,-0.013918,0.025666,-0.056642,0.33924,0,0.2069,0.17744,0.27254,0.38606,-0.28491,0.1192,-0.32046,-0.10144,-0.33438,-0.41391,-0.6514,-0.68348,-0.49077,-0.0023629,0.012471,-0.68865,-0.57108,-0.45537,-0.37781,-0.43173,-0.31567,-0.40273,-0.32956,-0.4592,-0.35205,-0.59304,-0.36779,-0.85363,-0.54701,-0.61744,-0.63522,-0.014655,-0.11764,-0.49295,-0.36185,-0.63834,-0.5921,-0.36595,-0.53908,-0.075505,0.035503,-0.014423,-0.027438,0.1696,0.0040421,-0.5613,-0.7086,-0.14571,-0.30769,0.011701,-0.10172,-0.63278,-0.6859,-0.32296,-0.40755,-0.51851,-0.4219,-0.25407,-0.13247,-0.1883,-0.2243,-0.34659,-0.48001,-0.60522,-0.53697,-0.22031,-0.34955,-0.43864,-0.32736
0.017861,0.14307,-0.35655,-0.25508,-0.32173,-0.29869,-0.20135,0.42502,0.035861,0.263,0.81535,0.39654,0.057777,-0.01891,-0.79586,-0.60075,-0.5029,-0.51631,0.17317,0.033472,-0.63248,-0.59873,-0.15811,-0.13962,0.35367,0.47201,-0.3282,-0.25832,0.17396,0.28526,0.11131,0.20657,0.13872,-0.035111,0.15208,0.2069,0,0.82484,0.27335,0.69442,-0.41778,-0.063326,-0.26306,-0.24962,-0.080264,-0.14805,-0.5443,-0.51339,-0.36759,0.18548,0.0095178,-0.58669,-0.61331,-0.62287,-0.44991,-0.69339,-0.42208,-0.61416,-0.57503,-0.38613,-0.32306,-0.93284,-0.69845,-0.86779,-0.5011,-0.55248,-0.47031,-0.18867,-0.12198,-0.3718,-0.20824,-0.34422,-0.34983,-0.17017,-0.33029,0.23905,0.30377,0.18298,0.20465,0.61205,0.21659,-0.46284,-0.65315,-0.22103,-0.33862,0.29448,0.11252,-0.52709,-0.63627,-0.19673,-0.25733,-0.37861,-0.28234,-0.27036,-0.25066,-0.18381,-0.27292,-0.075804,-0.37777,-0.94267,-0.81113,-0.49159,-0.54049,-0.42675,-0.33619
-0.016381,0.049959,-0.35307,-0.22156,-0.38131,-0.35181,-0.19675,0.40059,-0.0010022,0.21926,0.57668,0.35547,-0.030405,-0.06099,-0.83899,-0.64598,-0.55317,-0.55396,0.16331,-0.036525,-0.61011,-0.62592,-0.17666,-0.16642,0.28063,0.30677,-0.31046,-0.25614,0.11073,0.25317,0.045312,0.14727,0.020642,-0.071145,0.076288,0.17744,0.82484,0,0.32869,0.57542,-0.41755,-0.1242,-0.31185,-0.33433,-0.1252,-0.176,-0.58418,-0.54946,-0.37492,0.072963,-0.04502,-0.61421,-0.54644,-0.56449,-0.38262,-0.72728,-0.46856,-0.72692,-0.67831,-0.40254,-0.35758,-0.77297,-0.59523,-0.93277,-0.53246,-0.61025,-0.52335,-0.16663,-0.04125,-0.38341,-0.20838,-0.38311,-0.39405,-0.15426,-0.37559,0.28089,0.36316,0.1119,0.17501,0.43238,0.18626,-0.46822,-0.65178,-0.22482,-0.27648,0.22524,0.025514,-0.5753,-0.73269,-0.22591,-0.26781,-0.38532,-0.29927,-0.29115,-0.23005,-0.17429,-0.2569,-0.08047,-0.31981,-0.97086,-0.77611,-0.48448,-0.5376,-0.54615,-0.37137
0.22442,0.096725,-0.21899,-0.22849,-0.16938,-0.24916,0.079687,0.41367,-0.091966,0.12882,0.16405,0.0842,-0.20676,-0.32714,-0.48432,-0.50813,-0.30363,-0.31828,-0.05706,-0.15272,-0.45853,-0.46185,-0.0054293,-0.11923,0.13034,0.2576,-0.17832,-0.10282,0.226,0.30615,-0.070501,0.0051439,-0.12598,-0.25241,0.12803,0.27254,0.27335,0.32869,0,0.50367,-0.12361,0.079819,-0.22254,-0.13098,-0.25959,-0.3436,-0.71048,-0.79614,-0.41175,-0.11618,-0.21316,-0.48465,-0.40848,-0.4444,-0.39833,-0.4105,-0.25683,-0.46968,-0.41844,-0.28618,-0.3139,-0.48052,-0.28792,-0.62126,-0.31956,-0.61485,-0.64841,-0.21029,0.11186,-0.33629,-0.17869,-0.50636,-0.56014,-0.31761,-0.58823,0.097521,0.0018717,-0.17847,-0.18785,0.095603,-0.081426,-0.22837,-0.37734,-0.35296,-0.41377,-0.13112,-0.2247,-0.76395,-0.74646,-0.35783,-0.41966,-0.58765,-0.51172,-0.44323,-0.45485,-0.48115,-0.48431,-0.35219,-0.47174,-0.58762,-0.51816,-0.23339,-0.40748,-0.47103,-0.47503
0.10868,0.30859,-0.31746,-0.3018,-0.22271,-0.18665,-0.13066,0.54827,0.024458,0.25377,0.53685,0.52743,0.08795,-0.020257,-0.71715,-0.52835,-0.44164,-0.41659,0.23027,0.068549,-0.54584,-0.44853,-0.037082,-0.012286,0.42701,0.61769,-0.24494,-0.08795,0.21044,0.35477,0.11881,0.24386,0.19626,-0.021299,0.21248,0.38606,0.69442,0.57542,0.50367,0,-0.27022,0.14283,-0.23412,-0.11333,-0.081777,-0.18473,-0.57686,-0.57577,-0.33644,0.20526,0.050728,-0.63338,-0.56394,-0.52687,-0.43633,-0.54964,-0.32601,-0.51778,-0.48104,-0.38655,-0.27871,-0.75071,-0.51241,-0.85873,-0.49585,-0.57438,-0.52799,-0.18612,0.0032722,-0.38367,-0.16774,-0.39474,-0.41788,-0.17367,-0.3914,0.18198,0.19914,0.1669,0.14628,0.44672,0.15074,-0.4312,-0.62426,-0.14134,-0.35111,0.2148,0.096406,-0.55935,-0.68534,-0.20395,-0.32286,-0.47033,-0.34785,-0.34125,-0.24123,-0.27877,-0.31934,-0.18088,-0.35218,-0.74253,-0.6503,-0.32717,-0.43197,-0.47918,-0.38925
0.012007,-0.054512,-0.11636,-0.37531,0.2971,0.32436,0.031268,-0.19164,-0.29816,-0.33393,-0.5499,-0.47094,-0.31557,-0.41117,0.044284,0.041496,0.31306,0.26065,-0.51646,-0.28065,0.39117,0.35681,0.21961,0.13879,-0.2309,-0.31734,0.31678,0.22661,-0.059058,-0.19238,-0.30493,-0.27497,-0.16282,-0.19717,-0.53204,-0.28491,-0.41778,-0.41755,-0.12361,-0.27022,0,0.29139,-0.31081,0.24259,-0.26354,-0.22027,-0.41651,-0.509,0.11922,-0.49639,-0.39859,-0.095045,0.13554,0.24973,-0.14973,0.45137,0.16954,0.03993,0.023496,-0.31332,-0.064673,-0.082143,-0.030797,-0.14269,-0.12993,-0.35607,-0.44878,-0.65378,-0.074835,-0.4097,-0.20046,-0.44379,-0.55657,-0.27725,-0.49616,-0.50936,-0.61061,-0.35344,-0.50908,-0.50791,-0.69785,0.06233,-0.063525,-0.55698,-0.69382,-0.7222,-0.64292,-0.37449,-0.19847,-0.42549,-0.42458,-0.22421,-0.21167,-0.3739,-0.35259,-0.47517,-0.34745,-0.38177,-0.095364,0.20747,0.1658,0.068131,0.045956,-0.29722,-0.28022
0.049321,0.31476,-0.29565,-0.52059,0.05566,0.39117,-0.15911,0.11324,-0.21376,-0.054757,-0.18231,-0.078532,0.047848,-0.12619,-0.32535,-0.18157,-0.071105,-0.078771,-0.17775,-0.084578,0.004427,0.14934,0.26414,0.46564,0.041569,0.067813,0.13226,0.30827,0.14246,0.13332,-0.073713,0.025978,0.29047,0.08957,-0.19624,0.1192,-0.063326,-0.1242,0.079819,0.14283,0.29139,0,-0.29278,0.4578,-0.16875,-0.17658,-0.5176,-0.54256,-0.062762,-0.13413,-0.061799,-0.44021,-0.20879,-0.060638,-0.23998,0.02554,-0.012923,-0.11454,-0.060432,-0.46019,-0.10827,-0.42207,-0.29285,-0.4984,-0.3915,-0.4847,-0.50417,-0.44944,-0.081957,-0.53762,-0.22393,-0.47277,-0.5182,-0.26045,-0.46497,-0.32755,-0.31106,-0.0015465,-0.16777,-0.12793,-0.37516,-0.27643,-0.44477,-0.30741,-0.6385,-0.27073,-0.29131,-0.44911,-0.36464,-0.36125,-0.45251,-0.32832,-0.22135,-0.36498,-0.22164,-0.33559,-0.26068,-0.28757,-0.17442,-0.17544,-0.18453,0.015451,-0.047874,-0.39478,-0.28503
-0.11572,-0.24217,-0.12705,-0.2159,-0.083291,-0.23603,-0.041715,-0.33801,-0.26371,-0.16998,-0.31013,-0.22196,-0.56405,-0.48898,-0.25735,-0.42334,-0.26742,-0.30205,-0.45267,-0.16106,-0.51768,-0.36026,-0.44658,-0.49381,-0.22407,-0.099227,-0.37441,-0.44762,-0.21529,-0.27544,0.097926,0.049686,-0.40735,-0.69328,-0.0034912,-0.32046,-0.26306,-0.31185,-0.22254,-0.23412,-0.31081,-0.29278,0,0.023137,-0.04443,-0.27071,0.10333,0.010188,-0.29296,-0.40893,-0.45699,-0.20569,-0.43577,-0.5605,-0.69771,-0.29876,0.16569,-0.080589,-0.073441,-0.30917,-0.43723,-0.32546,-0.25874,0.0088209,0.12841,0.29666,0.21282,-0.20891,-0.32691,0.43112,0.069791,0.30788,0.26736,-0.19325,0.10839,-0.37026,-0.33665,-0.52538,-0.50881,-0.15511,-0.083795,-0.23615,-0.094694,-0.38648,-0.40535,-0.22453,-0.15508,-0.142,-0.14119,0.12542,-0.13172,-0.50553,-0.5129,-0.38519,-0.60685,-0.7316,-0.76694,-0.60157,-0.59786,-0.28215,-0.31536,-0.62413,-0.70837,-0.45032,-0.86777
