,,,,,,,,,,,,,,,,,,,,,,,,,,,,,,,,,,,,,,,,,,,,,,,,,,,,,,,,,,,,,,,,,,,,,,,,,,,,,,,,,,,,,,,,,,,,,,,,,,,,,,,,
0,0.21159,-0.47947,-0.50645,0.034506,-0.042606,0.14934,-0.010464,-0.29595,-0.26524,-0.57354,-0.10773,-0.71632,-0.56398,-0.34486,-0.42891,-0.11269,-0.43691,-0.44052,-0.32178,-0.049122,-0.14078,-0.14585,-0.022679,-0.5217,-0.30098,-0.17788,-0.077192,-0.16591,-0.1698,-0.46945,-0.3724,-0.62564,-0.67165,-0.58242,-0.27339,-0.60443,-0.47356,-0.0012098,-0.17973,0.11258,0.10503,-0.27016,0.19401,-0.18874,-0.24364,-0.38235,-0.39099,-0.16691,-0.68043,-0.67668,-0.035612,-0.10937,-0.070001,-0.33131,-0.094381,-0.10622,-0.14838,-0.11296,-0.25728,-0.1963,-0.2972,-0.30323,-0.17001,-0.30906,-0.31524,-0.35048,-0.12669,-0.22274,-0.21127,-0.38158,-0.22042,-0.32681,-0.20967,-0.35117,-0.39538,-0.29037,-0.51603,-0.5281,-0.56328,-0.50386,-0.26966,-0.42726,-0.26072,-0.52761,-0.53606,-0.4431,-0.39323,-0.24306,-0.23516,-0.23746,-0.36431,-0.2395,-0.17131,-0.059623,-0.45506,-0.2592,-0.47492,-0.23996,-0.29736,-0.32894,-0.3803,-0.33612,-0.12863,-0.22401
0.21159,0,-0.53268,-0.53048,-0.20468,0.29444,-0.10346,0.29961,-0.32766,-0.16666,-0.61153,-0.1205,-0.57287,-0.45399,-0.34974,-0.28657,-0.20736,-0.38509,-0.43728,-0.33581,-0.010169,-0.027745,-0.086097,0.25704,-0.49956,-0.34483,-0.15241,-0.15376,0.03633,0.076179,-0.43015,-0.29779,-0.45164,-0.38415,-0.57066,0.051676,-0.69579,-0.34361,-0.14109,-0.15687,0.046463,0.20044,-0.54682,0.099625,-0.24759,-0.3757,-0.48003,-0.47333,-0.0096229,-0.64724,-0.50704,-0.086987,-0.21271,0.1395,-0.33642,-0.083266,-0.22305,-0.24081,-0.22221,-0.28488,-0.077162,-0.28862,-0.096131,-0.28263,-0.1612,-0.36889,-0.43007,-0.12536,-0.22767,-0.28659,-0.43546,-0.41329,-0.47922,-0.38089,-0.48903,-0.47466,-0.23164,-0.52926,-0.49114,-0.63958,-0.58872,-0.32933,-0.46677,-0.26543,-0.52373,-0.56627,-0.37687,-0.50458,-0.3348,-0.27553,-0.48615,-0.4658,-0.16302,-0.25687,-0.093712,-0.47897,-0.25621,-0.50623,-0.20539,-0.17066,-0.094449,-0.19803,-0.15389,-0.093908,-0.011392
-0.47947,-0.53268,0,0.74122,-0.1988,-0.44701,-0.25897,-0.24662,0.19625,0.08108,0.19042,0.017662,-0.18201,-0.078132,-0.19944,-0.28865,-0.45222,-0.44625,-0.071051,-0.28583,-0.84011,-0.79831,-0.33933,-0.68423,0.23172,0.13405,-0.47192,-0.54781,-0.40267,-0.34017,-0.15408,-0.13742,-0.23817,-0.25913,0.008407,-0.2202,0.10637,-0.034463,-0.18764,-0.0010194,-0.59235,-0.57559,-0.1188,-0.4861,-0.39582,-0.36003,-0.063375,-0.19406,-0.44824,0.10922,0.071309,-0.2849,-0.42009,-0.55491,-0.46408,-0.66977,-0.39681,-0.51305,-0.52436,-0.010833,-0.16482,-0.58006,-0.48394,-0.47206,-0.22573,-0.18834,-0.1132,-0.4623,-0.31986,-0.11952,-0.014419,-0.27869,-0.17549,-0.39537,-0.096524,0.1223,0.072384,0.053568,0.16459,0.23795,0.3509,0.076492,0.30199,0.059899,0.085243,0.10513,-0.12499,-0.12329,-0.38858,-0.12986,-0.30384,-0.25433,-0.32312,-0.28105,-0.35796,-0.083788,-0.19507,0.044363,-0.28769,-0.76031,-0.62617,-0.43303,-0.35443,-0.67767,-0.84993
-0.50645,-0.53048,0.74122,0,-0.17378,-0.46643,-0.21992,-0.17778,0.16044,0.1674,0.31859,0.043798,-0.10762,0.037546,-0.27514,-0.21387,-0.49859,-0.48761,0.084439,-0.29578,-0.8978,-0.83156,-0.2435,-0.67503,0.27039,0.17456,-0.58559,-0.59133,-0.36431,-0.33989,-0.098606,-0.083002,-0.21896,-0.16941,0.043693,-0.12385,0.18894,0.12841,-0.12666,0.036287,-0.6368,-0.6565,-0.10058,-0.49317,-0.45129,-0.38348,-0.033935,-0.14961,-0.47071,0.12897,0.070879,-0.22879,-0.3592,-0.55092,-0.36029,-0.70439,-0.4126,-0.52606,-0.532,0.0094878,-0.14886,-0.62963,-0.4886,-0.44617,-0.17953,-0.14945,-0.045118,-0.55281,-0.42782,-0.12864,-0.060434,-0.23524,-0.11056,-0.49783,-0.0017809,0.16689,0.152,0.17159,0.29201,0.20688,0.34979,0.086017,0.26318,0.074165,0.083886,0.28047,-0.014143,-0.10313,-0.42553,-0.14874,-0.33542,-0.16723,-0.26731,-0.16193,-0.26545,-0.12693,-0.22031,0.14989,-0.30043,-0.82619,-0.64119,-0.43494,-0.30413,-0.72932,-0.79307
0.034506,-0.20468,-0.1988,-0.17378,0,-0.11108,0.23771,-0.072973,-0.003267,-0.19131,-0.25601,0.046665,-0.38192,-0.26186,-0.19586,-0.16551,-0.15875,-0.36924,-0.1082,-0.20523,-0.26458,-0.27448,0.0061103,-0.18174,-0.14005,-0.084697,-0.31525,-0.12899,-0.353,-0.38421,-0.46972,-0.4054,-0.4405,-0.46276,-0.25128,-0.24014,-0.23161,-0.31238,-0.077536,-0.016132,-0.10823,-0.13091,0.038633,0.064278,-0.55205,-0.51434,0.087724,0.055109,-0.36409,-0.24343,-0.24448,-0.050983,-0.027708,-0.20072,-0.24409,-0.14076,0.099564,0.066839,0.039456,0.0542,-0.032596,-0.34457,-0.34144,-0.045456,-0.12997,0.12671,0.10248,-0.35652,-0.39519,-0.050841,-0.16659,-0.11586,-0.086177,-0.4145,0.0097887,-0.17031,-0.14003,-0.18433,-0.19114,-0.25924,-0.15657,-0.15123,-0.20581,-0.093515,-0.22671,-0.14633,-0.035446,0.091667,0.032615,0.10821,-0.25229,-0.16492,-0.19586,0.05748,-0.0010194,-0.51295,-0.35498,-0.26832,-0.19657,-0.37656,-0.35348,-0.3034,-0.13384,-0.30016,-0.41522
-0.042606,0.29444,-0.44701,-0.46643,-0.11108,0,-0.1786,0.10666,-0.21349,-0.22814,-0.69095,-0.1563,-0.54,-0.41801,-0.016538,-0.11067,-0.067526,-0.32594,-0.45175,-0.3449,0.17116,0.12306,0.10528,0.36969,-0.36933,-0.39659,0.027794,-0.020149,0.040316,0.0059322,-0.52321,-0.43528,-0.40282,-0.32894,-0.55049,-0.11887,-0.71174,-0.5048,-0.30318,-0.22884,0.17615,0.26053,-0.58745,0.078666,-0.47243,-0.56899,-0.35893,-0.29792,0.062546,-0.56057,-0.34672,-0.063406,-0.25764,0.20705,-0.3791,0.0024871,-0.16271,-0.13498,-0.15184,-0.14624,0.0027143,-0.04763,0.11603,-0.096899,0.061404,-0.21926,-0.28334,-0.047685,-0.1593,-0.22965,-0.26722,-0.38899,-0.40764,-0.49874,-0.48009,-0.57336,-0.29019,-0.55364,-0.44601,-0.64275,-0.555,-0.26465,-0.33629,-0.2247,-0.3821,-0.57652,-0.31984,-0.36199,-0.18002,-0.26162,-0.59196,-0.37502,-0.10231,-0.33827,-0.14347,-0.51984,-0.28848,-0.55107,-0.19231,0.018165,0.089094,0.10608,0.19945,-0.14736,-0.102
0.14934,-0.10346,-0.25897,-0.21992,0.23771,-0.1786,0,0.089431,-0.13943,-0.19183,-0.35229,-0.036957,-0.57029,-0.33942,-0.28312,-0.31291,-0.11352,-0.48257,-0.14222,-0.26885,-0.3172,-0.41315,-0.024902,-0.27901,-0.27168,-0.034623,-0.39967,-0.25656,-0.27443,-0.25798,-0.32428,-0.17886,-0.65663,-0.55732,-0.4296,-0.19742,-0.418,-0.32563,0.15534,-0.024957,-0.041188,-0.15996,-0.038105,0.17622,-0.22754,-0.19382,-0.14767,-0.11725,-0.48685,-0.46785,-0.50383,-0.10995,-0.14879,-0.27675,-0.32927,-0.28846,-0.085999,-0.17454,-0.17924,-0.1104,-0.25336,-0.38415,-0.3616,-0.11739,-0.21317,-0.14877,-0.13637,-0.27065,-0.38856,-0.09354,-0.29151,0.028844,-0.04992,-0.19294,-0.10998,-0.19579,-0.17805,-0.3059,-0.32746,-0.43277,-0.33786,-0.11263,-0.25384,-0.12864,-0.35221,-0.27171,-0.13622,-0.1311,-0.129,-0.099288,-0.14544,-0.2115,-0.2808,-0.033634,-0.039008,-0.47029,-0.33047,-0.3112,-0.29749,-0.38949,-0.40341,-0.3343,-0.24234,-0.31813,-0.40474
-0.010464,0.29961,-0.24662,-0.17778,-0.072973,0.10666,0.089431,0,-0.17157,0.081325,-0.3004,0.039849,-0.41979,-0.25511,-0.38217,-0.24985,-0.37418,-0.60225,-0.1432,-0.42254,-0.30433,-0.36476,0.11455,-0.073956,-0.31511,-0.1016,-0.4065,-0.40645,0.051191,0.12609,-0.31829,-0.12464,-0.4714,-0.30089,-0.40938,0.32296,-0.41713,-0.059819,0.074171,0.026505,-0.19358,-0.1332,-0.37808,0.01709,-0.36999,-0.42704,-0.28122,-0.27941,-0.29377,-0.40816,-0.32471,-0.1077,-0.16106,-0.022323,-0.24655,-0.31359,-0.31564,-0.35632,-0.34411,-0.11105,-0.10071,-0.4529,-0.22205,-0.29165,-0.050368,-0.25409,-0.23583,-0.27963,-0.39106,-0.24678,-0.37975,-0.28287,-0.27928,-0.50816,-0.30654,-0.16428,0.031902,-0.27205,-0.22501,-0.42499,-0.37515,-0.1738,-0.27757,-0.096616,-0.3607,-0.23376,-0.1821,-0.32412,-0.35324,-0.18567,-0.49625,-0.42113,-0.26139,-0.065193,-0.051419,-0.54807,-0.39071,-0.29854,-0.31311,-0.4073,-0.29465,-0.27502,-0.15042,-0.3466,-0.27046
-0.29595,-0.32766,0.19625,0.16044,-0.003267,-0.21349,-0.13943,-0.17157,0,0.031577,-0.1166,0.13035,-0.23107,0.025866,-0.035004,-0.032167,-0.13464,-0.15922,-0.059629,0.033131,-0.50622,-0.44718,-0.24772,-0.37619,0.38277,0.10618,-0.21254,-0.27882,-0.3868,-0.35737,-0.29676,-0.19705,-0.19622,-0.14302,-0.14203,-0.23074,-0.14318,-0.166,-0.26754,0.10987,-0.24132,-0.30937,-0.046979,-0.19626,-0.42136,-0.49665,0.038363,-0.065887,-0.17542,-0.052106,-0.037337,-0.077346,-0.25883,-0.31888,-0.37592,-0.2767,-0.022986,-0.16754,-0.17932,0.26987,0.13837,-0.42741,-0.20723,-0.25359,-0.014413,0.081086,0.057099,-0.29926,-0.1042,0.1904,0.21112,-0.22,-0.070726,-0.42018,-0.056466,-0.1193,-0.0027082,-0.015524,0.13835,-0.092447,0.15197,0.060354,0.063848,0.29248,0.045437,-0.070228,0.13185,0.025743,-0.15336,0.036361,-0.30268,0.010427,0.028807,-0.18195,-0.1423,-0.1087,0.022015,0.038172,0.030748,-0.43427,-0.2826,-0.18659,-0.10839,-0.40243,-0.55114
-0.26524,-0.16666,0.08108,0.1674,-0.19131,-0.22814,-0.19183,0.081325,0.031577,0,0.051105,-0.044719,-0.24616,-0.099202,-0.43074,-0.3333,-0.54143,-0.6097,-0.13444,-0.3955,-0.55848,-0.64722,-0.14312,-0.34667,0.013461,0.3399,-0.43462,-0.49279,-0.060182,0.047881,0.049926,0.1956,-0.25262,-0.19441,-0.19653,0.040801,-0.047777,0.21251,-0.055496,-0.02083,-0.4743,-0.41934,-0.20875,-0.23148,-0.35578,-0.35462,-0.2451,-0.31035,-0.27164,-0.21129,-0.20129,-0.13141,-0.41718,-0.42737,-0.3925,-0.58163,-0.3941,-0.55329,-0.54513,-0.18387,-0.20193,-0.52915,-0.34758,-0.41874,-0.14367,-0.22728,-0.14948,-0.23672,-0.21937,-0.072316,-0.0072955,-0.24085,-0.13628,-0.55163,-0.082326,-0.12634,-0.079888,-0.059752,0.066274,-0.11073,-0.015395,-0.17202,-0.021045,-0.0017318,-0.12686,-0.031737,-0.097114,-0.31904,-0.53334,-0.23377,-0.44576,-0.25395,-0.14481,-0.2575,-0.33145,-0.31068,-0.22983,-0.004618,-0.1265,-0.71231,-0.52141,-0.31855,-0.16564,-0.74173,-0.59554
-0.57354,-0.61153,0.19042,0.31859,-0.25601,-0.69095,-0.35229,-0.3004,-0.1166,0.051105,0,-0.11863,0.20445,0.13354,-0.58541,-0.36139,-0.82216,-0.46519,0.095517,-0.32301,-1,-0.86538,-0.35988,-0.70983,0.018577,0.055287,-0.82461,-0.6738,-0.45052,-0.41945,0.0096905,-0.045241,-0.047832,-0.082277,0.13538,-0.11432,0.66286,0.34838,-0.20212,-0.13586,-0.96586,-0.8595,0.0070683,-0.59415,-0.38139,-0.2942,-0.032418,-0.14253,-0.625,0.3399,0.16252,-0.4052,-0.34665,-0.67442,-0.18742,-0.72049,-0.43823,-0.48346,-0.49521,-0.26666,-0.33567,-0.69396,-0.67889,-0.50361,-0.37887,-0.19291,-0.063621,-0.5902,-0.55263,-0.24687,-0.17752,-0.20107,-0.085698,-0.4255,0.10556,0.23685,0.012571,0.49625,0.32781,0.39173,0.30415,-0.2374,-0.088308,-0.12224,-0.037853,0.58143,-0.047255,-0.067109,-0.44078,-0.16843,-0.26899,-0.22136,-0.37127,-0.070511,-0.31078,-0.12167,-0.33944,0.12422,-0.37715,-0.904,-0.74937,-0.55314,-0.47605,-0.676,-0.63727
-0.10773,-0.1205,0.017662,0.043798,0.046665,-0.1563,-0.036957,0.039849,0.13035,-0.044719,-0.11863,0,-0.23058,0.016624,-0.32033,-0.25023,-0.2471,-0.30663,-0.013854,-0.089309,-0.54307,-0.43053,-0.12347,-0.25794,0.0059568,-0.025098,-0.35543,-0.21262,-0.23217,-0.30822,-0.46126,-0.36976,-0.28929,-0.21784,-0.1928,-0.0068656,-0.22456,-0.11493,0.065205,0.57916,-0.19788,-0.12061,-0.30141,-0.27977,-0.45542,-0.5404,-0.15986,-0.29144,-0.30035,-0.085808,-0.029845,-0.14011,-0.23295,-0.24963,-0.37732,-0.39908,-0.24399,-0.23076,-0.26043,0.071555,0.12601,-0.73609,-0.43939,-0.52185,-0.27802,-0.22501,-0.23258,-0.48438,-0.37,-0.17888,-0.27097,-0.44947,-0.33685,-0.44267,-0.17507,0.024803,0.34887,0.0026775,0.059488,-0.12263,0.036177,-0.05132,-0.1199,0.055361,-0.04085,-0.056835,-0.017029,-0.16506,-0.32608,-0.14344,-0.37934,-0.12143,-0.079962,0.16392,0.26848,-0.12832,-0.040887,-0.060777,-0.11145,-0.66188,-0.48096,-0.37961,-0.29475,-0.28848,-0.34029
-0.71632,-0.57287,-0.18201,-0.10762,-0.38192,-0.54,-0.57029,-0.41979,-0.23107,-0.24616,0.20445,-0.23058,0,0.24375,-0.57555,-0.24099,-0.69657,-0.16979,-0.041599,-0.22034,-0.59155,-0.45981,-0.34443,-0.47329,-0.11837,-0.26111,-0.59444,-0.53958,-0.48528,-0.5305,-0.19145,-0.26541,0.40039,0.36969,0.14523,-0.11777,0.21432,0.09965,-0.40432,-0.29172,-0.71322,-0.66441,-0.18829,-0.71211,-0.46468,-0.42718,-0.12741,-0.17881,-0.44436,0.42232,0.32664,-0.58632,-0.31192,-0.45191,-0.056202,-0.41922,-0.37482,-0.3011,-0.31354,-0.35034,-0.31947,-0.53985,-0.52897,-0.47162,-0.43541,-0.21414,-0.16528,-0.54018,-0.51839,-0.4011,-0.31527,-0.35518,-0.25444,-0.51596,-0.096733,-0.0073201,-0.08388,0.4607,0.29913,0.12372,0.062921,-0.53095,-0.44745,-0.11844,0.021186,0.20536,-0.057007,-0.10553,-0.37369,-0.28077,-0.39409,-0.10079,-0.24758,-0.034254,-0.2154,-0.064444,-0.28008,0.094921,-0.26861,-0.44628,-0.40836,-0.29244,-0.33211,-0.30116,-0.22248
-0.56398,-0.45399,-0.078132,0.037546,-0.26186,-0.41801,-0.33942,-0.25511,0.025866,-0.099202,0.13354,0.016624,0.24375,0,-0.37215,-0.16969,-0.38446,-0.17538,0.26175,-0.068392,-0.69667,-0.53295,-0.27995,-0.48251,0.062208,-0.088007,-0.52737,-0.39512,-0.35749,-0.43124,-0.15475,-0.13564,-0.015967,0.26964,-0.14985,-0.15328,-0.012669,0.10235,-0.30196,-0.010483,-0.46834,-0.51774,-0.19109,-0.46711,-0.36705,-0.37786,-0.099251,-0.14379,-0.37418,0.13933,0.15153,-0.25601,-0.32719,-0.45336,-0.14145,-0.45333,-0.28789,-0.26819,-0.31277,-0.095548,-0.15312,-0.52213,-0.32432,-0.42797,-0.23832,-0.13439,-0.094356,-0.47154,-0.3633,-0.13934,-0.13954,-0.24072,-0.037386,-0.38118,0.031503,-0.050295,0.0018177,0.35372,0.30374,-0.10672,0.031331,-0.2064,-0.19468,-0.045922,-0.056043,0.20276,0.30109,-0.063375,-0.32829,-0.23629,-0.2336,0.052849,-0.059377,0.074558,-0.0010071,-0.0095738,-0.086023,0.14705,-0.14765,-0.52857,-0.38267,-0.20217,-0.2375,-0.40139,-0.33586
-0.34486,-0.34974,-0.19944,-0.27514,-0.19586,-0.016538,-0.28312,-0.38217,-0.035004,-0.43074,-0.58541,-0.32033,-0.57555,-0.37215,0,0.023182,0.22592,-0.14799,-0.34877,-0.1819,-0.073219,-0.065727,-0.19791,-0.19721,-0.13777,-0.40286,0.090193,-0.025651,-0.28791,-0.32424,-0.50548,-0.5029,-0.48301,-0.42701,-0.46945,-0.58693,-0.54424,-0.70225,-0.5508,-0.32552,0.026572,-0.1171,-0.32938,-0.10101,-0.42617,-0.45467,-0.13687,-0.079569,-0.075338,-0.41697,-0.31298,-0.0063129,-0.26642,-0.1142,-0.41425,-0.047685,-0.069068,-0.0873,-0.11225,0.083002,-0.039831,0.13486,0.18372,0.068773,0.17916,-0.042324,-0.10114,-0.14659,-0.029661,-0.031233,0.013578,-0.2284,-0.19197,-0.25513,-0.35956,-0.51255,-0.39802,-0.55201,-0.4492,-0.47954,-0.38424,0.10373,0.050565,-0.28084,-0.32181,-0.48567,-0.25102,-0.12649,0.034064,-0.16514,-0.27557,-0.26581,-0.2089,-0.51442,-0.33123,-0.34305,-0.23683,-0.46357,-0.28014,0.02952,0.057916,-0.0052935,0.0026406,-0.30646,-0.46137
-0.42891,-0.28657,-0.28865,-0.21387,-0.16551,-0.11067,-0.31291,-0.24985,-0.032167,-0.3333,-0.36139,-0.25023,-0.24099,-0.16969,0.023182,0,-0.064038,0.0067919,-0.17564,0.036484,-0.17895,-0.016568,-0.20056,-0.1049,-0.024988,-0.36125,-0.15774,-0.16735,-0.46672,-0.48201,-0.44922,-0.42354,-0.16291,-0.10233,-0.16111,-0.20702,-0.28372,-0.32497,-0.52135,-0.22787,-0.18149,-0.26366,-0.22724,-0.21646,-0.52117,-0.58366,-0.014364,0.010544,-0.052272,-0.18364,-0.13151,-0.084746,-0.095339,-0.082787,-0.16942,-0.024914,0.0029784,-0.032787,-0.041482,0.07998,0.24097,-0.18782,0.032363,-0.02745,0.23101,0.13118,0.059813,-0.45346,-0.37809,-0.11031,-0.13912,-0.23075,-0.18673,-0.55834,-0.1914,-0.37031,-0.21714,-0.24082,-0.17921,-0.30071,-0.20209,-0.064081,-0.17143,-0.12215,-0.20843,-0.25206,-0.038123,0.002045,-0.036606,0.010219,-0.45856,-0.0037583,0.027948,-0.26225,-0.1669,-0.30883,-0.19322,-0.24868,-0.18539,-0.0073016,0.15968,-0.092127,0.11684,-0.18099,-0.21139
-0.11269,-0.20736,-0.45222,-0.49859,-0.15875,-0.067526,-0.11352,-0.37418,-0.13464,-0.54143,-0.82216,-0.2471,-0.69657,-0.38446,0.22592,-0.064038,0,0.042907,-0.37015,0.066716,-0.028844,0.042195,-0.30714,-0.10481,-0.22357,-0.38406,0.13548,0.2406,-0.34821,-0.40822,-0.52076,-0.48156,-0.54021,-0.46895,-0.58374,-0.59587,-0.79772,-0.80819,-0.40112,-0.19601,0.37657,0.12736,-0.34471,0.01012,-0.20068,-0.2843,-0.32043,-0.27969,-0.049951,-0.62226,-0.56021,-0.01768,-0.29955,-0.17835,-0.50227,-0.0022783,0.034015,-0.0038136,-0.042772,-0.076314,-0.07481,-0.028623,0.10025,-0.076155,-0.11457,-0.19624,-0.30579,-0.15938,-0.036238,-0.048692,-0.14651,-0.24167,-0.26068,-0.075209,-0.36472,-0.66283,-0.46575,-0.63658,-0.58258,-0.68845,-0.48303,-0.055115,-0.20846,-0.32768,-0.40992,-0.66394,-0.20249,-0.25766,-0.042747,-0.23966,-0.15204,-0.067932,0.0054041,-0.39157,-0.13989,-0.24444,-0.0059506,-0.44178,-0.074699,0.044608,0.085999,-0.061435,-0.05829,-0.098133,-0.2037
-0.43691,-0.38509,-0.44625,-0.48761,-0.36924,-0.32594,-0.48257,-0.60225,-0.15922,-0.6097,-0.46519,-0.30663,-0.16979,-0.17538,-0.14799,0.0067919,0.042907,0,-0.36757,0.46057,-0.19971,0.015095,-0.55798,-0.15739,-0.11049,-0.43437,-0.030895,-0.015303,-0.58987,-0.64108,-0.45764,-0.50282,0.015831,-0.074797,-0.17669,-0.41855,-0.37844,-0.51444,-0.64504,-0.2736,-0.11271,-0.13222,-0.26908,-0.34861,-0.2684,-0.40246,-0.25603,-0.27366,-0.057093,-0.20674,-0.19005,-0.37403,-0.29869,-0.25924,-0.32923,0.026535,0.05495,0.0711,0.042999,-0.25459,-0.057253,-0.25628,-0.13575,-0.31129,-0.32235,-0.18241,-0.30567,-0.29683,-0.12805,-0.16965,-0.18144,-0.44444,-0.405,-0.22876,-0.35873,-0.48761,-0.40246,-0.28888,-0.28977,-0.30397,-0.21769,-0.36124,-0.43112,-0.26464,-0.15775,-0.41979,-0.10479,-0.15437,-0.058499,-0.21032,-0.32071,0.05522,0.06558,-0.32612,-0.20943,-0.00038074,0.096972,-0.27502,0.051056,0.011699,0.099128,-0.12391,-0.21428,0.10688,0.015438
-0.44052,-0.43728,-0.071051,0.084439,-0.1082,-0.45175,-0.14222,-0.1432,-0.059629,-0.13444,0.095517,-0.013854,-0.041599,0.26175,-0.34877,-0.17564,-0.37015,-0.36757,0,-0.21767,-0.73735,-0.60781,-0.19786,-0.57531,-0.050436,-0.11516,-0.76393,-0.52448,-0.35433,-0.40751,-0.18567,-0.17251,-0.33363,-0.090359,-0.17088,-0.12633,-0.05818,0.16972,-0.21922,0.020959,-0.545,-0.59659,-0.091839,-0.35643,-0.41607,-0.36298,-0.043392,-0.079919,-0.54562,-0.020591,-0.088578,-0.1498,-0.12138,-0.37188,-0.043091,-0.44498,-0.28083,-0.31848,-0.32568,0.0097151,-0.19079,-0.48586,-0.30066,-0.30577,-0.15262,-0.10154,-0.034187,-0.68366,-0.56062,-0.17604,-0.26456,-0.16772,-0.023753,-0.39682,0.015684,0.044756,0.13006,0.13489,0.026308,-0.17781,-0.088424,-0.011287,-0.10741,-0.15597,-0.26258,0.37878,0.29635,-0.05514,-0.3184,-0.14971,-0.17321,-0.1535,-0.24977,0.20377,0.028206,-0.27121,-0.32764,0.07406,-0.38612,-0.59075,-0.42328,-0.41975,-0.33527,-0.48842,-0.46086
-0.32178,-0.33581,-0.28583,-0.29578,-0.20523,-0.3449,-0.26885,-0.42254,0.033131,-0.3955,-0.32301,-0.089309,-0.22034,-0.068392,-0.1819,0.036484,0.066716,0.46057,-0.21767,0,-0.36503,-0.15751,-0.52246,-0.21112,0.06316,-0.19976,-0.12281,0.0045259,-0.60643,-0.62957,-0.38877,-0.3648,-0.10181,-0.16907,-0.15508,-0.33138,-0.29024,-0.38086,-0.43915,-0.02282,-0.11656,-0.14067,-0.11581,-0.23915,-0.22909,-0.36837,-0.12612,-0.19654,-0.16099,-0.15521,-0.171,-0.23634,-0.29556,-0.35953,-0.3822,-0.11829,0.11708,0.050663,0.0015107,-0.12607,0.069541,-0.41336,-0.20378,-0.32445,-0.25665,-0.086306,-0.18282,-0.36845,-0.18251,0.019823,-0.066065,-0.30844,-0.24829,-0.19609,-0.16976,-0.34908,-0.25975,-0.16845,-0.17836,-0.21721,-0.064302,-0.1935,-0.26684,-0.17477,-0.16362,-0.29189,0.040119,-0.021481,-0.065825,-0.035403,-0.23623,0.17644,0.15316,-0.20341,-0.087454,0.030601,0.16525,-0.18603,0.068134,-0.20964,-0.053697,-0.25704,-0.22234,-0.072998,-0.17383
-0.049122,-0.010169,-0.84011,-0.8978,-0.26458,0.17116,-0.3172,-0.30433,-0.50622,-0.55848,-1,-0.54307,-0.59155,-0.69667,-0.073219,-0.17895,-0.028844,-0.19971,-0.73735,-0.36503,0,0.4774,-0.085034,0.31339,-0.62544,-0.70878,0.16435,0.064517,-0.10704,-0.19028,-0.54165,-0.5756,-0.38419,-0.43184,-0.60387,-0.43433,-0.76554,-0.82428,-0.46873,-0.63933,0.22303,0.13747,-0.49757,0.013516,-0.3959,-0.42709,-0.43238,-0.29249,0.1079,-0.75558,-0.58755,-0.16938,-0.16228,0.16875,-0.24785,0.27786,-0.083131,-0.013246,0.016317,-0.39289,-0.24673,0.25512,0.045136,0.095173,-0.1376,-0.26377,-0.33972,0.08084,-0.10372,-0.31936,-0.33955,-0.32166,-0.42114,-0.36734,-0.57217,-0.86272,-0.66349,-0.81266,-0.73206,-0.79014,-0.81578,-0.48363,-0.57576,-0.4593,-0.50348,-0.85476,-0.55598,-0.40867,-0.073974,-0.39451,-0.46933,-0.35707,-0.21242,-0.47921,-0.30359,-0.56823,-0.372,-0.81452,-0.27814,0.37257,0.14838,0.043411,-0.019338,0.041022,0.011963
-0.14078,-0.027745,-0.79831,-0.83156,-0.27448,0.12306,-0.41315,-0.36476,-0.44718,-0.64722,-0.86538,-0.43053,-0.45981,-0.53295,-0.065727,-0.016568,0.042195,0.015095,-0.60781,-0.15751,0.4774,0,-0.20992,0.39388,-0.46859,-0.75656,0.11393,0.20808,-0.27214,-0.37337,-0.6095,-0.72568,-0.25512,-0.33688,-0.43726,-0.37466,-0.67423,-0.77375,-0.59062,-0.49644,0.1688,0.19498,-0.50957,-0.098569,-0.41393,-0.48502,-0.36953,-0.30711,0.17943,-0.55645,-0.42989,-0.15296,-0.19841,0.12376,-0.29725,0.32068,-0.013965,0.079507,0.080189,-0.34413,-0.059175,0.079022,0.053138,-0.035839,-0.15313,-0.22036,-0.32951,-0.1712,-0.22279,-0.31063,-0.36382,-0.43117,-0.51936,-0.37676,-0.49236,-0.84146,-0.54614,-0.64343,-0.64314,-0.63,-0.61955,-0.42138,-0.53253,-0.46977,-0.47278,-0.71599,-0.42049,-0.33599,-0.07083,-0.28844,-0.47308,-0.27025,-0.07691,-0.4195,-0.19678,-0.38876,-0.23194,-0.65929,-0.21156,0.37085,0.31583,-0.015813,-0.0042189,0.1438,0.14665
-0.14585,-0.086097,-0.33933,-0.2435,0.0061103,0.10528,-0.024902,0.11455,-0.24772,-0.14312,-0.35988,-0.12347,-0.34443,-0.27995,-0.19791,-0.20056,-0.30714,-0.55798,-0.19786,-0.52246,-0.085034,-0.20992,0,-0.0080386,-0.32256,-0.26877,-0.29468,-0.23308,0.14004,-0.024975,-0.44523,-0.39055,-0.40315,-0.28171,-0.37921,-0.037012,-0.3864,-0.2545,-0.013873,-0.20699,-0.084758,-0.13831,-0.35896,-0.050989,-0.6945,-0.61914,-0.16892,-0.089186,-0.29192,-0.40015,-0.29183,-0.093472,-0.081995,0.01655,-0.15157,-0.18141,-0.26359,-0.18349,-0.1755,-0.11709,-0.17673,-0.22098,-0.22803,-0.047138,-0.010593,-0.14541,-0.09537,-0.21506,-0.3692,-0.29673,-0.33691,-0.27076,-0.25076,-0.65167,-0.29118,-0.24798,-0.1183,-0.295,-0.24291,-0.44506,-0.43957,-0.23599,-0.2972,-0.21137,-0.26594,-0.22363,-0.21879,-0.19387,-0.18585,-0.31499,-0.5963,-0.31275,-0.28839,-0.029434,-0.038123,-0.64437,-0.51592,-0.35222,-0.37674,-0.27324,-0.2639,-0.12764,-0.023624,-0.37134,-0.32271
-0.022679,0.25704,-0.68423,-0.67503,-0.18174,0.36969,-0.27901,-0.073956,-0.37619,-0.34667,-0.70983,-0.25794,-0.47329,-0.48251,-0.19721,-0.1049,-0.10481,-0.15739,-0.57531,-0.21112,0.31339,0.39388,-0.0080386,0,-0.43631,-0.4844,0.055693,0.15326,-0.034998,-0.098059,-0.54936,-0.52723,-0.27659,-0.34435,-0.45023,-0.11331,-0.63912,-0.53235,-0.34414,-0.3038,0.17864,0.37571,-0.52107,0.055023,-0.44831,-0.57591,-0.37432,-0.32893,0.093441,-0.5801,-0.40197,-0.12924,-0.20754,0.16162,-0.31909,0.14785,-0.073121,0.010268,0.0018791,-0.32923,-0.011729,-0.10669,-0.014051,-0.12671,-0.097261,-0.2424,-0.31858,-0.068681,-0.18666,-0.27504,-0.33095,-0.46272,-0.51723,-0.47959,-0.49619,-0.65374,-0.40616,-0.56812,-0.53072,-0.59175,-0.58133,-0.4227,-0.50354,-0.41039,-0.4421,-0.62639,-0.37116,-0.34076,-0.13094,-0.27474,-0.6681,-0.3245,-0.062006,-0.31223,-0.15067,-0.49538,-0.27786,-0.63273,-0.15634,0.060286,0.15114,-0.061594,0.025688,-0.03205,0.055742
-0.5217,-0.49956,0.23172,0.27039,-0.14005,-0.36933,-0.27168,-0.31511,0.38277,0.013461,0.018577,0.0059568,-0.11837,0.062208,-0.13777,-0.024988,-0.22357,-0.11049,-0.050436,0.06316,-0.62544,-0.46859,-0.32256,-0.43631,0,0.19694,-0.32252,-0.28509,-0.45351,-0.47349,-0.13535,-0.16536,-0.046272,-0.08103,0.11179,-0.20074,0.0461,-0.10569,-0.32408,0.044436,-0.38631,-0.40928,-0.046457,-0.3806,-0.4712,-0.46406,0.024883,-0.10531,-0.23565,0.060194,0.033732,-0.16449,-0.43398,-0.52338,-0.50072,-0.40844,-0.10413,-0.25194,-0.2775,0.0013387,0.034838,-0.50375,-0.32468,-0.37113,-0.15894,0.016274,0.012657,-0.44541,-0.23729,0.12742,0.1892,-0.29606,-0.15699,-0.47768,0.061735,-0.17005,-0.086453,0.062865,0.18242,0.084193,0.38449,-0.029471,0.13394,0.072636,0.18099,0.036478,0.22599,0.00015967,-0.24271,-0.041802,-0.34719,0.096401,0.060863,-0.25407,-0.23123,-0.01351,0.043791,0.11446,0.023919,-0.49774,-0.33458,-0.23435,-0.099073,-0.48686,-0.5345
-0.30098,-0.34483,0.13405,0.17456,-0.084697,-0.39659,-0.034623,-0.1016,0.10618,0.3399,0.055287,-0.025098,-0.26111,-0.088007,-0.40286,-0.36125,-0.38406,-0.43437,-0.11516,-0.19976,-0.70878,-0.75656,-0.26877,-0.4844,0.19694,0,-0.41499,-0.39246,-0.27704,-0.18066,0.013572,0.17076,-0.27016,-0.27714,-0.11362,-0.11879,-0.0023827,0.039008,0.014665,0.10422,-0.41831,-0.40112,-0.0016212,-0.22265,-0.27726,-0.25776,-0.1118,-0.21351,-0.45247,-0.1435,-0.21081,-0.2295,-0.49573,-0.66209,-0.54665,-0.6267,-0.26366,-0.41384,-0.4485,-0.17055,-0.25401,-0.64414,-0.49369,-0.45189,-0.29823,-0.15516,-0.11415,-0.30683,-0.22411,0.024711,0.044092,-0.16958,-0.064622,-0.32899,0.10399,-0.076437,-0.15646,-0.028107,0.054833,-0.026505,0.12503,-0.18223,-0.00018423,-0.012853,-0.031233,-0.042969,0.02839,-0.14916,-0.36882,-0.094995,-0.23126,-0.12552,-0.16277,-0.24047,-0.33511,-0.23381,-0.16271,0.054385,-0.015267,-0.73408,-0.58622,-0.3707,-0.2266,-0.69255,-0.63626
-0.17788,-0.15241,-0.47192,-0.58559,-0.31525,0.027794,-0.39967,-0.4065,-0.21254,-0.43462,-0.82461,-0.35543,-0.59444,-0.52737,0.090193,-0.15774,0.13548,-0.030895,-0.76393,-0.12281,0.16435,0.11393,-0.29468,0.055693,-0.32252,-0.41499,0,0.22859,-0.16238,-0.18809,-0.63338,-0.53627,-0.34621,-0.3978,-0.55884,-0.54506,-0.66253,-0.80477,-0.41085,-0.33942,0.24487,0.20825,-0.49989,-0.12604,-0.35173,-0.49181,-0.34471,-0.32196,0.14867,-0.5456,-0.43155,-0.16318,-0.31598,-0.062319,-0.47915,0.034119,-0.10882,-0.025135,-0.058634,-0.17717,-0.082259,-0.044541,-0.018134,-0.172,-0.16085,-0.23,-0.35059,0.05783,0.22689,-0.19273,-0.13117,-0.45488,-0.41465,-0.24287,-0.50099,-0.6365,-0.56965,-0.72101,-0.51925,-0.55691,-0.47591,-0.3295,-0.30567,-0.33146,-0.2969,-0.92502,-0.47876,-0.32792,-0.061846,-0.27068,-0.34471,-0.25453,-0.13609,-0.58495,-0.35726,-0.34957,-0.13252,-0.57848,0.0082289,0.076947,0.028052,-0.018994,-0.079845,-0.083309,-0.16745
-0.077192,-0.15376,-0.54781,-0.59133,-0.12899,-0.020149,-0.25656,-0.40645,-0.27882,-0.49279,-0.6738,-0.21262,-0.53958,-0.39512,-0.025651,-0.16735,0.2406,-0.015303,-0.52448,0.0045259,0.064517,0.20808,-0.23308,0.15326,-0.28509,-0.39246,0.22859,0,-0.24939,-0.36683,-0.58893,-0.62172,-0.38085,-0.48506,-0.49961,-0.51561,-0.5953,-0.77105,-0.34786,-0.21071,0.33389,0.36662,-0.39237,-0.044676,-0.33954,-0.42097,-0.27996,-0.28764,-0.033241,-0.51545,-0.41991,-0.053807,-0.34984,-0.19993,-0.51616,-0.016746,-0.01577,0.11593,0.022402,-0.24537,-0.048839,-0.1226,-0.11681,-0.16135,-0.23558,-0.20566,-0.29774,-0.14665,-0.09244,-0.14867,-0.18768,-0.36788,-0.36487,-0.16991,-0.2928,-0.65327,-0.52066,-0.55736,-0.54361,-0.52334,-0.43495,-0.28046,-0.29567,-0.49348,-0.40723,-0.6569,-0.31846,-0.21955,-0.041452,-0.22852,-0.27028,-0.13855,-0.027862,-0.34556,-0.131,-0.2819,-0.10049,-0.54358,-0.057136,-0.061557,-0.032922,-0.14114,-0.08267,-0.13125,-0.15453
-0.16591,0.03633,-0.40267,-0.36431,-0.353,0.040316,-0.27443,0.051191,-0.3868,-0.060182,-0.45052,-0.23217,-0.48528,-0.35749,-0.28791,-0.46672,-0.34821,-0.58987,-0.35433,-0.60643,-0.10704,-0.27214,0.14004,-0.034998,-0.45351,-0.27704,-0.16238,-0.24939,0,0.48238,-0.32702,-0.24924,-0.49582,-0.32343,-0.61788,-0.10678,-0.5295,-0.24284,-0.07457,-0.25111,-0.12463,-0.072464,-0.63399,-0.1365,-0.4689,-0.49935,-0.47001,-0.40768,-0.14712,-0.61201,-0.46386,-0.07925,-0.25144,-0.01052,-0.26454,-0.26829,-0.45249,-0.3779,-0.36008,-0.28634,-0.29958,-0.21767,-0.15438,-0.2975,-0.15862,-0.41666,-0.40133,-0.0098379,-0.065549,-0.32541,-0.32929,-0.49113,-0.40182,-0.47872,-0.5054,-0.38401,-0.27394,-0.52296,-0.41295,-0.60153,-0.60037,-0.30756,-0.27747,-0.40966,-0.40149,-0.42861,-0.37344,-0.53015,-0.38859,-0.54531,-0.52595,-0.52638,-0.35003,-0.27098,-0.21856,-0.61055,-0.43738,-0.48077,-0.31049,-0.34348,-0.31468,-0.18801,-0.23058,-0.40215,-0.28854
-0.1698,0.076179,-0.34017,-0.33989,-0.38421,0.0059322,-0.25798,0.12609,-0.35737,0.047881,-0.41945,-0.30822,-0.5305,-0.43124,-0.32424,-0.48201,-0.40822,-0.64108,-0.40751,-0.62957,-0.19028,-0.37337,-0.024975,-0.098059,-0.47349,-0.18066,-0.18809,-0.36683,0.48238,0,-0.25592,-0.081423,-0.52463,-0.38419,-0.61162,-0.063922,-0.51792,-0.17355,-0.084967,-0.24607,-0.22871,-0.13902,-0.56274,-0.082707,-0.29688,-0.3719,-0.50533,-0.45956,-0.23395,-0.61813,-0.49667,-0.19916,-0.32242,-0.10638,-0.32741,-0.35464,-0.5112,-0.4943,-0.48093,-0.30853,-0.36196,-0.25474,-0.13535,-0.33688,-0.12741,-0.45448,-0.4304,0.026314,-0.049103,-0.34633,-0.30368,-0.41053,-0.36975,-0.38526,-0.53907,-0.33013,-0.30277,-0.54548,-0.43093,-0.5457,-0.57946,-0.29939,-0.26179,-0.37931,-0.46102,-0.46047,-0.43037,-0.55809,-0.44142,-0.45505,-0.50878,-0.64479,-0.41464,-0.40128,-0.42689,-0.64406,-0.48236,-0.4353,-0.29506,-0.35393,-0.29348,-0.24675,-0.24262,-0.51178,-0.36501
-0.46945,-0.43015,-0.15408,-0.098606,-0.46972,-0.52321,-0.32428,-0.31829,-0.29676,0.049926,0.0096905,-0.46126,-0.19145,-0.15475,-0.50548,-0.44922,-0.52076,-0.45764,-0.18567,-0.38877,-0.54165,-0.6095,-0.44523,-0.54936,-0.13535,0.013572,-0.63338,-0.58893,-0.32702,-0.25592,0,0.47568,-0.19457,-0.19313,-0.19736,-0.25984,-0.056221,-0.0058278,-0.37779,-0.42428,-0.61743,-0.68033,-0.12279,-0.34922,-0.056509,0.089916,-0.4075,-0.36994,-0.38077,-0.2882,-0.35046,-0.33386,-0.65073,-0.7407,-0.40814,-0.61957,-0.40499,-0.65981,-0.63892,-0.60099,-0.60431,-0.29135,-0.33168,-0.35616,-0.3635,-0.37755,-0.28341,-0.20302,-0.29128,-0.10601,-0.051265,-0.024963,-0.046782,-0.26654,-0.072151,-0.38875,-0.44177,-0.1294,-0.17106,-0.1913,-0.16559,-0.3481,-0.19722,-0.26779,-0.27117,-0.084844,-0.13941,-0.42022,-0.58178,-0.43774,-0.23011,-0.20046,-0.20103,-0.46957,-0.55429,-0.14773,-0.22436,-0.11552,-0.2963,-0.48487,-0.44951,-0.26002,-0.25468,-0.64276,-0.49078
-0.3724,-0.29779,-0.13742,-0.083002,-0.4054,-0.43528,-0.17886,-0.12464,-0.19705,0.1956,-0.045241,-0.36976,-0.26541,-0.13564,-0.5029,-0.42354,-0.48156,-0.50282,-0.17251,-0.3648,-0.5756,-0.72568,-0.39055,-0.52723,-0.16536,0.17076,-0.53627,-0.62172,-0.24924,-0.081423,0.47568,0,-0.2987,-0.20147,-0.32493,-0.17132,-0.15305,0.060495,-0.21443,-0.275,-0.52271,-0.59052,-0.12656,-0.22269,0.020904,0.065009,-0.37576,-0.33927,-0.41982,-0.33142,-0.38513,-0.31664,-0.55472,-0.63554,-0.37484,-0.63176,-0.40846,-0.63517,-0.63295,-0.43194,-0.53393,-0.37727,-0.29868,-0.36831,-0.27185,-0.34252,-0.26614,-0.13985,-0.21535,-0.089032,-0.062571,0.024306,0.044928,-0.21448,-0.09467,-0.27708,-0.3688,-0.15886,-0.14194,-0.26917,-0.21175,-0.30128,-0.19983,-0.16365,-0.29171,-0.15601,-0.12451,-0.38436,-0.52357,-0.33917,-0.19209,-0.22951,-0.23148,-0.41359,-0.52143,-0.24975,-0.2464,-0.10254,-0.21949,-0.50214,-0.44134,-0.25668,-0.24564,-0.65139,-0.50131
-0.62564,-0.45164,-0.23817,-0.21896,-0.4405,-0.40282,-0.65663,-0.4714,-0.19622,-0.25262,-0.047832,-0.28929,0.40039,-0.015967,-0.48301,-0.16291,-0.54021,0.015831,-0.33363,-0.10181,-0.38419,-0.25512,-0.40315,-0.27659,-0.046272,-0.27016,-0.34621,-0.38085,-0.49582,-0.52463,-0.19457,-0.2987,0,0.31271,0.22388,-0.12792,0.059672,-0.1202,-0.50887,-0.3632,-0.50728,-0.45238,-0.24818,-0.62694,-0.44365,-0.45763,-0.22399,-0.27984,-0.18603,0.17001,0.17343,-0.5822,-0.42324,-0.39914,-0.25944,-0.2794,-0.25562,-0.24865,-0.24498,-0.437,-0.22473,-0.45903,-0.44719,-0.46282,-0.43962,-0.23069,-0.23806,-0.36712,-0.33885,-0.31795,-0.20887,-0.45631,-0.40717,-0.5754,-0.21278,-0.25187,-0.23707,0.13337,0.1471,0.08657,0.066789,-0.61898,-0.48771,-0.06682,0.13941,-0.090776,-0.15664,-0.20058,-0.35388,-0.29957,-0.55852,-0.021039,-0.058904,-0.26861,-0.31579,0.02955,-0.095093,-0.017299,-0.073115,-0.27979,-0.24835,-0.16244,-0.19721,-0.1683,-0.10562
-0.67165,-0.38415,-0.25913,-0.16941,-0.46276,-0.32894,-0.55732,-0.30089,-0.14302,-0.19441,-0.082277,-0.21784,0.36969,0.26964,-0.42701,-0.10233,-0.46895,-0.074797,-0.090359,-0.16907,-0.43184,-0.33688,-0.28171,-0.34435,-0.08103,-0.27714,-0.3978,-0.48506,-0.32343,-0.38419,-0.19313,-0.20147,0.31271,0,-0.076093,-0.071463,-0.097851,0.011392,-0.42796,-0.26436,-0.46522,-0.49716,-0.37579,-0.60497,-0.43717,-0.46218,-0.27249,-0.26756,-0.17211,0.053857,0.10512,-0.43783,-0.32708,-0.28486,-0.1054,-0.31176,-0.33759,-0.31152,-0.3128,-0.25679,-0.19838,-0.42706,-0.27842,-0.45037,-0.29228,-0.23437,-0.24263,-0.38858,-0.33144,-0.32958,-0.27257,-0.41979,-0.28238,-0.5922,-0.22132,-0.21322,-0.12302,0.12429,0.20993,-0.16981,-0.096629,-0.4676,-0.44522,0.021395,0.072157,-0.044799,0.027905,-0.26161,-0.39705,-0.38417,-0.4706,0.012786,-0.025835,-0.13156,-0.15525,-0.054765,-0.088308,0.062503,-0.072519,-0.28041,-0.2227,-0.016851,-0.13324,-0.18743,-0.056896
-0.58242,-0.57066,0.008407,0.043693,-0.25128,-0.55049,-0.4296,-0.40938,-0.14203,-0.19653,0.13538,-0.1928,0.14523,-0.14985,-0.46945,-0.16111,-0.58374,-0.17669,-0.17088,-0.15508,-0.60387,-0.43726,-0.37921,-0.45023,0.11179,-0.11362,-0.55884,-0.49961,-0.61788,-0.61162,-0.19736,-0.32493,0.22388,-0.076093,0,-0.064794,0.3216,-0.016869,-0.34775,-0.21263,-0.69511,-0.57825,-0.051062,-0.62299,-0.54815,-0.47755,-0.053721,-0.19372,-0.42105,0.29977,0.12918,-0.51823,-0.33405,-0.50001,-0.32709,-0.41336,-0.26113,-0.32698,-0.3045,-0.31118,-0.19627,-0.63717,-0.62988,-0.465,-0.42765,-0.16131,-0.13021,-0.67733,-0.57265,-0.29607,-0.23732,-0.42298,-0.41645,-0.62489,-0.10578,-0.030097,-0.048041,0.18696,0.13734,0.49073,0.35863,-0.35877,-0.24912,-0.083389,0.13183,0.15168,-0.12188,-0.085569,-0.35848,-0.12116,-0.51638,-0.13001,-0.22943,-0.19496,-0.32338,-0.099484,-0.25335,0.078764,-0.25589,-0.50141,-0.42685,-0.48492,-0.32489,-0.35001,-0.36417
-0.27339,0.051676,-0.2202,-0.12385,-0.24014,-0.11887,-0.19742,0.32296,-0.23074,0.040801,-0.11432,-0.0068656,-0.11777,-0.15328,-0.58693,-0.20702,-0.59587,-0.41855,-0.12633,-0.33138,-0.43433,-0.37466,-0.037012,-0.11331,-0.20074,-0.11879,-0.54506,-0.51561,-0.10678,-0.063922,-0.25984,-0.17132,-0.12792,-0.071463,-0.064794,0,-0.18124,0.1525,-0.05592,-0.0093036,-0.42685,-0.27725,-0.37056,-0.28242,-0.46052,-0.51731,-0.27016,-0.33086,-0.32432,-0.16239,-0.11282,-0.33092,-0.22311,-0.13464,-0.22479,-0.36525,-0.37374,-0.39628,-0.37294,-0.26126,-0.10127,-0.66221,-0.38621,-0.48954,-0.22359,-0.29936,-0.27605,-0.46919,-0.53843,-0.37079,-0.45195,-0.48077,-0.46659,-0.69876,-0.3068,-0.070744,0.1366,-0.06203,-0.051026,-0.16195,-0.18105,-0.33108,-0.37124,-0.10281,-0.18353,-0.056909,-0.12807,-0.3085,-0.45071,-0.21769,-0.71654,-0.35559,-0.22495,-0.034525,-0.10478,-0.37749,-0.34386,-0.13747,-0.27754,-0.46847,-0.31086,-0.36579,-0.22861,-0.30746,-0.16118
-0.60443,-0.69579,0.10637,0.18894,-0.23161,-0.71174,-0.418,-0.41713,-0.14318,-0.047777,0.66286,-0.22456,0.21432,-0.012669,-0.54424,-0.28372,-0.79772,-0.37844,-0.05818,-0.29024,-0.76554,-0.67423,-0.3864,-0.63912,0.0461,-0.0023827,-0.66253,-0.5953,-0.5295,-0.51792,-0.056221,-0.15305,0.059672,-0.097851,0.3216,-0.18124,0,0.15787,-0.28777,-0.25044,-0.91783,-0.83224,0.090359,-0.6111,-0.49775,-0.38296,0.068718,-0.056466,-0.53102,0.40733,0.16707,-0.41593,-0.29693,-0.62844,-0.17941,-0.55771,-0.32592,-0.36611,-0.3642,-0.28402,-0.3025,-0.61684,-0.71197,-0.41592,-0.38935,-0.082676,0.024404,-0.58599,-0.53009,-0.22521,-0.13712,-0.22781,-0.12661,-0.50551,0.14373,0.11536,-0.11179,0.35808,0.27299,0.54784,0.37736,-0.32897,-0.1372,-0.1324,0.032891,0.37178,-0.10103,0.0082105,-0.33418,-0.090819,-0.29732,-0.18982,-0.3643,-0.14961,-0.37615,-0.17762,-0.36974,0.047691,-0.33698,-0.71067,-0.66888,-0.53289,-0.43015,-0.56524,-0.58283
-0.47356,-0.34361,-0.034463,0.12841,-0.31238,-0.5048,-0.32563,-0.059819,-0.166,0.21251,0.34838,-0.11493,0.09965,0.10235,-0.70225,-0.32497,-0.80819,-0.51444,0.16972,-0.38086,-0.82428,-0.77375,-0.2545,-0.53235,-0.10569,0.039008,-0.80477,-0.77105,-0.24284,-0.17355,-0.0058278,0.060495,-0.1202,0.011392,-0.016869,0.1525,0.15787,0,-0.12155,-0.062638,-0.85413,-0.71369,-0.17668,-0.48826,-0.37253,-0.35087,-0.2108,-0.29206,-0.50719,0.032701,-0.058075,-0.34467,-0.26389,-0.45582,-0.10794,-0.63626,-0.50885,-0.5764,-0.55247,-0.24502,-0.30553,-0.72089,-0.48828,-0.54027,-0.29332,-0.27985,-0.18415,-0.57157,-0.52069,-0.32472,-0.30073,-0.30513,-0.19599,-0.5632,-0.083131,0.14083,0.10357,0.22973,0.1935,0.01927,0.01246,-0.2736,-0.22151,-0.1096,-0.16853,0.33954,-0.01822,-0.26589,-0.5995,-0.25556,-0.3986,-0.27288,-0.29603,-0.01195,-0.24356,-0.27627,-0.36441,0.19913,-0.30867,-0.79974,-0.5747,-0.52394,-0.39512,-0.61974,-0.44687
-0.0012098,-0.14109,-0.18764,-0.12666,-0.077536,-0.30318,0.15534,0.074171,-0.26754,-0.055496,-0.20212,0.065205,-0.40432,-0.30196,-0.5508,-0.52135,-0.40112,-0.64504,-0.21922,-0.43915,-0.46873,-0.59062,-0.013873,-0.34414,-0.32408,0.014665,-0.41085,-0.34786,-0.07457,-0.084967,-0.37779,-0.21443,-0.50887,-0.42796,-0.34775,-0.05592,-0.28777,-0.12155,0,0.09755,-0.22903,-0.21134,-0.30657,-0.23379,-0.30471,-0.2932,-0.31054,-0.36952,-0.53919,-0.34994,-0.388,-0.28169,-0.24169,-0.35029,-0.36306,-0.56898,-0.47558,-0.42068,-0.43104,-0.21061,-0.32143,-0.74861,-0.68473,-0.50556,-0.45051,-0.42017,-0.374,-0.37817,-0.42725,-0.41587,-0.50586,-0.32361,-0.31562,-0.31879,-0.23248,0.051762,-0.0047777,-0.22155,-0.17836,-0.26125,-0.24563,-0.24899,-0.2791,-0.15808,-0.19821,-0.23285,-0.32394,-0.34491,-0.43152,-0.32708,-0.29753,-0.30945,-0.39913,0.012614,-0.071708,-0.40002,-0.33859,-0.17768,-0.26449,-0.71618,-0.74297,-0.51782,-0.43912,-0.42562,-0.38815
-0.17973,-0.15687,-0.0010194,0.036287,-0.016132,-0.22884,-0.024957,0.026505,0.10987,-0.02083,-0.13586,0.57916,-0.29172,-0.010483,-0.32552,-0.22787,-0.19601,-0.2736,0.020959,-0.02282,-0.63933,-0.49644,-0.20699,-0.3038,0.044436,0.10422,-0.33942,-0.21071,-0.25111,-0.24607,-0.42428,-0.275,-0.3632,-0.26436,-0.21263,-0.0093036,-0.25044,-0.062638,0.09755,0,-0.23343,-0.13265,-0.28672,-0.26373,-0.357,-0.46809,-0.17738,-0.32372,-0.38285,-0.14046,-0.12875,-0.16926,-0.29151,-0.34537,-0.45225,-0.47761,-0.28097,-0.28137,-0.33223,0.080809,0.071322,-0.81184,-0.40174,-0.58728,-0.26507,-0.24832,-0.26837,-0.53716,-0.3532,-0.18847,-0.26881,-0.44608,-0.3247,-0.34715,-0.16338,0.033045,0.2335,-0.075571,-0.023686,-0.15157,0.00479,-0.0058585,-0.063737,-0.053893,-0.1167,-0.098502,0.032627,-0.17527,-0.34623,-0.099036,-0.31864,-0.13911,-0.099521,0.058389,0.083904,-0.17539,-0.06052,-0.01133,-0.048944,-0.67802,-0.44008,-0.44776,-0.301,-0.38941,-0.37514
0.11258,0.046463,-0.59235,-0.6368,-0.10823,0.17615,-0.041188,-0.19358,-0.24132,-0.4743,-0.96586,-0.19788,-0.71322,-0.46834,0.026572,-0.18149,0.37657,-0.11271,-0.545,-0.11656,0.22303,0.1688,-0.084758,0.17864,-0.38631,-0.41831,0.24487,0.33389,-0.12463,-0.22871,-0.61743,-0.52271,-0.50728,-0.46522,-0.69511,-0.42685,-0.91783,-0.85413,-0.22903,-0.23343,0,0.47709,-0.44519,0.14998,-0.2812,-0.37249,-0.36393,-0.2959,0.032996,-0.73757,-0.57982,-0.024202,-0.23857,0.0083026,-0.43957,0.097347,0.0084869,0.06935,0.038086,-0.17342,-0.080564,-0.057216,-0.022175,-0.065948,-0.15979,-0.23593,-0.34015,0.022863,-0.012841,-0.14005,-0.25723,-0.29999,-0.33701,-0.18594,-0.43056,-0.67305,-0.46726,-0.68643,-0.59314,-0.7995,-0.61661,-0.25035,-0.38443,-0.30769,-0.39872,-0.81665,-0.33759,-0.31368,-0.022132,-0.30244,-0.2959,-0.16949,-0.052137,-0.32043,-0.055656,-0.37164,-0.1018,-0.59893,-0.072949,0.064714,0.014345,0.0204,-0.038019,0.01418,-0.072537
0.10503,0.20044,-0.57559,-0.6565,-0.13091,0.26053,-0.15996,-0.1332,-0.30937,-0.41934,-0.8595,-0.12061,-0.66441,-0.51774,-0.1171,-0.26366,0.12736,-0.13222,-0.59659,-0.14067,0.13747,0.19498,-0.13831,0.37571,-0.40928,-0.40112,0.20825,0.36662,-0.072464,-0.13902,-0.68033,-0.59052,-0.45238,-0.49716,-0.57825,-0.27725,-0.83224,-0.71369,-0.21134,-0.13265,0.47709,0,-0.57151,0.042704,-0.32923,-0.47217,-0.43107,-0.43617,0.011392,-0.65195,-0.48339,-0.12625,-0.30261,0.020529,-0.53313,0.016489,-0.099601,-0.0019467,-0.048102,-0.24884,-0.030527,-0.20154,-0.1023,-0.27088,-0.25501,-0.34033,-0.46336,-0.079925,-0.080969,-0.26578,-0.35283,-0.53063,-0.56661,-0.24962,-0.51621,-0.6055,-0.38944,-0.68497,-0.61105,-0.64352,-0.55604,-0.32815,-0.40669,-0.39719,-0.41085,-0.79594,-0.3918,-0.39163,-0.13365,-0.28464,-0.42229,-0.32462,-0.10022,-0.32321,-0.092299,-0.39403,-0.1425,-0.62098,-0.051934,-0.054465,-0.021899,-0.12238,-0.11004,-0.0030582,-0.0024687
