,,,,,,,,,,,,,,,,,,,,,,,,,,,,,,,,,,,,,,,,,,,,,,,,,,,,,,,,,,,,,,,,,,,,,,,,,,,,,,,,,,,,,,,,,,,,,,,,,,,,,,,,
0,0.24095,-0.50651,-0.53423,0.029528,-0.057773,0.20046,0.080867,-0.1006,-0.18461,-0.46474,0.016951,-0.73509,-0.64308,-0.30567,-0.393,-0.12796,-0.32911,-0.21861,-0.29898,-0.0171,-0.21264,-0.040887,0.019896,-0.41871,-0.28785,-0.12548,-0.17954,-0.0041553,-0.025528,-0.38975,-0.33156,-0.6461,-0.63849,-0.54775,-0.069819,-0.57628,-0.38485,0.11965,0.020699,0.043696,0.081896,-0.23877,0.034874,-0.26251,-0.26245,-0.34289,-0.31267,-0.14915,-0.61687,-0.61663,-0.096893,0.035864,0.084052,-0.10388,-0.016977,-0.066557,-0.13623,-0.13589,-0.19562,-0.042058,-0.15493,-0.15219,-0.21784,-0.29252,-0.26172,-0.34274,-0.10107,-0.14569,-0.33544,-0.37032,-0.34093,-0.30002,-0.2418,-0.26444,-0.31939,-0.17329,-0.63753,-0.55187,-0.5838,-0.55549,-0.38555,-0.444,-0.19145,-0.41379,-0.49603,-0.2282,-0.33073,-0.17567,-0.099553,-0.14967,-0.34606,-0.18184,-0.018382,-0.020854,-0.64089,-0.30052,-0.63689,-0.16784,-0.24527,-0.17313,-0.095553,-0.20726,-0.0011456,-0.14663
0.24095,0,-0.52519,-0.5718,-0.28033,0.3705,-0.09501,0.48725,-0.17793,-0.15416,-0.58777,0.082071,-0.6147,-0.5357,-0.21139,-0.21266,-0.11089,-0.20424,-0.32405,-0.17138,-0.0088026,-0.059417,-0.15471,0.2437,-0.42961,-0.3162,-0.0489,-0.18469,0.026233,0.13839,-0.33572,-0.26102,-0.47211,-0.38516,-0.58581,0.15332,-0.77396,-0.34666,-0.14977,0.10952,0.029515,0.30983,-0.3935,0.17745,-0.17337,-0.27484,-0.31139,-0.28824,-0.0085566,-0.60157,-0.47486,-0.063935,-0.11997,0.40369,-0.20924,0.098227,-0.033903,-0.095081,-0.13728,-0.32521,0.063003,-0.18798,0.043256,-0.2649,-0.11047,-0.2141,-0.31371,-0.13967,-0.25589,-0.29874,-0.36485,-0.31387,-0.30915,-0.30201,-0.28339,-0.44704,-0.08246,-0.58551,-0.52353,-0.70727,-0.66593,-0.30029,-0.46786,-0.12388,-0.49005,-0.56377,-0.19816,-0.32083,-0.18955,0.06833,-0.20805,-0.43718,-0.10096,-0.16079,0.037832,-0.49759,-0.19573,-0.63975,-0.13137,-0.15128,-0.030537,-0.072971,-0.18141,0.038977,0.059786
-0.50651,-0.52519,0,0.75256,-0.2618,-0.42206,-0.37236,-0.24927,-0.074608,0.091165,0.23851,-0.10328,-0.034117,0.097495,-0.25111,-0.42014,-0.59615,-0.64875,-0.22848,-0.58031,-0.86012,-0.81753,-0.36886,-0.69802,0.022576,-0.015696,-0.48456,-0.59748,-0.29663,-0.24878,-0.19373,-0.099767,-0.094511,-0.15514,0.055871,-0.21512,0.26129,0.10241,-0.21852,-0.23706,-0.66334,-0.63926,-0.20457,-0.43828,-0.51472,-0.45532,-0.15656,-0.26596,-0.42157,0.15111,0.12169,-0.24267,-0.38935,-0.52173,-0.34096,-0.69408,-0.53462,-0.50989,-0.46512,-0.041845,-0.33612,-0.53638,-0.46078,-0.43804,-0.26009,-0.21472,-0.12826,-0.30275,-0.19599,-0.11798,-0.037456,-0.34918,-0.24057,-0.49838,-0.21419,0.086706,-0.094123,0.27646,0.31729,0.24619,0.36494,-0.017761,0.29984,-0.0097217,0.057256,0.1505,-0.28512,-0.25654,-0.42377,-0.35442,-0.35353,-0.34846,-0.49432,-0.24588,-0.39345,-0.21601,-0.35836,0.18227,-0.42678,-0.8278,-0.72342,-0.47036,-0.3753,-0.63638,-0.80825
-0.53423,-0.5718,0.75256,0,-0.20964,-0.45287,-0.31719,-0.25034,-0.050725,0.14889,0.29124,-0.14722,-0.024149,0.11891,-0.2732,-0.28148,-0.60674,-0.68123,-0.093178,-0.58272,-0.75784,-0.76456,-0.24862,-0.67733,0.10297,0.024272,-0.53463,-0.625,-0.24483,-0.2567,-0.18617,-0.11183,-0.13803,-0.086764,0.047236,-0.19569,0.32109,0.23099,-0.16426,-0.23398,-0.64512,-0.72885,-0.21262,-0.49851,-0.57863,-0.49489,-0.11386,-0.21172,-0.37163,0.10358,0.060971,-0.17762,-0.29381,-0.48583,-0.27459,-0.7092,-0.55008,-0.5518,-0.48799,0.048816,-0.27316,-0.57457,-0.4966,-0.35965,-0.16351,-0.17085,-0.045411,-0.40021,-0.28678,-0.13568,-0.070783,-0.29815,-0.19563,-0.61987,-0.16656,0.11658,-0.02433,0.27772,0.42188,0.21926,0.33458,0.041948,0.3115,0.025184,0.090757,0.30356,-0.21244,-0.23697,-0.45987,-0.38047,-0.43841,-0.26426,-0.41763,-0.21287,-0.35435,-0.23514,-0.35044,0.25125,-0.39273,-0.8038,-0.70484,-0.47745,-0.31918,-0.72986,-0.82282
0.029528,-0.28033,-0.2618,-0.20964,0,-0.15045,0.22317,-0.20471,0.029689,-0.22013,-0.29467,-0.12799,-0.4572,-0.44028,-0.13949,-0.12484,-0.17476,-0.4132,-0.13576,-0.31429,-0.10689,-0.19445,-0.049625,-0.1985,-0.10772,-0.14724,-0.15957,-0.1274,-0.21763,-0.32861,-0.55961,-0.48957,-0.52443,-0.57779,-0.25297,-0.28975,-0.22861,-0.35003,-0.10964,-0.12515,-0.069631,-0.17994,-0.062803,-0.15424,-0.69107,-0.64153,0.0092751,0.0080065,-0.22344,-0.27353,-0.28565,-0.09235,0.076298,-0.12771,-0.21632,-0.09978,0.0061489,-0.053301,0.0027184,0.19155,-0.026505,-0.22589,-0.27608,0.049029,-0.059845,0.092803,0.064485,-0.23898,-0.27152,-0.082058,-0.14649,-0.2365,-0.18749,-0.50253,-0.16285,-0.15142,-0.20161,-0.41186,-0.26341,-0.24853,-0.17063,-0.26439,-0.1915,-0.22857,-0.22354,-0.21336,-0.070945,-0.0033528,0.0089126,-0.084298,-0.41465,-0.24771,-0.24288,-0.083754,-0.17406,-0.78133,-0.48276,-0.40408,-0.25918,-0.2406,-0.25954,-0.28277,-0.10981,-0.32669,-0.44684
-0.057773,0.3705,-0.42206,-0.45287,-0.15045,0,-0.13874,0.25346,-0.11542,-0.14802,-0.68865,0.0020453,-0.58034,-0.45795,0.10803,0.035178,0.037553,-0.1695,-0.36084,-0.098608,0.15572,0.14304,-0.080142,0.35533,-0.23934,-0.24914,0.11402,0.022479,-0.015579,0.020828,-0.36933,-0.32571,-0.41777,-0.33938,-0.53759,-0.054764,-0.74723,-0.48972,-0.3377,0.013184,0.16425,0.36799,-0.38808,0.21734,-0.35862,-0.44909,-0.17309,-0.11074,0.075346,-0.5321,-0.33221,0.002479,-0.23058,0.319,-0.37629,0.15007,0.06277,-0.011858,-0.080848,-0.24254,0.11091,-0.015294,0.20892,-0.038168,0.16678,-0.02556,-0.11076,-0.096466,-0.24587,-0.11975,-0.1208,-0.20507,-0.21268,-0.44717,-0.24036,-0.57419,-0.17061,-0.55735,-0.4399,-0.66723,-0.55173,-0.17924,-0.3042,-0.093049,-0.38698,-0.54755,-0.10725,-0.1708,-0.073786,0.071456,-0.35634,-0.28682,0.038194,-0.30213,-0.017722,-0.47391,-0.18359,-0.58535,-0.1081,0.013385,0.10272,0.059741,0.077676,-0.12478,-0.068485
0.20046,-0.09501,-0.37236,-0.31719,0.22317,-0.13874,0,0.045528,-0.11377,-0.15732,-0.44712,-0.19511,-0.68113,-0.532,-0.20588,-0.23327,-0.10489,-0.44336,-0.13869,-0.32646,-0.075417,-0.3208,0.056414,-0.16445,-0.3097,-0.060492,-0.2491,-0.26954,-0.10687,-0.105,-0.32313,-0.15439,-0.72173,-0.59926,-0.49623,-0.18594,-0.46515,-0.35933,0.11506,-0.13759,0.044641,-0.153,0.047864,0.13882,-0.30835,-0.25789,-0.10937,-0.0034757,-0.35933,-0.56608,-0.60743,-0.084214,0.056835,-0.086129,-0.13058,-0.093165,-0.0053269,-0.12114,-0.092259,-0.076524,-0.20957,-0.16666,-0.23016,0.1003,-0.10461,-0.026854,-0.044408,-0.09523,-0.22095,-0.11999,-0.22733,-0.016401,-0.022252,-0.25979,-0.12619,-0.25984,-0.2681,-0.4994,-0.41413,-0.54366,-0.47626,-0.21389,-0.31284,-0.095916,-0.33454,-0.36453,-0.090764,-0.10561,-0.006356,-0.090576,-0.1863,-0.22432,-0.2738,-0.07945,-0.13267,-0.80292,-0.43863,-0.45882,-0.2362,-0.18987,-0.23523,-0.14759,-0.12557,-0.22444,-0.34594
0.080867,0.48725,-0.24927,-0.25034,-0.20471,0.25346,0.045528,0,-0.11878,0.030777,-0.37772,0.12605,-0.50462,-0.39195,-0.21484,-0.198,-0.27636,-0.44491,-0.18647,-0.35932,-0.20141,-0.2999,-0.05367,0.0087379,-0.35783,-0.17322,-0.24862,-0.40925,0.057469,0.22836,-0.32017,-0.14147,-0.47757,-0.33425,-0.45289,0.33399,-0.5143,-0.12465,-0.02354,0.11528,-0.1417,-0.0045049,-0.2821,0.16158,-0.30689,-0.3614,-0.17,-0.15452,-0.20861,-0.44221,-0.3506,-0.045275,-0.038252,0.30697,-0.11364,-0.089133,-0.15586,-0.20243,-0.21184,-0.17442,-0.0028932,-0.30534,-0.078136,-0.20441,0.0089579,-0.11395,-0.14228,-0.20838,-0.33494,-0.25412,-0.33238,-0.22978,-0.20724,-0.44519,-0.23417,-0.23112,0.0831,-0.33848,-0.29173,-0.5105,-0.48302,-0.13496,-0.28829,0.06088,-0.37577,-0.30111,-0.17081,-0.22884,-0.20517,0.06488,-0.27439,-0.47922,-0.26637,-0.058647,0.015916,-0.63573,-0.36913,-0.42711,-0.27058,-0.31856,-0.20243,-0.1775,-0.19173,-0.16193,-0.18654
-0.1006,-0.17793,-0.074608,-0.050725,0.029689,-0.11542,-0.11377,-0.11878,0,-0.035437,-0.16395,0.23445,-0.28905,0.010246,0.0085955,-0.137,-0.10329,-0.20698,-0.012518,-0.11227,-0.35148,-0.40249,-0.18794,-0.3059,0.32764,-0.045353,0.048809,-0.22893,-0.067081,-0.16816,-0.40259,-0.29837,-0.31946,-0.13726,-0.31964,-0.2015,-0.28419,-0.16338,-0.13816,0.27445,-0.10217,-0.18298,-0.23157,-0.26401,-0.50098,-0.58043,-0.078958,-0.12382,-0.026945,-0.17001,-0.14175,-0.065955,-0.11455,-0.12584,-0.24138,-0.20965,-0.08877,-0.15265,-0.14555,0.3554,0.14261,-0.32139,-0.093087,-0.2561,-0.012887,-0.0036893,-0.047204,-0.078945,0.061676,0.002479,0.11317,-0.349,-0.11658,-0.45195,-0.16506,-0.076796,0.06033,-0.23496,0.035307,-0.26469,-0.065508,-0.20393,-0.082188,0.076265,-0.022563,-0.15751,0.31291,-0.075994,-0.16533,-0.10661,-0.32406,-0.082395,-0.021353,-0.069586,-0.062744,-0.31178,-0.10025,-0.18716,-0.052524,-0.39033,-0.2481,-0.10412,-0.15779,-0.34181,-0.46621
-0.18461,-0.15416,0.091165,0.14889,-0.22013,-0.14802,-0.15732,0.030777,-0.035437,0,-0.14684,-0.15487,-0.50878,-0.31437,-0.28389,-0.32787,-0.40797,-0.69973,-0.157,-0.52656,-0.32226,-0.52541,-0.010136,-0.25214,-0.01389,0.345,-0.26932,-0.41545,0.21959,0.30243,-0.014117,0.14354,-0.46887,-0.31343,-0.36104,-0.067579,-0.19949,0.13698,0.029657,-0.048207,-0.33409,-0.31544,-0.40386,-0.22893,-0.36373,-0.36207,-0.36654,-0.40903,-0.13175,-0.41988,-0.38546,-0.042129,-0.36884,-0.28351,-0.45619,-0.58732,-0.50599,-0.68472,-0.69577,-0.13072,-0.18019,-0.36309,-0.25357,-0.36629,-0.083482,-0.32924,-0.26673,-0.17837,-0.048699,-0.17099,-0.017275,-0.31757,-0.24814,-0.54449,-0.2466,-0.23591,-0.11645,-0.30148,-0.10995,-0.24717,-0.17396,-0.040667,0.11603,0.046712,-0.14071,-0.18822,-0.25913,-0.51594,-0.61084,-0.33835,-0.42314,-0.33727,-0.16881,-0.42102,-0.39704,-0.39306,-0.22639,-0.09646,-0.10566,-0.57704,-0.40395,-0.21466,-0.077586,-0.68044,-0.59459
-0.46474,-0.58777,0.23851,0.29124,-0.29467,-0.68865,-0.44712,-0.37772,-0.16395,-0.14684,0,-0.16621,0.22231,0.057955,-0.54504,-0.54665,-0.98796,-0.65537,-0.14626,-0.7175,-0.97696,-0.92602,-0.42285,-0.8845,-0.16096,-0.24066,-0.64708,-0.80694,-0.34563,-0.37683,-0.21371,-0.24923,-0.060259,-0.13271,0.10314,-0.20193,0.64498,0.25164,-0.17383,-0.31311,-0.97366,-0.88439,-0.19629,-0.7479,-0.4475,-0.35194,-0.16239,-0.26844,-0.55669,0.32663,0.16684,-0.44658,-0.25549,-0.56313,-0.11444,-0.81755,-0.65263,-0.54113,-0.47819,-0.12568,-0.42239,-0.68314,-0.71955,-0.53924,-0.42529,-0.33977,-0.19434,-0.40519,-0.43417,-0.37335,-0.32808,-0.36246,-0.25724,-0.42006,-0.2062,0.46285,0.0084854,0.32072,0.29528,0.46841,0.26669,-0.31427,-0.067883,-0.25522,-0.039424,0.44706,-0.39137,-0.22282,-0.47535,-0.3965,-0.36029,-0.4717,-0.69318,-0.10477,-0.41984,-0.21031,-0.5133,0.010537,-0.60063,-0.99592,-0.94421,-0.66779,-0.66228,-0.63305,-0.73337
0.016951,0.082071,-0.10328,-0.14722,-0.12799,0.0020453,-0.19511,0.12605,0.23445,-0.15487,-0.16621,0,-0.22913,-0.1078,-0.17195,-0.25346,-0.25006,-0.20741,-0.16522,-0.15725,-0.37868,-0.36214,-0.23154,-0.18365,-0.058207,-0.25998,-0.045612,-0.27975,-0.072382,-0.15401,-0.57826,-0.4912,-0.21781,-0.16131,-0.22482,0.059553,-0.27241,-0.17845,-0.051392,0.48155,-0.1642,-0.020686,-0.27466,-0.20424,-0.57158,-0.65539,-0.057735,-0.14403,-0.11416,-0.10164,-0.035676,-0.12714,0.034874,0.157,-0.078194,-0.088744,-0.086084,-0.020188,-0.017521,0.032324,0.19977,-0.48805,-0.23459,-0.42841,-0.20646,-0.068285,-0.13735,-0.24832,-0.20928,-0.22972,-0.24124,-0.50351,-0.30291,-0.53627,-0.21028,0.00041424,0.37547,-0.115,0.013851,-0.22315,-0.11617,-0.26025,-0.2529,0.12417,-0.021922,-0.14734,-0.015638,-0.076971,-0.13139,0.025392,-0.27891,-0.25051,-0.18872,0.2523,0.30872,-0.33658,-0.17561,-0.30686,-0.19175,-0.53094,-0.38208,-0.25133,-0.38249,-0.053981,-0.23609
-0.73509,-0.6147,-0.034117,-0.024149,-0.4572,-0.58034,-0.68113,-0.50462,-0.28905,-0.50878,0.22231,-0.22913,0,0.24702,-0.4785,-0.31903,-0.68667,-0.23359,-0.30792,-0.37616,-0.77878,-0.49452,-0.57289,-0.68311,-0.20854,-0.53048,-0.55491,-0.62546,-0.63856,-0.66876,-0.39146,-0.45841,0.49922,0.27404,0.33161,-0.19666,0.20749,-0.042731,-0.4485,-0.41509,-0.74736,-0.68907,-0.34503,-0.85254,-0.40512,-0.39666,-0.23728,-0.32039,-0.4743,0.62783,0.48932,-0.71085,-0.34744,-0.48661,-0.16084,-0.51487,-0.53225,-0.35551,-0.30016,-0.23739,-0.40109,-0.66573,-0.59725,-0.5723,-0.48594,-0.37941,-0.31061,-0.48155,-0.54973,-0.45996,-0.48155,-0.44779,-0.43289,-0.42227,-0.40943,0.17396,-0.053883,0.51896,0.30481,0.3616,0.21943,-0.44535,-0.35376,-0.25117,0.042816,0.16335,-0.34773,-0.20265,-0.39203,-0.45242,-0.48576,-0.27497,-0.50168,-0.11335,-0.31469,0.064129,-0.33083,0.081353,-0.52632,-0.47948,-0.53517,-0.52773,-0.5669,-0.28821,-0.2859
-0.64308,-0.5357,0.097495,0.11891,-0.44028,-0.45795,-0.532,-0.39195,0.010246,-0.31437,0.057955,-0.1078,0.24702,0,-0.14272,-0.14072,-0.34593,-0.16465,-0.068744,-0.18496,-0.72638,-0.51885,-0.45617,-0.62572,0.028168,-0.38313,-0.3603,-0.47994,-0.4317,-0.48212,-0.35438,-0.29243,0.094557,0.35334,-0.06233,-0.26783,-0.037405,-0.059204,-0.42278,-0.2261,-0.47152,-0.59478,-0.33366,-0.56641,-0.36962,-0.42078,-0.17613,-0.2181,-0.2755,0.22014,0.23746,-0.31169,-0.27459,-0.37509,-0.09888,-0.41293,-0.39784,-0.30298,-0.26746,0.051204,-0.18481,-0.44071,-0.24674,-0.4046,-0.18699,-0.20538,-0.17162,-0.32781,-0.20315,-0.17269,-0.15281,-0.35839,-0.20305,-0.34923,-0.32349,0.030278,-0.045262,0.29502,0.30328,-0.0085566,0.10615,-0.095146,-0.050848,-0.087696,-0.0018835,0.070239,-0.0050744,-0.14216,-0.28651,-0.38926,-0.33369,-0.088589,-0.28186,-0.10443,-0.17182,0.08945,-0.13288,0.10137,-0.3752,-0.41508,-0.35353,-0.28818,-0.37665,-0.32032,-0.40864
-0.30567,-0.21139,-0.25111,-0.2732,-0.13949,0.10803,-0.20588,-0.21484,0.0085955,-0.28389,-0.54504,-0.17195,-0.4785,-0.14272,0,0.13667,0.32394,-0.056796,-0.16759,0.031424,-0.049851,-0.025204,-0.13406,-0.0489,-0.00079612,-0.2437,0.092136,0.14335,-0.2154,-0.23221,-0.37373,-0.35743,-0.43356,-0.32163,-0.53144,-0.48316,-0.54989,-0.61834,-0.47783,-0.1359,0.12926,0.00031068,-0.15567,0.10794,-0.36911,-0.3995,0.037204,0.11729,-0.081385,-0.40482,-0.27768,0.16231,-0.25135,-0.088634,-0.32231,0.075003,0.11472,0.094,0.0091909,-0.027482,0.027728,0.18432,0.27894,0.21724,0.29709,0.23317,0.15025,-0.1099,-0.048932,0.10984,0.26694,-0.049023,0.064518,-0.22274,-0.041314,-0.54436,-0.35704,-0.41652,-0.36621,-0.5685,-0.40704,0.13177,0.047715,-0.21268,-0.3535,-0.39199,0.15496,0.094479,0.14286,0.0066019,-0.14133,-0.06323,-0.0043301,-0.32428,-0.12077,-0.3309,-0.14956,-0.38938,-0.12992,0.01257,0.079644,0.078951,0.084479,-0.31307,-0.38309
-0.393,-0.21266,-0.42014,-0.28148,-0.12484,0.035178,-0.23327,-0.198,-0.137,-0.32787,-0.54665,-0.25346,-0.31903,-0.14072,0.13667,0,0.10464,-0.007644,-0.10059,0.090809,0.0094822,0.17465,-0.10561,0.0081036,-0.062602,-0.32089,-0.066285,0.0091715,-0.31968,-0.36453,-0.50443,-0.45123,-0.30367,-0.062906,-0.37762,-0.28979,-0.47557,-0.39078,-0.44583,-0.15653,0.038945,-0.10037,-0.32901,-0.13533,-0.42869,-0.51515,-0.035036,0.0087249,0.061411,-0.34784,-0.25113,0.051256,-0.085709,0.029152,-0.21411,0.069437,0.0024854,-0.0091586,-0.031437,0.033184,0.20157,-0.14484,0.047333,0.089087,0.32753,0.14687,0.073502,-0.46716,-0.40146,-0.12467,-0.17245,-0.13234,-0.1239,-0.4814,-0.14478,-0.45706,-0.21638,-0.34054,-0.25031,-0.4996,-0.36085,0.042997,-0.18449,-0.1277,-0.28056,-0.32557,0.11232,-0.030589,-0.047327,-0.065573,-0.39285,0.05543,0.13257,-0.25684,-0.030395,-0.29596,-0.096395,-0.24958,-0.065845,0.10522,0.12756,-0.075307,0.11209,-0.20819,-0.10006
-0.12796,-0.11089,-0.59615,-0.60674,-0.17476,0.037553,-0.10489,-0.27636,-0.10329,-0.40797,-0.98796,-0.25006,-0.68667,-0.34593,0.32394,0.10464,0,0.24263,-0.23195,0.41702,0.18822,0.17674,-0.17109,0.08734,-0.12223,-0.25367,0.27027,0.3632,-0.23769,-0.27796,-0.36549,-0.34769,-0.50987,-0.35504,-0.68271,-0.53633,-0.90297,-0.8212,-0.40501,-0.10716,0.51799,0.21342,-0.19012,0.14839,-0.18003,-0.2588,-0.18838,-0.094117,0.062757,-0.69068,-0.59962,0.076142,-0.21541,-0.049275,-0.36091,0.29964,0.30603,0.15575,0.070939,-0.18826,0.0043689,0.16689,0.26329,0.092997,0.0010939,0.018259,-0.13827,-0.10542,0.029029,0.024841,0.045049,-0.10821,-0.067767,-0.095417,-0.13706,-0.80144,-0.48401,-0.70485,-0.60381,-0.9154,-0.60845,-0.095165,-0.27689,-0.22475,-0.39863,-0.71883,0.17037,-0.1117,0.090401,-0.057405,-0.054913,0.13676,0.26528,-0.34241,-0.034227,-0.26449,0.085773,-0.47173,0.12858,0.2365,0.26069,0.15377,0.072,-0.031676,-0.067916
-0.32911,-0.20424,-0.64875,-0.68123,-0.4132,-0.1695,-0.44336,-0.44491,-0.20698,-0.69973,-0.65537,-0.20741,-0.23359,-0.16465,-0.056796,-0.007644,0.24263,0,-0.37983,0.72583,-0.073715,0.11914,-0.41271,-0.043204,-0.19027,-0.48123,0.14268,0.13489,-0.42831,-0.46535,-0.50988,-0.55339,-0.10264,-0.039327,-0.38663,-0.43834,-0.64219,-0.67942,-0.50894,-0.12698,0.10897,0.092816,-0.3316,-0.21901,-0.13104,-0.29048,-0.2816,-0.26345,-0.012913,-0.3547,-0.29672,-0.30672,-0.25862,-0.12528,-0.30121,0.18834,0.09411,0.17493,0.11108,-0.31105,-0.058634,-0.20913,-0.066324,-0.29384,-0.28805,-0.20638,-0.34878,-0.22184,-0.12817,-0.24649,-0.24606,-0.3489,-0.32129,-0.092239,-0.34632,-0.51487,-0.34759,-0.41161,-0.39377,-0.52368,-0.42021,-0.34116,-0.53603,-0.2937,-0.22795,-0.57928,0.012926,-0.14374,-0.013994,-0.18376,-0.20121,0.10172,0.12271,-0.23857,-0.037702,0.054472,0.21634,-0.35195,0.10517,0.078104,0.072557,-0.079644,-0.25287,0.15039,0.19126
-0.21861,-0.32405,-0.22848,-0.093178,-0.13576,-0.36084,-0.13869,-0.18647,-0.012518,-0.157,-0.14626,-0.16522,-0.30792,-0.068744,-0.16759,-0.10059,-0.23195,-0.37983,0,-0.27364,-0.33203,-0.41637,-0.046168,-0.3878,-0.15788,-0.2663,-0.39037,-0.42457,-0.093495,-0.21273,-0.35241,-0.3085,-0.57902,-0.23662,-0.38225,-0.24372,-0.24472,0.054395,-0.16438,-0.073955,-0.35083,-0.47173,-0.18959,-0.31338,-0.46261,-0.4434,-0.089094,-0.086796,-0.31446,-0.27271,-0.33923,-0.0074628,0.20144,-0.071502,0.1976,-0.24133,-0.28416,-0.32823,-0.28807,0.15636,-0.086388,-0.22538,-0.1248,-0.078874,0.02121,-0.099443,-0.048356,-0.52579,-0.29349,-0.22939,-0.23982,-0.22141,-0.09279,-0.41179,-0.2024,-0.073579,0.093618,-0.20987,-0.18957,-0.35722,-0.32156,-0.0035534,-0.12899,-0.19353,-0.40683,0.11503,0.068142,-0.14605,-0.29938,-0.1936,-0.21766,-0.24156,-0.26894,0.045793,-0.015806,-0.46025,-0.42278,-0.16709,-0.38719,-0.35883,-0.21148,-0.34428,-0.26722,-0.38355,-0.47907
-0.29898,-0.17138,-0.58031,-0.58272,-0.31429,-0.098608,-0.32646,-0.35932,-0.11227,-0.52656,-0.7175,-0.15725,-0.37616,-0.18496,0.031424,0.090809,0.41702,0.72583,-0.27364,0,-0.039955,0.10688,-0.36754,-0.039049,-0.094848,-0.3033,0.28032,0.20878,-0.33334,-0.3899,-0.49112,-0.46329,-0.27432,-0.11898,-0.49572,-0.47838,-0.67261,-0.6263,-0.4644,-0.0012362,0.20441,0.13911,-0.25646,-0.12288,-0.18405,-0.35426,-0.16944,-0.15046,0.066155,-0.42724,-0.37288,-0.12994,-0.17968,-0.056686,-0.32006,0.23047,0.2269,0.21289,0.14056,-0.19723,0.036621,-0.20225,-0.0021748,-0.20335,-0.15034,-0.05932,-0.2175,-0.23524,-0.069696,-0.078906,-0.11324,-0.26743,-0.19764,-0.13714,-0.23059,-0.53603,-0.31434,-0.48035,-0.3903,-0.61408,-0.42266,-0.21146,-0.40505,-0.20974,-0.25254,-0.58174,0.15892,-0.079767,0.045618,-0.065683,-0.14156,0.1363,0.19988,-0.25161,0.03677,-0.058155,0.23566,-0.35908,0.18915,0.037353,0.05554,-0.10457,-0.2141,0.058608,0.069722
-0.0171,-0.0088026,-0.86012,-0.75784,-0.10689,0.15572,-0.075417,-0.20141,-0.35148,-0.32226,-0.97696,-0.37868,-0.77878,-0.72638,-0.049851,0.0094822,0.18822,-0.073715,-0.33203,-0.039955,0,0.44764,0.1366,0.52621,-0.37278,-0.31372,0.09545,0.31749,-0.024867,-0.12317,-0.35003,-0.41315,-0.57994,-0.48261,-0.69994,-0.35122,-0.87218,-0.72634,-0.25355,-0.24846,0.41612,0.27634,-0.43225,0.027495,-0.25875,-0.28907,-0.36511,-0.23258,0.03299,-0.90122,-0.67964,-0.10177,-0.22398,0.037463,-0.37074,0.11661,-0.02099,-0.092453,-0.16328,-0.38643,-0.07543,0.18948,0.041191,0.06167,-0.060019,-0.24006,-0.30306,-0.14274,-0.21266,-0.29882,-0.24934,-0.18405,-0.27435,-0.2763,-0.32026,-0.84096,-0.46786,-0.96252,-0.78346,-0.86366,-0.83146,-0.29982,-0.47037,-0.35918,-0.45548,-0.75492,-0.24613,-0.30726,-0.13283,-0.22653,-0.35193,-0.096181,0.15447,-0.40661,-0.1523,-0.42432,-0.14821,-0.72626,0.0032168,0.30784,0.27278,0.16735,0.20747,-0.099049,0.024816
-0.21264,-0.059417,-0.81753,-0.76456,-0.19445,0.14304,-0.3208,-0.2999,-0.40249,-0.52541,-0.92602,-0.36214,-0.49452,-0.51885,-0.025204,0.17465,0.17674,0.11914,-0.41637,0.10688,0.44764,0,-0.17195,0.3699,-0.32391,-0.50577,0.072932,0.37819,-0.27194,-0.36629,-0.4611,-0.59438,-0.31895,-0.32341,-0.44413,-0.34133,-0.73061,-0.76005,-0.54212,-0.30478,0.22226,0.23966,-0.4714,-0.07745,-0.32375,-0.39781,-0.3003,-0.23545,0.16287,-0.56731,-0.42931,-0.10623,-0.25751,0.048382,-0.40603,0.27834,0.072867,0.045832,0.00088026,-0.36345,0.012,0.058181,0.074621,-0.02055,-0.06932,-0.15726,-0.26701,-0.30303,-0.33609,-0.23157,-0.29488,-0.29178,-0.39186,-0.3355,-0.33561,-0.83276,-0.46322,-0.70624,-0.67005,-0.65658,-0.60008,-0.29656,-0.46339,-0.45239,-0.46686,-0.68822,-0.19208,-0.24978,-0.077825,-0.1715,-0.39833,-0.11967,0.14755,-0.41286,-0.10486,-0.29008,-0.09099,-0.59738,-0.081094,0.40201,0.3305,-0.018647,0.065735,0.0089061,0.18868
-0.040887,-0.15471,-0.36886,-0.24862,-0.049625,-0.080142,0.056414,-0.05367,-0.18794,-0.010136,-0.42285,-0.23154,-0.57289,-0.45617,-0.13406,-0.10561,-0.17109,-0.41271,-0.046168,-0.36754,0.1366,-0.17195,0,0.13141,-0.23201,-0.13513,-0.19577,-0.12172,0.28485,0.12438,-0.41514,-0.34524,-0.57216,-0.38021,-0.48276,-0.096906,-0.44724,-0.26491,0.20575,-0.10779,0.03165,-0.098168,-0.4221,-0.13523,-0.50078,-0.46082,-0.25631,-0.1935,-0.25229,-0.58966,-0.48817,-0.10449,-0.0669,-0.023282,-0.15283,-0.2222,-0.34709,-0.32374,-0.36126,-0.11933,-0.053864,-0.11588,-0.20727,-0.059521,-0.029942,-0.25401,-0.21528,-0.26807,-0.20438,-0.44774,-0.29827,-0.30264,-0.29347,-0.47446,-0.32388,-0.32074,-0.14504,-0.4703,-0.37023,-0.47345,-0.53263,-0.11948,-0.21147,-0.15969,-0.2245,-0.29838,-0.24868,-0.26591,-0.26873,-0.32096,-0.46958,-0.17764,-0.12934,-0.14835,-0.14418,-0.57106,-0.36709,-0.39263,-0.13201,-0.16381,-0.067385,0.041909,0.14787,-0.34633,-0.32063
0.019896,0.2437,-0.69802,-0.67733,-0.1985,0.35533,-0.16445,0.0087379,-0.3059,-0.25214,-0.8845,-0.18365,-0.68311,-0.62572,-0.0489,0.0081036,0.08734,-0.043204,-0.3878,-0.039049,0.52621,0.3699,0.13141,0,-0.36262,-0.34298,0.10197,0.22654,0.064259,0.048155,-0.48387,-0.47196,-0.45303,-0.39622,-0.60397,-0.09145,-0.88777,-0.59691,-0.19536,-0.068932,0.35084,0.57683,-0.54798,0.09244,-0.3037,-0.4085,-0.34431,-0.28516,0.074699,-0.7587,-0.51917,-0.07556,-0.18986,0.25882,-0.33317,0.19144,-0.047553,-0.035709,-0.11471,-0.33637,0.12497,-0.013294,0.055625,-0.12183,-0.040039,-0.2322,-0.33086,-0.17485,-0.19889,-0.36975,-0.31995,-0.36781,-0.41965,-0.34159,-0.39217,-0.68654,-0.30074,-0.7826,-0.67262,-0.75529,-0.76348,-0.23486,-0.41961,-0.29172,-0.4111,-0.72932,-0.24225,-0.301,-0.11854,-0.13035,-0.40891,-0.23229,0.094783,-0.30356,-0.066155,-0.44314,-0.12969,-0.68857,0.042265,0.14189,0.2699,0.12271,0.12468,-0.017832,0.11741
-0.41871,-0.42961,0.022576,0.10297,-0.10772,-0.23934,-0.3097,-0.35783,0.32764,-0.01389,-0.16096,-0.058207,-0.20854,0.028168,-0.00079612,-0.062602,-0.12223,-0.19027,-0.15788,-0.094848,-0.37278,-0.32391,-0.23201,-0.36262,0,0.1046,0.0031068,-0.13339,-0.14423,-0.30256,-0.27763,-0.28439,-0.15185,-0.046162,-0.11601,-0.3341,-0.12024,-0.17423,-0.26876,0.0014757,-0.17354,-0.28155,-0.27225,-0.40757,-0.6053,-0.62356,-0.090207,-0.17898,0.041372,-0.12814,-0.12298,-0.045094,-0.35221,-0.3607,-0.53207,-0.33117,-0.17069,-0.2492,-0.23297,0.13567,0.007178,-0.38928,-0.23304,-0.28789,-0.079871,-0.027417,-0.044239,-0.22411,0.0085307,0.099573,0.24259,-0.3862,-0.21959,-0.57403,-0.10465,-0.21742,-0.1411,-0.17121,0.10897,-0.11695,0.12911,-0.13278,0.097282,-0.026498,0.14852,-0.13239,0.21433,-0.15423,-0.27626,-0.26536,-0.44254,0.059314,0.055592,-0.31517,-0.21865,-0.13374,0.017301,0.032324,0.018725,-0.40397,-0.31668,-0.19673,-0.097883,-0.51174,-0.51264
-0.28785,-0.3162,-0.015696,0.024272,-0.14724,-0.24914,-0.060492,-0.17322,-0.045353,0.345,-0.24066,-0.25998,-0.53048,-0.38313,-0.2437,-0.32089,-0.25367,-0.48123,-0.2663,-0.3033,-0.31372,-0.50577,-0.13513,-0.34298,0.1046,0,-0.1118,-0.26652,0.016369,0.060175,-0.044246,0.12496,-0.49185,-0.38882,-0.36124,-0.3248,-0.19606,-0.092388,-0.017184,-0.050233,-0.22583,-0.27443,-0.13696,-0.18676,-0.30864,-0.30737,-0.17926,-0.22381,-0.23319,-0.42356,-0.46056,-0.11122,-0.40406,-0.43654,-0.63701,-0.50977,-0.28919,-0.44445,-0.47055,-0.1685,-0.29306,-0.42388,-0.37953,-0.28801,-0.16567,-0.17327,-0.1452,-0.1439,-0.00077023,-0.0087379,0.12082,-0.16979,-0.10604,-0.361,-0.05732,-0.26421,-0.28456,-0.36907,-0.15033,-0.257,-0.14588,-0.13315,0.025243,-0.016628,-0.076388,-0.28812,-0.16434,-0.29506,-0.36949,-0.21557,-0.27656,-0.20693,-0.17766,-0.50254,-0.45796,-0.37382,-0.18397,-0.087987,0.04567,-0.51532,-0.47463,-0.30124,-0.16893,-0.70157,-0.61975
-0.12548,-0.0489,-0.48456,-0.53463,-0.15957,0.11402,-0.2491,-0.24862,0.048809,-0.26932,-0.64708,-0.045612,-0.55491,-0.3603,0.092136,-0.066285,0.27027,0.14268,-0.39037,0.28032,0.09545,0.072932,-0.19577,0.10197,0.0031068,-0.1118,0,0.4521,-0.062757,-0.16163,-0.44835,-0.41355,-0.39011,-0.3074,-0.58553,-0.41424,-0.63518,-0.65294,-0.2707,0.14049,0.34272,0.37191,-0.35993,-0.097864,-0.3127,-0.4344,-0.16883,-0.15493,0.12442,-0.47928,-0.36581,-0.11221,-0.31724,-0.075023,-0.51847,0.016537,0.087573,0.067722,-0.058091,-0.18021,0.089612,-0.10789,0.010375,-0.23294,-0.12096,-0.087243,-0.22142,-0.039981,0.082401,-0.095961,0.028278,-0.32773,-0.20268,-0.21831,-0.1527,-0.52911,-0.32166,-0.65739,-0.40492,-0.57393,-0.41135,-0.34444,-0.30521,-0.20068,-0.19726,-0.72306,-0.014887,-0.11524,-0.015294,-0.022706,-0.19771,-0.019476,0.18581,-0.36665,-0.10041,-0.23485,0.078252,-0.52687,0.23164,-0.034621,0.016654,0.087916,-0.032725,-0.13736,-0.12397
-0.17954,-0.18469,-0.59748,-0.625,-0.1274,0.022479,-0.26954,-0.40925,-0.22893,-0.41545,-0.80694,-0.27975,-0.62546,-0.47994,0.14335,0.0091715,0.3632,0.13489,-0.42457,0.20878,0.31749,0.37819,-0.12172,0.22654,-0.13339,-0.26652,0.4521,0,-0.15687,-0.29001,-0.48572,-0.55836,-0.42614,-0.44856,-0.54192,-0.54394,-0.63439,-0.90763,-0.36714,-0.15426,0.409,0.32764,-0.34797,-0.062214,-0.36153,-0.42372,-0.18632,-0.14849,0.083883,-0.57734,-0.45529,-0.036388,-0.29965,-0.1167,-0.50384,0.12898,0.10712,0.12159,0.010117,-0.26689,0.020583,0.059935,0.00047896,-0.064,-0.12085,-0.082718,-0.20588,-0.1631,-0.04246,-0.12677,-0.052854,-0.30508,-0.27467,-0.2004,-0.18336,-0.7347,-0.5328,-0.76476,-0.617,-0.60409,-0.5018,-0.23987,-0.25769,-0.43118,-0.32544,-0.76151,-0.13158,-0.12901,0.051049,-0.12782,-0.23396,-0.024485,0.13073,-0.4263,-0.15022,-0.28196,-0.026052,-0.59517,0.085728,0.13402,0.1226,0.042602,0.040498,-0.13079,-0.10081
-0.0041553,0.026233,-0.29663,-0.24483,-0.21763,-0.015579,-0.10687,0.057469,-0.067081,0.21959,-0.34563,-0.072382,-0.63856,-0.4317,-0.2154,-0.31968,-0.23769,-0.42831,-0.093495,-0.33334,-0.024867,-0.27194,0.28485,0.064259,-0.14423,0.016369,-0.062757,-0.15687,0,0.46272,-0.23379,-0.18328,-0.59948,-0.39084,-0.5604,-0.017061,-0.45962,-0.13199,0.12678,0.086544,-0.052997,-0.025476,-0.4925,-0.14538,-0.41586,-0.44828,-0.32503,-0.30778,-0.10201,-0.60616,-0.49529,-0.046647,-0.18548,0.0013463,-0.2903,-0.28218,-0.33997,-0.39783,-0.438,-0.19595,-0.052259,-0.20289,-0.14449,-0.28892,-0.083858,-0.34224,-0.31566,-0.099676,0.0079935,-0.28258,-0.15517,-0.42417,-0.32819,-0.44329,-0.34977,-0.31322,-0.060634,-0.55107,-0.36705,-0.48013,-0.49379,-0.19526,-0.16429,-0.20145,-0.27949,-0.32394,-0.204,-0.37962,-0.37839,-0.28881,-0.42822,-0.35461,-0.12194,-0.24304,-0.1571,-0.47644,-0.26362,-0.45656,-0.11234,-0.35476,-0.17302,-0.077074,-0.094628,-0.41696,-0.38228
-0.025528,0.13839,-0.24878,-0.2567,-0.32861,0.020828,-0.105,0.22836,-0.16816,0.30243,-0.37683,-0.15401,-0.66876,-0.48212,-0.23221,-0.36453,-0.27796,-0.46535,-0.21273,-0.3899,-0.12317,-0.36629,0.12438,0.048155,-0.30256,0.060175,-0.16163,-0.29001,0.46272,0,-0.16458,0.013793,-0.60696,-0.42913,-0.63546,0.037476,-0.52762,-0.10405,0.080796,0.037146,-0.14215,-0.030408,-0.43324,0.015269,-0.18045,-0.25778,-0.375,-0.36306,-0.23054,-0.65552,-0.53016,-0.11891,-0.27683,-0.048214,-0.31897,-0.3217,-0.38624,-0.44098,-0.51183,-0.28551,-0.15302,-0.22757,-0.11744,-0.31871,-0.077314,-0.3691,-0.35421,-0.06011,-0.012188,-0.33887,-0.18614,-0.31154,-0.27224,-0.27832,-0.35287,-0.33234,-0.14671,-0.5321,-0.41915,-0.52041,-0.57001,-0.12443,-0.16243,-0.14562,-0.37806,-0.40661,-0.30724,-0.42166,-0.38859,-0.20176,-0.31218,-0.49216,-0.22706,-0.34537,-0.32109,-0.51569,-0.29692,-0.41133,-0.081502,-0.35526,-0.17472,-0.094,-0.11265,-0.43303,-0.3615
-0.38975,-0.33572,-0.19373,-0.18617,-0.55961,-0.36933,-0.32313,-0.32017,-0.40259,-0.014117,-0.21371,-0.57826,-0.39146,-0.35438,-0.37373,-0.50443,-0.36549,-0.50988,-0.35241,-0.49112,-0.35003,-0.4611,-0.41514,-0.48387,-0.27763,-0.044246,-0.44835,-0.48572,-0.23379,-0.16458,0,0.46272,-0.35075,-0.31937,-0.38291,-0.42709,-0.2574,-0.15692,-0.40311,-0.57369,-0.45588,-0.51623,-0.21067,-0.2524,0.09477,0.24962,-0.548,-0.45611,-0.25746,-0.48687,-0.54386,-0.24955,-0.70506,-0.6203,-0.55133,-0.58891,-0.43454,-0.70581,-0.69867,-0.64096,-0.72278,-0.12461,-0.23319,-0.26215,-0.31833,-0.49335,-0.38439,-0.046032,-0.19313,-0.098485,-0.043935,0.020738,-0.077735,-0.1585,-0.18863,-0.51516,-0.53684,-0.34064,-0.34359,-0.3619,-0.33359,-0.25569,-0.17261,-0.28433,-0.38466,-0.28263,-0.36371,-0.61806,-0.6377,-0.51316,-0.18054,-0.28865,-0.23616,-0.73452,-0.63117,-0.10183,-0.17651,-0.17736,-0.31672,-0.37094,-0.41232,-0.25797,-0.27504,-0.60839,-0.47498
-0.33156,-0.26102,-0.099767,-0.11183,-0.48957,-0.32571,-0.15439,-0.14147,-0.29837,0.14354,-0.24923,-0.4912,-0.45841,-0.29243,-0.35743,-0.45123,-0.34769,-0.55339,-0.3085,-0.46329,-0.41315,-0.59438,-0.34524,-0.47196,-0.28439,0.12496,-0.41355,-0.55836,-0.18328,0.013793,0.46272,0,-0.42961,-0.29593,-0.46794,-0.29515,-0.32034,-0.066712,-0.23653,-0.40166,-0.39871,-0.48533,-0.20638,-0.14379,0.14606,0.17613,-0.49538,-0.41691,-0.33244,-0.49269,-0.53582,-0.24916,-0.58782,-0.53657,-0.47871,-0.61042,-0.45676,-0.69847,-0.70887,-0.43898,-0.61308,-0.22128,-0.20258,-0.28857,-0.23171,-0.43302,-0.36196,-0.0090227,-0.085081,-0.092764,-0.05435,0.017922,-0.031133,-0.11282,-0.23065,-0.38874,-0.46445,-0.32307,-0.28368,-0.40101,-0.34151,-0.15707,-0.1219,-0.11389,-0.35344,-0.34599,-0.31421,-0.55805,-0.54734,-0.41629,-0.14931,-0.31404,-0.28765,-0.64146,-0.61935,-0.22738,-0.21056,-0.12388,-0.24734,-0.3712,-0.37585,-0.21231,-0.22591,-0.57617,-0.48599
-0.6461,-0.47211,-0.094511,-0.13803,-0.52443,-0.41777,-0.72173,-0.47757,-0.31946,-0.46887,-0.060259,-0.21781,0.49922,0.094557,-0.43356,-0.30367,-0.50987,-0.10264,-0.57902,-0.27432,-0.57994,-0.31895,-0.57216,-0.45303,-0.15185,-0.49185,-0.39011,-0.42614,-0.59948,-0.60696,-0.35075,-0.42961,0,0.32685,0.35506,-0.14608,-0.0088932,-0.21485,-0.46417,-0.41118,-0.50536,-0.43678,-0.49391,-0.70097,-0.36006,-0.38229,-0.41758,-0.50346,-0.26795,0.25689,0.28796,-0.69469,-0.55127,-0.48026,-0.3999,-0.42662,-0.47002,-0.33663,-0.29575,-0.36709,-0.35306,-0.59344,-0.49941,-0.67647,-0.56665,-0.4756,-0.47571,-0.34548,-0.39638,-0.42817,-0.42933,-0.58184,-0.62069,-0.45225,-0.50891,-0.11373,-0.20263,0.23383,0.15929,0.19047,0.17194,-0.4953,-0.38958,-0.18868,0.16918,-0.14464,-0.36797,-0.36933,-0.43415,-0.54129,-0.5713,-0.15417,-0.285,-0.25699,-0.32228,0.2238,-0.10293,0.069638,-0.32299,-0.34944,-0.40013,-0.33306,-0.38787,-0.155,-0.10185
-0.63849,-0.38516,-0.15514,-0.086764,-0.57779,-0.33938,-0.59926,-0.33425,-0.13726,-0.31343,-0.13271,-0.16131,0.27404,0.35334,-0.32163,-0.062906,-0.35504,-0.039327,-0.23662,-0.11898,-0.48261,-0.32341,-0.38021,-0.39622,-0.046162,-0.38882,-0.3074,-0.44856,-0.39084,-0.42913,-0.31937,-0.29593,0.32685,0,-0.025825,-0.11233,-0.18278,-0.069359,-0.38015,-0.2253,-0.38549,-0.44135,-0.57688,-0.64868,-0.29759,-0.38153,-0.39368,-0.42044,-0.14008,0.048544,0.10244,-0.48596,-0.38688,-0.30715,-0.2368,-0.39598,-0.46806,-0.3937,-0.37336,-0.18887,-0.18557,-0.53179,-0.30024,-0.55398,-0.29306,-0.40792,-0.39806,-0.38129,-0.32327,-0.38485,-0.35686,-0.45185,-0.40794,-0.48225,-0.47188,-0.12921,-0.025994,0.15852,0.24089,-0.092841,-0.019236,-0.30617,-0.35344,0.029159,0.12498,-0.11357,-0.13186,-0.35662,-0.48067,-0.49904,-0.52825,0.038071,-0.077773,-0.19696,-0.15908,0.2767,0.051877,0.12904,-0.18741,-0.27631,-0.24429,-0.18164,-0.25538,-0.17488,-0.082654
-0.54775,-0.58581,0.055871,0.047236,-0.25297,-0.53759,-0.49623,-0.45289,-0.31964,-0.36104,0.10314,-0.22482,0.33161,-0.06233,-0.53144,-0.37762,-0.68271,-0.38663,-0.38225,-0.49572,-0.69994,-0.44413,-0.48276,-0.60397,-0.11601,-0.36124,-0.58553,-0.54192,-0.5604,-0.63546,-0.38291,-0.46794,0.35506,-0.025825,0,-0.10614,0.30562,-0.030977,-0.33767,-0.41355,-0.69555,-0.60662,-0.29551,-0.70675,-0.64929,-0.55201,-0.25759,-0.39715,-0.41696,0.3756,0.20296,-0.55214,-0.35494,-0.50142,-0.34069,-0.4866,-0.47442,-0.3892,-0.28501,-0.22766,-0.38693,-0.69907,-0.67412,-0.54926,-0.55788,-0.34685,-0.31285,-0.553,-0.52228,-0.36142,-0.45266,-0.60144,-0.64898,-0.66052,-0.39898,0.067929,-0.11817,0.29643,0.18035,0.51534,0.41152,-0.4341,-0.2605,-0.24514,0.091243,0.11669,-0.36995,-0.31112,-0.447,-0.46845,-0.60243,-0.3107,-0.48212,-0.14765,-0.32946,-0.15819,-0.39947,0.188,-0.5073,-0.53819,-0.585,-0.61877,-0.4561,-0.31487,-0.3311
-0.069819,0.15332,-0.21512,-0.19569,-0.28975,-0.054764,-0.18594,0.33399,-0.2015,-0.067579,-0.20193,0.059553,-0.19666,-0.26783,-0.48316,-0.28979,-0.53633,-0.43834,-0.24372,-0.47838,-0.35122,-0.34133,-0.096906,-0.09145,-0.3341,-0.3248,-0.41424,-0.54394,-0.017061,0.037476,-0.42709,-0.29515,-0.14608,-0.11233,-0.10614,0,-0.30141,0.062744,0.009754,-0.019366,-0.33554,-0.18271,-0.53366,-0.24576,-0.44469,-0.50536,-0.35164,-0.41452,-0.24446,-0.20577,-0.15204,-0.3191,-0.11696,0.095748,-0.11737,-0.25324,-0.41427,-0.36779,-0.32144,-0.18527,-0.056078,-0.5428,-0.29371,-0.4993,-0.25,-0.3726,-0.38726,-0.35104,-0.40394,-0.49388,-0.60287,-0.60504,-0.6077,-0.62651,-0.51687,-0.047786,0.18251,-0.15283,-0.13384,-0.20937,-0.2704,-0.34258,-0.39542,-0.065696,-0.20427,-0.17658,-0.29994,-0.40301,-0.41605,-0.24379,-0.57691,-0.51784,-0.34575,0.0056893,-0.077405,-0.47118,-0.39746,-0.24162,-0.35711,-0.38401,-0.24924,-0.28138,-0.26566,-0.12405,-0.093663
-0.57628,-0.77396,0.26129,0.32109,-0.22861,-0.74723,-0.46515,-0.5143,-0.28419,-0.19949,0.64498,-0.27241,0.20749,-0.037405,-0.54989,-0.47557,-0.90297,-0.64219,-0.24472,-0.67261,-0.87218,-0.73061,-0.44724,-0.88777,-0.12024,-0.19606,-0.63518,-0.63439,-0.45962,-0.52762,-0.2574,-0.32034,-0.0088932,-0.18278,0.30562,-0.30141,0,0.11896,-0.22696,-0.41023,-0.93903,-0.88674,-0.16524,-0.79689,-0.56907,-0.42805,-0.12396,-0.25565,-0.55026,0.37806,0.16272,-0.43979,-0.30833,-0.67599,-0.25339,-0.80548,-0.61223,-0.50752,-0.43679,-0.16037,-0.45923,-0.71722,-0.87499,-0.49994,-0.4812,-0.29246,-0.16673,-0.54032,-0.50659,-0.33263,-0.32914,-0.38113,-0.32865,-0.49841,-0.16457,0.28024,-0.12667,0.31921,0.26746,0.7699,0.47178,-0.30365,-0.029217,-0.29168,0.028531,0.34445,-0.4506,-0.21884,-0.45379,-0.41578,-0.39883,-0.39571,-0.67158,-0.19178,-0.45852,-0.21321,-0.51452,0.097638,-0.57129,-0.88689,-1,-0.77054,-0.59142,-0.63474,-0.69935
-0.38485,-0.34666,0.10241,0.23099,-0.35003,-0.48972,-0.35933,-0.12465,-0.16338,0.13698,0.25164,-0.17845,-0.042731,-0.059204,-0.61834,-0.39078,-0.8212,-0.67942,0.054395,-0.6263,-0.72634,-0.76005,-0.26491,-0.59691,-0.17423,-0.092388,-0.65294,-0.90763,-0.13199,-0.10405,-0.15692,-0.066712,-0.21485,-0.069359,-0.030977,0.062744,0.11896,0,-0.091262,-0.16278,-0.8385,-0.72611,-0.35965,-0.57797,-0.40872,-0.4029,-0.31937,-0.42763,-0.39342,-0.029307,-0.12252,-0.32447,-0.1784,-0.33066,-0.12021,-0.70352,-0.70517,-0.75824,-0.64968,-0.099579,-0.30913,-0.70447,-0.48378,-0.55802,-0.27238,-0.41924,-0.30872,-0.52801,-0.39152,-0.38664,-0.39332,-0.43692,-0.37836,-0.60025,-0.37222,0.20322,0.1765,0.085353,0.13494,0.065786,0.014097,-0.19526,-0.12317,-0.095599,-0.16618,0.28118,-0.29973,-0.45269,-0.72984,-0.40379,-0.47804,-0.48124,-0.46944,-0.14692,-0.34014,-0.30903,-0.4372,0.15811,-0.43918,-0.79092,-0.58702,-0.61507,-0.4674,-0.58678,-0.53318
0.11965,-0.14977,-0.21852,-0.16426,-0.10964,-0.3377,0.11506,-0.02354,-0.13816,0.029657,-0.17383,-0.051392,-0.4485,-0.42278,-0.47783,-0.44583,-0.40501,-0.50894,-0.16438,-0.4644,-0.25355,-0.54212,0.20575,-0.19536,-0.26876,-0.017184,-0.2707,-0.36714,0.12678,0.080796,-0.40311,-0.23653,-0.46417,-0.38015,-0.33767,0.009754,-0.22696,-0.091262,0,0.041735,-0.18383,-0.22223,-0.29815,-0.27133,-0.39373,-0.35021,-0.28478,-0.31064,-0.41854,-0.38933,-0.4256,-0.2901,-0.049074,-0.19115,-0.11217,-0.43041,-0.44839,-0.38954,-0.40608,-0.14432,-0.18035,-0.49191,-0.54091,-0.42586,-0.40122,-0.37384,-0.35633,-0.27244,-0.18412,-0.54794,-0.45232,-0.4274,-0.34579,-0.36312,-0.2589,-0.008466,-0.037184,-0.29404,-0.19212,-0.25225,-0.30802,-0.32659,-0.29559,-0.028188,-0.048583,-0.25592,-0.36084,-0.32226,-0.3448,-0.29347,-0.286,-0.26425,-0.34733,0.016078,-0.15825,-0.51869,-0.36672,-0.28099,-0.1445,-0.52074,-0.44785,-0.19647,-0.24549,-0.26906,-0.34772
0.020699,0.10952,-0.23706,-0.23398,-0.12515,0.013184,-0.13759,0.11528,0.27445,-0.048207,-0.31311,0.48155,-0.41509,-0.2261,-0.1359,-0.15653,-0.10716,-0.12698,-0.073955,-0.0012362,-0.24846,-0.30478,-0.10779,-0.068932,0.0014757,-0.050233,0.14049,-0.15426,0.086544,0.037146,-0.57369,-0.40166,-0.41118,-0.2253,-0.41355,-0.019366,-0.41023,-0.16278,0.041735,0,-0.040751,0.097702,-0.28669,-0.13712,-0.4679,-0.61901,-0.047262,-0.14133,-0.071463,-0.30493,-0.25914,-0.05323,0.050052,0.17405,-0.16173,-0.070511,-0.060654,-0.040518,-0.084926,0.074945,0.30252,-0.47272,-0.1766,-0.39463,-0.11082,-0.045968,-0.14593,-0.27891,-0.08433,-0.23033,-0.18246,-0.46472,-0.25814,-0.43632,-0.16747,-0.10368,0.24823,-0.32925,-0.13702,-0.38079,-0.26869,-0.20471,-0.24445,0.083909,-0.11352,-0.28016,0.071508,-0.085249,-0.13416,0.11742,-0.22802,-0.21483,-0.076298,0.061903,0.16843,-0.40703,-0.11585,-0.31197,0.062265,-0.4376,-0.25264,-0.2125,-0.28038,-0.14801,-0.22933
0.043696,0.029515,-0.66334,-0.64512,-0.069631,0.16425,0.044641,-0.1417,-0.10217,-0.33409,-0.97366,-0.1642,-0.74736,-0.47152,0.12926,0.038945,0.51799,0.10897,-0.35083,0.20441,0.41612,0.22226,0.03165,0.35084,-0.17354,-0.22583,0.34272,0.409,-0.052997,-0.14215,-0.45588,-0.39871,-0.50536,-0.38549,-0.69555,-0.33554,-0.93903,-0.8385,-0.18383,-0.040751,0,0.45482,-0.30625,0.14945,-0.25538,-0.33771,-0.22745,-0.12205,0.088576,-0.75608,-0.5835,-0.0096893,-0.17502,0.062589,-0.3618,0.26742,0.21384,0.14547,0.058311,-0.19824,0.083961,0.054388,0.082078,0.017197,-0.040932,-0.067288,-0.20038,0.0066796,0.0085761,-0.11227,-0.093243,-0.20579,-0.18186,-0.19067,-0.22694,-0.69262,-0.4149,-0.79706,-0.59062,-0.86863,-0.65471,-0.22414,-0.37131,-0.19298,-0.29472,-0.82682,0.01332,-0.13959,0.10122,-0.10561,-0.23257,0.060828,0.23499,-0.27761,-0.0045049,-0.361,0.026498,-0.63773,0.16867,0.21299,0.21121,0.27421,0.1299,0.013994,-0.00011003
0.081896,0.30983,-0.63926,-0.72885,-0.17994,0.36799,-0.153,-0.0045049,-0.18298,-0.31544,-0.88439,-0.020686,-0.68907,-0.59478,0.00031068,-0.10037,0.21342,0.092816,-0.47173,0.13911,0.27634,0.23966,-0.098168,0.57683,-0.28155,-0.27443,0.37191,0.32764,-0.025476,-0.030408,-0.51623,-0.48533,-0.43678,-0.44135,-0.60662,-0.18271,-0.88674,-0.72611,-0.22223,0.097702,0.45482,0,-0.38333,0.16565,-0.27163,-0.39935,-0.23624,-0.21266,0.079489,-0.65765,-0.47879,-0.072854,-0.20022,0.22382,-0.40035,0.30716,0.16679,0.1725,0.055184,-0.32112,0.13916,-0.08833,0.030343,-0.19029,-0.13794,-0.1283,-0.28468,-0.084951,-0.091269,-0.23265,-0.21032,-0.36125,-0.34412,-0.23318,-0.26698,-0.63606,-0.29434,-0.7723,-0.62697,-0.7335,-0.64118,-0.30666,-0.43582,-0.24049,-0.35617,-0.82972,-0.14896,-0.18474,0.02956,0.050129,-0.22991,-0.21201,0.080725,-0.26484,0.011191,-0.39999,-0.042874,-0.72669,0.13134,0.032738,0.10867,0.05044,-0.052421,0.081515,0.10469
