,,,,,,,,,,,,,,,,,,,,,,,,,,,,,,,,,,,,,,,,,,,,,,,,,,,,,,,,,,,,,,,,,,,,,,,,,,,,,,,,,,,,,,,,,,,,,,,,,,,,,,,,
0,0.05136,-0.46791,-0.54542,-0.028329,-0.20301,-0.055215,-0.19999,-0.20446,-0.50163,-0.57253,0.098646,-0.7379,-0.48996,-0.17959,-0.32083,-0.18497,-0.31187,-0.24976,-0.23044,-0.062505,-0.27108,-0.12857,-0.17455,-0.52801,-0.57464,-0.07724,-0.10434,-0.10161,-0.22666,-0.65686,-0.55517,-0.74314,-0.64241,-0.65867,-0.26832,-0.84046,-0.56976,-0.07646,-0.043,0.037199,-0.059334,-0.344,-0.22855,-0.20336,-0.18584,-0.28503,-0.31682,-0.17821,-0.45613,-0.4181,-0.13021,0.26363,0.11161,0.063149,-0.053429,-0.20019,-0.13218,-0.15532,-0.013497,0.066521,-0.14284,-0.093225,-0.28008,-0.35844,-0.25242,-0.35339,-0.23227,-0.26157,-0.5285,-0.48997,-0.34702,-0.26066,-0.04291,-0.13844,-0.13039,-0.0216,-0.70779,-0.66279,-0.61839,-0.58517,-0.4069,-0.39788,-0.23354,-0.40993,-0.55242,-0.15137,-0.24026,-0.16769,0.025738,0.017571,-0.35573,-0.2925,0.11958,-0.014045,-0.5429,-0.35073,-0.65777,-0.25118,-0.22953,-0.1736,-0.12203,-0.31786,-0.10846,-0.24564
0.05136,0,-0.46739,-0.56383,-0.29937,0.29669,-0.20973,0.34444,-0.14969,-0.11325,-0.53376,0.19705,-0.57402,-0.50513,-0.24614,-0.20656,-0.20596,-0.24044,-0.27222,-0.19847,-0.076931,-0.1149,-0.13226,0.17762,-0.40003,-0.26996,-0.070233,-0.23142,0.040731,0.10607,-0.48225,-0.2955,-0.46011,-0.35405,-0.54838,0.10995,-0.7428,-0.24315,-0.18338,0.18305,-0.057716,0.25256,-0.41094,0.08462,-0.3043,-0.42037,-0.17563,-0.21785,-0.082293,-0.55219,-0.41229,-0.099639,-0.11706,0.24172,-0.1699,0.015206,-0.12782,-0.13891,-0.20925,-0.25754,0.074668,-0.28192,-0.018345,-0.32972,-0.096706,-0.14903,-0.23537,-0.3055,-0.29352,-0.36124,-0.35726,-0.36989,-0.32719,-0.3908,-0.23171,-0.37366,0.16009,-0.51588,-0.48756,-0.69368,-0.699,-0.2811,-0.44757,-0.038404,-0.49314,-0.5629,-0.24131,-0.24387,-0.20518,0.12262,-0.24131,-0.4802,-0.15312,-0.11615,0.035652,-0.54205,-0.28964,-0.57602,-0.15893,-0.19196,-0.042388,-0.12477,-0.20556,-0.057258,-0.044186
-0.46791,-0.46739,0,0.41653,-0.42804,-0.29023,-0.45919,-0.33633,-0.35625,-0.1824,-0.26003,-0.37311,-0.25603,0.048859,-0.10401,-0.29902,-0.44206,-0.61004,-0.44113,-0.42009,-0.52216,-0.5006,-0.48771,-0.55179,-0.28795,-0.31722,-0.37855,-0.40848,-0.43663,-0.31455,-0.092259,0.0083666,-0.23004,-0.25298,-0.25328,-0.38331,-0.19502,-0.24681,-0.57997,-0.5598,-0.56484,-0.59415,-0.30333,-0.29313,-0.20846,-0.22868,-0.3108,-0.33298,-0.29325,-0.022341,0.017191,-0.23347,-0.43496,-0.37973,-0.39283,-0.51685,-0.48092,-0.5149,-0.48743,-0.18777,-0.38191,-0.16564,-0.093077,-0.27461,-0.19109,-0.25912,-0.22631,-0.10713,-0.18397,-0.048575,-0.041208,-0.17609,-0.17935,-0.24738,-0.31185,-0.25585,-0.44327,0.078845,0.0023269,-0.046178,0.11821,-0.010004,0.26974,-0.084169,-0.23381,-0.17495,-0.27064,-0.36009,-0.37926,-0.30172,-0.24566,-0.39421,-0.44976,-0.52283,-0.49516,-0.17041,-0.31622,-0.02695,-0.50016,-0.36136,-0.33438,-0.27952,-0.23621,-0.5557,-0.584
-0.54542,-0.56383,0.41653,0,-0.36624,-0.40597,-0.28653,-0.28359,-0.27294,-0.13672,-0.12125,-0.45053,-0.17191,0.10935,-0.13507,-0.17841,-0.41855,-0.66791,-0.20946,-0.5199,-0.59941,-0.60953,-0.36586,-0.62382,-0.144,-0.26745,-0.56857,-0.58499,-0.43099,-0.3034,0.00031584,0.007793,-0.23722,-0.12189,-0.19292,-0.28843,-0.10962,-0.071542,-0.39198,-0.49397,-0.56195,-0.74712,-0.32062,-0.37463,-0.22225,-0.20304,-0.37327,-0.36196,-0.33599,-0.091524,-0.086541,-0.17792,-0.42424,-0.46208,-0.37262,-0.61215,-0.53505,-0.60251,-0.52596,-0.067184,-0.34898,-0.3036,-0.23585,-0.20097,-0.11635,-0.28343,-0.2102,-0.22287,-0.29841,-0.11015,-0.12183,-0.11593,-0.12619,-0.34101,-0.28803,-0.18745,-0.34805,0.018377,0.12213,-0.064013,0.069447,0.043857,0.28007,-0.17838,-0.18268,0.028046,-0.17566,-0.40919,-0.47476,-0.4409,-0.36133,-0.30974,-0.38782,-0.51368,-0.5499,-0.22003,-0.28937,0.030373,-0.42452,-0.43577,-0.39482,-0.30698,-0.15701,-0.63847,-0.57895
-0.028329,-0.29937,-0.42804,-0.36624,0,-0.19071,0.11056,-0.28735,0.0017275,-0.36386,-0.37222,-0.1809,-0.46753,-0.45687,-0.14718,-0.15951,-0.14794,-0.31293,-0.12077,-0.29469,-0.13824,-0.18342,-0.071813,-0.20948,-0.12896,-0.23064,-0.16956,-0.12501,-0.18525,-0.33025,-0.7293,-0.56588,-0.53073,-0.58106,-0.27751,-0.29985,-0.36537,-0.42405,-0.1654,-0.12814,0.013536,-0.17432,-0.11619,-0.18314,-0.73811,-0.65365,-0.0028168,-0.01487,-0.31909,-0.30704,-0.33376,-0.18715,-0.0069679,-0.18031,-0.24824,-0.047022,0.0072515,-0.022734,0.030592,0.091047,-0.12417,-0.22187,-0.22569,0.040789,-0.089313,0.024069,-0.004815,-0.2501,-0.24835,-0.15324,-0.23683,-0.3312,-0.2852,-0.41852,-0.26117,-0.12829,-0.2034,-0.56027,-0.40096,-0.37473,-0.29475,-0.35212,-0.29957,-0.37611,-0.32168,-0.25132,-0.027362,0.041562,0.038069,-0.15543,-0.4206,-0.28637,-0.29424,-0.044502,-0.2077,-0.81549,-0.57839,-0.37352,-0.30408,-0.1518,-0.18954,-0.30375,-0.19511,-0.35888,-0.47114
-0.20301,0.29669,-0.29023,-0.40597,-0.19071,0,-0.29831,0.14215,-0.073527,-0.05954,-0.65402,0.095694,-0.52018,-0.40597,0.018055,-0.0073611,-0.081849,-0.16994,-0.31622,-0.084936,0.10338,0.13355,-0.068364,0.26269,-0.2055,-0.16931,0.12409,-0.015973,0.031733,-0.020085,-0.50839,-0.30491,-0.36278,-0.27252,-0.4525,-0.089783,-0.67065,-0.33333,-0.42118,0.019144,0.038359,0.25563,-0.34871,0.16015,-0.56828,-0.69927,0.081133,0.032029,0.011196,-0.46196,-0.27446,-0.069885,-0.19767,0.23142,-0.30419,0.11391,-0.0065683,-0.067223,-0.16154,-0.21324,0.041859,-0.07218,0.19334,-0.095546,0.1871,0.094921,0.043341,-0.27263,-0.22834,-0.1165,-0.054267,-0.265,-0.25822,-0.61102,-0.22653,-0.51915,0.058805,-0.38191,-0.34182,-0.59212,-0.50861,-0.15919,-0.29719,0.14117,-0.35476,-0.47498,-0.15199,-0.041685,-0.082203,0.14196,-0.40615,-0.29921,0.018809,-0.24572,0.051328,-0.46151,-0.28769,-0.40817,-0.18796,0.054905,0.14956,-0.016836,-0.010236,-0.22645,-0.18499
-0.055215,-0.20973,-0.45919,-0.28653,0.11056,-0.29831,0,0.051508,-0.029167,-0.23466,-0.29305,-0.12777,-0.49495,-0.50888,-0.23499,-0.3005,-0.064935,-0.41563,0.018802,-0.36873,-0.30393,-0.50957,-0.059321,-0.32451,-0.22643,-0.15333,-0.35008,-0.40779,-0.23867,-0.18019,-0.4035,-0.28942,-0.54667,-0.47348,-0.31542,-0.080424,-0.367,-0.21447,0.25697,0.06431,-0.046945,-0.19214,0.03308,0.0046668,-0.35105,-0.31202,-0.11855,-0.087785,-0.53407,-0.54541,-0.6397,-0.19062,-0.02033,-0.20804,-0.10271,-0.17065,-0.079219,-0.11855,-0.095307,0.016392,-0.22798,-0.37391,-0.42408,-0.046829,-0.24222,-0.12291,-0.12968,-0.22845,-0.30359,-0.27864,-0.34055,-0.11731,-0.083628,-0.35369,-0.15895,-0.037366,-0.072457,-0.47381,-0.35484,-0.44883,-0.49757,-0.31583,-0.39781,-0.23777,-0.2819,-0.26027,-0.084066,-0.096925,-0.03435,-0.19343,-0.26646,-0.2667,-0.34772,0.026686,-0.14296,-0.74838,-0.4256,-0.50302,-0.26254,-0.35876,-0.35362,-0.25018,-0.21015,-0.18318,-0.28642
-0.19999,0.34444,-0.33633,-0.28359,-0.28735,0.14215,0.051508,0,-0.090995,0.077324,-0.32634,0.036831,-0.42767,-0.45638,-0.25898,-0.24073,-0.2231,-0.4312,-0.11191,-0.39555,-0.26851,-0.33925,-0.089468,-0.031617,-0.29969,-0.11433,-0.32331,-0.49586,-0.073392,0.15396,-0.30298,-0.11223,-0.36961,-0.26867,-0.34326,0.38243,-0.44502,0.029992,-0.039758,0.14384,-0.20398,-0.0011667,-0.25367,0.22627,-0.34453,-0.43208,-0.13365,-0.1472,-0.32066,-0.54751,-0.46886,-0.1354,-0.21445,0.019685,-0.17829,-0.13888,-0.17776,-0.23098,-0.26292,-0.19638,-0.11492,-0.37391,-0.20355,-0.21162,-0.042207,-0.12872,-0.1395,-0.29868,-0.34462,-0.27555,-0.29807,-0.22146,-0.22114,-0.56068,-0.26636,-0.25656,0.18291,-0.32511,-0.29351,-0.49378,-0.59722,-0.1925,-0.37154,-0.023837,-0.43016,-0.30768,-0.2496,-0.22807,-0.20474,-0.055298,-0.37913,-0.50656,-0.26561,-0.15384,-0.083434,-0.64642,-0.37932,-0.50093,-0.27117,-0.30345,-0.16796,-0.17861,-0.12239,-0.1348,-0.11048
-0.20446,-0.14969,-0.35625,-0.27294,0.0017275,-0.073527,-0.029167,-0.090995,0,-0.10369,-0.19771,0.12246,-0.31786,-0.1463,-0.017887,-0.24084,0.02365,-0.089713,-0.10273,-0.19107,-0.31583,-0.34437,-0.17864,-0.24386,0.33309,-0.032906,0.012498,-0.21193,-0.047293,-0.14478,-0.37525,-0.27696,-0.29049,-0.16232,-0.30877,-0.16586,-0.36845,-0.21515,-0.10535,0.27243,0.064039,-0.071104,-0.22283,-0.14527,-0.51882,-0.54706,-0.08464,-0.098298,-0.1816,-0.35176,-0.32468,-0.18424,-0.31501,-0.27381,-0.36088,-0.17731,-0.02773,-0.10279,-0.1392,0.055337,-0.093728,-0.27924,-0.11751,-0.2227,-0.041234,-0.060745,-0.076531,0.068964,0.10142,-0.043864,0.070511,-0.3418,-0.15998,-0.44758,-0.21391,-0.17673,-0.024971,-0.46842,-0.14386,-0.4283,-0.30235,-0.3508,-0.24318,-0.20195,-0.13531,-0.32402,0.11295,-0.043522,-0.096294,-0.22641,-0.41483,-0.12654,-0.0080959,-0.18914,-0.18777,-0.40224,-0.1925,-0.31725,-0.10338,-0.27903,-0.18332,-0.029683,-0.13864,-0.35288,-0.42326
-0.50163,-0.11325,-0.1824,-0.13672,-0.36386,-0.05954,-0.23466,0.077324,-0.10369,0,-0.23266,-0.40414,-0.46281,-0.40193,-0.35892,-0.315,-0.30871,-0.50173,-0.10841,-0.45882,-0.26903,-0.34065,-0.021922,-0.055253,-0.068145,0.37315,-0.29343,-0.41891,0.17051,0.42375,-0.023469,0.27923,-0.3569,-0.24295,-0.35853,-0.0077092,-0.24226,0.27043,-0.14527,-0.11621,-0.32352,-0.20367,-0.42784,-0.039377,-0.42131,-0.52359,-0.34152,-0.33344,-0.2622,-0.65015,-0.56873,-0.19499,-0.61691,-0.36234,-0.5686,-0.48439,-0.43589,-0.61441,-0.66874,-0.34807,-0.34791,-0.3081,-0.20576,-0.3151,0.020349,-0.33138,-0.27896,-0.20303,0.037115,-0.119,-0.010835,-0.37241,-0.36011,-0.60804,-0.49457,-0.50637,-0.31077,-0.37741,-0.26342,-0.40737,-0.43614,-0.089732,-0.098633,-0.14923,-0.40431,-0.35807,-0.40038,-0.48709,-0.50636,-0.41703,-0.58475,-0.43223,-0.16322,-0.64111,-0.48281,-0.46916,-0.32618,-0.17066,-0.13644,-0.31394,-0.13945,-0.17027,0.022057,-0.53336,-0.39714
-0.57253,-0.53376,-0.26003,-0.12125,-0.37222,-0.65402,-0.29305,-0.32634,-0.19771,-0.23266,0,-0.42268,0.2351,-0.12388,-0.63017,-0.67697,-0.70451,-0.4918,-0.22256,-0.82044,-1,-0.81678,-0.49805,-0.70427,-0.18155,-0.18026,-0.73337,-0.89579,-0.38183,-0.29671,-0.0042542,-0.1591,-0.022451,-0.15066,0.073978,-0.138,0.4454,0.1602,-0.13456,-0.35302,-0.78356,-0.70312,-0.22261,-0.53003,-0.32338,-0.2281,-0.46611,-0.42479,-0.74958,-0.011428,-0.16074,-0.63443,-0.60663,-0.81439,-0.39355,-0.7459,-0.53127,-0.51484,-0.44059,-0.45284,-0.74438,-0.65081,-0.70165,-0.51818,-0.44538,-0.57325,-0.42413,-0.17221,-0.35494,-0.34598,-0.40062,-0.40386,-0.36935,-0.35044,-0.51284,0.1274,-0.29083,-0.065399,-0.0059946,0.090911,-0.099961,-0.49467,-0.3356,-0.72895,-0.29285,0.20513,-0.48578,-0.39059,-0.48941,-0.74436,-0.51239,-0.54214,-0.69512,-0.32121,-0.66354,-0.29243,-0.52925,-0.11619,-0.5881,-0.87772,-0.81603,-0.62484,-0.61939,-0.54237,-0.55961
0.098646,0.19705,-0.37311,-0.45053,-0.1809,0.095694,-0.12777,0.036831,0.12246,-0.40414,-0.42268,0,-0.37046,-0.24752,-0.027208,-0.26545,-0.052701,-0.053165,-0.36344,-0.096274,-0.23436,-0.23447,-0.32043,-0.1775,-0.19835,-0.42203,0.071819,-0.13821,-0.17839,-0.26461,-0.55264,-0.49477,-0.2849,-0.24033,-0.35289,-0.072483,-0.62954,-0.44141,-0.19249,0.27366,0.067784,0.12832,-0.24387,-0.080321,-0.35866,-0.39221,-0.088991,-0.1375,-0.1242,-0.27382,-0.19989,-0.19304,-0.042355,0.096332,-0.11006,0.078381,0.044785,0.103,0.042678,-0.077047,0.050413,-0.26555,-0.043238,-0.32508,-0.24334,-0.084221,-0.17179,-0.080875,-0.23349,-0.2723,-0.25851,-0.3353,-0.21087,-0.34378,-0.13487,-0.11898,0.33516,-0.3921,-0.27141,-0.47696,-0.39445,-0.43611,-0.44755,-0.074294,-0.17674,-0.43667,0.0071419,-0.035845,-0.016147,0.058747,-0.19469,-0.2335,-0.12215,0.12075,0.18453,-0.34495,-0.17415,-0.52584,-0.2598,-0.27442,-0.20679,-0.080862,-0.33449,-0.025558,-0.15943
-0.7379,-0.57402,-0.25603,-0.17191,-0.46753,-0.52018,-0.49495,-0.42767,-0.31786,-0.46281,0.2351,-0.37046,0,0.058218,-0.52017,-0.40054,-0.60661,-0.22162,-0.45557,-0.48852,-0.72905,-0.45304,-0.58588,-0.57459,-0.20024,-0.39365,-0.60304,-0.64634,-0.65014,-0.58731,-0.23666,-0.38148,0.5185,0.19909,0.29241,-0.17664,0.26372,-0.14214,-0.38551,-0.49374,-0.65477,-0.59625,-0.34788,-0.65264,-0.37529,-0.32977,-0.41013,-0.39157,-0.51196,0.32119,0.19392,-0.77246,-0.59368,-0.6281,-0.38564,-0.51997,-0.45102,-0.34921,-0.28786,-0.45684,-0.56049,-0.64511,-0.65353,-0.52535,-0.48857,-0.48048,-0.40276,-0.30874,-0.524,-0.38849,-0.45619,-0.42845,-0.46281,-0.43405,-0.53259,-0.031385,-0.28281,0.23092,0.23857,0.27346,0.10557,-0.54156,-0.47547,-0.48861,-0.024546,0.070027,-0.44343,-0.31411,-0.39319,-0.64451,-0.58891,-0.29983,-0.47868,-0.29576,-0.46513,-0.033125,-0.32793,-0.084988,-0.51621,-0.46977,-0.57108,-0.47908,-0.49407,-0.27808,-0.24979
-0.48996,-0.50513,0.048859,0.10935,-0.45687,-0.40597,-0.50888,-0.45638,-0.1463,-0.40193,-0.12388,-0.24752,0.058218,0,-0.11413,-0.1208,-0.33389,-0.20578,-0.28924,-0.23273,-0.5631,-0.43664,-0.50101,-0.57923,-0.10309,-0.45476,-0.35596,-0.42584,-0.49818,-0.52505,-0.21149,-0.21158,-0.037766,0.19418,-0.2464,-0.40577,-0.20863,-0.30218,-0.53759,-0.45663,-0.39957,-0.63271,-0.38133,-0.52234,-0.20512,-0.2127,-0.33299,-0.29043,-0.18799,0.13773,0.18428,-0.29197,-0.38815,-0.41796,-0.24574,-0.42718,-0.38911,-0.35234,-0.31583,-0.11805,-0.25547,-0.27279,-0.12575,-0.31518,-0.18332,-0.24981,-0.22453,-0.13076,-0.23732,-0.14259,-0.14975,-0.22438,-0.13218,-0.21038,-0.27046,-0.18559,-0.30007,0.10415,0.23965,-0.16686,0.067178,-0.13967,-0.038211,-0.16905,-0.066024,-0.088262,-0.039364,-0.25354,-0.32448,-0.41097,-0.27338,-0.053861,-0.23182,-0.30845,-0.3297,0.070859,-0.10719,0.0045121,-0.37339,-0.28665,-0.30339,-0.1719,-0.29964,-0.38409,-0.43028
-0.17959,-0.24614,-0.10401,-0.13507,-0.14718,0.018055,-0.23499,-0.25898,-0.017887,-0.35892,-0.63017,-0.027208,-0.52017,-0.11413,0,0.05729,0.25169,-0.11838,-0.18543,0.022206,-0.055879,-0.11835,-0.175,-0.19589,-0.086921,-0.39792,0.02334,0.064484,-0.2873,-0.35377,-0.43108,-0.42339,-0.46684,-0.33783,-0.52342,-0.51198,-0.66535,-0.65218,-0.5052,-0.17819,0.084781,-0.10246,-0.16112,-0.021374,-0.3431,-0.35496,0.098028,0.055582,-0.027208,-0.36396,-0.23848,0.18319,-0.080953,-0.0084375,-0.17454,0.076073,0.038991,0.022651,-0.046854,0.12778,0.10262,0.2114,0.25343,0.17677,0.083486,0.25019,0.1729,-0.17113,-0.13389,-0.02004,0.17959,0.0048988,0.099317,-0.24424,0.12091,-0.47277,-0.19003,-0.36153,-0.32939,-0.52213,-0.33605,0.072612,0.079825,-0.012988,-0.25635,-0.32596,0.22786,0.089951,0.060017,0.10281,-0.091427,-0.036515,0.022709,-0.23373,-0.039242,-0.28039,-0.11995,-0.39377,-0.17138,0.00012247,0.035768,0.069776,-0.00094109,-0.32327,-0.39727
-0.32083,-0.20656,-0.29902,-0.17841,-0.15951,-0.0073611,-0.3005,-0.24073,-0.24084,-0.315,-0.67697,-0.26545,-0.40054,-0.1208,0.05729,0,0.0076898,-0.13876,-0.1074,0.07929,0.019782,0.14514,-0.11146,-0.025203,-0.14757,-0.38338,-0.15206,-0.056684,-0.31993,-0.37725,-0.53287,-0.43574,-0.36469,-0.097673,-0.4353,-0.31878,-0.59742,-0.43892,-0.51452,-0.26325,0.0022174,-0.17244,-0.37814,-0.18868,-0.42963,-0.5176,-0.074971,-0.067178,0.15986,-0.35567,-0.2399,0.13866,-0.061319,0.059417,-0.21168,0.048556,-0.073418,-0.11655,-0.10628,0.038133,0.22227,-0.12913,0.078065,0.10044,0.22629,0.11591,0.043548,-0.53329,-0.42802,-0.11824,-0.19796,-0.14855,-0.16356,-0.48115,-0.14263,-0.54996,-0.185,-0.26625,-0.18179,-0.54338,-0.30081,0.083512,-0.12889,0.044534,-0.25106,-0.30251,0.17188,-0.11999,-0.13541,-0.069492,-0.36015,0.034111,0.14754,-0.24891,0.0010764,-0.27884,-0.076718,-0.22382,-0.089474,0.18434,0.15699,-0.08219,0.087044,-0.22102,-0.1327
-0.18497,-0.20596,-0.44206,-0.41855,-0.14794,-0.081849,-0.064935,-0.2231,0.02365,-0.30871,-0.70451,-0.052701,-0.60661,-0.33389,0.25169,0.0076898,0,0.12357,-0.11689,0.30317,-0.001966,-0.044702,-0.16747,-0.098131,0.01333,-0.22614,0.12158,0.17167,-0.28061,-0.3474,-0.43868,-0.43459,-0.44072,-0.32158,-0.46593,-0.43721,-0.6527,-0.59981,-0.27859,0.057799,0.36316,0.13585,-0.090151,0.04844,-0.35386,-0.40759,0.0022947,-0.024984,-0.010397,-0.6411,-0.59567,0.13788,-0.11472,-0.072921,-0.2511,0.19772,0.25949,0.14807,0.060113,-0.012711,0.067797,-0.030373,-0.025719,0.023179,-0.11415,0.11818,-0.016218,-0.25848,-0.062569,-0.030108,0.055698,-0.13133,-0.039132,-0.32976,0.045411,-0.59992,-0.25475,-0.51877,-0.42881,-0.65618,-0.45407,-0.10998,-0.21568,-0.058566,-0.20186,-0.54371,0.24455,-0.013111,0.094083,-0.01915,-0.13174,0.18793,0.27807,-0.18905,0.11218,-0.26928,0.10545,-0.46876,0.079554,-0.011667,0.014116,0.037398,-0.014103,-0.062904,-0.13551
-0.31187,-0.24044,-0.61004,-0.66791,-0.31293,-0.16994,-0.41563,-0.4312,-0.089713,-0.50173,-0.4918,-0.053165,-0.22162,-0.20578,-0.11838,-0.13876,0.12357,0,-0.48258,0.33706,-0.1198,0.045262,-0.35404,-0.096281,-0.041904,-0.29857,0.13216,0.13031,-0.33883,-0.47531,-0.55953,-0.58185,-0.082487,-0.079373,-0.29969,-0.44562,-0.47411,-0.65709,-0.38682,-0.077188,0.16508,0.10041,-0.25903,-0.25705,-0.36188,-0.4306,-0.11978,-0.15102,-0.042342,-0.32949,-0.27522,-0.29712,-0.29375,-0.2337,-0.35232,0.08473,0.10926,0.20083,0.098163,-0.32578,-0.10454,-0.32223,-0.24549,-0.34304,-0.31906,-0.11659,-0.20931,-0.24187,-0.13655,-0.22151,-0.15635,-0.38219,-0.31393,-0.27869,-0.18801,-0.48939,-0.29315,-0.39574,-0.3159,-0.45,-0.33756,-0.38024,-0.48832,-0.23843,-0.031797,-0.58293,-0.081642,-0.029908,0.01119,-0.18793,-0.2824,0.17737,0.15414,-0.19605,-0.02499,-0.012105,0.12755,-0.32913,0.072908,-0.085742,-0.15632,-0.13227,-0.32204,-0.033795,-0.061067
-0.24976,-0.27222,-0.44113,-0.20946,-0.12077,-0.31622,0.018802,-0.11191,-0.10273,-0.10841,-0.22256,-0.36344,-0.45557,-0.28924,-0.18543,-0.1074,-0.11689,-0.48258,0,-0.38533,-0.22183,-0.34013,-0.0013665,-0.25799,-0.20723,-0.24889,-0.46896,-0.43269,-0.15327,-0.1788,-0.20061,-0.23802,-0.61813,-0.35789,-0.46294,-0.21787,-0.32481,-0.060333,-0.15293,-0.20251,-0.25517,-0.38672,-0.21461,-0.1608,-0.38187,-0.34934,-0.2209,-0.14286,-0.28416,-0.5856,-0.62213,0.077859,-0.10422,-0.19327,-0.03413,-0.2334,-0.23975,-0.35052,-0.31571,-0.0088114,-0.15403,-0.070259,-0.14725,0.11921,0.033621,-0.15066,-0.094566,-0.40835,-0.3112,-0.19692,-0.22098,-0.1131,-0.054963,-0.42444,-0.20677,-0.33936,-0.15767,-0.41471,-0.3798,-0.55497,-0.56142,-0.061551,-0.17237,-0.33078,-0.60076,-0.0059495,-0.033015,-0.26249,-0.28074,-0.31297,-0.30835,-0.27655,-0.20142,-0.16853,-0.17067,-0.56865,-0.38726,-0.46117,-0.34286,-0.22899,-0.11629,-0.19402,-0.061673,-0.32581,-0.35164
-0.23044,-0.19847,-0.42009,-0.5199,-0.29469,-0.084936,-0.36873,-0.39555,-0.19107,-0.45882,-0.82044,-0.096274,-0.48852,-0.23273,0.022206,0.07929,0.30317,0.33706,-0.38533,0,0.038365,0.14256,-0.37123,-0.091446,-0.15396,-0.35066,0.2906,0.32395,-0.36066,-0.47815,-0.50179,-0.46281,-0.32699,-0.21012,-0.51608,-0.55238,-0.69424,-0.73791,-0.53358,-0.11929,0.20882,0.090853,-0.20745,-0.14778,-0.24136,-0.38204,-0.04875,-0.081127,0.21482,-0.43541,-0.36475,-0.035168,-0.1028,-0.011519,-0.2739,0.20862,0.21023,0.16096,0.079277,-0.16726,0.066785,-0.13918,-0.011396,-0.16632,-0.18646,0.034769,-0.1066,-0.24915,-0.15295,-0.039113,-0.058315,-0.18707,-0.12708,-0.24304,-0.055182,-0.60268,-0.31212,-0.39642,-0.33924,-0.57257,-0.31923,-0.20044,-0.32716,0.005292,-0.15006,-0.65609,0.14855,-0.040428,0.059456,0.024423,-0.13074,0.19426,0.27291,-0.23767,0.12195,-0.032152,0.27124,-0.40974,0.074036,0.056994,-0.0067036,-0.090447,-0.21625,-0.026802,-0.037411
-0.062505,-0.076931,-0.52216,-0.59941,-0.13824,0.10338,-0.30393,-0.26851,-0.31583,-0.26903,-1,-0.23436,-0.72905,-0.5631,-0.055879,0.019782,-0.001966,-0.1198,-0.22183,0.038365,0,0.37882,0.18688,0.33207,-0.39689,-0.35958,0.1218,0.28706,0.016134,-0.19344,-0.63299,-0.50466,-0.57554,-0.42406,-0.6672,-0.3911,-0.85019,-0.57275,-0.38989,-0.2454,0.19214,0.11354,-0.45666,-0.13234,-0.44304,-0.52505,-0.10691,-0.12074,0.094663,-0.68554,-0.4887,-0.082609,0.011248,0.22684,-0.13448,0.11394,-0.14007,-0.14938,-0.23639,-0.17341,0.088314,0.1456,0.049143,-0.024417,-0.06226,-0.10007,-0.15559,-0.41432,-0.22059,-0.35346,-0.19932,-0.26041,-0.29893,-0.39492,-0.25508,-0.65295,-0.20022,-0.6025,-0.64595,-0.66611,-0.67589,-0.20565,-0.38216,-0.018338,-0.36168,-0.59896,-0.22065,-0.17542,-0.14952,-0.020446,-0.31632,-0.11491,0.13024,-0.23594,0.037882,-0.37464,-0.21456,-0.58545,-0.074275,0.41782,0.39526,0.097789,0.090067,-0.15964,-0.091517
-0.27108,-0.1149,-0.5006,-0.60953,-0.18342,0.13355,-0.50957,-0.33925,-0.34437,-0.34065,-0.81678,-0.23447,-0.45304,-0.43664,-0.11835,0.14514,-0.044702,0.045262,-0.34013,0.14256,0.37882,0,-0.12424,0.28476,-0.27832,-0.37311,0.082938,0.31978,-0.19194,-0.3785,-0.68884,-0.62044,-0.29379,-0.27904,-0.36713,-0.35719,-0.57491,-0.54509,-0.6137,-0.29037,0.034814,0.10903,-0.43536,-0.181,-0.62742,-0.75084,-0.053487,-0.11029,0.2172,-0.43105,-0.30659,-0.094702,-0.12392,0.12099,-0.27962,0.23847,-0.011912,-0.028619,-0.07791,-0.26882,0.065599,-0.03696,0.026647,-0.10216,-0.050954,-0.023076,-0.10272,-0.57517,-0.33023,-0.20795,-0.20895,-0.40213,-0.45482,-0.57261,-0.31595,-0.72344,-0.2466,-0.40596,-0.4788,-0.48056,-0.4104,-0.21234,-0.38261,-0.12199,-0.34488,-0.5015,-0.19332,-0.13864,-0.11539,-0.062608,-0.44842,-0.11183,0.15573,-0.26503,0.071406,-0.26869,-0.16867,-0.38942,-0.14985,0.3522,0.28404,-0.13321,-0.051811,-0.10643,-0.020356
-0.12857,-0.13226,-0.48771,-0.36586,-0.071813,-0.068364,-0.059321,-0.089468,-0.17864,-0.021922,-0.49805,-0.32043,-0.58588,-0.50101,-0.175,-0.11146,-0.16747,-0.35404,-0.0013665,-0.37123,0.18688,-0.12424,0,0.22555,-0.27828,-0.16706,-0.23418,-0.17732,0.24037,0.12617,-0.51336,-0.33195,-0.54912,-0.36002,-0.53281,-0.12465,-0.5769,-0.25011,0.0055885,-0.16486,0.055092,-0.085549,-0.49658,-0.12471,-0.50908,-0.51374,-0.27822,-0.22747,-0.26161,-0.7482,-0.55969,-0.18468,-0.16541,-0.087398,-0.17259,-0.20542,-0.37866,-0.36453,-0.41967,-0.14595,-0.087373,-0.070266,-0.16442,-0.059282,-0.0026105,-0.26724,-0.24163,-0.32275,-0.16129,-0.49667,-0.2872,-0.34367,-0.35674,-0.46394,-0.43253,-0.43152,-0.16602,-0.56571,-0.49768,-0.61284,-0.76405,-0.14497,-0.29292,-0.15859,-0.3184,-0.38492,-0.30849,-0.29284,-0.29842,-0.32167,-0.50307,-0.21444,-0.087611,-0.21365,-0.22401,-0.60583,-0.40918,-0.41022,-0.091814,0.019112,0.13022,0.12709,0.22371,-0.3336,-0.27878
-0.17455,0.17762,-0.55179,-0.62382,-0.20948,0.26269,-0.32451,-0.031617,-0.24386,-0.055253,-0.70427,-0.1775,-0.57459,-0.57923,-0.19589,-0.025203,-0.098131,-0.096281,-0.25799,-0.091446,0.33207,0.28476,0.22555,0,-0.29265,-0.18532,-0.015463,0.040434,0.13735,0.081185,-0.65237,-0.43276,-0.38324,-0.32337,-0.48663,-0.073321,-0.68577,-0.3541,-0.26042,-0.064103,0.11018,0.36084,-0.53211,0.0090241,-0.55097,-0.71836,-0.18568,-0.20967,0.0039899,-0.70202,-0.47492,-0.13168,-0.21022,0.12222,-0.29559,0.079335,-0.15836,-0.15039,-0.2316,-0.30071,0.076434,-0.13684,-0.046087,-0.19415,0.001489,-0.15982,-0.22443,-0.39232,-0.17884,-0.37112,-0.25716,-0.49311,-0.51549,-0.55462,-0.44703,-0.67355,-0.16137,-0.53592,-0.54856,-0.63724,-0.69396,-0.17551,-0.39405,-0.087676,-0.37214,-0.60509,-0.29905,-0.24764,-0.18924,-0.11982,-0.51339,-0.26922,0.072966,-0.25398,-0.055286,-0.47834,-0.24354,-0.46818,0.0249,0.13711,0.31942,0.018873,0.088526,-0.12324,-0.022541
-0.52801,-0.40003,-0.28795,-0.144,-0.12896,-0.2055,-0.22643,-0.29969,0.33309,-0.068145,-0.18155,-0.19835,-0.20024,-0.10309,-0.086921,-0.14757,0.01333,-0.041904,-0.20723,-0.15396,-0.39689,-0.27832,-0.27828,-0.29265,0,0.11025,-0.090615,-0.18261,-0.18799,-0.25138,-0.22563,-0.23863,-0.11382,-0.043889,-0.11203,-0.28283,-0.18158,-0.1961,-0.23074,0.020285,-0.070775,-0.18317,-0.2687,-0.27616,-0.59044,-0.60297,-0.22289,-0.2315,-0.15624,-0.29984,-0.30201,-0.20444,-0.59013,-0.52161,-0.71662,-0.30919,-0.10659,-0.21707,-0.2182,-0.13974,-0.23151,-0.38925,-0.24442,-0.27309,-0.082893,-0.14881,-0.15549,-0.10337,0.051199,0.071871,0.13084,-0.41432,-0.29474,-0.562,-0.28607,-0.39075,-0.31126,-0.38186,-0.031223,-0.29514,-0.087237,-0.26247,-0.11664,-0.31252,-0.0077349,-0.29816,0.043225,-0.20802,-0.25863,-0.44169,-0.56166,0.013317,0.085284,-0.4718,-0.37525,-0.23779,-0.060764,-0.017365,0.0067487,-0.32285,-0.26184,-0.18673,-0.10103,-0.47747,-0.44237
-0.57464,-0.26996,-0.31722,-0.26745,-0.23064,-0.16931,-0.15333,-0.11433,-0.032906,0.37315,-0.18026,-0.42203,-0.39365,-0.45476,-0.39792,-0.38338,-0.22614,-0.29857,-0.24889,-0.35066,-0.35958,-0.37311,-0.16706,-0.18532,0.11025,0,-0.20592,-0.33795,0.024043,0.13523,-0.058122,0.17856,-0.30851,-0.29275,-0.26141,-0.19956,-0.13751,0.045797,-0.093599,-0.048182,-0.22602,-0.17651,-0.18086,-0.042555,-0.47732,-0.51791,-0.22291,-0.19796,-0.41902,-0.57348,-0.59277,-0.32708,-0.71439,-0.57983,-0.79814,-0.45925,-0.24216,-0.3987,-0.44246,-0.46544,-0.53155,-0.46441,-0.38947,-0.315,-0.097067,-0.2555,-0.20463,-0.13512,0.05914,0.0010507,0.035142,-0.33001,-0.30732,-0.52017,-0.38075,-0.4542,-0.45191,-0.44758,-0.25796,-0.40534,-0.36695,-0.23187,-0.21886,-0.28843,-0.28413,-0.41125,-0.36299,-0.29639,-0.33425,-0.43371,-0.54025,-0.29118,-0.20077,-0.63157,-0.54337,-0.46378,-0.33455,-0.048492,-0.060977,-0.41087,-0.35829,-0.33764,-0.19486,-0.59097,-0.50311
-0.07724,-0.070233,-0.37855,-0.56857,-0.16956,0.12409,-0.35008,-0.32331,0.012498,-0.29343,-0.73337,0.071819,-0.60304,-0.35596,0.02334,-0.15206,0.12158,0.13216,-0.46896,0.2906,0.1218,0.082938,-0.23418,-0.015463,-0.090615,-0.20592,0,0.49033,-0.038069,-0.25522,-0.51824,-0.39872,-0.39214,-0.31275,-0.5509,-0.46326,-0.73746,-0.63497,-0.3937,0.039822,0.31695,0.23416,-0.30788,-0.14488,-0.39763,-0.4938,-0.055324,-0.1066,0.13617,-0.45659,-0.34925,-0.17349,-0.18862,-0.020511,-0.3799,0.039848,0.05147,0.0020884,-0.11876,-0.19299,-0.015908,-0.060803,0.090982,-0.27319,-0.16718,-0.067616,-0.16091,-0.052643,0.06518,-0.10654,0.029676,-0.33189,-0.22919,-0.31271,-0.15472,-0.4773,-0.19044,-0.5556,-0.38847,-0.5801,-0.37977,-0.37698,-0.34762,0.015812,-0.13471,-0.78624,-0.035774,-0.062885,-0.055054,0.0086889,-0.22462,0.0082248,0.20543,-0.26516,0.01032,-0.17459,0.00070259,-0.38809,0.0077736,0.0057432,0.0057819,0.041943,-0.17828,-0.22888,-0.24917
-0.10434,-0.23142,-0.40848,-0.58499,-0.12501,-0.015973,-0.40779,-0.49586,-0.21193,-0.41891,-0.89579,-0.13821,-0.64634,-0.42584,0.064484,-0.056684,0.17167,0.13031,-0.43269,0.32395,0.28706,0.31978,-0.17732,0.040434,-0.18261,-0.33795,0.49033,0,-0.15311,-0.39083,-0.62729,-0.59312,-0.42534,-0.4309,-0.49467,-0.59744,-0.69832,-0.81854,-0.48537,-0.17741,0.28057,0.15616,-0.29493,-0.17771,-0.46995,-0.52948,-0.06946,-0.12796,0.14691,-0.48864,-0.39148,-0.07985,-0.099968,-0.012299,-0.32688,0.16229,0.058502,0.046822,-0.044302,-0.20038,0.010081,0.063072,0.059894,-0.14528,-0.19009,-0.051766,-0.15064,-0.26497,-0.059804,-0.15197,-0.05049,-0.3515,-0.31071,-0.31554,-0.18027,-0.61649,-0.34346,-0.55621,-0.54029,-0.53682,-0.37724,-0.25628,-0.27213,-0.13177,-0.21088,-0.68629,-0.066804,-0.081372,-0.0253,-0.04844,-0.23448,0.042761,0.17758,-0.253,0.018448,-0.18848,-0.040679,-0.38536,-0.041253,0.11754,0.083131,-0.047215,-0.14359,-0.20719,-0.22926
-0.10161,0.040731,-0.43663,-0.43099,-0.18525,0.031733,-0.23867,-0.073392,-0.047293,0.17051,-0.38183,-0.17839,-0.65014,-0.49818,-0.2873,-0.31993,-0.28061,-0.33883,-0.15327,-0.36066,0.016134,-0.19194,0.24037,0.13735,-0.18799,0.024043,-0.038069,-0.15311,0,0.4153,-0.30956,-0.14016,-0.56983,-0.3912,-0.61064,-0.13559,-0.54902,-0.11807,-0.049684,0.010984,-0.032519,-0.023237,-0.51717,-0.13894,-0.47121,-0.50867,-0.32944,-0.29321,-0.17895,-0.72718,-0.54755,-0.21836,-0.31626,-0.15896,-0.36263,-0.31139,-0.37213,-0.43953,-0.52146,-0.32183,-0.19787,-0.16039,-0.074275,-0.31125,-0.021581,-0.35453,-0.31648,-0.10509,0.052198,-0.34332,-0.16111,-0.46128,-0.38753,-0.44039,-0.45653,-0.40898,-0.11829,-0.69998,-0.49831,-0.67665,-0.71426,-0.26143,-0.27707,-0.2213,-0.39418,-0.47365,-0.34497,-0.3673,-0.41729,-0.31783,-0.47876,-0.34864,-0.092852,-0.33874,-0.29648,-0.524,-0.37863,-0.32915,-0.10295,-0.23644,-0.066527,-0.045353,-0.097776,-0.51847,-0.45185
-0.22666,0.10607,-0.31455,-0.3034,-0.33025,-0.020085,-0.18019,0.15396,-0.14478,0.42375,-0.29671,-0.26461,-0.58731,-0.52505,-0.35377,-0.37725,-0.3474,-0.47531,-0.1788,-0.47815,-0.19344,-0.3785,0.12617,0.081185,-0.25138,0.13523,-0.25522,-0.39083,0.4153,0,-0.1873,0.061248,-0.51007,-0.38884,-0.55275,0.029747,-0.45708,0.029741,0.019756,0.01079,-0.20727,-0.058657,-0.45791,0.0035065,-0.29945,-0.38603,-0.37585,-0.35572,-0.32645,-0.74872,-0.58126,-0.2232,-0.44581,-0.23689,-0.42884,-0.41032,-0.44158,-0.50741,-0.58931,-0.37331,-0.26112,-0.31761,-0.21205,-0.3579,-0.049929,-0.37876,-0.34986,-0.11009,-0.012969,-0.354,-0.19764,-0.39082,-0.3577,-0.38572,-0.4473,-0.40895,-0.19939,-0.54742,-0.43279,-0.5779,-0.68517,-0.15419,-0.20855,-0.19232,-0.44353,-0.45935,-0.43183,-0.44084,-0.44318,-0.30057,-0.43429,-0.52646,-0.25188,-0.44544,-0.43803,-0.58692,-0.38914,-0.32926,-0.062827,-0.36964,-0.1709,-0.12978,-0.087908,-0.48218,-0.3876
-0.65686,-0.48225,-0.092259,0.00031584,-0.7293,-0.50839,-0.4035,-0.30298,-0.37525,-0.023469,-0.0042542,-0.55264,-0.23666,-0.21149,-0.43108,-0.53287,-0.43868,-0.55953,-0.20061,-0.50179,-0.63299,-0.68884,-0.51336,-0.65237,-0.22563,-0.058122,-0.51824,-0.62729,-0.30956,-0.1873,0,0.2991,-0.30634,-0.2301,-0.30549,-0.38998,-0.024558,0.07325,-0.31828,-0.40455,-0.72054,-0.63876,-0.24013,-0.37022,-0.016746,0.026015,-0.50623,-0.44941,-0.45242,-0.35359,-0.42841,-0.3108,-0.69018,-0.67593,-0.52192,-0.80288,-0.55527,-0.73563,-0.73294,-0.55825,-0.70075,-0.3684,-0.41881,-0.41735,-0.35678,-0.5203,-0.41129,-0.23171,-0.25562,-0.16132,-0.13706,-0.094818,-0.10491,-0.24303,-0.22467,-0.37819,-0.45716,-0.20874,-0.18344,-0.23331,-0.24347,-0.20584,-0.10341,-0.39498,-0.39952,-0.12146,-0.43937,-0.58706,-0.68882,-0.52852,-0.21235,-0.39114,-0.40501,-0.74511,-0.6295,-0.11727,-0.23887,-0.12716,-0.37305,-0.69884,-0.62362,-0.47991,-0.4137,-0.62676,-0.51929
-0.55517,-0.2955,0.0083666,0.007793,-0.56588,-0.30491,-0.28942,-0.11223,-0.27696,0.27923,-0.1591,-0.49477,-0.38148,-0.21158,-0.42339,-0.43574,-0.43459,-0.58185,-0.23802,-0.46281,-0.50466,-0.62044,-0.33195,-0.43276,-0.23863,0.17856,-0.39872,-0.59312,-0.14016,0.061248,0.2991,0,-0.38191,-0.23104,-0.43523,-0.2601,-0.1775,0.14054,-0.25293,-0.32275,-0.5232,-0.50342,-0.26879,-0.16098,-0.08756,-0.14329,-0.37304,-0.32296,-0.41906,-0.43739,-0.44771,-0.29234,-0.63401,-0.52968,-0.50614,-0.70705,-0.52203,-0.70566,-0.748,-0.44787,-0.58666,-0.36658,-0.287,-0.37453,-0.16599,-0.37618,-0.30296,-0.13865,-0.076537,-0.078329,-0.055576,-0.11392,-0.11179,-0.27063,-0.295,-0.379,-0.45765,-0.21717,-0.16532,-0.36223,-0.31581,-0.086541,-0.059585,-0.12556,-0.3929,-0.32133,-0.43383,-0.48309,-0.53496,-0.39773,-0.26179,-0.4004,-0.37772,-0.70628,-0.5926,-0.28992,-0.31581,-0.058444,-0.28181,-0.47537,-0.41582,-0.31983,-0.26487,-0.60615,-0.52516
-0.74314,-0.46011,-0.23004,-0.23722,-0.53073,-0.36278,-0.54667,-0.36961,-0.29049,-0.3569,-0.022451,-0.2849,0.5185,-0.037766,-0.46684,-0.36469,-0.44072,-0.082487,-0.61813,-0.32699,-0.57554,-0.29379,-0.54912,-0.38324,-0.11382,-0.30851,-0.39214,-0.42534,-0.56983,-0.51007,-0.30634,-0.38191,0,0.29593,0.39332,-0.10083,0.10653,-0.19061,-0.3785,-0.37174,-0.47892,-0.35177,-0.43182,-0.53017,-0.44794,-0.47081,-0.4303,-0.46069,-0.34912,0.12373,0.085471,-0.72409,-0.67768,-0.53867,-0.51285,-0.41613,-0.38969,-0.30292,-0.27697,-0.48994,-0.46236,-0.62899,-0.56417,-0.64362,-0.51561,-0.48847,-0.47252,-0.29975,-0.36492,-0.35155,-0.37796,-0.59586,-0.63417,-0.56986,-0.63559,-0.2038,-0.30261,0.20176,0.21795,0.23933,0.1337,-0.53326,-0.47799,-0.32715,0.14763,-0.19891,-0.44869,-0.3757,-0.38261,-0.62433,-0.67886,-0.19621,-0.28209,-0.34377,-0.36259,0.077092,-0.14263,-0.049633,-0.3531,-0.36517,-0.42078,-0.34088,-0.36126,-0.14824,-0.092271
-0.64241,-0.35405,-0.25298,-0.12189,-0.58106,-0.27252,-0.47348,-0.26867,-0.16232,-0.24295,-0.15066,-0.24033,0.19909,0.19418,-0.33783,-0.097673,-0.32158,-0.079373,-0.35789,-0.21012,-0.42406,-0.27904,-0.36002,-0.32337,-0.043889,-0.29275,-0.31275,-0.4309,-0.3912,-0.38884,-0.2301,-0.23104,0.29593,0,-0.072032,-0.10757,-0.17645,-0.12509,-0.33877,-0.2799,-0.32202,-0.38071,-0.5739,-0.53146,-0.31166,-0.37386,-0.44011,-0.41073,-0.14476,-0.074745,-0.019234,-0.48076,-0.53492,-0.38345,-0.37656,-0.42645,-0.43593,-0.40427,-0.40267,-0.30238,-0.26273,-0.50827,-0.3408,-0.50855,-0.27351,-0.41983,-0.39736,-0.29538,-0.32797,-0.33777,-0.31277,-0.40257,-0.38657,-0.53601,-0.48281,-0.27164,-0.15093,0.088829,0.37656,-0.13618,-0.068248,-0.3547,-0.39296,-0.068016,0.17415,-0.23117,-0.23755,-0.40278,-0.46505,-0.55088,-0.58408,0.033795,-0.023824,-0.34445,-0.2483,0.16706,0.056781,-0.03491,-0.19197,-0.22302,-0.24624,-0.092574,-0.16701,-0.18924,-0.067101
-0.65867,-0.54838,-0.25328,-0.19292,-0.27751,-0.4525,-0.31542,-0.34326,-0.30877,-0.35853,0.073978,-0.35289,0.29241,-0.2464,-0.52342,-0.4353,-0.46593,-0.29969,-0.46294,-0.51608,-0.6672,-0.36713,-0.53281,-0.48663,-0.11203,-0.26141,-0.5509,-0.49467,-0.61064,-0.55275,-0.30549,-0.43523,0.39332,-0.072032,0,-0.059527,0.36535,-0.1048,-0.26458,-0.37155,-0.55705,-0.4269,-0.25368,-0.46477,-0.63257,-0.54606,-0.37972,-0.41897,-0.52167,0.082152,-0.075171,-0.62804,-0.57228,-0.60346,-0.51882,-0.41569,-0.33115,-0.2955,-0.20898,-0.42527,-0.55321,-0.66129,-0.69687,-0.48621,-0.53015,-0.43802,-0.40264,-0.42337,-0.47438,-0.29344,-0.43995,-0.58811,-0.66443,-0.69114,-0.60613,-0.10094,-0.31598,0.062118,0.043116,0.36496,0.16552,-0.54491,-0.43628,-0.53108,-0.046629,-0.034646,-0.45295,-0.35833,-0.35433,-0.65216,-0.72778,-0.34405,-0.45706,-0.28457,-0.40848,-0.23701,-0.38376,-0.060597,-0.52389,-0.49399,-0.55521,-0.56973,-0.40925,-0.22821,-0.22485
-0.26832,0.10995,-0.38331,-0.28843,-0.29985,-0.089783,-0.080424,0.38243,-0.16586,-0.0077092,-0.138,-0.072483,-0.17664,-0.40577,-0.51198,-0.31878,-0.43721,-0.44562,-0.21787,-0.55238,-0.3911,-0.35719,-0.12465,-0.073321,-0.28283,-0.19956,-0.46326,-0.59744,-0.13559,0.029747,-0.38998,-0.2601,-0.10083,-0.10757,-0.059527,0,-0.23106,0.16411,0.060829,0.020324,-0.33493,-0.12173,-0.47186,-0.1554,-0.46548,-0.53824,-0.39645,-0.42118,-0.35728,-0.35204,-0.32467,-0.38031,-0.32783,-0.1497,-0.25601,-0.29741,-0.38394,-0.36613,-0.34258,-0.26265,-0.18781,-0.60171,-0.41357,-0.46887,-0.25508,-0.41084,-0.41325,-0.35937,-0.40542,-0.48127,-0.54691,-0.56992,-0.58379,-0.72004,-0.61299,-0.10868,0.13991,-0.20501,-0.14149,-0.21894,-0.381,-0.40351,-0.50215,-0.20761,-0.2603,-0.24064,-0.40015,-0.43662,-0.39327,-0.37067,-0.66975,-0.53325,-0.33112,-0.12208,-0.20247,-0.53153,-0.38932,-0.36498,-0.32406,-0.38625,-0.24884,-0.25107,-0.17189,-0.088604,-0.020859
-0.84046,-0.7428,-0.19502,-0.10962,-0.36537,-0.67065,-0.367,-0.44502,-0.36845,-0.24226,0.4454,-0.62954,0.26372,-0.20863,-0.66535,-0.59742,-0.6527,-0.47411,-0.32481,-0.69424,-0.85019,-0.57491,-0.5769,-0.68577,-0.18158,-0.13751,-0.73746,-0.69832,-0.54902,-0.45708,-0.024558,-0.1775,0.10653,-0.17645,0.36535,-0.23106,0,0.089661,-0.30166,-0.54274,-0.87315,-0.72897,-0.1643,-0.51274,-0.45073,-0.36169,-0.40456,-0.3937,-0.70667,0.020968,-0.17273,-0.65034,-0.69072,-0.90584,-0.52106,-0.677,-0.47271,-0.49479,-0.40257,-0.53457,-0.88715,-0.61855,-0.77784,-0.45037,-0.48318,-0.51082,-0.3813,-0.34338,-0.40451,-0.22228,-0.34786,-0.41182,-0.46816,-0.49078,-0.57008,-0.077143,-0.49636,0.053681,-0.013749,0.33396,0.077021,-0.45182,-0.3159,-0.70644,-0.26872,0.15523,-0.56756,-0.39718,-0.45515,-0.79218,-0.61639,-0.48118,-0.65987,-0.45224,-0.67961,-0.24768,-0.521,-0.01694,-0.63794,-0.66639,-0.73392,-0.75496,-0.54905,-0.49928,-0.48071
-0.56976,-0.24315,-0.24681,-0.071542,-0.42405,-0.33333,-0.21447,0.029992,-0.21515,0.27043,0.1602,-0.44141,-0.14214,-0.30218,-0.65218,-0.43892,-0.59981,-0.65709,-0.060333,-0.73791,-0.57275,-0.54509,-0.25011,-0.3541,-0.1961,0.045797,-0.63497,-0.81854,-0.11807,0.029741,0.07325,0.14054,-0.19061,-0.12509,-0.1048,0.16411,0.089661,0,-0.092748,-0.2392,-0.65259,-0.49648,-0.38681,-0.2881,-0.3738,-0.39649,-0.45172,-0.43108,-0.44782,-0.36758,-0.42292,-0.36908,-0.55841,-0.4801,-0.40452,-0.65023,-0.56433,-0.71407,-0.65264,-0.38899,-0.50606,-0.57163,-0.47571,-0.43903,-0.19314,-0.49849,-0.37939,-0.34951,-0.3089,-0.26612,-0.32772,-0.39085,-0.41015,-0.64651,-0.57685,-0.1721,-0.17654,-0.1769,-0.10146,-0.15131,-0.29932,-0.27975,-0.27224,-0.37585,-0.42713,-0.020362,-0.49934,-0.56373,-0.6335,-0.60231,-0.66461,-0.58473,-0.42288,-0.46176,-0.51814,-0.42591,-0.45528,-0.15646,-0.43824,-0.57113,-0.43082,-0.45651,-0.28088,-0.4923,-0.36593
-0.07646,-0.18338,-0.57997,-0.39198,-0.1654,-0.42118,0.25697,-0.039758,-0.10535,-0.14527,-0.13456,-0.19249,-0.38551,-0.53759,-0.5052,-0.51452,-0.27859,-0.38682,-0.15293,-0.53358,-0.38989,-0.6137,0.0055885,-0.26042,-0.23074,-0.093599,-0.3937,-0.48537,-0.049684,0.019756,-0.31828,-0.25293,-0.3785,-0.33877,-0.26458,0.060829,-0.30166,-0.092748,0,0.10644,-0.1343,-0.18911,-0.29825,-0.24465,-0.29191,-0.23633,-0.5093,-0.46203,-0.5992,-0.57628,-0.65205,-0.44225,-0.29625,-0.40717,-0.2786,-0.44321,-0.40608,-0.37471,-0.37768,-0.28145,-0.3622,-0.57455,-0.6148,-0.4585,-0.4674,-0.55125,-0.54326,-0.18862,-0.21051,-0.6121,-0.55069,-0.45888,-0.40651,-0.32801,-0.42991,-0.040009,-0.12859,-0.52689,-0.34889,-0.4054,-0.55213,-0.50315,-0.52168,-0.38508,-0.16191,-0.38564,-0.37331,-0.43405,-0.38329,-0.51243,-0.38753,-0.29593,-0.35768,-0.093283,-0.33468,-0.54907,-0.35762,-0.35083,-0.14357,-0.54855,-0.46291,-0.21756,-0.27065,-0.22947,-0.26004
-0.043,0.18305,-0.5598,-0.49397,-0.12814,0.019144,0.06431,0.14384,0.27243,-0.11621,-0.35302,0.27366,-0.49374,-0.45663,-0.17819,-0.26325,0.057799,-0.077188,-0.20251,-0.11929,-0.2454,-0.29037,-0.16486,-0.064103,0.020285,-0.048182,0.039822,-0.17741,0.010984,0.01079,-0.40455,-0.32275,-0.37174,-0.2799,-0.37155,0.020324,-0.54274,-0.2392,0.10644,0,0.16414,0.27996,-0.21427,0.020362,-0.38566,-0.45276,-0.17953,-0.20234,-0.18866,-0.58878,-0.5524,-0.15036,-0.22452,-0.11223,-0.34911,-0.059869,0.039416,-0.022902,-0.082235,-0.1555,-0.038224,-0.4293,-0.21755,-0.34162,-0.18237,-0.16312,-0.23282,-0.080643,-0.092716,-0.22943,-0.2135,-0.39321,-0.25811,-0.4423,-0.20468,-0.24164,0.1055,-0.6032,-0.32053,-0.60705,-0.52335,-0.40487,-0.44363,-0.17208,-0.19817,-0.52125,-0.005408,-0.15911,-0.11832,-0.12379,-0.33114,-0.21027,-0.016218,-0.088952,-0.031855,-0.46544,-0.11376,-0.44912,0.028652,-0.38258,-0.24958,-0.12837,-0.23492,-0.14832,-0.17855
0.037199,-0.057716,-0.56484,-0.56195,0.013536,0.038359,-0.046945,-0.20398,0.064039,-0.32352,-0.78356,0.067784,-0.65477,-0.39957,0.084781,0.0022174,0.36316,0.16508,-0.25517,0.20882,0.19214,0.034814,0.055092,0.11018,-0.070775,-0.22602,0.31695,0.28057,-0.032519,-0.20727,-0.72054,-0.5232,-0.47892,-0.32202,-0.55705,-0.33493,-0.87315,-0.65259,-0.1343,0.16414,0,0.31048,-0.26876,-0.038778,-0.44182,-0.50148,-0.051528,-0.061345,-0.0073353,-0.62723,-0.49808,-0.070878,-0.025029,0.03221,-0.22663,0.19147,0.11843,0.13137,0.022534,-0.02579,0.1495,-0.1209,-0.033157,-0.10456,-0.1036,0.0081862,-0.11031,-0.1766,-0.034704,-0.24294,-0.12806,-0.30034,-0.21011,-0.32298,-0.13254,-0.44925,-0.12864,-0.66816,-0.45944,-0.76607,-0.56282,-0.25649,-0.3703,-0.017571,-0.1005,-0.70818,0.094154,-0.0017726,0.068551,-0.028497,-0.25162,0.15481,0.25369,-0.06478,0.10841,-0.37177,-0.040944,-0.44261,0.16968,0.068035,0.073933,0.14796,-0.026911,-0.10355,-0.15842
-0.059334,0.25256,-0.59415,-0.74712,-0.17432,0.25563,-0.19214,-0.0011667,-0.071104,-0.20367,-0.70312,0.12832,-0.59625,-0.63271,-0.10246,-0.17244,0.13585,0.10041,-0.38672,0.090853,0.11354,0.10903,-0.085549,0.36084,-0.18317,-0.17651,0.23416,0.15616,-0.023237,-0.058657,-0.63876,-0.50342,-0.35177,-0.38071,-0.4269,-0.12173,-0.72897,-0.49648,-0.18911,0.27996,0.31048,0,-0.30252,0.11387,-0.45975,-0.59702,-0.084814,-0.15574,-0.027433,-0.65741,-0.51201,-0.13869,-0.17828,0.10055,-0.33981,0.24564,0.12536,0.12821,0.00014181,-0.2681,0.077201,-0.23088,-0.109,-0.27203,-0.18202,-0.080501,-0.20475,-0.23213,-0.11461,-0.27414,-0.19005,-0.44208,-0.39567,-0.45088,-0.25285,-0.53442,-0.078181,-0.61525,-0.53961,-0.62308,-0.60267,-0.34311,-0.48768,-0.094199,-0.25589,-0.75556,-0.15379,-0.10957,-0.0022431,0.038643,-0.3348,-0.20643,0.096777,-0.15353,0.080211,-0.41722,-0.098363,-0.57827,0.095862,-0.066688,0.03063,-0.042284,-0.12011,0.010152,0.014297
