,,,,,,,,,,,,,,,,,,,,,,,,,,,,,,,,,,,,,,,,,,,,,,,,,,,,,,,,,,,,,,,,,,,,,,,,,,,,,,,,,,,,,,,,,,,,,,,,,,,,,,,,
0,-0.041688,-0.48102,-0.57408,0.013191,-0.31732,-0.089021,-0.37371,-0.20004,-0.64784,-0.54188,0.026827,-0.75253,-0.5492,-0.19453,-0.40547,-0.2265,-0.42955,-0.32866,-0.3304,-0.12755,-0.34935,-0.19349,-0.29503,-0.64476,-0.64651,-0.10647,-0.13426,-0.18499,-0.32245,-0.65284,-0.66884,-0.70006,-0.62007,-0.67729,-0.43098,-0.8118,-0.71501,-0.16395,-0.10686,0.024466,-0.10736,-0.3747,-0.31918,-0.21105,-0.086517,-0.35681,-0.41762,-0.18624,-0.49423,-0.48646,-0.11345,0.34001,0.091464,0.084877,-0.024119,-0.2925,-0.14865,-0.16849,0.042818,0.019328,-0.19878,-0.15937,-0.37081,-0.5311,-0.37922,-0.46105,-0.31872,-0.31344,-0.67376,-0.56231,-0.38906,-0.32092,0.001412,-0.23114,-0.098316,-0.078998,-0.63645,-0.59445,-0.64366,-0.51776,-0.47782,-0.44895,-0.28474,-0.4143,-0.61357,-0.12969,-0.29208,-0.2037,-0.087381,0.053998,-0.34971,-0.3437,0.20107,0.060666,-0.42456,-0.31688,-0.51852,-0.28957,-0.33508,-0.32881,-0.16691,-0.44506,-0.036333,-0.26979
-0.041688,0,-0.57565,-0.84894,-0.47123,0.27649,-0.40679,0.20253,-0.21181,-0.17352,-0.54828,0.1349,-0.58218,-0.54511,-0.29493,-0.38053,-0.22557,-0.18216,-0.35498,-0.17464,-0.060612,-0.041865,-0.26682,0.18202,-0.5267,-0.32748,-0.062415,-0.20375,-0.052099,0.01464,-0.40613,-0.31873,-0.49811,-0.48483,-0.62528,-0.2185,-0.69226,-0.38375,-0.3864,-0.027092,-0.17967,0.26151,-0.35208,0.052494,-0.17762,-0.30924,-0.12959,-0.19565,-0.10786,-0.58016,-0.46973,-0.13384,-0.23707,0.12159,-0.20909,0.10558,-0.099112,-0.062463,-0.2066,-0.38905,0.012578,-0.23906,-0.067743,-0.38833,-0.19703,-0.13067,-0.2381,-0.35014,-0.29796,-0.37274,-0.28165,-0.30676,-0.27511,-0.23243,-0.14567,-0.50897,-0.054794,-0.592,-0.68086,-0.71212,-0.72645,-0.33419,-0.51119,-0.25546,-0.69435,-0.62249,-0.35592,-0.21264,-0.16007,0.17446,-0.089171,-0.60045,-0.2204,-0.26969,-0.095649,-0.51084,-0.33203,-0.71391,-0.18758,-0.18069,-0.0495,-0.26123,-0.3555,-0.056692,-0.078277
-0.48102,-0.57565,0,0.50354,-0.31988,-0.40576,-0.63582,-0.59641,-0.50145,-0.54306,-0.36116,-0.41617,-0.19813,-0.2174,-0.026555,-0.1969,-0.44232,-0.48124,-0.31539,-0.521,-0.5412,-0.43244,-0.56106,-0.60034,-0.41684,-0.62188,-0.57553,-0.56603,-0.75698,-0.75242,-0.55172,-0.42972,-0.2788,-0.40883,-0.24985,-0.53424,-0.23882,-0.49634,-0.79016,-0.90463,-0.69142,-0.73917,-0.5118,-0.61002,-0.50663,-0.37091,-0.20841,-0.27591,-0.33686,0.048724,-0.065851,-0.3212,-0.31114,-0.29201,-0.20003,-0.51545,-0.51053,-0.44587,-0.44171,-0.13714,-0.31531,-0.14495,-0.12817,-0.28258,-0.18808,-0.16317,-0.16507,-0.58883,-0.556,-0.29471,-0.37544,-0.32936,-0.33558,-0.39111,-0.39027,-0.29831,-0.44781,0.17503,-0.096676,-0.030821,0.037361,0.075528,0.34041,0.15838,-0.095771,-0.010877,-0.41233,-0.21152,-0.22804,-0.29527,-0.33818,-0.28439,-0.53,-0.29638,-0.35301,-0.25384,-0.46164,-0.24815,-0.68883,-0.20404,-0.27621,-0.18775,-0.19919,-0.41782,-0.36663
-0.57408,-0.84894,0.50354,0,-0.25588,-0.62087,-0.47852,-0.65963,-0.48304,-0.55108,-0.1761,-0.56967,-0.044274,-0.13931,-0.081788,-0.17116,-0.46719,-0.54251,-0.21562,-0.65363,-0.67015,-0.58445,-0.52039,-0.79378,-0.28679,-0.57006,-0.83025,-0.73471,-0.88897,-0.81612,-0.41295,-0.43384,-0.19366,-0.28403,-0.10656,-0.45814,-0.058577,-0.34361,-0.60076,-0.87113,-0.75143,-0.98754,-0.48142,-0.7326,-0.51259,-0.3206,-0.34184,-0.37211,-0.42094,0.069506,-0.056373,-0.3016,-0.33969,-0.44514,-0.22619,-0.6473,-0.60256,-0.56979,-0.49,-0.082053,-0.38277,-0.27491,-0.33591,-0.2309,-0.23955,-0.28211,-0.23065,-0.63457,-0.60262,-0.35394,-0.42013,-0.31291,-0.35015,-0.41938,-0.40345,-0.23324,-0.41396,0.15804,0.021213,0.073037,0.096064,-0.012415,0.2204,-0.081992,-0.025432,0.17592,-0.3718,-0.32885,-0.40272,-0.47398,-0.43337,-0.22577,-0.51116,-0.29502,-0.41373,-0.21429,-0.42901,-0.18571,-0.64757,-0.33471,-0.41266,-0.24286,-0.15028,-0.48242,-0.38254
0.013191,-0.47123,-0.31988,-0.25588,0,-0.48325,0.0011534,-0.58857,-0.14254,-0.51388,-0.18526,-0.35085,-0.41101,-0.4774,-0.37545,-0.36406,-0.3989,-0.50633,-0.20791,-0.52571,-0.39115,-0.49969,-0.31489,-0.54458,-0.31143,-0.30467,-0.33925,-0.36614,-0.3228,-0.43651,-0.59299,-0.51566,-0.44106,-0.44466,-0.25303,-0.33647,-0.24515,-0.34892,-0.16704,-0.23275,-0.21656,-0.43538,-0.2809,-0.50782,-0.61483,-0.4695,-0.26206,-0.27722,-0.38797,-0.26974,-0.37047,-0.28182,0.072207,-0.27474,-0.15295,-0.315,-0.24495,-0.2736,-0.1885,0.047588,-0.3126,-0.37584,-0.34859,-0.25749,-0.28738,-0.30751,-0.27792,-0.34141,-0.26363,-0.38912,-0.48626,-0.45824,-0.42342,-0.29469,-0.42117,0.051963,-0.22822,-0.3671,-0.24353,-0.30085,-0.19772,-0.49924,-0.3328,-0.27871,-0.21755,-0.22416,-0.17697,-0.18002,-0.19036,-0.37605,-0.39235,-0.29952,-0.43891,0.040613,-0.19216,-0.55379,-0.54661,-0.35123,-0.42306,-0.41436,-0.49632,-0.33735,-0.3869,-0.44605,-0.53688
-0.31732,0.27649,-0.40576,-0.62087,-0.48325,0,-0.59725,-0.017144,-0.25716,-0.096397,-0.57582,-0.040137,-0.43371,-0.38187,-0.16605,-0.21497,-0.22208,-0.093036,-0.44589,-0.089348,0.061735,0.20688,-0.32638,0.13346,-0.40013,-0.21878,0.0577,-0.088837,-0.081665,-0.10969,-0.31271,-0.19179,-0.30381,-0.25612,-0.45954,-0.24698,-0.52682,-0.3013,-0.5875,-0.18543,-0.19734,0.10924,-0.36662,-0.0066923,-0.37196,-0.53075,0.017267,-0.022452,-0.010081,-0.46263,-0.31162,-0.15496,-0.31285,0.14069,-0.26965,0.12121,-0.054066,-0.13497,-0.30769,-0.46651,-0.13931,-0.03223,0.19659,-0.25667,0.069206,-0.026698,-0.060973,-0.34571,-0.19747,-0.16797,-0.049765,-0.25384,-0.26415,-0.42112,-0.21634,-0.64329,-0.074718,-0.35859,-0.43334,-0.59281,-0.55564,-0.30187,-0.44888,-0.026841,-0.51131,-0.51498,-0.38898,-0.11887,-0.18376,0.06511,-0.27669,-0.38422,-0.033468,-0.37581,-0.017437,-0.29991,-0.28425,-0.56509,-0.27147,0.072881,0.064062,-0.14747,-0.20268,-0.24308,-0.15678
-0.089021,-0.40679,-0.63582,-0.47852,0.0011534,-0.59725,0,-0.12667,-0.2302,-0.33987,-0.21316,-0.32316,-0.50093,-0.60265,-0.47559,-0.72899,-0.19374,-0.52754,-0.16252,-0.46166,-0.41579,-0.761,-0.19496,-0.51866,-0.39152,-0.17852,-0.42952,-0.40925,-0.29535,-0.1903,-0.25555,-0.30806,-0.48101,-0.46654,-0.27846,-0.18248,-0.27008,-0.22383,0.31818,0.012531,-0.14304,-0.2621,0.078848,-0.080896,-0.27016,-0.18488,-0.35187,-0.30881,-0.72482,-0.59962,-0.68479,-0.32111,-0.077617,-0.40088,-0.15787,-0.23713,-0.13844,-0.16567,-0.089484,-0.24719,-0.52768,-0.46329,-0.71432,-0.17517,-0.64497,-0.42614,-0.40159,-0.16923,-0.2476,-0.39561,-0.43921,-0.24169,-0.22737,-0.23767,-0.29756,-0.043777,-0.24746,-0.55239,-0.46823,-0.4164,-0.535,-0.58113,-0.60946,-0.58348,-0.38628,-0.36871,-0.26509,-0.28459,-0.14346,-0.3974,-0.23742,-0.41148,-0.52234,-0.10461,-0.26238,-0.62722,-0.44746,-0.5228,-0.34762,-0.67242,-0.66612,-0.4593,-0.4769,-0.21642,-0.38877
-0.37371,0.20253,-0.59641,-0.65963,-0.58857,-0.017144,-0.12667,0,-0.30508,0.047384,-0.306,-0.13611,-0.3952,-0.5434,-0.45916,-0.6627,-0.28214,-0.36232,-0.22021,-0.37681,-0.29079,-0.35419,-0.25446,-0.071431,-0.47906,-0.13879,-0.39996,-0.48742,-0.1829,0.1124,-0.12202,-0.079277,-0.36167,-0.39644,-0.35152,-0.00069067,-0.33061,-0.029692,-0.18885,-0.075364,-0.39899,-0.018689,-0.10735,0.30554,-0.18781,-0.31625,-0.15609,-0.1595,-0.49907,-0.60222,-0.53849,-0.2911,-0.42136,-0.20496,-0.24553,-0.11211,-0.1238,-0.1795,-0.2496,-0.56148,-0.37533,-0.34814,-0.41714,-0.24059,-0.30661,-0.20013,-0.21836,-0.29583,-0.33639,-0.26623,-0.23386,-0.17765,-0.20427,-0.39142,-0.20049,-0.45414,-0.13061,-0.47711,-0.60761,-0.46844,-0.76124,-0.36377,-0.58407,-0.4643,-0.73858,-0.38396,-0.55644,-0.26513,-0.18896,-0.09241,-0.25222,-0.79676,-0.4325,-0.42922,-0.31781,-0.6633,-0.49015,-0.76728,-0.36437,-0.38494,-0.25424,-0.43943,-0.35124,-0.1386,-0.14346
-0.20004,-0.21181,-0.50145,-0.48304,-0.14254,-0.25716,-0.2302,-0.30508,0,-0.23152,-0.1663,0.088545,-0.31469,-0.34979,-0.14977,-0.51051,-0.044485,-0.050868,-0.21891,-0.32026,-0.34715,-0.33386,-0.31469,-0.36072,0.18039,-0.129,-0.088341,-0.30323,-0.21368,-0.41132,-0.3746,-0.40601,-0.35555,-0.38465,-0.40154,-0.44387,-0.34985,-0.38171,-0.30595,-0.034986,-0.12051,-0.14461,-0.31855,-0.34421,-0.46254,-0.39439,-0.14038,-0.20407,-0.17422,-0.3988,-0.44934,-0.31162,-0.4442,-0.42583,-0.43144,-0.29742,-0.16222,-0.16472,-0.24647,-0.067553,-0.18441,-0.38991,-0.37901,-0.4417,-0.34763,-0.20156,-0.2192,-0.2863,-0.08896,-0.27469,-0.065702,-0.36711,-0.26348,-0.38473,-0.17289,-0.27576,-0.12213,-0.55001,-0.3662,-0.38771,-0.32961,-0.48136,-0.43039,-0.34493,-0.26856,-0.41389,-0.11796,-0.11005,-0.20819,-0.2543,-0.29632,-0.12093,-0.054678,-0.16555,-0.16749,-0.28979,-0.21608,-0.37315,-0.16632,-0.31593,-0.28898,-0.14533,-0.29004,-0.20384,-0.30133
-0.64784,-0.17352,-0.54306,-0.55108,-0.51388,-0.096397,-0.33987,0.047384,-0.23152,0,-0.30912,-0.54242,-0.39728,-0.43529,-0.51076,-0.43653,-0.28003,-0.34266,-0.14598,-0.34576,-0.13188,-0.1142,-0.054848,0.057346,-0.16236,0.34941,-0.33721,-0.35678,-0.010428,0.12466,-0.0082165,0.21265,-0.34391,-0.34032,-0.37556,-0.225,-0.1982,0.079066,-0.33824,-0.32383,-0.40869,-0.19895,-0.26329,0.062354,-0.38784,-0.56512,-0.2316,-0.18608,-0.32245,-0.6717,-0.5855,-0.28771,-0.79815,-0.49895,-0.63382,-0.41966,-0.35235,-0.5816,-0.67675,-0.57388,-0.46342,-0.25005,-0.37162,-0.18422,-0.065559,-0.24184,-0.207,-0.35751,-0.048847,-0.061619,0.083312,-0.25375,-0.31644,-0.54907,-0.31228,-0.7837,-0.53325,-0.50092,-0.53498,-0.4433,-0.56757,-0.23261,-0.41637,-0.45725,-0.68749,-0.43823,-0.60208,-0.43829,-0.47243,-0.3423,-0.47564,-0.47368,-0.17474,-0.69643,-0.50895,-0.52931,-0.43338,-0.36016,-0.19374,-0.10484,-0.011197,-0.34489,-0.027684,-0.39352,-0.31599
-0.54188,-0.54828,-0.36116,-0.1761,-0.18526,-0.57582,-0.21316,-0.306,-0.1663,-0.30912,0,-0.35382,0.36397,-0.033536,-0.66103,-0.61947,-0.78422,-0.48729,-0.33104,-0.7588,-0.9613,-0.79851,-0.52319,-0.71432,-0.14564,-0.19169,-0.7276,-0.87372,-0.51408,-0.40325,-0.13646,-0.22671,0.062769,-0.062612,0.1741,-0.0097816,0.45917,0.1678,-0.1575,-0.30051,-0.74093,-0.69195,-0.18211,-0.48633,-0.46947,-0.41237,-0.42142,-0.33199,-0.69019,0.091471,-0.01479,-0.6796,-0.52508,-0.71796,-0.36231,-0.74141,-0.4839,-0.47749,-0.33941,-0.38253,-0.67813,-0.70657,-0.73681,-0.46213,-0.3963,-0.51746,-0.35886,-0.16721,-0.37486,-0.34808,-0.42544,-0.40886,-0.43198,-0.42992,-0.4837,0.13757,-0.1214,-0.019002,0.11564,0.17059,-0.03106,-0.62562,-0.54412,-0.62213,-0.24392,0.17561,-0.42496,-0.31819,-0.47514,-0.65936,-0.62958,-0.48544,-0.61875,-0.20148,-0.47076,-0.36159,-0.58744,-0.1999,-0.62564,-0.76369,-0.71672,-0.56745,-0.53636,-0.51585,-0.54911
0.026827,0.1349,-0.41617,-0.56967,-0.35085,-0.040137,-0.32316,-0.13611,0.088545,-0.54242,-0.35382,0,-0.34243,-0.2661,-0.074983,-0.49033,-0.13867,-0.033312,-0.49945,-0.15258,-0.33505,-0.30542,-0.55635,-0.34727,-0.29507,-0.48801,0.018049,-0.20231,-0.35086,-0.46001,-0.41124,-0.46913,-0.31635,-0.35291,-0.41795,-0.31021,-0.52792,-0.51178,-0.36938,0.034918,-0.13952,-0.0052838,-0.2375,-0.21278,-0.18819,-0.17799,-0.10302,-0.17385,-0.14688,-0.25781,-0.24547,-0.25188,-0.15658,-0.04096,-0.11758,0.0050728,-0.0096523,0.1606,0.036265,-0.17025,-0.033217,-0.29427,-0.14314,-0.49647,-0.44071,-0.14353,-0.23077,-0.19021,-0.26529,-0.34947,-0.25255,-0.28311,-0.17751,-0.14595,-0.054692,-0.18413,0.21027,-0.40841,-0.37276,-0.42818,-0.36863,-0.51119,-0.51676,-0.21261,-0.32754,-0.47036,-0.076249,-0.021166,-0.026283,0.065926,-0.0092713,-0.28825,-0.20293,-0.043281,0.073323,-0.24082,-0.19276,-0.60549,-0.32377,-0.35327,-0.30207,-0.19515,-0.51437,-0.044322,-0.18735
-0.75253,-0.58218,-0.19813,-0.044274,-0.41101,-0.43371,-0.50093,-0.3952,-0.31469,-0.39728,0.36397,-0.34243,0,0.28959,-0.52107,-0.39655,-0.74378,-0.24554,-0.57314,-0.50305,-0.85496,-0.57809,-0.69036,-0.63587,-0.10947,-0.31332,-0.61911,-0.71282,-0.66529,-0.51161,-0.16314,-0.2329,0.5854,0.33495,0.39732,0.049833,0.40045,0.10212,-0.34183,-0.39271,-0.71066,-0.65058,-0.35756,-0.61208,-0.42986,-0.48448,-0.46581,-0.40121,-0.47673,0.37854,0.37881,-0.71048,-0.58996,-0.58578,-0.38404,-0.63284,-0.47967,-0.44179,-0.33977,-0.42991,-0.54327,-0.65313,-0.53581,-0.59777,-0.3575,-0.49812,-0.3911,-0.14942,-0.31926,-0.31287,-0.37135,-0.46167,-0.50893,-0.44332,-0.53976,-0.056203,-0.13571,0.25912,0.49142,0.37071,0.15663,-0.56797,-0.47064,-0.39018,-0.00097646,0.078358,-0.41889,-0.37089,-0.50384,-0.645,-0.72314,-0.32653,-0.41772,-0.3473,-0.44653,-0.075997,-0.34538,-0.21051,-0.51385,-0.51304,-0.53092,-0.40125,-0.3895,-0.47724,-0.35143
-0.5492,-0.54511,-0.2174,-0.13931,-0.4774,-0.38187,-0.60265,-0.5434,-0.34979,-0.43529,-0.033536,-0.2661,0.28959,0,-0.31941,-0.23162,-0.5765,-0.20917,-0.71251,-0.23833,-0.57218,-0.41096,-0.70646,-0.61977,-0.13558,-0.36933,-0.36324,-0.38182,-0.66176,-0.6197,0.011884,-0.083026,0.2575,0.27264,0.04145,-0.17024,0.042811,-0.12479,-0.47031,-0.44806,-0.55905,-0.63989,-0.29354,-0.52922,-0.1427,-0.23965,-0.47675,-0.36927,-0.2254,0.30473,0.49823,-0.44417,-0.52669,-0.50965,-0.39462,-0.59826,-0.47828,-0.49317,-0.40957,-0.3299,-0.35248,-0.35817,-0.25371,-0.45988,-0.32082,-0.39853,-0.35719,-0.016409,-0.13204,-0.18117,-0.14478,-0.2849,-0.30969,-0.11462,-0.27559,-0.2499,-0.25237,0.048323,0.23274,0.084306,0.22363,-0.50158,-0.42625,-0.36425,-0.14887,-0.17576,-0.16242,-0.42978,-0.58088,-0.44035,-0.3515,-0.15043,-0.21723,-0.4322,-0.38521,0.061422,-0.18699,-0.18663,-0.36625,-0.3019,-0.32509,-0.3239,-0.29267,-0.51078,-0.4643
-0.19453,-0.29493,-0.026555,-0.081788,-0.37545,-0.16605,-0.47559,-0.45916,-0.14977,-0.51076,-0.66103,-0.074983,-0.52107,-0.31941,0,-0.061258,0.1331,-0.18201,-0.21837,-0.21075,-0.14142,-0.19174,-0.33549,-0.39197,-0.2635,-0.56122,-0.18852,-0.21593,-0.50673,-0.68112,-0.43227,-0.47668,-0.53768,-0.5016,-0.63363,-0.79285,-0.66966,-0.79947,-0.72066,-0.48146,-0.19803,-0.31073,-0.40916,-0.34237,-0.24981,-0.069737,-0.014273,-0.11557,-0.0073183,-0.39799,-0.38233,0.12409,-0.17797,-0.077072,-0.13478,-0.15096,-0.24441,-0.19473,-0.33408,0.068383,0.057067,0.11592,0.050453,-0.067076,-0.1401,0.076079,-0.00559,-0.61617,-0.41135,-0.31364,-0.081713,-0.051031,0.011027,-0.18869,0.07746,-0.55265,-0.24306,-0.35438,-0.43563,-0.52285,-0.35038,0.087531,0.078141,0.13194,-0.25495,-0.34983,-0.066791,-0.058775,-0.13877,0.054066,0.08257,0.041164,-0.043866,-0.22266,-0.022384,-0.13813,-0.12314,-0.43087,-0.26928,-0.0019767,-0.080427,0.074582,-0.056931,-0.21836,-0.22634
-0.40547,-0.38053,-0.1969,-0.17116,-0.36406,-0.21497,-0.72899,-0.6627,-0.51051,-0.43653,-0.61947,-0.49033,-0.39655,-0.23162,-0.061258,0,-0.17551,-0.18473,-0.29,0.00047292,-0.082128,0.14423,-0.37607,-0.17431,-0.26154,-0.48521,-0.19952,-0.068621,-0.47217,-0.54475,-0.3959,-0.45178,-0.34555,-0.24959,-0.42581,-0.52741,-0.48603,-0.51787,-0.72002,-0.50432,-0.28575,-0.33723,-0.54282,-0.52115,-0.2846,-0.35741,-0.30069,-0.33204,0.21069,-0.32591,-0.27312,0.049337,-0.23294,-0.11634,-0.37543,-0.22796,-0.30661,-0.37125,-0.38545,-0.16305,0.093342,-0.14884,0.027317,-0.17855,0.069397,-0.15315,-0.20315,-0.59379,-0.4479,-0.25584,-0.26969,-0.28046,-0.29888,-0.33312,-0.24003,-0.64497,-0.42655,-0.23448,-0.23602,-0.39267,-0.1684,-0.019118,-0.034278,-0.024874,-0.26415,-0.30301,-0.005345,-0.37541,-0.42327,-0.21902,-0.31619,-0.021887,0.077358,-0.44758,-0.2289,-0.08057,-0.01021,-0.27788,-0.080563,0.023785,-0.010979,-0.21612,-0.048255,-0.4343,-0.21463
-0.2265,-0.22557,-0.44232,-0.46719,-0.3989,-0.22208,-0.19374,-0.28214,-0.044485,-0.28003,-0.78422,-0.13867,-0.74378,-0.5765,0.1331,-0.17551,0,0.03289,-0.1674,0.079978,-0.056781,-0.11651,-0.21936,-0.16633,-0.056318,-0.23947,0.036333,0.053569,-0.2739,-0.37004,-0.37749,-0.43112,-0.56436,-0.50329,-0.5963,-0.60089,-0.72107,-0.66466,-0.32469,-0.064443,0.19905,0.10378,-0.27584,-0.1141,-0.26856,-0.25033,-0.17129,-0.25582,-0.071574,-0.82956,-0.83793,0.061265,-0.29915,-0.22492,-0.4212,0.042015,0.058026,0.0033989,-0.14398,-0.17611,-0.054937,-0.15948,-0.20725,-0.2044,-0.35195,-0.099527,-0.23627,-0.45667,-0.17509,-0.21007,-0.075269,-0.22284,-0.13759,-0.35011,-0.062388,-0.696,-0.40918,-0.65336,-0.61231,-0.73173,-0.55128,-0.14416,-0.20826,-0.15245,-0.28488,-0.68671,0.019784,-0.22581,-0.087456,-0.13163,-0.076154,0.10816,0.1729,-0.34881,-0.085762,-0.2264,0.13423,-0.43549,0.10111,-0.15912,-0.14292,-0.071561,-0.11473,-0.048139,-0.074167
-0.42955,-0.18216,-0.48124,-0.54251,-0.50633,-0.093036,-0.52754,-0.36232,-0.050868,-0.34266,-0.48729,-0.033312,-0.24554,-0.20917,-0.18201,-0.18473,0.03289,0,-0.62987,0.21082,-0.2248,-0.048146,-0.42648,-0.089429,0.10046,-0.17611,0.13635,0.025208,-0.24901,-0.32016,-0.41214,-0.38258,-0.089273,-0.068866,-0.28807,-0.3165,-0.45033,-0.44875,-0.34912,0.003535,0.1111,0.12016,-0.41068,-0.31925,-0.31514,-0.46382,-0.25109,-0.30353,-0.06215,-0.37379,-0.29565,-0.37059,-0.50461,-0.32759,-0.56596,-0.068451,0.015851,0.093696,-0.066825,-0.42915,-0.13284,-0.47684,-0.25651,-0.62939,-0.31431,-0.22045,-0.32366,-0.19793,-0.0073796,-0.23616,-0.13388,-0.45475,-0.38771,-0.33052,-0.27348,-0.53449,-0.29464,-0.40952,-0.26631,-0.45244,-0.34457,-0.38854,-0.41203,-0.18469,-0.031754,-0.65213,-0.16016,-0.18595,-0.14476,-0.26945,-0.38472,0.089627,0.20454,-0.45179,-0.24384,-0.015736,0.17202,-0.32813,0.20636,-0.18658,-0.19302,-0.13084,-0.2879,-0.24229,-0.11022
-0.32866,-0.35498,-0.31539,-0.21562,-0.20791,-0.44589,-0.16252,-0.22021,-0.21891,-0.14598,-0.33104,-0.49945,-0.57314,-0.71251,-0.21837,-0.29,-0.1674,-0.62987,0,-0.61142,-0.23563,-0.39568,0.05163,-0.27335,-0.29422,-0.32718,-0.55893,-0.52871,-0.17818,-0.24633,-0.3646,-0.42806,-0.73231,-0.69659,-0.52922,-0.47852,-0.40295,-0.30848,-0.31059,-0.42708,-0.43207,-0.44547,-0.41529,-0.36762,-0.50105,-0.34295,-0.27365,-0.27501,-0.42837,-0.63676,-0.76688,-0.15965,-0.32862,-0.36299,-0.25196,-0.50574,-0.45694,-0.5709,-0.60772,-0.17042,-0.28154,-0.087463,-0.34179,0.026745,-0.12218,-0.24996,-0.21293,-0.67756,-0.57068,-0.41464,-0.36918,-0.24202,-0.20201,-0.55237,-0.27128,-0.45357,-0.36163,-0.50488,-0.59454,-0.49154,-0.59059,-0.059612,-0.053079,-0.33134,-0.53267,-0.061565,-0.35443,-0.36115,-0.41412,-0.35155,-0.34573,-0.41208,-0.38264,-0.37373,-0.43819,-0.72531,-0.5653,-0.515,-0.41339,-0.28961,-0.18688,-0.25242,-0.04258,-0.42131,-0.38325
-0.3304,-0.17464,-0.521,-0.65363,-0.52571,-0.089348,-0.46166,-0.37681,-0.32026,-0.34576,-0.7588,-0.15258,-0.50305,-0.23833,-0.21075,0.00047292,0.079978,0.21082,-0.61142,0,-0.014103,0.11596,-0.48671,-0.096009,-0.16736,-0.24127,0.40086,0.45298,-0.29866,-0.36201,-0.22602,-0.23942,-0.29606,-0.2082,-0.44195,-0.41205,-0.57894,-0.51369,-0.43202,-0.069519,0.071928,0.093553,-0.20881,-0.16176,-0.024207,-0.29853,-0.24496,-0.24949,0.095615,-0.47163,-0.38105,-0.16567,-0.32404,-0.18231,-0.53264,0.01349,0.13192,0.027501,-0.054216,-0.39955,-0.05985,-0.272,-0.099908,-0.35737,-0.29085,-0.15173,-0.28491,-0.088572,-0.056216,-0.018151,-0.039314,-0.22585,-0.17493,-0.17601,-0.11828,-0.62766,-0.41203,-0.47458,-0.37403,-0.51294,-0.31387,-0.37335,-0.44187,-0.2106,-0.30188,-0.75169,0.12287,-0.26377,-0.15242,-0.094077,-0.16072,-0.010727,0.20575,-0.55916,-0.21721,-0.068498,0.24668,-0.42693,0.17894,-0.10796,-0.10247,-0.30604,-0.31668,-0.27471,-0.19231
-0.12755,-0.060612,-0.5412,-0.67015,-0.39115,0.061735,-0.41579,-0.29079,-0.34715,-0.13188,-0.9613,-0.33505,-0.85496,-0.57218,-0.14142,-0.082128,-0.056781,-0.2248,-0.23563,-0.014103,0,0.30602,0.15638,0.26546,-0.49353,-0.31026,0.13665,0.20296,0.15624,-0.089484,-0.39369,-0.30548,-0.67136,-0.47844,-0.84987,-0.5269,-0.87753,-0.53369,-0.43913,-0.32532,0.067716,0.016103,-0.47642,-0.15946,-0.22281,-0.33479,-0.1911,-0.21019,0.07056,-0.85321,-0.6388,-0.089178,-0.15027,0.07944,-0.21433,-0.041668,-0.29993,-0.3669,-0.5431,-0.27395,-0.012503,0.16093,0.044165,-0.10158,-0.089232,-0.20298,-0.24192,-0.39002,-0.16868,-0.37173,-0.12303,-0.19392,-0.20156,-0.28868,-0.20665,-0.72081,-0.34377,-0.69123,-0.73566,-0.8022,-0.76034,-0.21636,-0.36931,-0.11964,-0.53244,-0.7064,-0.31997,-0.31968,-0.32131,-0.068383,-0.1965,-0.20317,0.092512,-0.43054,-0.16103,-0.33022,-0.18908,-0.5646,-0.041913,0.33995,0.27336,-0.019621,-0.0054131,-0.27578,-0.20109
-0.34935,-0.041865,-0.43244,-0.58445,-0.49969,0.20688,-0.761,-0.35419,-0.33386,-0.1142,-0.79851,-0.30542,-0.57809,-0.41096,-0.19174,0.14423,-0.11651,-0.048146,-0.39568,0.11596,0.30602,0,-0.2249,0.25158,-0.28369,-0.26928,0.16493,0.22796,-0.075977,-0.26292,-0.38964,-0.32343,-0.41614,-0.33135,-0.57714,-0.47479,-0.63398,-0.44639,-0.68416,-0.34148,-0.11265,0.02222,-0.53483,-0.23254,-0.36422,-0.56053,-0.16291,-0.24536,0.37915,-0.56999,-0.44454,-0.052583,-0.34453,-0.007747,-0.46163,0.0014936,-0.19777,-0.30008,-0.42302,-0.35588,0.034652,-0.081625,0.12199,-0.29058,0.021792,-0.12659,-0.19705,-0.51996,-0.2264,-0.17168,-0.073343,-0.34198,-0.3649,-0.48887,-0.2597,-0.83755,-0.37258,-0.48647,-0.51868,-0.57405,-0.44743,-0.16971,-0.28609,-0.11461,-0.48237,-0.63307,-0.26569,-0.3398,-0.36767,-0.098051,-0.3493,-0.18953,0.23867,-0.52054,-0.15732,-0.15769,-0.058659,-0.33077,-0.058918,0.25789,0.24413,-0.18744,-0.10281,-0.28639,-0.13136
-0.19349,-0.26682,-0.56106,-0.52039,-0.31489,-0.32638,-0.19496,-0.25446,-0.31469,-0.054848,-0.52319,-0.55635,-0.69036,-0.70646,-0.33549,-0.37607,-0.21936,-0.42648,0.05163,-0.48671,0.15638,-0.2249,0,0.10768,-0.47672,-0.25468,-0.33152,-0.26546,0.29471,0.13714,-0.46414,-0.37997,-0.68207,-0.53927,-0.70342,-0.42362,-0.63121,-0.39268,-0.11245,-0.36687,-0.07829,-0.20413,-0.56319,-0.27567,-0.40284,-0.33847,-0.42184,-0.39808,-0.39195,-0.93364,-0.80114,-0.33875,-0.30016,-0.28351,-0.20838,-0.37956,-0.62862,-0.60223,-0.77413,-0.34913,-0.3128,-0.079467,-0.3501,-0.18727,-0.26169,-0.49161,-0.44353,-0.46268,-0.24938,-0.70554,-0.39185,-0.36321,-0.37556,-0.39564,-0.43916,-0.5158,-0.4361,-0.67352,-0.74049,-0.72067,-0.96787,-0.21107,-0.32923,-0.33689,-0.45611,-0.48751,-0.63634,-0.47077,-0.4762,-0.44511,-0.39,-0.30447,-0.24572,-0.33972,-0.39173,-0.52903,-0.43544,-0.42128,-0.16248,-0.087572,-0.065749,-0.019328,-0.0038548,-0.31352,-0.30157
-0.29503,0.18202,-0.60034,-0.79378,-0.54458,0.13346,-0.51866,-0.071431,-0.36072,0.057346,-0.71432,-0.34727,-0.63587,-0.61977,-0.39197,-0.17431,-0.16633,-0.089429,-0.27335,-0.096009,0.26546,0.25158,0.10768,0,-0.42552,-0.1862,-0.036537,-0.02731,0.24862,0.2747,-0.47492,-0.30992,-0.46084,-0.37598,-0.62262,-0.25954,-0.70271,-0.35305,-0.33086,-0.18003,-0.030175,0.25482,-0.5957,-0.10395,-0.34484,-0.55386,-0.31517,-0.3572,-0.075344,-0.83291,-0.62979,-0.25203,-0.39831,-0.057632,-0.3903,-0.051909,-0.30077,-0.31539,-0.48935,-0.52927,-0.091321,-0.18771,-0.10758,-0.39786,-0.10494,-0.31889,-0.38751,-0.41414,-0.15388,-0.43702,-0.28181,-0.46813,-0.47933,-0.4555,-0.42326,-0.7858,-0.39185,-0.591,-0.67153,-0.75157,-0.83086,-0.22227,-0.40415,-0.19804,-0.51261,-0.72897,-0.53253,-0.43242,-0.35094,-0.21657,-0.41674,-0.37602,-0.013545,-0.4971,-0.29006,-0.40422,-0.21024,-0.49692,0.057148,0.071057,0.19474,-0.10135,-0.067777,-0.19059,-0.041348
-0.64476,-0.5267,-0.41684,-0.28679,-0.31143,-0.40013,-0.39152,-0.47906,0.18039,-0.16236,-0.14564,-0.29507,-0.10947,-0.13558,-0.2635,-0.26154,-0.056318,0.10046,-0.29422,-0.16736,-0.49353,-0.28369,-0.47672,-0.42552,0,0.055474,-0.20983,-0.27342,-0.37642,-0.48699,-0.16806,-0.24652,-0.096969,-0.12085,-0.11861,-0.38087,-0.087926,-0.2027,-0.34596,-0.15662,-0.23682,-0.30961,-0.31158,-0.44905,-0.51064,-0.53681,-0.32075,-0.32204,-0.20205,-0.27532,-0.32685,-0.33321,-0.78308,-0.75634,-0.86513,-0.46385,-0.1563,-0.28744,-0.28812,-0.31658,-0.3527,-0.52015,-0.44082,-0.45414,-0.27636,-0.25528,-0.2759,-0.30173,-0.04982,-0.018158,0.0032968,-0.42098,-0.36209,-0.51285,-0.26599,-0.49095,-0.4326,-0.3868,-0.152,-0.25013,-0.10807,-0.38222,-0.29418,-0.4312,-0.11963,-0.33389,-0.086871,-0.32198,-0.40595,-0.50541,-0.50752,0.066314,0.061517,-0.52992,-0.43308,-0.14704,-0.062368,-0.11173,-0.046731,-0.35547,-0.33511,-0.30574,-0.20417,-0.44231,-0.3609
-0.64651,-0.32748,-0.62188,-0.57006,-0.30467,-0.21878,-0.17852,-0.13879,-0.129,0.34941,-0.19169,-0.48801,-0.31332,-0.36933,-0.56122,-0.48521,-0.23947,-0.17611,-0.32718,-0.24127,-0.31026,-0.26928,-0.25468,-0.1862,0.055474,0,-0.25041,-0.30004,-0.1127,-0.025146,0.027195,0.24607,-0.25604,-0.27017,-0.23928,-0.24917,-0.061986,0.039735,-0.20843,-0.14862,-0.2752,-0.20248,-0.0027797,0.053848,-0.40241,-0.53814,-0.16251,-0.063225,-0.45054,-0.55346,-0.52745,-0.37011,-0.76272,-0.69923,-0.80432,-0.40485,-0.096411,-0.32152,-0.35437,-0.63015,-0.63708,-0.47407,-0.53216,-0.21575,-0.14583,-0.19112,-0.14313,-0.17888,0.067029,0.11167,0.11031,-0.22848,-0.25961,-0.42664,-0.25766,-0.57684,-0.55483,-0.50063,-0.39106,-0.43391,-0.43237,-0.37602,-0.51694,-0.53429,-0.49115,-0.44289,-0.41571,-0.23908,-0.28049,-0.38689,-0.45895,-0.30069,-0.19602,-0.60793,-0.50646,-0.49636,-0.39801,-0.23101,-0.1155,-0.33126,-0.32542,-0.50612,-0.28902,-0.52931,-0.49859
-0.10647,-0.062415,-0.57553,-0.83025,-0.33925,0.0577,-0.42952,-0.39996,-0.088341,-0.33721,-0.7276,0.018049,-0.61911,-0.36324,-0.18852,-0.19952,0.036333,0.13635,-0.55893,0.40086,0.13665,0.16493,-0.33152,-0.036537,-0.20983,-0.25041,0,0.65344,-0.027698,-0.29378,-0.39239,-0.35801,-0.41535,-0.32016,-0.57077,-0.47605,-0.71289,-0.60324,-0.38811,0.0057193,0.27303,0.21362,-0.302,-0.19908,-0.24593,-0.40456,-0.18265,-0.20935,0.10407,-0.52648,-0.44004,-0.24819,-0.22875,-0.084659,-0.42572,0.071309,0.056454,0.012782,-0.13179,-0.33856,-0.086878,-0.14956,0.020785,-0.41089,-0.30363,-0.2051,-0.29801,-0.076031,0.032216,-0.16008,-0.066675,-0.33535,-0.24852,-0.25273,-0.20247,-0.49219,-0.26693,-0.5863,-0.46329,-0.63758,-0.43131,-0.50418,-0.52526,-0.17602,-0.31753,-0.84631,-0.010054,-0.17507,-0.13183,-0.097159,-0.18462,-0.031638,0.17845,-0.345,-0.062612,-0.12721,0.038722,-0.40488,0.010306,-0.059891,-0.088368,-0.16438,-0.36146,-0.23047,-0.27137
-0.13426,-0.20375,-0.56603,-0.73471,-0.36614,-0.088837,-0.40925,-0.48742,-0.30323,-0.35678,-0.87372,-0.20231,-0.71282,-0.38182,-0.21593,-0.068621,0.053569,0.025208,-0.52871,0.45298,0.20296,0.22796,-0.26546,-0.02731,-0.27342,-0.30004,0.65344,0,-0.057951,-0.29816,-0.3767,-0.37659,-0.44758,-0.31916,-0.54949,-0.48445,-0.72545,-0.60415,-0.33709,-0.089048,0.29568,0.1095,-0.3209,-0.21714,-0.22979,-0.38504,-0.31136,-0.33337,0.086041,-0.59912,-0.50439,-0.16019,-0.18172,-0.1089,-0.43494,0.062415,-0.035489,-0.099623,-0.18795,-0.36454,-0.10577,-0.11576,0.014688,-0.34984,-0.33277,-0.28806,-0.38459,-0.17697,-0.019832,-0.19014,-0.15607,-0.35709,-0.30633,-0.26842,-0.25369,-0.56332,-0.407,-0.59483,-0.50376,-0.65664,-0.44042,-0.4165,-0.43829,-0.23365,-0.32948,-0.87514,-0.029454,-0.33746,-0.24852,-0.20276,-0.20349,0.0038412,0.1722,-0.4125,-0.12507,-0.10905,0.094703,-0.30587,0.029665,-0.061408,-0.090688,-0.21165,-0.31242,-0.26902,-0.28434
-0.18499,-0.052099,-0.75698,-0.88897,-0.3228,-0.081665,-0.29535,-0.1829,-0.21368,-0.010428,-0.51408,-0.35086,-0.66529,-0.66176,-0.50673,-0.47217,-0.2739,-0.24901,-0.17818,-0.29866,0.15624,-0.075977,0.29471,0.24862,-0.37642,-0.1127,-0.027698,-0.057951,0,0.32787,-0.41389,-0.3165,-0.57873,-0.44977,-0.6276,-0.31637,-0.62067,-0.3183,-0.096785,-0.1148,0.032665,0.025058,-0.4884,-0.20687,-0.47708,-0.52927,-0.39075,-0.35067,-0.34064,-0.79694,-0.66617,-0.45454,-0.38555,-0.27075,-0.40593,-0.25607,-0.37547,-0.41534,-0.56295,-0.59593,-0.38474,-0.16223,-0.22395,-0.36677,-0.25579,-0.47878,-0.46315,-0.24372,-0.099255,-0.48071,-0.32702,-0.48212,-0.44598,-0.44698,-0.46502,-0.51145,-0.34879,-0.79103,-0.72305,-0.8354,-0.96502,-0.46114,-0.5394,-0.44455,-0.51647,-0.64525,-0.58831,-0.41486,-0.44062,-0.39249,-0.43958,-0.39386,-0.2021,-0.42787,-0.38957,-0.54247,-0.43753,-0.39379,-0.15415,-0.17273,-0.12189,-0.18107,-0.25537,-0.38424,-0.39224
-0.32245,0.01464,-0.75242,-0.81612,-0.43651,-0.10969,-0.1903,0.1124,-0.41132,0.12466,-0.40325,-0.46001,-0.51161,-0.6197,-0.68112,-0.54475,-0.37004,-0.32016,-0.24633,-0.36201,-0.089484,-0.26292,0.13714,0.2747,-0.48699,-0.025146,-0.29378,-0.29816,0.32787,0,-0.3015,-0.15374,-0.4032,-0.32581,-0.43578,-0.0232,-0.44798,-0.10273,0.04339,-0.05855,-0.1411,0.048765,-0.38051,-0.0035962,-0.34802,-0.49469,-0.46896,-0.40614,-0.51689,-0.77129,-0.60959,-0.45931,-0.45269,-0.29655,-0.39623,-0.23547,-0.35285,-0.38875,-0.48337,-0.7496,-0.46892,-0.34214,-0.38063,-0.38729,-0.2918,-0.51992,-0.51763,-0.18856,-0.10254,-0.47551,-0.39797,-0.47223,-0.49564,-0.39456,-0.53058,-0.51791,-0.39161,-0.60245,-0.61055,-0.69258,-0.95785,-0.44663,-0.61462,-0.49096,-0.55305,-0.60458,-0.72186,-0.5071,-0.41402,-0.41514,-0.47348,-0.60392,-0.35132,-0.47679,-0.46317,-0.63137,-0.46231,-0.4903,-0.12551,-0.30591,-0.21146,-0.28772,-0.24772,-0.29398,-0.25659
-0.65284,-0.40613,-0.55172,-0.41295,-0.59299,-0.31271,-0.25555,-0.12202,-0.3746,-0.0082165,-0.13646,-0.41124,-0.16314,0.011884,-0.43227,-0.3959,-0.37749,-0.41214,-0.3646,-0.22602,-0.39369,-0.38964,-0.46414,-0.47492,-0.16806,0.027195,-0.39239,-0.3767,-0.41389,-0.3015,0,0.43821,-0.19516,-0.13901,-0.21042,-0.23317,-0.015647,0.079161,-0.33418,-0.32548,-0.56446,-0.489,0.15124,-0.014729,0.015538,-0.11846,-0.30253,-0.12672,-0.41212,-0.30316,-0.23588,-0.26061,-0.66026,-0.61849,-0.5616,-0.53239,-0.27183,-0.50005,-0.44214,-0.57243,-0.57099,-0.29127,-0.43152,-0.040518,-0.24862,-0.24602,-0.17016,-0.075494,-0.20713,0.11971,0.1256,0.11542,0.035523,-0.19177,-0.0041134,-0.51005,-0.37088,-0.3568,-0.28111,-0.27193,-0.28163,-0.41421,-0.56636,-0.69044,-0.64805,-0.23843,-0.2249,-0.39412,-0.53484,-0.29669,-0.19372,-0.37991,-0.2739,-0.67918,-0.49703,-0.32399,-0.34428,-0.32472,-0.33877,-0.39955,-0.35864,-0.62179,-0.33143,-0.55801,-0.55728
-0.66884,-0.31873,-0.42972,-0.43384,-0.51566,-0.19179,-0.30806,-0.079277,-0.40601,0.21265,-0.22671,-0.46913,-0.2329,-0.083026,-0.47668,-0.45178,-0.43112,-0.38258,-0.42806,-0.23942,-0.30548,-0.32343,-0.37997,-0.30992,-0.24652,0.24607,-0.35801,-0.37659,-0.3165,-0.15374,0.43821,0,-0.21536,-0.21346,-0.25024,-0.22505,-0.027106,0.09424,-0.40033,-0.41336,-0.55206,-0.43582,0.1015,0.11574,-0.075317,-0.26613,-0.16162,0.018144,-0.43146,-0.34173,-0.25526,-0.32041,-0.69724,-0.57651,-0.5538,-0.52821,-0.26511,-0.49447,-0.49892,-0.60611,-0.58845,-0.24152,-0.36142,-0.043056,-0.097779,-0.12067,-0.058693,-0.061592,-0.03242,0.20671,0.24902,0.062844,-0.029916,-0.16309,-0.07599,-0.5923,-0.51678,-0.32745,-0.33816,-0.29463,-0.32223,-0.30225,-0.47615,-0.48589,-0.66599,-0.32361,-0.40993,-0.28676,-0.36859,-0.21731,-0.2336,-0.44139,-0.32182,-0.74122,-0.55911,-0.47482,-0.49175,-0.37681,-0.31528,-0.214,-0.20137,-0.53628,-0.23981,-0.6122,-0.58689
-0.70006,-0.49811,-0.2788,-0.19366,-0.44106,-0.30381,-0.48101,-0.36167,-0.35555,-0.34391,0.062769,-0.31635,0.5854,0.2575,-0.53768,-0.34555,-0.56436,-0.089273,-0.73231,-0.29606,-0.67136,-0.41614,-0.68207,-0.46084,-0.096969,-0.25604,-0.41535,-0.44758,-0.57873,-0.4032,-0.19516,-0.21536,0,0.77803,0.57451,0.23679,0.23801,0.10785,-0.2487,-0.22437,-0.46327,-0.40227,-0.37358,-0.48955,-0.45135,-0.62769,-0.53826,-0.48898,-0.36558,0.1572,0.25091,-0.62794,-0.53739,-0.4579,-0.40987,-0.39408,-0.34355,-0.33281,-0.25262,-0.49183,-0.48525,-0.60629,-0.40956,-0.70684,-0.4103,-0.55392,-0.50488,-0.067437,-0.096533,-0.27069,-0.34638,-0.59707,-0.65466,-0.48602,-0.64372,-0.17304,-0.16785,0.222,0.49333,0.19545,0.099623,-0.65881,-0.56664,-0.31318,0.088171,-0.19866,-0.38108,-0.46896,-0.47522,-0.67024,-0.77123,-0.22679,-0.24198,-0.35602,-0.31315,0.042328,-0.15522,-0.21897,-0.36434,-0.41357,-0.43102,-0.30033,-0.31382,-0.33398,-0.20043
-0.62007,-0.48483,-0.40883,-0.28403,-0.44466,-0.25612,-0.46654,-0.39644,-0.38465,-0.34032,-0.062612,-0.35291,0.33495,0.27264,-0.5016,-0.24959,-0.50329,-0.068866,-0.69659,-0.2082,-0.47844,-0.33135,-0.53927,-0.37598,-0.12085,-0.27017,-0.32016,-0.31916,-0.44977,-0.32581,-0.13901,-0.21346,0.77803,0,0.32523,0.21651,0.061918,0.067097,-0.19525,-0.17245,-0.33178,-0.34379,-0.41431,-0.49502,-0.38446,-0.57137,-0.62391,-0.53084,-0.28511,0.015504,0.18756,-0.55328,-0.47367,-0.38629,-0.38786,-0.34715,-0.36512,-0.38453,-0.32459,-0.49574,-0.42517,-0.48613,-0.3236,-0.62516,-0.38109,-0.6164,-0.56289,-0.0074272,-0.026398,-0.31921,-0.32542,-0.56161,-0.61666,-0.42498,-0.61545,-0.25211,-0.1469,0.053304,0.35982,-0.0019427,-0.032067,-0.72669,-0.65274,-0.33444,0.057108,-0.2871,-0.31665,-0.55527,-0.58845,-0.67632,-0.72115,-0.14809,-0.10537,-0.38792,-0.27896,0.10249,-0.065049,-0.25831,-0.25036,-0.32742,-0.35579,-0.22017,-0.22697,-0.35325,-0.19604
-0.67729,-0.62528,-0.24985,-0.10656,-0.25303,-0.45954,-0.27846,-0.35152,-0.40154,-0.37556,0.1741,-0.41795,0.39732,0.04145,-0.63363,-0.42581,-0.5963,-0.28807,-0.52922,-0.44195,-0.84987,-0.57714,-0.70342,-0.62262,-0.11861,-0.23928,-0.57077,-0.54949,-0.6276,-0.43578,-0.21042,-0.25024,0.57451,0.32523,0,0.2897,0.49884,0.23036,-0.13474,-0.22685,-0.54355,-0.52507,-0.25932,-0.48758,-0.58251,-0.68511,-0.52801,-0.4793,-0.55699,0.14253,0.081876,-0.60439,-0.45052,-0.53903,-0.38491,-0.43904,-0.29136,-0.33769,-0.18147,-0.46421,-0.62466,-0.6485,-0.50652,-0.57007,-0.4364,-0.54057,-0.4752,-0.15134,-0.20978,-0.22381,-0.45197,-0.60715,-0.66085,-0.57389,-0.67955,-0.050582,-0.21171,0.18994,0.37473,0.26635,0.1101,-0.65161,-0.48891,-0.41555,0.013456,-0.042029,-0.38924,-0.46195,-0.43579,-0.75578,-0.82488,-0.34418,-0.43282,-0.33652,-0.3883,-0.20782,-0.3444,-0.21761,-0.52914,-0.58748,-0.59499,-0.46691,-0.39274,-0.42793,-0.33666
-0.43098,-0.2185,-0.53424,-0.45814,-0.33647,-0.24698,-0.18248,-0.00069067,-0.44387,-0.225,-0.0097816,-0.31021,0.049833,-0.17024,-0.79285,-0.52741,-0.60089,-0.3165,-0.47852,-0.41205,-0.5269,-0.47479,-0.42362,-0.25954,-0.38087,-0.24917,-0.47605,-0.48445,-0.31637,-0.0232,-0.23317,-0.22505,0.23679,0.21651,0.2897,0,0.046315,0.33157,0.077127,0.0039977,-0.39408,-0.21955,-0.31561,-0.26637,-0.41696,-0.62716,-0.5979,-0.53853,-0.52336,-0.18205,-0.10876,-0.5549,-0.33197,-0.2766,-0.2204,-0.2454,-0.2998,-0.31787,-0.23274,-0.54683,-0.46643,-0.56527,-0.43608,-0.60461,-0.44838,-0.63639,-0.60776,-0.062681,-0.13339,-0.41925,-0.54447,-0.63766,-0.69941,-0.47362,-0.69525,-0.12504,-0.049051,-0.10011,-0.024173,-0.092138,-0.29992,-0.79047,-0.77481,-0.465,-0.23692,-0.27403,-0.51272,-0.56989,-0.45973,-0.58412,-0.70769,-0.58335,-0.41242,-0.30168,-0.30963,-0.37366,-0.37265,-0.51421,-0.39504,-0.49862,-0.41183,-0.37548,-0.33979,-0.24568,-0.15401
-0.8118,-0.69226,-0.23882,-0.058577,-0.24515,-0.52682,-0.27008,-0.33061,-0.34985,-0.1982,0.45917,-0.52792,0.40045,0.042811,-0.66966,-0.48603,-0.72107,-0.45033,-0.40295,-0.57894,-0.87753,-0.63398,-0.63121,-0.70271,-0.087926,-0.061986,-0.71289,-0.72545,-0.62067,-0.44798,-0.015647,-0.027106,0.23801,0.061918,0.49884,0.046315,0,0.41576,-0.25322,-0.40205,-0.80577,-0.75192,-0.11309,-0.41427,-0.50207,-0.55607,-0.37701,-0.28301,-0.63687,0.11734,0.024337,-0.59515,-0.59621,-0.7437,-0.46229,-0.70134,-0.3876,-0.50614,-0.34774,-0.45846,-0.75373,-0.62469,-0.63732,-0.36735,-0.29555,-0.4126,-0.27995,-0.1904,-0.27538,-0.096037,-0.28508,-0.37029,-0.44076,-0.51258,-0.49736,-0.085074,-0.29726,0.11655,0.21816,0.33269,0.11027,-0.51297,-0.44083,-0.52351,-0.2145,0.15164,-0.44385,-0.35926,-0.45896,-0.66832,-0.72545,-0.43201,-0.53582,-0.41687,-0.53852,-0.337,-0.53934,-0.17948,-0.61997,-0.58619,-0.58796,-0.61623,-0.40338,-0.62366,-0.54015
-0.71501,-0.38375,-0.49634,-0.34361,-0.34892,-0.3013,-0.22383,-0.029692,-0.38171,0.079066,0.1678,-0.51178,0.10212,-0.12479,-0.79947,-0.51787,-0.66466,-0.44875,-0.30848,-0.51369,-0.53369,-0.44639,-0.39268,-0.35305,-0.2027,0.039735,-0.60324,-0.60415,-0.3183,-0.10273,0.079161,0.09424,0.10785,0.067097,0.23036,0.33157,0.41576,0,-0.13281,-0.24415,-0.65119,-0.46864,-0.17008,-0.2184,-0.43842,-0.62186,-0.4223,-0.31932,-0.55945,-0.18971,-0.15334,-0.50203,-0.58297,-0.53529,-0.4203,-0.519,-0.36932,-0.55828,-0.45659,-0.57696,-0.63321,-0.5004,-0.52706,-0.33303,-0.22783,-0.45088,-0.34464,-0.17111,-0.16985,-0.15119,-0.25737,-0.38368,-0.47256,-0.54707,-0.49996,-0.27061,-0.21484,-0.14934,-0.079862,-0.014892,-0.24703,-0.58155,-0.62535,-0.60868,-0.43296,-0.076297,-0.56393,-0.49886,-0.56817,-0.57399,-0.72956,-0.61226,-0.42388,-0.53007,-0.5209,-0.47532,-0.54786,-0.4,-0.48526,-0.44304,-0.36741,-0.54368,-0.26663,-0.53516,-0.39971
-0.16395,-0.3864,-0.79016,-0.60076,-0.16704,-0.5875,0.31818,-0.18885,-0.30595,-0.33824,-0.1575,-0.36938,-0.34183,-0.47031,-0.72066,-0.72002,-0.32469,-0.34912,-0.31059,-0.43202,-0.43913,-0.68416,-0.11245,-0.33086,-0.34596,-0.20843,-0.38811,-0.33709,-0.096785,0.04339,-0.33418,-0.40033,-0.2487,-0.19525,-0.13474,0.077127,-0.25322,-0.13281,0,0.18916,-0.030243,-0.1554,-0.22434,-0.26171,-0.37595,-0.36707,-0.73361,-0.63801,-0.74589,-0.52826,-0.5291,-0.56154,-0.23337,-0.46535,-0.27792,-0.28605,-0.30933,-0.25852,-0.19301,-0.49928,-0.58964,-0.59424,-0.69779,-0.53483,-0.79756,-0.84507,-0.81302,-0.035455,-0.11035,-0.61413,-0.66387,-0.60215,-0.57933,-0.33862,-0.62233,-0.051317,-0.25341,-0.49617,-0.34005,-0.42335,-0.56806,-0.81172,-0.77728,-0.68784,-0.20859,-0.48469,-0.4204,-0.56897,-0.40069,-0.73056,-0.4943,-0.37043,-0.44994,-0.16595,-0.34717,-0.45586,-0.32947,-0.36427,-0.23223,-0.73889,-0.66395,-0.35899,-0.47262,-0.20469,-0.30893
-0.10686,-0.027092,-0.90463,-0.87113,-0.23275,-0.18543,0.012531,-0.075364,-0.034986,-0.32383,-0.30051,0.034918,-0.39271,-0.44806,-0.48146,-0.50432,-0.064443,0.003535,-0.42708,-0.069519,-0.32532,-0.34148,-0.36687,-0.18003,-0.15662,-0.14862,0.0057193,-0.089048,-0.1148,-0.05855,-0.32548,-0.41336,-0.22437,-0.17245,-0.22685,0.0039977,-0.40205,-0.24415,0.18916,0,0.16921,0.315,-0.17092,-0.11348,-0.32121,-0.42833,-0.42745,-0.42389,-0.33365,-0.54296,-0.5082,-0.32864,-0.23297,-0.2335,-0.3792,0.086959,0.13953,0.14173,0.11925,-0.44081,-0.28406,-0.55798,-0.40132,-0.57998,-0.56674,-0.46656,-0.54208,-0.029814,-0.033006,-0.35573,-0.39882,-0.53106,-0.44922,-0.34175,-0.37576,-0.22999,-0.043458,-0.5676,-0.35063,-0.5614,-0.52728,-0.82346,-0.85813,-0.49275,-0.26599,-0.65721,-0.11293,-0.33625,-0.19604,-0.35005,-0.34571,-0.27356,-0.12588,-0.16209,-0.076344,-0.31746,-0.06909,-0.49118,-0.033591,-0.57331,-0.47896,-0.3236,-0.50482,-0.063688,-0.13551
0.024466,-0.17967,-0.69142,-0.75143,-0.21656,-0.19734,-0.14304,-0.39899,-0.12051,-0.40869,-0.74093,-0.13952,-0.71066,-0.55905,-0.19803,-0.28575,0.19905,0.1111,-0.43207,0.071928,0.067716,-0.11265,-0.07829,-0.030175,-0.23682,-0.2752,0.27303,0.29568,0.032665,-0.1411,-0.56446,-0.55206,-0.46327,-0.33178,-0.54355,-0.39408,-0.80577,-0.65119,-0.030243,0.16921,0,0.32169,-0.40045,-0.23809,-0.33672,-0.36572,-0.39265,-0.43611,-0.13848,-0.76812,-0.66302,-0.2348,-0.11615,-0.13301,-0.33011,0.14783,-0.048956,0.026943,-0.11039,-0.29557,-0.1375,-0.28087,-0.21876,-0.46495,-0.50293,-0.41374,-0.52057,-0.20112,0.037177,-0.47571,-0.33446,-0.49532,-0.41673,-0.2605,-0.35563,-0.43299,-0.31012,-0.72799,-0.54099,-0.82531,-0.64537,-0.50499,-0.5214,-0.24409,-0.14932,-1,-0.13912,-0.32212,-0.1703,-0.3114,-0.24704,0.060721,0.10216,-0.19168,-0.046186,-0.19364,0.082373,-0.381,0.19604,-0.21122,-0.25209,-0.019281,-0.2819,-0.071744,-0.13461
-0.10736,0.26151,-0.73917,-0.98754,-0.43538,0.10924,-0.2621,-0.018689,-0.14461,-0.19895,-0.69195,-0.0052838,-0.65058,-0.63989,-0.31073,-0.33723,0.10378,0.12016,-0.44547,0.093553,0.016103,0.02222,-0.20413,0.25482,-0.30961,-0.20248,0.21362,0.1095,0.025058,0.048765,-0.489,-0.43582,-0.40227,-0.34379,-0.52507,-0.21955,-0.75192,-0.46864,-0.1554,0.315,0.32169,0,-0.36497,0.015722,-0.29704,-0.46246,-0.27798,-0.3614,-0.093859,-0.80782,-0.67011,-0.20273,-0.24947,-0.00057499,-0.37824,0.40011,0.094472,0.14394,-0.044696,-0.448,-0.085592,-0.36146,-0.1972,-0.52672,-0.40345,-0.30757,-0.43776,-0.25634,-0.073214,-0.37202,-0.29317,-0.48512,-0.43244,-0.38584,-0.33625,-0.54582,-0.2072,-0.66254,-0.5997,-0.7917,-0.73715,-0.46755,-0.60906,-0.24605,-0.36722,-0.98654,-0.25671,-0.29807,-0.1079,-0.14067,-0.27073,-0.26557,0.040151,-0.2674,-0.017478,-0.28168,0.025282,-0.5288,0.12581,-0.22287,-0.16216,-0.15435,-0.33113,0.10289,0.093587
