,,,,,,,,,,,,,,,,,,,,,,,,,,,,,,,,,,,,,,,,,,,,,,,,,,,,,,,,,,,,,,,,,,,,,,,,,,,,,,,,,,,,,,,,,,,,,,,,,,,,,,,,
0,0.1081,-0.0014228,-0.053408,0.19209,-0.17863,-0.15964,-0.51272,-0.15237,-0.71554,-0.22222,0.1065,-0.45762,-0.18655,0.14808,-0.11012,-0.19602,-0.36245,-0.469,-0.13443,-0.10033,-0.28467,-0.22392,-0.39342,-0.41684,-0.5198,-0.050317,-0.068737,-0.35729,-0.46937,-0.30561,-0.41083,-0.50356,-0.38703,-0.45319,-0.41522,-0.484,-0.50541,-0.23374,-0.095672,-0.071127,-0.17067,-0.28655,-0.40894,0.037295,0.14967,-0.33079,-0.40545,0.27042,-0.12894,-0.13072,0.098959,0.24038,0.087577,0.094046,-0.24285,-0.3267,-0.30899,-0.29252,0.26265,0.29015,-0.095329,-0.083329,-0.29816,-0.19464,-0.26593,-0.30749,-0.40686,-0.3401,-0.72009,-0.26341,-0.092224,-0.11037,0.089939,-0.15394,0.075668,0.040056,-0.15636,-0.20093,-0.18028,-0.065302,-0.13085,-0.0094691,-0.025807,-0.19839,-0.26238,-0.039867,-0.31053,-0.3945,-0.026879,0.050983,0.061475,-0.080694,0.17945,0.046764,0.033615,0.090976,-0.16967,-0.043806,-0.24246,-0.24477,-0.06266,-0.25661,-0.12544,-0.26262
0.1081,0,-0.2041,-0.25676,-0.21582,0.26474,-0.27306,0.032206,-0.19001,-0.13731,-0.2994,-0.07208,-0.43687,-0.20819,-0.13511,-0.18509,-0.12779,-0.16854,-0.32617,0.0064692,0.10479,-0.0243,0.04689,0.059464,-0.27275,-0.089399,-0.056772,-0.14981,-0.12917,-0.081304,-0.14864,0.033657,-0.4394,-0.3392,-0.41777,-0.22324,-0.4339,-0.24908,-0.33932,-0.18452,-0.15972,0.022204,-0.1568,0.019996,-0.040021,-0.19946,0.0032311,-0.10285,0.228,-0.34172,-0.27456,-0.11012,-0.25272,-0.063501,-0.1899,-0.30113,-0.17718,-0.37784,-0.45379,-0.16289,0.002327,-0.076222,-0.09195,-0.036201,0.14326,0.055427,-0.0049834,-0.3608,-0.19975,-0.17465,0.19523,0.061139,-0.05692,-0.16989,-0.19506,-0.38448,-0.16428,-0.31701,-0.44367,-0.30844,-0.32734,-0.10429,-0.073313,-0.13264,-0.59339,-0.3117,-0.25156,-0.24571,-0.28398,0.099821,-0.17505,-0.28931,0.087577,-0.31957,-0.16956,-0.25106,-0.14424,-0.3303,0.1385,-0.012469,0.042888,-0.19381,-0.065758,-0.15314,-0.21729
-0.0014228,-0.2041,0,0.54905,-0.010696,-0.28151,-0.33846,-0.46581,-0.15949,-0.41131,-0.16774,-0.036888,-0.22687,-0.20323,0.24464,-0.038437,-0.24352,-0.32306,-0.1504,-0.2587,-0.30893,-0.34954,-0.28641,-0.38394,-0.22064,-0.4312,-0.37695,-0.37555,-0.47455,-0.5331,-0.36931,-0.36151,-0.37453,-0.46443,-0.33988,-0.46925,-0.20273,-0.29026,-0.44421,-0.4036,-0.45893,-0.48259,-0.45126,-0.6467,-0.19776,-0.11203,-0.19531,-0.40725,-0.0068688,0.071954,-0.02704,0.2383,-0.11427,-0.093065,-0.076103,-0.4133,-0.47149,-0.4618,-0.53389,0.17611,0.22152,0.065281,0.045018,-0.38799,0.020915,-0.14277,-0.21065,-0.72198,-0.38907,-0.48001,-0.28489,-0.23161,-0.231,-0.17211,-0.24075,-0.099891,-0.047065,0.1118,-0.038837,-0.04525,0.034883,0.49136,0.72504,0.21954,0.049511,-0.026157,-0.24633,-0.2171,-0.35865,-0.044836,-0.12702,-0.031372,-0.28893,-0.053513,-0.18137,0.10347,-0.021244,-0.23638,-0.31578,-0.19403,0.015301,0.1804,0.16385,-0.3672,-0.24906
-0.053408,-0.25676,0.54905,0,0.021637,-0.4604,-0.025155,-0.26215,-0.027678,-0.31462,0.15907,0.1295,0.048039,-0.024174,-0.014165,-0.11747,-0.37562,-0.40725,-0.039692,-0.3515,-0.60875,-0.68742,-0.30305,-0.58125,0.041752,-0.24209,-0.75608,-0.59434,-0.52195,-0.53618,-0.098532,-0.27155,-0.22477,-0.34419,-0.14078,-0.28561,0.041991,-0.040105,-0.1966,-0.18951,-0.66371,-0.68203,-0.30495,-0.73977,-0.068442,-0.030923,-0.3211,-0.51408,-0.18884,0.25598,0.063368,0.20261,-0.26105,-0.3004,-0.25676,-0.70602,-0.70571,-0.73885,-0.78169,0.13243,0.14131,-0.25134,-0.22499,-0.56524,-0.18289,-0.3203,-0.34886,-0.90249,-0.45908,-0.49369,-0.37745,-0.17768,-0.27874,-0.12641,-0.23153,0.10091,0.25372,0.11143,0.10173,0.13726,0.18767,0.16503,0.37646,-0.025309,0.094011,0.17844,-0.092988,-0.4039,-0.66647,-0.11165,-0.11988,-0.098595,-0.29536,0.01509,-0.12241,0.27704,0.15348,-0.12738,-0.12608,-0.51765,-0.26043,-0.016548,0.0063641,-0.41013,-0.21999
0.19209,-0.21582,-0.010696,0.021637,0,-0.18751,-0.083568,-0.52861,0.054733,-0.54418,0.087212,0.20935,-0.0039881,-0.020431,-0.067111,-0.030454,-0.40861,-0.22375,-0.20596,-0.2756,-0.36079,-0.36868,-0.3579,-0.39992,-0.16815,-0.30984,-0.20271,-0.18801,-0.32774,-0.4937,-0.29243,-0.41566,-0.074561,-0.11982,-0.050478,-0.20345,-0.10565,-0.26797,-0.17652,0.030103,-0.19041,-0.29296,-0.27763,-0.5516,-0.20273,-0.065113,-0.25918,-0.32393,-0.11675,0.16883,0.10391,-0.23319,0.15227,-0.078227,0.059401,-0.29223,-0.28215,-0.22062,-0.21125,0.22731,0.11533,-0.25509,-0.10937,-0.44603,-0.095497,-0.27137,-0.24724,-0.349,-0.17968,-0.5683,-0.38198,-0.27204,-0.27986,-0.049364,-0.25753,0.37653,0.21526,0.33804,0.33827,0.17974,0.31981,-0.22696,-0.10841,0.20467,0.1518,0.14277,0.065288,-0.099632,-0.29471,-0.24679,-0.23598,0.38052,-0.035339,0.34402,0.07311,-0.05078,-0.084682,-0.14885,-0.062982,-0.30947,-0.30444,-0.078241,-0.2292,-0.36171,-0.35529
-0.17863,0.26474,-0.28151,-0.4604,-0.18751,0,-0.49007,-0.072451,-0.32932,-0.093892,-0.54768,-0.22615,-0.39719,-0.23248,-0.098658,-0.1929,-0.14514,0.13149,-0.47425,-0.034197,0.48295,0.46844,0.006287,0.38916,-0.49571,-0.16363,0.22939,0.1429,0.026704,-0.00239,-0.38172,-0.089637,-0.15897,-0.069837,-0.26972,-0.096541,-0.44924,-0.2737,-0.48303,-0.30428,0.10665,0.25898,-0.3038,0.1729,-0.42855,-0.54833,0.10525,0.007815,0.13018,-0.39497,-0.15645,-0.28927,-0.064657,0.24756,0.069753,0.14265,0.13674,0.012735,-0.11927,-0.24188,-0.15179,0.19415,0.24179,0.11479,0.23708,0.12493,0.058419,-0.084465,0.19424,-0.019527,0.20917,-0.20375,-0.26395,-0.41835,-0.38217,-0.52998,-0.26874,-0.16584,-0.29267,-0.33348,-0.35345,-0.263,-0.29336,0.08396,-0.30752,-0.42448,-0.42024,-0.027314,0.057333,-0.099141,-0.47097,-0.18494,0.31208,-0.30248,-0.058693,-0.3639,-0.3613,-0.48221,-0.16857,0.41603,0.23756,0.04136,0.063816,-0.045726,-0.058833
-0.15964,-0.27306,-0.33846,-0.025155,-0.083568,-0.49007,0,0.14014,0.10129,-0.16636,0.25302,0.072213,0.036376,-0.10736,-0.4997,-0.47602,-0.18682,-0.43774,-0.087058,-0.1558,-0.61393,-0.76481,-0.215,-0.5156,0.17152,-0.067447,-0.53626,-0.42961,-0.31664,-0.22857,0.11199,-0.18544,-0.04977,-0.092076,0.10591,0.085586,0.099226,0.1549,0.54876,0.56916,-0.29991,-0.27329,0.074148,-0.29222,-0.027706,-0.13393,-0.43384,-0.5509,-0.5097,-0.13381,-0.2545,-0.23363,-0.35085,-0.51443,-0.40653,-0.55016,-0.37271,-0.48969,-0.47411,-0.23884,-0.30178,-0.54081,-0.57359,-0.65763,-0.66155,-0.62903,-0.58466,-0.42701,-0.27194,-0.38583,-0.37417,-0.24055,-0.34218,-0.21924,-0.29711,0.25141,0.23066,-0.19093,-0.039692,0.0079692,-0.12475,-0.39378,-0.34124,-0.46902,-0.18122,-0.06006,-0.058272,-0.50708,-0.58862,-0.3338,-0.23889,-0.19291,-0.26761,-0.032599,-0.094172,0.16552,0.28577,-0.1109,-0.025555,-0.71993,-0.51423,-0.38281,-0.35649,-0.32619,-0.27473
-0.51272,0.032206,-0.46581,-0.26215,-0.52861,-0.072451,0.14014,0,-0.13116,0.31682,-0.11768,-0.20388,-0.10558,-0.21137,-0.52296,-0.54422,-0.070349,-0.1654,-0.058174,-0.11385,-0.23499,-0.29369,0.034519,-0.020831,0.025835,0.18927,-0.41614,-0.38236,-0.089056,0.12374,0.11303,0.13561,-0.079748,-0.095833,-0.027251,0.16011,-0.055013,0.2383,0.025204,0.037694,-0.28703,-0.04675,0.014831,0.16018,-0.191,-0.43905,-0.149,-0.24563,-0.40735,-0.42165,-0.38153,-0.32873,-0.65105,-0.4352,-0.48322,-0.35958,-0.15358,-0.38089,-0.45768,-0.50855,-0.4333,-0.35275,-0.44552,-0.20383,-0.27943,-0.22841,-0.24826,-0.30628,-0.10687,0.065954,0.055216,-0.1304,-0.27231,-0.49991,-0.34398,-0.4106,-0.1512,-0.37079,-0.35373,-0.20219,-0.4263,-0.30817,-0.34839,-0.47935,-0.46615,-0.23493,-0.35353,-0.4176,-0.35345,-0.24974,-0.4534,-0.54944,-0.09692,-0.53016,-0.3192,-0.22834,-0.10946,-0.36833,0.025807,-0.2862,-0.16856,-0.36742,-0.10158,-0.17643,-0.072788
-0.15237,-0.19001,-0.15949,-0.027678,0.054733,-0.32932,0.10129,-0.13116,0,-0.017361,0.26076,0.20704,-0.073243,-0.23606,-0.11981,-0.44586,-0.1717,-0.28393,-0.010282,-0.44965,-0.49478,-0.48327,-0.15518,-0.46783,0.26527,0.067405,-0.39276,-0.4822,-0.23543,-0.41508,-0.033741,-0.15356,-0.27839,-0.43235,-0.26656,-0.39977,0.051789,-0.066634,-0.14356,-0.030671,-0.40676,-0.38421,-0.089084,-0.30847,-0.13804,-0.01863,0.016282,-0.15663,-0.27254,-0.20344,-0.3413,-0.09884,-0.40336,-0.50292,-0.3681,-0.5227,-0.44777,-0.42982,-0.4914,0.0085018,-0.11465,-0.36923,-0.46689,-0.45201,-0.22829,-0.17998,-0.080673,-0.62758,-0.24672,-0.3174,-0.051376,-0.082691,-0.087556,-0.11454,0.025842,0.047857,0.13513,-0.20081,-0.17961,-0.042635,-0.1101,-0.053513,-0.1426,-0.21103,-0.27728,-0.0098055,-0.1669,-0.010969,-0.3444,-0.085579,-0.052399,0.0029578,-0.1402,0.048474,-0.10271,-0.033734,-0.12637,-0.066227,-0.12624,-0.43675,-0.29224,-0.23462,-0.22421,-0.42047,-0.41111
-0.71554,-0.13731,-0.41131,-0.31462,-0.54418,-0.093892,-0.16636,0.31682,-0.017361,0,-0.064279,-0.41132,-0.18569,-0.31942,-0.50074,-0.51426,-0.31586,-0.24645,-0.13846,-0.3543,-0.25568,-0.17692,0.04977,0.013864,0.027125,0.48982,-0.38136,-0.39468,0.078801,0.15778,0.094256,0.25973,-0.14383,-0.2406,-0.20653,-0.087394,0.079509,0.29397,-0.1759,-0.21913,-0.42187,-0.20886,-0.1036,0.1139,-0.33257,-0.47489,-0.096948,-0.11134,-0.3942,-0.51259,-0.45735,-0.24196,-0.9041,-0.56121,-0.70094,-0.37228,-0.31452,-0.4622,-0.51831,-0.5882,-0.51904,-0.26817,-0.36661,-0.19719,-0.067391,-0.21137,-0.13426,-0.3232,0.015237,0.23064,0.16687,-0.21438,-0.27652,-0.4555,-0.24567,-0.58476,-0.33253,-0.40069,-0.40102,-0.3251,-0.46088,-0.15492,-0.33093,-0.49661,-0.58386,-0.33634,-0.54239,-0.29796,-0.35681,-0.30082,-0.40446,-0.60893,-0.21988,-0.54403,-0.42824,-0.28285,-0.37006,-0.14501,-0.14945,-0.25069,-0.10619,-0.38476,-0.095469,-0.3149,-0.23615
-0.22222,-0.2994,-0.16774,0.15907,0.087212,-0.54768,0.25302,-0.11768,0.26076,-0.064279,0,0.092784,0.31617,0.049511,-0.4339,-0.28743,-0.57338,-0.3737,-0.058959,-0.39727,-1,-0.90361,-0.40135,-0.66776,0.46347,0.23433,-0.73025,-0.63676,-0.39106,-0.36997,0.28908,0.011046,0.025351,-0.14377,0.13886,-0.046133,0.62264,0.34775,0.12134,0.19771,-0.73196,-0.65988,0.045944,-0.48093,0.0034063,-0.00021027,-0.34754,-0.32235,-0.48074,0.13815,-0.080652,-0.17932,-0.49637,-0.70073,-0.55974,-0.88716,-0.5895,-0.70893,-0.60278,-0.14472,-0.19261,-0.67705,-0.61654,-0.62508,-0.24586,-0.4361,-0.30915,-0.47417,-0.30153,-0.26027,-0.29831,-0.13869,-0.20955,-0.028919,-0.097179,0.27873,0.2649,0.029213,0.17113,0.2612,0.1763,-0.25898,-0.20812,-0.35385,-0.16269,0.25817,0.0078991,-0.34814,-0.71694,-0.28766,-0.14934,-0.18508,-0.32718,-0.072311,-0.22971,0.011474,-0.033874,-0.0037428,-0.013275,-0.91384,-0.56994,-0.45719,-0.33899,-0.62131,-0.49616
0.1065,-0.07208,-0.036888,0.1295,0.20935,-0.22615,0.072213,-0.20388,0.20704,-0.41132,0.092784,0,0.030972,0.17433,0.00071491,-0.10899,-0.18479,-0.17723,-0.062688,-0.059113,-0.36378,-0.39362,-0.39132,-0.5282,0.045124,-0.22253,-0.31402,-0.21239,-0.49934,-0.75538,0.017494,-0.19076,-0.24151,-0.30363,-0.18182,-0.34668,-0.10134,-0.21274,-0.2625,-0.032634,-0.42373,-0.43959,0.039369,-0.38652,0.1857,0.18844,0.026094,-0.16864,-0.073503,0.20185,0.071512,-0.064791,-0.033671,-0.18029,-0.039825,-0.5108,-0.34474,-0.37178,-0.43275,0.31537,0.26286,-0.23972,-0.24007,-0.31058,-0.23712,-0.04129,-0.056499,-0.47708,-0.34783,-0.31152,-0.12692,0.1841,0.065442,0.076629,0.054172,0.34204,0.61584,0.06369,0.056457,0.30534,0.31201,-0.18381,-0.10278,0.038858,-0.12749,0.30509,0.31684,-0.0086771,-0.32859,0.19761,0.07883,0.21512,0.11594,0.10595,0.11898,0.07651,0.134,-0.31768,-0.046175,-0.37465,-0.24795,-0.1597,-0.25293,-0.41704,-0.34732
-0.45762,-0.43687,-0.22687,0.048039,-0.0039881,-0.39719,0.036376,-0.10558,-0.073243,-0.18569,0.31617,0.030972,0,0.38319,-0.46862,-0.21556,-0.49431,-0.14041,-0.070363,-0.27936,-0.78087,-0.64186,-0.5475,-0.49685,0.23809,0.035297,-0.66721,-0.58026,-0.4797,-0.35514,0.074042,-0.044535,0.48211,0.24057,0.4805,0.1419,0.37009,0.19913,-0.056086,0.029241,-0.56634,-0.53583,-0.026213,-0.41015,-0.18073,-0.25499,-0.28215,-0.27806,-0.52719,0.41093,0.27078,-0.35458,-0.39523,-0.51674,-0.33806,-0.54128,-0.31975,-0.39352,-0.3633,-0.19454,-0.28615,-0.62673,-0.44491,-0.48049,-0.29634,-0.30846,-0.27251,-0.21897,-0.15234,-0.14904,-0.31968,-0.2313,-0.33592,-0.22328,-0.28715,0.10002,0.13131,0.17626,0.47005,0.29349,0.2648,-0.42213,-0.34579,-0.22393,0.091565,0.34338,0.048376,-0.26921,-0.4383,-0.35616,-0.38223,-0.058686,-0.12083,-0.13767,-0.17035,-0.10045,-0.12339,-0.22065,-0.086308,-0.50552,-0.42537,-0.30582,-0.2138,-0.47882,-0.31248
-0.18655,-0.20819,-0.20323,-0.024174,-0.020431,-0.23248,-0.10736,-0.21137,-0.23606,-0.31942,0.049511,0.17433,0.38319,0,-0.30585,-0.067636,-0.52462,-0.1612,-0.32944,0.042748,-0.41086,-0.38203,-0.6017,-0.44076,-0.030692,-0.11579,-0.37137,-0.25871,-0.5171,-0.45162,0.19952,0.12496,0.14448,0.13972,0.088292,-0.033264,0.058027,0.0040652,-0.22606,-0.087268,-0.4746,-0.50597,0.11591,-0.28345,0.14092,-0.037813,-0.23283,-0.23681,-0.18825,0.53692,0.69224,-0.14887,-0.20508,-0.30042,-0.18198,-0.47056,-0.27797,-0.40486,-0.3841,-0.079986,-0.06498,-0.30908,-0.17723,-0.26953,-0.19695,-0.15703,-0.19323,-0.1009,-0.071715,-0.062961,-0.10672,0.030265,-0.11047,0.072031,-0.1208,0.036482,0.13348,0.077631,0.28395,0.17507,0.36094,-0.36859,-0.31826,-0.18922,-0.15865,0.14678,0.21381,-0.2638,-0.46545,-0.057824,-0.11258,0.0079131,0.057179,-0.17707,-0.11478,-0.017284,-0.018833,-0.28334,-0.025688,-0.30248,-0.22241,-0.28179,-0.21429,-0.49716,-0.41986
0.14808,-0.13511,0.24464,-0.014165,-0.067111,-0.098658,-0.4997,-0.52296,-0.11981,-0.50074,-0.4339,0.00071491,-0.46862,-0.30585,0,-0.16997,0.03379,-0.12675,-0.29897,-0.34598,0.014992,-0.080659,-0.29197,-0.3364,-0.45445,-0.54562,-0.071554,-0.15688,-0.45645,-0.64972,-0.43494,-0.39951,-0.51563,-0.52461,-0.58764,-0.67577,-0.47365,-0.579,-0.71113,-0.54319,-0.18763,-0.25073,-0.42306,-0.29814,-0.1751,0.06123,-0.017067,-0.14846,0.26972,-0.24831,-0.18818,0.26948,0.19242,0.23298,0.33876,-0.013702,-0.20333,-0.086757,-0.14698,0.4887,0.37658,0.17944,-0.0017873,0.0069248,-0.0096163,0.12817,0.042222,-0.44299,-0.27573,-0.44376,-0.031085,-0.016457,0.048726,-0.079734,0.011193,-0.25985,-0.11848,-0.12226,-0.27587,-0.16149,-0.12796,0.17114,0.13464,0.25077,-0.10035,-0.24308,-0.24836,0.035262,-0.054936,0.10542,0.034912,0.092974,0.0044226,-0.0088943,-0.034112,-0.17308,-0.19794,-0.47244,-0.37627,0.063837,0.032585,0.27222,0.10734,-0.039699,-0.046259
-0.11012,-0.18509,-0.038437,-0.11747,-0.030454,-0.1929,-0.47602,-0.54422,-0.44586,-0.51426,-0.28743,-0.10899,-0.21556,-0.067636,-0.16997,0,-0.48946,-0.42218,-0.12028,-0.057158,-0.19555,-0.12219,-0.45777,-0.27333,-0.45492,-0.53644,-0.23342,-0.12262,-0.4634,-0.58661,-0.30798,-0.34223,-0.30336,-0.28735,-0.33034,-0.38333,-0.34115,-0.46008,-0.61452,-0.54814,-0.49714,-0.52821,-0.36525,-0.57352,0.007864,-0.054067,-0.10672,-0.050359,0.076594,0.089686,0.0036937,-0.2055,0.07658,0.058861,-0.020943,-0.37705,-0.43238,-0.35688,-0.30556,0.056387,0.21836,-0.081332,0.084303,-0.12203,0.013289,-0.044626,-0.034771,-0.25476,-0.51891,-0.25849,-0.40196,-0.051347,-0.049035,0.077757,-0.081451,-0.077182,-0.10991,0.15312,-0.023256,0.033762,0.16354,-0.2139,-0.13444,0.24406,-0.18995,0.084654,0.27241,-0.079685,-0.1744,0.082019,-0.0072472,-0.12695,-0.13506,-0.14272,-0.068898,-0.26606,-0.2251,-0.47122,-0.15342,-0.14116,-0.10245,-0.22587,-0.18591,-0.40225,-0.28446
-0.19602,-0.12779,-0.24352,-0.37562,-0.40861,-0.14514,-0.18682,-0.070349,-0.1717,-0.31586,-0.57338,-0.18479,-0.49431,-0.52462,0.03379,-0.48946,0,-0.10163,-0.047044,-0.1337,-0.0001542,-0.050324,-0.16855,-0.15174,-0.27243,-0.39697,-0.063382,-0.21089,-0.40466,-0.3252,-0.47362,-0.39129,-0.46724,-0.45827,-0.39546,-0.39597,-0.54565,-0.52302,-0.31836,-0.2308,0.021174,0.15357,-0.14103,0.11003,-0.32522,-0.28096,0.022267,-0.1634,-0.15534,-0.62346,-0.62356,-0.18318,-0.10155,-0.055041,0.036383,0.07433,0.16842,0.13053,0.010338,-0.11333,-0.23166,-0.13901,-0.35938,-0.0010373,-0.42154,-0.0067776,-0.11179,-0.29898,-0.33304,-0.28029,-0.095097,-0.14035,-0.11868,-0.50657,-0.23143,-0.35578,-0.30712,-0.4103,-0.48876,-0.34851,-0.47945,-0.14907,-0.21567,-0.15648,-0.28264,-0.36646,-0.34232,-0.036327,0.1935,-0.10853,-0.26537,-0.047913,-0.052273,-0.16681,-0.06423,-0.30832,-0.13255,-0.49127,-0.47284,0.0065744,-0.094039,-0.02669,-0.11043,0.1619,0.08328
-0.36245,-0.16854,-0.32306,-0.40725,-0.22375,0.13149,-0.43774,-0.1654,-0.28393,-0.24645,-0.3737,-0.17723,-0.14041,-0.1612,-0.12675,-0.42218,-0.10163,0,-0.32618,-0.1742,-0.020697,0.055181,-0.19327,0.021307,-0.19131,-0.10594,-0.040364,-0.062646,-0.21956,-0.18484,-0.41123,-0.19716,-0.065183,-0.043413,-0.052189,-0.10241,-0.25932,-0.23638,-0.32746,-0.21056,-0.040112,0.0043736,-0.19064,0.00098125,-0.50337,-0.47953,-0.011971,-0.058595,-0.36577,-0.23269,-0.093983,-0.48217,-0.17811,-0.11706,-0.046869,0.047226,0.23081,0.16631,0.042804,-0.27853,-0.30486,-0.16055,-0.18323,-0.042369,-0.047843,0.065905,-0.014249,0.039488,0.050654,-0.098006,-0.066382,-0.29533,-0.29703,-0.45372,-0.32168,-0.33449,-0.27083,-0.21553,-0.21414,-0.20913,-0.29674,-0.37543,-0.33918,-0.12462,-0.064721,-0.2124,-0.42745,0.082544,0.082103,-0.24752,-0.50264,-0.18776,-0.0053338,-0.42387,-0.30587,-0.48727,-0.42944,-0.49238,-0.39731,-0.01495,-0.11127,0.025001,-0.1007,-0.24594,-0.2251
-0.469,-0.32617,-0.1504,-0.039692,-0.20596,-0.47425,-0.087058,-0.058174,-0.010282,-0.13846,-0.058959,-0.062688,-0.070363,-0.32944,-0.29897,-0.12028,-0.047044,-0.32618,0,-0.34569,-0.53069,-0.41124,-0.22738,-0.30457,0.096303,-0.16074,-0.63462,-0.56317,-0.39631,-0.43284,-0.2016,-0.33641,-0.35393,-0.51893,-0.2198,-0.37763,-0.1298,-0.24486,-0.29474,-0.2839,-0.59024,-0.43693,-0.19491,-0.36365,-0.19242,-0.16239,-0.053499,-0.14855,-0.47144,-0.20215,-0.42211,-0.39102,-0.40579,-0.44793,-0.35666,-0.51578,-0.36924,-0.34331,-0.37183,-0.133,-0.17202,-0.47978,-0.53588,-0.26759,-0.30483,-0.10912,-0.11118,-0.57549,-0.66673,-0.21958,-0.37614,-0.10673,-0.13079,-0.34368,-0.14773,-0.11263,-0.11347,-0.09303,-0.18174,0.041044,-0.075017,-0.092868,-0.065618,-0.11095,-0.19527,0.30218,-0.017438,-0.089322,-0.168,-0.1643,-0.24349,-0.16463,-0.27963,-0.22174,-0.24843,-0.34984,-0.21854,-0.31087,-0.17121,-0.41954,-0.31605,-0.33664,-0.23002,-0.32802,-0.15742
-0.13443,0.0064692,-0.2587,-0.3515,-0.2756,-0.034197,-0.1558,-0.11385,-0.44965,-0.3543,-0.39727,-0.059113,-0.27936,0.042748,-0.34598,-0.057158,-0.1337,-0.1742,-0.34569,0,0.030419,-0.00095322,-0.28848,-0.052609,-0.35225,-0.37245,0.095609,0.19234,-0.31328,-0.24105,-0.15113,-0.075038,-0.23368,-0.11228,-0.20846,-0.12997,-0.37845,-0.2749,-0.20615,-0.084906,-0.13134,-0.059737,0.062646,-0.07058,0.066592,-0.23383,-0.13693,-0.26239,-0.10987,-0.1019,-0.048334,-0.28084,-0.1109,-0.11514,-0.12204,-0.22983,0.0014368,-0.19181,-0.24869,-0.2719,-0.1291,0.068688,0.066683,-0.18475,-0.23085,-0.1381,-0.24164,0.033874,-0.11629,-0.061055,-0.095336,-0.091852,-0.12393,-0.1491,-0.26477,-0.14848,-0.20653,-0.15226,-0.19132,-0.16396,-0.15715,-0.26881,-0.27764,-0.16061,-0.42802,-0.21967,-0.012518,-0.20759,-0.16805,0.01385,-0.16725,-0.19006,-0.044128,-0.39952,-0.23392,-0.087661,0.063774,-0.45826,-0.17494,-0.034295,0.1176,-0.24351,-0.20365,-0.42158,-0.46404
-0.10033,0.10479,-0.30893,-0.60875,-0.36079,0.48295,-0.61393,-0.23499,-0.49478,-0.25568,-1,-0.36378,-0.78087,-0.41086,0.014992,-0.19555,-0.0001542,-0.020697,-0.53069,0.030419,0,0.75644,0.0755,0.41698,-0.8861,-0.48112,0.52823,0.41665,0.050576,-0.041135,-0.55008,-0.29883,-0.448,-0.27521,-0.59918,-0.3391,-0.86071,-0.58049,-0.5796,-0.48033,0.30925,0.35024,-0.41886,0.14805,-0.37922,-0.44128,-0.024707,-0.11809,0.22668,-0.60364,-0.31368,-0.20725,0.058882,0.36732,0.1505,0.37788,0.13316,0.13747,-0.00099527,-0.22092,-0.11583,0.43942,0.32201,0.19055,0.0068758,0.039292,-0.07536,-0.013948,0.064805,-0.15488,0.09453,-0.23425,-0.21021,-0.38301,-0.34825,-0.66724,-0.50351,-0.38267,-0.55383,-0.55739,-0.52967,-0.18307,-0.26399,-0.018258,-0.40949,-0.69152,-0.45417,-0.09153,0.12528,-0.091726,-0.33063,-0.2577,0.11992,-0.35868,-0.17079,-0.37922,-0.35017,-0.50708,-0.25626,0.6164,0.31887,0.044458,-0.020312,0.076166,-0.049869
-0.28467,-0.0243,-0.34954,-0.68742,-0.36868,0.46844,-0.76481,-0.29369,-0.48327,-0.17692,-0.90361,-0.39362,-0.64186,-0.38203,-0.080659,-0.12219,-0.050324,0.055181,-0.41124,-0.00095322,0.75644,0,-0.053576,0.43226,-0.70083,-0.35548,0.44013,0.37229,-0.015511,-0.11708,-0.55391,-0.25286,-0.3931,-0.28867,-0.53294,-0.38357,-0.69033,-0.56476,-0.70557,-0.56789,0.12266,0.21156,-0.34368,0.18377,-0.45847,-0.50746,0.10426,0.051509,0.085972,-0.55503,-0.31587,-0.31621,-0.015791,0.2438,0.061013,0.3306,0.17358,0.18834,0.051698,-0.27992,-0.20912,0.30074,0.24287,0.254,0.052581,0.13967,0.053857,0.045628,0.035115,0.0098405,0.072171,-0.23443,-0.20349,-0.43228,-0.31039,-0.66077,-0.54103,-0.30779,-0.46583,-0.48951,-0.43999,-0.24296,-0.35282,0.017109,-0.40054,-0.53994,-0.40546,0.080105,0.28118,-0.095041,-0.36314,-0.21021,0.12097,-0.36339,-0.14641,-0.47635,-0.46416,-0.46497,-0.40442,0.5522,0.25668,-0.0091397,-0.087654,-0.021749,-0.10241
-0.22392,0.04689,-0.28641,-0.30305,-0.3579,0.006287,-0.215,0.034519,-0.15518,0.04977,-0.40135,-0.39132,-0.5475,-0.6017,-0.29197,-0.45777,-0.16855,-0.19327,-0.22738,-0.28848,0.0755,-0.053576,0,0.35125,-0.35911,-0.18495,-0.16437,-0.1534,0.38088,0.29953,-0.43981,-0.3658,-0.4804,-0.37522,-0.51066,-0.25242,-0.53224,-0.26713,-0.14417,-0.23477,0.046056,0.13458,-0.6072,-0.16267,-0.49465,-0.55108,-0.28993,-0.48479,-0.2215,-0.62583,-0.50101,-0.27565,-0.44582,-0.24571,-0.40849,-0.16765,-0.35201,-0.35056,-0.48581,-0.41651,-0.30091,-0.055581,-0.09174,-0.39734,-0.19148,-0.38418,-0.43462,-0.44361,-0.086168,-0.42731,-0.16792,-0.52606,-0.57035,-0.56801,-0.58006,-0.52455,-0.43072,-0.53908,-0.63752,-0.64217,-0.7071,-0.054726,-0.087408,-0.31793,-0.36434,-0.57753,-0.68853,-0.44343,-0.37262,-0.372,-0.48601,-0.54707,-0.21697,-0.37277,-0.39197,-0.17198,-0.20121,-0.059204,0.050436,-0.079551,0.0025793,-0.046469,-0.046511,-0.10487,-0.14903
-0.39342,0.059464,-0.38394,-0.58125,-0.39992,0.38916,-0.5156,-0.020831,-0.46783,0.013864,-0.66776,-0.5282,-0.49685,-0.44076,-0.3364,-0.27333,-0.15174,0.021307,-0.30457,-0.052609,0.41698,0.43226,0.35125,0,-0.57068,-0.21403,0.13517,0.1093,0.28575,0.3443,-0.51829,-0.24286,-0.27505,-0.15359,-0.36948,-0.12744,-0.59239,-0.33189,-0.37843,-0.35375,0.15711,0.39038,-0.49009,0.10256,-0.60144,-0.80057,-0.14905,-0.24523,-0.1467,-0.57968,-0.34434,-0.47261,-0.29986,-0.036503,-0.20654,0.13372,0.04122,-0.028162,-0.15607,-0.5056,-0.3642,0.10046,0.13035,-0.078886,0.020193,-0.14156,-0.22794,-0.048894,0.12744,-0.10377,-0.029381,-0.48709,-0.50403,-0.69454,-0.65399,-0.74479,-0.6385,-0.3321,-0.46862,-0.55423,-0.58155,-0.19784,-0.26143,-0.13958,-0.36575,-0.5493,-0.6058,-0.24908,-0.042656,-0.37562,-0.69634,-0.44776,-0.017242,-0.5303,-0.38253,-0.42736,-0.39661,-0.31056,-0.09959,0.31209,0.24259,-0.053443,0.0062169,-0.057663,-0.10716
-0.41684,-0.27275,-0.22064,0.041752,-0.16815,-0.49571,0.17152,0.025835,0.26527,0.027125,0.46347,0.045124,0.23809,-0.030692,-0.45445,-0.45492,-0.27243,-0.19131,0.096303,-0.35225,-0.8861,-0.70083,-0.35911,-0.57068,0,0.37564,-0.77431,-0.77859,-0.44716,-0.35727,0.15053,0.070622,-0.097249,-0.28066,0.074211,-0.14224,0.40797,0.22839,0.057592,0.077778,-0.6917,-0.57253,0.20336,-0.27704,-0.11256,-0.14386,-0.1109,-0.17059,-0.6324,-0.01181,-0.22036,-0.26336,-0.70122,-0.86728,-0.65763,-0.84506,-0.41159,-0.57252,-0.58448,-0.30206,-0.38755,-0.71789,-0.76479,-0.47424,-0.3165,-0.23287,-0.16435,-0.53012,-0.37548,-0.10818,-0.21034,-0.08588,-0.18228,-0.1901,-0.072606,0.054081,0.10703,-0.22028,-0.070426,0.014551,-0.067342,-0.23214,-0.20922,-0.46188,-0.25952,0.17916,-0.14636,-0.17947,-0.45229,-0.16947,-0.18429,-0.17735,-0.34586,-0.20005,-0.25436,-0.12116,-0.13049,-0.049749,-0.23941,-0.73344,-0.51017,-0.42773,-0.3317,-0.60505,-0.46819
-0.5198,-0.089399,-0.4312,-0.24209,-0.30984,-0.16363,-0.067447,0.18927,0.067405,0.48982,0.23433,-0.22253,0.035297,-0.11579,-0.54562,-0.53644,-0.39697,-0.10594,-0.16074,-0.37245,-0.48112,-0.35548,-0.18495,-0.21403,0.37564,0,-0.47962,-0.50066,-0.12907,-0.013759,0.25227,0.41914,-0.021475,-0.1559,0.026108,0.014691,0.35233,0.45693,-0.033243,0.016226,-0.51748,-0.30945,0.15129,0.057382,-0.23567,-0.33053,-0.12598,-0.054319,-0.48657,-0.2768,-0.30004,-0.3143,-0.81738,-0.68189,-0.7078,-0.52725,-0.26927,-0.4816,-0.47722,-0.51411,-0.5146,-0.54984,-0.59146,-0.2447,-0.065856,-0.19576,-0.093303,-0.29032,-0.057803,0.18291,0.078178,-0.1153,-0.21808,-0.31202,-0.16636,-0.29578,-0.12489,-0.29713,-0.20359,-0.14402,-0.25187,-0.32304,-0.38336,-0.539,-0.47447,-0.12214,-0.36828,-0.25501,-0.42387,-0.29438,-0.3641,-0.41543,-0.21211,-0.4096,-0.34893,-0.30419,-0.33949,-0.060466,-0.14727,-0.48264,-0.37043,-0.48542,-0.27742,-0.42886,-0.365
-0.050317,-0.056772,-0.37695,-0.75608,-0.20271,0.22939,-0.53626,-0.41614,-0.39276,-0.38136,-0.73025,-0.31402,-0.66721,-0.37137,-0.071554,-0.23342,-0.063382,-0.040364,-0.63462,0.095609,0.52823,0.44013,-0.16437,0.13517,-0.77431,-0.47962,0,0.62979,0.021146,-0.12553,-0.52034,-0.31485,-0.34129,-0.21027,-0.4645,-0.32795,-0.66292,-0.5796,-0.44983,-0.29708,0.3825,0.30823,-0.26865,0.07522,-0.35139,-0.3631,-0.062127,-0.08396,0.085131,-0.49597,-0.30119,-0.34273,0.12479,0.17555,0.12621,0.35595,0.28287,0.31497,0.2139,-0.2435,-0.20799,0.24376,0.19952,0.054116,-0.062092,-0.04511,-0.088565,0.20451,0.10697,-0.15405,0.014039,-0.26988,-0.1538,-0.2813,-0.28176,-0.41808,-0.49193,-0.2984,-0.41142,-0.45558,-0.42292,-0.28276,-0.37363,-0.066291,-0.38387,-0.61037,-0.34655,0.03037,0.21217,-0.18771,-0.29399,-0.11238,-0.0095812,-0.28268,-0.21192,-0.40072,-0.40186,-0.41976,-0.35605,0.32617,0.11076,-0.14305,-0.26604,-0.106,-0.31575
-0.068737,-0.14981,-0.37555,-0.59434,-0.18801,0.1429,-0.42961,-0.38236,-0.4822,-0.39468,-0.63676,-0.21239,-0.58026,-0.25871,-0.15688,-0.12262,-0.21089,-0.062646,-0.56317,0.19234,0.41665,0.37229,-0.1534,0.1093,-0.77859,-0.50066,0.62979,0,0.023473,-0.18635,-0.40484,-0.35558,-0.32477,-0.18622,-0.40815,-0.28039,-0.58976,-0.49151,-0.382,-0.26086,0.20541,0.13161,-0.24928,-0.043056,-0.25837,-0.31967,-0.17436,-0.19283,-0.0049623,-0.36144,-0.17903,-0.34984,0.18255,0.20024,0.090822,0.20069,0.09509,0.14363,0.075374,-0.23202,-0.1401,0.2435,0.24999,-0.029543,-0.16076,-0.17037,-0.22047,0.17674,0.044885,-0.15034,-0.13358,-0.26585,-0.20895,-0.25776,-0.319,-0.28377,-0.33194,-0.21252,-0.31178,-0.3136,-0.27897,-0.37484,-0.39891,-0.074056,-0.29984,-0.46321,-0.20182,-0.09113,0.021721,-0.19305,-0.28012,-0.19116,-0.011333,-0.27985,-0.16965,-0.27207,-0.257,-0.3963,-0.29861,0.10112,0.013653,-0.16185,-0.34309,-0.1711,-0.29311
-0.35729,-0.12917,-0.47455,-0.52195,-0.32774,0.026704,-0.31664,-0.089056,-0.23543,0.078801,-0.39106,-0.49934,-0.4797,-0.5171,-0.45645,-0.4634,-0.40466,-0.21956,-0.39631,-0.31328,0.050576,-0.015511,0.38088,0.28575,-0.44716,-0.12907,0.021146,0.023473,0,0.45888,-0.34155,-0.26933,-0.27942,-0.21655,-0.38367,-0.15771,-0.40142,-0.19389,-0.15589,-0.23143,0.12766,0.10148,-0.51022,-0.11078,-0.56543,-0.61979,-0.30452,-0.31995,-0.30375,-0.56608,-0.40768,-0.52219,-0.442,-0.2997,-0.45222,-0.084289,-0.2231,-0.18857,-0.2659,-0.65416,-0.52226,-0.10614,-0.037911,-0.31282,-0.13243,-0.39698,-0.36936,-0.16839,0.094235,-0.18244,-0.13385,-0.54154,-0.50797,-0.50157,-0.53783,-0.57149,-0.52903,-0.49199,-0.53953,-0.63734,-0.65806,-0.23895,-0.28386,-0.4035,-0.39886,-0.61257,-0.65594,-0.35585,-0.26928,-0.53465,-0.5711,-0.544,-0.30944,-0.46712,-0.50527,-0.36848,-0.52079,-0.022667,-0.019211,-0.086911,-0.12721,-0.352,-0.33183,-0.2183,-0.3137
-0.46937,-0.081304,-0.5331,-0.53618,-0.4937,-0.00239,-0.22857,0.12374,-0.41508,0.15778,-0.36997,-0.75538,-0.35514,-0.45162,-0.64972,-0.58661,-0.3252,-0.18484,-0.43284,-0.24105,-0.041135,-0.11708,0.29953,0.3443,-0.35727,-0.013759,-0.12553,-0.18635,0.45888,0,-0.29275,-0.11687,-0.097452,0.0046119,-0.15162,0.16201,-0.30086,-0.011579,0.043462,-0.082292,0.10375,0.2312,-0.39857,0.041213,-0.60237,-0.84003,-0.47333,-0.44828,-0.41844,-0.5955,-0.4096,-0.51671,-0.5989,-0.38415,-0.53676,-0.084107,-0.10744,-0.22629,-0.26478,-0.91727,-0.73595,-0.238,-0.18869,-0.33154,-0.18989,-0.50077,-0.51558,-0.070811,0.16469,-0.14876,-0.14921,-0.65292,-0.68527,-0.6735,-0.76565,-0.68384,-0.65304,-0.51287,-0.47466,-0.67531,-0.7796,-0.31582,-0.35584,-0.56821,-0.40307,-0.69879,-0.82824,-0.60759,-0.34528,-0.71263,-0.81004,-0.70007,-0.34057,-0.61055,-0.58937,-0.36772,-0.40328,-0.075921,-0.027545,-0.10993,-0.1341,-0.3287,-0.18191,-0.13162,-0.20864
-0.30561,-0.14864,-0.36931,-0.098532,-0.29243,-0.38172,0.11199,0.11303,-0.033741,0.094256,0.28908,0.017494,0.074042,0.19952,-0.43494,-0.30798,-0.47362,-0.41123,-0.2016,-0.15113,-0.55008,-0.55391,-0.43981,-0.51829,0.15053,0.25227,-0.52034,-0.40484,-0.34155,-0.29275,0,0.50489,-0.072507,-0.14667,-0.055195,-0.062464,0.29896,0.35158,-0.055251,0.0017663,-0.7027,-0.56346,0.33343,-0.10716,0.35418,0.11874,-0.26498,-0.16161,-0.31107,-0.053843,-0.097508,-0.09624,-0.53518,-0.57789,-0.52795,-0.68381,-0.43779,-0.65285,-0.54883,-0.26493,-0.20791,-0.45292,-0.51397,-0.23617,-0.24099,-0.25229,-0.17813,-0.25357,-0.19059,0.13142,0.056723,0.23323,0.091011,0.10485,0.10887,-0.10587,0.081815,-0.20304,-0.10862,0.083827,0.0021027,-0.31849,-0.37232,-0.52029,-0.55945,0.003925,0.036145,-0.39715,-0.64344,-0.080708,0.023788,-0.36193,-0.17929,-0.37475,-0.29746,-0.11162,-0.07822,-0.21002,0.033461,-0.58926,-0.38146,-0.64072,-0.34576,-0.49207,-0.41202
-0.41083,0.033657,-0.36151,-0.27155,-0.41566,-0.089637,-0.18544,0.13561,-0.15356,0.25973,0.011046,-0.19076,-0.044535,0.12496,-0.39951,-0.34223,-0.39129,-0.19716,-0.33641,-0.075038,-0.29883,-0.25286,-0.3658,-0.24286,0.070622,0.41914,-0.31485,-0.35558,-0.26933,-0.11687,0.50489,0,-0.057256,-0.10605,-0.091383,-0.034056,0.16922,0.30443,-0.21521,-0.14225,-0.54054,-0.35761,0.29725,0.1549,0.084752,-0.13924,-0.078409,0.023249,-0.22017,-0.18414,-0.12377,-0.13334,-0.61782,-0.48281,-0.49103,-0.47631,-0.20886,-0.48268,-0.4555,-0.40966,-0.31563,-0.2751,-0.34091,-0.036131,0.039278,-0.019786,0.026704,-0.12858,0.0056702,0.42346,0.38678,0.17352,0.06252,-0.040049,0.03187,-0.39554,-0.1712,-0.28193,-0.22552,-0.13672,-0.19398,-0.23889,-0.35449,-0.45835,-0.70618,-0.18515,-0.22987,-0.2523,-0.39401,-0.03051,-0.12143,-0.39476,-0.10614,-0.56744,-0.38316,-0.28863,-0.28388,-0.30122,-0.11074,-0.25328,-0.1197,-0.49192,-0.15403,-0.47405,-0.42876
-0.50356,-0.4394,-0.37453,-0.22477,-0.074561,-0.15897,-0.04977,-0.079748,-0.27839,-0.14383,0.025351,-0.24151,0.48211,0.14448,-0.51563,-0.30336,-0.46724,-0.065183,-0.35393,-0.23368,-0.448,-0.3931,-0.4804,-0.27505,-0.097249,-0.021475,-0.34129,-0.32477,-0.27942,-0.097452,-0.072507,-0.057256,0,0.86017,0.77978,0.57112,0.24141,0.24875,0.01181,0.098384,-0.2374,-0.21384,-0.10951,-0.20035,-0.39715,-0.5165,-0.36442,-0.2803,-0.4774,0.064594,0.15764,-0.45482,-0.26051,-0.2887,-0.1903,-0.18637,-0.051291,-0.14232,-0.10417,-0.35856,-0.4461,-0.43123,-0.2733,-0.35619,-0.23807,-0.38458,-0.33759,0.066459,0.1717,-0.080049,-0.26802,-0.42579,-0.49137,-0.39359,-0.48844,-0.096758,-0.06301,0.15066,0.38806,0.085979,-0.0035886,-0.59995,-0.55663,-0.22253,0.11256,-0.057901,-0.18871,-0.31486,-0.27064,-0.57392,-0.64941,-0.15438,-0.078206,-0.20693,-0.16516,-0.20597,-0.2422,-0.33967,-0.19229,-0.28861,-0.32793,-0.24957,-0.15587,-0.28802,-0.18042
-0.38703,-0.3392,-0.46443,-0.34419,-0.11982,-0.069837,-0.092076,-0.095833,-0.43235,-0.2406,-0.14377,-0.30363,0.24057,0.13972,-0.52461,-0.28735,-0.45827,-0.043413,-0.51893,-0.11228,-0.27521,-0.28867,-0.37522,-0.15359,-0.28066,-0.1559,-0.21027,-0.18622,-0.21655,0.0046119,-0.14667,-0.10605,0.86017,0,0.49241,0.63862,-0.012953,0.087387,0.030818,0.09291,-0.069073,-0.071449,-0.1889,-0.15861,-0.37269,-0.53308,-0.47133,-0.37323,-0.3893,-0.0063501,0.18412,-0.47205,-0.17508,-0.18182,-0.12535,-0.069942,-0.004731,-0.10071,-0.056906,-0.39067,-0.42493,-0.33038,-0.16062,-0.34708,-0.28151,-0.44466,-0.44206,0.22205,0.27059,-0.16461,-0.27504,-0.48142,-0.55235,-0.36934,-0.57702,-0.16379,-0.16527,0.032725,0.22166,-0.072038,-0.11397,-0.6891,-0.63203,-0.25078,0.041451,-0.22464,-0.21952,-0.42026,-0.29418,-0.58512,-0.64014,-0.21281,-0.025169,-0.25721,-0.18229,-0.19999,-0.18767,-0.35354,-0.10572,-0.18051,-0.25721,-0.19601,-0.14235,-0.20584,-0.16538
-0.45319,-0.41777,-0.33988,-0.14078,-0.050478,-0.26972,0.10591,-0.027251,-0.26656,-0.20653,0.13886,-0.18182,0.4805,0.088292,-0.58764,-0.33034,-0.39546,-0.052189,-0.2198,-0.20846,-0.59918,-0.53294,-0.51066,-0.36948,0.074211,0.026108,-0.4645,-0.40815,-0.38367,-0.15162,-0.055195,-0.091383,0.77978,0.49241,0,0.65159,0.34221,0.30698,0.19912,0.29288,-0.30416,-0.25664,0.010415,-0.24111,-0.34907,-0.46594,-0.39911,-0.32383,-0.63646,0.091123,0.063753,-0.51395,-0.28906,-0.37718,-0.26088,-0.31804,-0.053983,-0.19547,-0.14905,-0.38617,-0.47533,-0.58541,-0.43265,-0.41641,-0.31103,-0.42436,-0.38814,-0.04888,-0.046476,-0.13241,-0.40008,-0.40235,-0.49134,-0.40143,-0.48621,0.053121,0.031239,0.13597,0.3905,0.16247,0.018602,-0.61753,-0.47593,-0.28276,0.13752,0.064384,-0.14794,-0.34485,-0.30688,-0.56238,-0.63901,-0.16688,-0.21244,-0.20161,-0.18047,-0.20447,-0.16275,-0.3153,-0.23594,-0.48551,-0.48437,-0.31821,-0.25451,-0.35364,-0.2169
-0.41522,-0.22324,-0.46925,-0.28561,-0.20345,-0.096541,0.085586,0.16011,-0.39977,-0.087394,-0.046133,-0.34668,0.1419,-0.033264,-0.67577,-0.38333,-0.39597,-0.10241,-0.37763,-0.12997,-0.3391,-0.38357,-0.25242,-0.12744,-0.14224,0.014691,-0.32795,-0.28039,-0.15771,0.16201,-0.062464,-0.034056,0.57112,0.63862,0.65159,0,0.10431,0.33844,0.26684,0.29573,-0.13039,-0.038248,-0.091039,-0.087002,-0.36814,-0.60366,-0.48641,-0.3999,-0.49559,-0.14082,-0.047086,-0.49989,-0.32361,-0.28567,-0.28338,-0.20816,-0.027265,-0.2173,-0.18443,-0.5345,-0.52032,-0.43606,-0.31259,-0.35545,-0.26714,-0.49892,-0.48364,0.025506,0.10994,-0.11868,-0.29087,-0.45991,-0.57859,-0.47766,-0.63477,-0.17553,-0.12173,-0.053878,0.090661,-0.074056,-0.21974,-0.6417,-0.53146,-0.37738,-0.061496,-0.21512,-0.3049,-0.53981,-0.36559,-0.62036,-0.75634,-0.3871,-0.16879,-0.34448,-0.25203,-0.2226,-0.15927,-0.34138,-0.076825,-0.33906,-0.34396,-0.31757,-0.17823,-0.21677,-0.12834
-0.484,-0.4339,-0.20273,0.041991,-0.10565,-0.44924,0.099226,-0.055013,0.051789,0.079509,0.62264,-0.10134,0.37009,0.058027,-0.47365,-0.34115,-0.54565,-0.25932,-0.1298,-0.37845,-0.86071,-0.69033,-0.53224,-0.59239,0.40797,0.35233,-0.66292,-0.58976,-0.40142,-0.30086,0.29896,0.16922,0.24141,-0.012953,0.34221,0.10431,0,0.68537,0.059429,0.09481,-0.72333,-0.62665,0.14634,-0.2993,-0.13461,-0.18637,-0.2734,-0.19435,-0.57577,0.06601,-0.065435,-0.21948,-0.53848,-0.64533,-0.52173,-0.6548,-0.37817,-0.5179,-0.44494,-0.30148,-0.36051,-0.5731,-0.55747,-0.41926,-0.17643,-0.34061,-0.21795,-0.30926,-0.15779,0.007086,-0.20927,-0.16371,-0.2214,-0.15786,-0.12415,0.044962,0.12229,0.036713,0.20423,0.23012,0.084983,-0.31112,-0.3089,-0.37981,-0.14499,0.15092,-0.13678,-0.27199,-0.49399,-0.33247,-0.28107,-0.25313,-0.34845,-0.228,-0.27767,-0.11798,-0.19911,-0.17184,-0.26062,-0.70867,-0.4838,-0.45356,-0.26272,-0.60988,-0.41591
-0.50541,-0.24908,-0.29026,-0.040105,-0.26797,-0.2737,0.1549,0.2383,-0.066634,0.29397,0.34775,-0.21274,0.19913,0.0040652,-0.579,-0.46008,-0.52302,-0.23638,-0.24486,-0.2749,-0.58049,-0.56476,-0.26713,-0.33189,0.22839,0.45693,-0.5796,-0.49151,-0.19389,-0.011579,0.35158,0.30443,0.24875,0.087387,0.30698,0.33844,0.68537,0,0.18117,0.16809,-0.5352,-0.39419,0.083245,-0.1438,-0.17091,-0.34521,-0.34384,-0.30185,-0.53272,-0.098735,-0.11214,-0.22206,-0.65988,-0.59787,-0.5918,-0.57066,-0.34184,-0.57319,-0.54146,-0.47109,-0.43697,-0.45274,-0.45317,-0.40988,-0.1587,-0.41377,-0.327,-0.27498,0.0047661,0.055357,-0.095693,-0.22925,-0.33753,-0.28649,-0.28894,-0.15544,0.016913,-0.11382,0.015286,0.023466,-0.14038,-0.31996,-0.32833,-0.49556,-0.26093,-0.084822,-0.31043,-0.47022,-0.5982,-0.39013,-0.41508,-0.47417,-0.29581,-0.39478,-0.35845,-0.085537,-0.14635,-0.18722,-0.10978,-0.56929,-0.34582,-0.42159,-0.15968,-0.48992,-0.32559
-0.23374,-0.33932,-0.44421,-0.1966,-0.17652,-0.48303,0.54876,0.025204,-0.14356,-0.1759,0.12134,-0.2625,-0.056086,-0.22606,-0.71113,-0.61452,-0.31836,-0.32746,-0.29474,-0.20615,-0.5796,-0.70557,-0.14417,-0.37843,0.057592,-0.033243,-0.44983,-0.382,-0.15589,0.043462,-0.055251,-0.21521,0.01181,0.030818,0.19912,0.26684,0.059429,0.18117,0,0.67787,-0.14682,-0.15871,-0.051411,-0.27719,-0.25279,-0.34649,-0.70244,-0.68482,-0.72852,-0.22898,-0.29416,-0.4116,-0.43337,-0.59603,-0.5383,-0.43214,-0.2878,-0.41028,-0.35886,-0.53808,-0.58298,-0.5922,-0.55973,-0.76341,-0.6451,-0.91193,-0.8346,-0.23578,-0.15308,-0.41766,-0.51267,-0.52894,-0.5969,-0.34098,-0.51675,0.071849,-0.086974,-0.32207,-0.12402,-0.23413,-0.33747,-0.50592,-0.41391,-0.68453,-0.16168,-0.28246,-0.32636,-0.68265,-0.61058,-0.63766,-0.44579,-0.37702,-0.49336,-0.20485,-0.31547,-0.00023129,0.053142,0.028407,-0.12477,-0.73332,-0.60273,-0.41746,-0.43789,-0.34856,-0.3636
-0.095672,-0.18452,-0.4036,-0.18951,0.030103,-0.30428,0.56916,0.037694,-0.030671,-0.21913,0.19771,-0.032634,0.029241,-0.087268,-0.54319,-0.54814,-0.2308,-0.21056,-0.2839,-0.084906,-0.48033,-0.56789,-0.23477,-0.35375,0.077778,0.016226,-0.29708,-0.26086,-0.23143,-0.082292,0.0017663,-0.14225,0.098384,0.09291,0.29288,0.29573,0.09481,0.16809,0.67787,0,-0.11411,-0.058658,0.11366,-0.16791,-0.18023,-0.27929,-0.49055,-0.53051,-0.50933,-0.14164,-0.19011,-0.38143,-0.27429,-0.4359,-0.33331,-0.36266,-0.12012,-0.28997,-0.26502,-0.3288,-0.39678,-0.5322,-0.50246,-0.59217,-0.47785,-0.61663,-0.58082,-0.18108,-0.063445,-0.34857,-0.33301,-0.36116,-0.44136,-0.31553,-0.45051,0.21564,0.091684,-0.11982,0.047408,-0.01774,-0.13795,-0.51173,-0.41674,-0.44305,-0.12953,-0.13374,-0.16726,-0.47715,-0.47878,-0.50354,-0.44379,-0.14942,-0.21568,-0.073601,-0.15102,0.014445,0.12585,-0.084612,-0.064286,-0.59916,-0.50349,-0.36107,-0.39735,-0.30688,-0.34459
-0.071127,-0.15972,-0.45893,-0.66371,-0.19041,0.10665,-0.29991,-0.28703,-0.40676,-0.42187,-0.73196,-0.42373,-0.56634,-0.4746,-0.18763,-0.49714,0.021174,-0.040112,-0.59024,-0.13134,0.30925,0.12266,0.046056,0.15711,-0.6917,-0.51748,0.3825,0.20541,0.12766,0.10375,-0.7027,-0.54054,-0.2374,-0.069073,-0.30416,-0.13039,-0.72333,-0.5352,-0.14682,-0.11411,0,0.66708,-0.44157,0.013857,-0.63203,-0.58883,-0.3275,-0.39973,-0.14873,-0.57235,-0.33576,-0.44268,0.057123,0.087086,0.068596,0.49129,0.24953,0.33297,0.20165,-0.36326,-0.41434,-0.014123,0.012069,-0.18271,-0.3449,-0.34031,-0.42733,0.045747,0.12891,-0.43149,-0.23563,-0.59476,-0.53252,-0.54703,-0.63965,-0.40858,-0.49695,-0.42078,-0.40573,-0.63778,-0.60352,-0.39624,-0.40102,-0.22477,-0.15169,-0.77024,-0.5539,-0.25418,0.044514,-0.50241,-0.58316,-0.13104,-0.097095,-0.16783,-0.17295,-0.32148,-0.31228,-0.2518,-0.2777,0.16419,-0.10782,-0.042902,-0.25622,0.13837,-0.093205
-0.17067,0.022204,-0.48259,-0.68203,-0.29296,0.25898,-0.27329,-0.04675,-0.38421,-0.20886,-0.65988,-0.43959,-0.53583,-0.50597,-0.25073,-0.52821,0.15357,0.0043736,-0.43693,-0.059737,0.35024,0.21156,0.13458,0.39038,-0.57253,-0.30945,0.30823,0.13161,0.10148,0.2312,-0.56346,-0.35761,-0.21384,-0.071449,-0.25664,-0.038248,-0.62665,-0.39419,-0.15871,-0.058658,0.66708,0,-0.33365,0.25354,-0.60924,-0.68313,-0.24575,-0.3347,-0.13822,-0.70764,-0.45377,-0.44022,-0.091999,0.050997,-0.014691,0.41705,0.36365,0.24659,0.11773,-0.40611,-0.42464,-0.042881,-0.079222,-0.10422,-0.24893,-0.26017,-0.34567,0.026858,0.14794,-0.27553,-0.083855,-0.50419,-0.49778,-0.73387,-0.68496,-0.50982,-0.50898,-0.37147,-0.42297,-0.54111,-0.62476,-0.36346,-0.40526,-0.21275,-0.26696,-0.68354,-0.57849,-0.27791,0.049329,-0.48504,-0.70507,-0.22602,0.028793,-0.2682,-0.18168,-0.35413,-0.2538,-0.30996,-0.20766,0.19416,-0.014572,-0.050689,-0.1411,0.23031,0.014382
-0.28655,-0.1568,-0.45126,-0.30495,-0.27763,-0.3038,0.074148,0.014831,-0.089084,-0.1036,0.045944,0.039369,-0.026213,0.11591,-0.42306,-0.36525,-0.14103,-0.19064,-0.19491,0.062646,-0.41886,-0.34368,-0.6072,-0.49009,0.20336,0.15129,-0.26865,-0.24928,-0.51022,-0.39857,0.33343,0.29725,-0.10951,-0.1889,0.010415,-0.091039,0.14634,0.083245,-0.051411,0.11366,-0.44157,-0.33365,0,0.11977,0.15478,-0.030545,-0.047072,0.00033643,-0.34779,-0.1321,-0.19687,-0.24121,-0.35893,-0.47391,-0.35565,-0.4532,-0.036902,-0.26427,-0.2382,-0.30053,-0.34061,-0.46474,-0.57079,-0.074316,-0.31668,-0.082776,-0.050836,-0.10225,-0.23079,0.21643,0.022457,0.22626,0.12261,-0.055315,0.078388,-0.031814,0.028849,-0.24911,-0.121,0.030082,-0.047675,-0.44383,-0.48432,-0.48562,-0.51671,-0.024489,0.050317,-0.11355,-0.22617,-0.012574,-0.063094,-0.13017,-0.14501,-0.28363,-0.16104,-0.22516,-0.1175,-0.32411,-0.32448,-0.46705,-0.39568,-0.60504,-0.48294,-0.44025,-0.44425
