,,,,,,,,,,,,,,,,,,,,,,,,,,,,,,,,,,,,,,,,,,,,,,,,,,,,,,,,,,,,,,,,,,,,,,,,,,,,,,,,,,,,,,,,,,,,,,,,,,,,,,,,
0,0.51351,0.020462,-0.010811,0.28985,-0.077975,0.086356,-0.059792,0.11123,-0.24084,0.17091,0.20337,-0.11853,-0.12567,-0.17863,-0.42957,-0.20356,-0.4058,-0.087906,-0.12879,-0.41019,-0.57596,-0.13577,-0.39063,0.03449,0.10156,-0.18963,-0.25768,-0.18852,-0.17433,-0.10255,-0.052491,-0.13206,-0.22339,-0.215,-0.25817,-0.028955,-0.1012,-0.035376,0.31151,-0.1862,-0.019316,-0.11233,-0.18955,0.03916,0.1041,-0.30887,-0.37197,0.21995,-0.055461,-0.16477,-0.11822,-0.078105,-0.21615,-0.17132,-0.4081,-0.27047,-0.46694,-0.4355,0.044669,-0.07281,-0.56004,-0.51102,-0.43162,-0.23624,-0.31594,-0.28805,-0.45107,-0.26891,-0.45151,-0.15364,-0.060228,-0.15143,0.064363,-0.13155,0.14828,0.067424,0.093839,-0.035265,0.1569,0.069118,-0.14279,-0.15303,-0.11101,-0.23724,0.0064474,0.048525,-0.3746,-0.51565,0.032934,-0.014803,-0.26454,-0.26636,-0.068453,-0.12913,-0.17896,-0.2172,-0.15894,-0.16215,-0.5323,-0.5492,-0.29567,-0.3517,-0.2068,-0.34995
0.51351,0,-0.12394,-0.13622,-0.0078802,0.0063693,-0.00046239,0.16299,-0.04661,-0.16979,0.042384,0.14389,-0.099388,-0.08086,-0.32305,-0.36451,-0.21679,-0.36007,-0.079603,-0.014269,-0.33431,-0.47136,-0.11168,-0.26139,0.020912,0.11251,-0.19986,-0.2528,-0.20669,-0.09225,-0.098359,0.032927,-0.1608,-0.20182,-0.21162,-0.17907,-0.11095,-0.10336,-0.08267,0.199,-0.22203,0.0058548,-0.063067,-0.086148,0.066773,-0.014829,-0.1873,-0.28501,0.16935,-0.064279,-0.16559,-0.2314,-0.29447,-0.30879,-0.31575,-0.48561,-0.23494,-0.47252,-0.4728,-0.15894,-0.17202,-0.58928,-0.51475,-0.34291,-0.22809,-0.22109,-0.22189,-0.39113,-0.35937,-0.33066,-0.10946,-0.0010876,-0.12182,0.017753,-0.1213,-0.049105,-0.051618,-0.054341,-0.17093,0.028518,-0.05029,-0.20759,-0.19743,-0.20018,-0.37501,-0.039446,0.056802,-0.36337,-0.48308,0.16742,-0.026063,-0.41644,-0.3221,-0.28869,-0.2232,-0.28006,-0.25506,-0.32399,-0.10866,-0.47404,-0.49766,-0.42335,-0.36841,-0.2721,-0.39777
0.020462,-0.12394,0,0.6239,0.069092,-0.3523,-0.21905,-0.33426,0.012439,-0.30332,0.037701,0.037864,-0.10028,-0.21326,0.15368,-0.31361,-0.21023,-0.34584,-0.022937,-0.33901,-0.61934,-0.70776,-0.24696,-0.53687,-0.014425,-0.12514,-0.5297,-0.64373,-0.35372,-0.41346,-0.26031,-0.23423,-0.22042,-0.43673,-0.22754,-0.44231,-0.016854,-0.16118,-0.32702,-0.17585,-0.51958,-0.42401,-0.30366,-0.56778,-0.20392,-0.10488,-0.16644,-0.32172,-0.1061,0.06437,-0.095695,0.013312,-0.25037,-0.32749,-0.17304,-0.52711,-0.44588,-0.49958,-0.55085,0.16673,0.061524,-0.28611,-0.26926,-0.425,0.00037121,-0.13751,-0.151,-0.67014,-0.38946,-0.41913,-0.22983,-0.15471,-0.16286,-0.22608,-0.20485,-0.021491,0.015825,0.10668,-0.018183,0.09593,0.054907,0.38572,0.50459,0.10507,0.041068,0.11143,-0.19713,-0.21668,-0.38068,-0.082931,-0.20162,-0.16966,-0.34051,-0.12767,-0.33746,-0.11545,-0.26289,-0.19095,-0.34919,-0.41188,-0.24698,-0.034035,-0.00060567,-0.37785,-0.34413
-0.010811,-0.13622,0.6239,0,0.093006,-0.3828,-0.038378,-0.20492,0.078834,-0.19371,0.24281,0.14249,0.019433,-0.071162,-0.032498,-0.26532,-0.33901,-0.38694,-0.034249,-0.32544,-0.77613,-0.90077,-0.24039,-0.61063,0.12207,-0.0072419,-0.79939,-0.71859,-0.3422,-0.42715,-0.071058,-0.15256,-0.15095,-0.35291,-0.13868,-0.33618,0.12314,0.0060046,-0.22148,-0.11574,-0.63525,-0.55739,-0.23687,-0.62571,-0.093553,-0.060606,-0.23106,-0.37439,-0.14416,0.18343,0.0070531,0.059726,-0.31586,-0.394,-0.28774,-0.71642,-0.62148,-0.71961,-0.77515,0.13467,0.083934,-0.39024,-0.33592,-0.51737,-0.10427,-0.23815,-0.2333,-0.78882,-0.39024,-0.38421,-0.26984,-0.11284,-0.21145,-0.16908,-0.21878,0.10802,0.29728,0.12838,0.07858,0.16904,0.15545,0.15665,0.29928,-0.01522,0.0307,0.18018,-0.1066,-0.33545,-0.55608,-0.084643,-0.17809,-0.15205,-0.24956,-0.040221,-0.19474,0.067887,-0.10193,-0.063517,-0.19711,-0.58719,-0.33919,-0.10647,-0.077545,-0.4063,-0.28449
0.28985,-0.0078802,0.069092,0.093006,0,-0.063771,0.064487,-0.25397,0.14111,-0.39197,0.21054,0.25382,0.049267,0.0077304,-0.13838,-0.18937,-0.27602,-0.2784,-0.072485,-0.14669,-0.48371,-0.53921,-0.35352,-0.43034,0.013741,-0.080234,-0.26242,-0.2817,-0.24387,-0.37021,-0.12247,-0.17322,0.060814,-0.091566,-0.020306,-0.20799,0.071944,-0.11439,-0.1493,0.13063,-0.23452,-0.21163,-0.16473,-0.38599,-0.051833,0.044305,-0.24009,-0.30158,0.021863,0.14902,0.058639,-0.1962,0.21241,-0.076366,0.059655,-0.34247,-0.22606,-0.32192,-0.30572,0.242,0.078424,-0.48595,-0.32443,-0.42057,-0.13537,-0.23733,-0.21017,-0.42417,-0.18717,-0.3922,-0.26105,-0.11566,-0.18354,0.032231,-0.17798,0.40195,0.28237,0.55435,0.38223,0.40397,0.38122,-0.1809,-0.14647,0.1311,0.016672,0.21043,0.14068,-0.1687,-0.33397,-0.10193,-0.16329,0.051742,-0.065106,0.15218,0.0063953,-0.14754,-0.19151,-0.21077,-0.11237,-0.39581,-0.39646,-0.21036,-0.24839,-0.31022,-0.29969
-0.077975,0.0063693,-0.3523,-0.3828,-0.063771,0,-0.24831,-0.061192,-0.37766,-0.29695,-0.37555,-0.2757,-0.31399,-0.21621,-0.23345,-0.28981,-0.17594,0.031495,-0.50309,-0.11815,0.1354,-0.031377,-0.20641,0.07914,-0.40084,-0.26157,0.049684,-0.11153,-0.12348,-0.013377,-0.31995,-0.18565,-0.07548,-0.0081342,-0.096086,0.029228,-0.31184,-0.22736,-0.25027,-0.14821,0.12517,0.15176,-0.21595,0.082774,-0.35909,-0.40246,-0.17396,-0.18989,-0.007535,-0.31294,-0.13822,-0.29447,0.059785,0.23766,0.025907,0.068258,0.24191,0.048525,0.0093129,-0.25384,-0.22973,-0.29624,-0.14688,-0.0073136,0.024038,-0.07171,-0.14324,-0.1433,-0.049007,-0.15826,-0.063712,-0.2464,-0.29188,-0.32056,-0.3685,-0.3616,-0.25482,-0.14944,-0.16236,-0.2114,-0.2268,-0.39132,-0.33772,-0.19566,-0.22724,-0.34693,-0.30486,-0.19733,-0.066539,-0.24649,-0.45183,-0.16296,-0.022553,-0.21263,-0.1694,-0.39723,-0.3237,-0.49821,-0.12987,0.01012,-0.1833,-0.26196,-0.17032,-0.021596,-0.07354
0.086356,-0.00046239,-0.21905,-0.038378,0.064487,-0.24831,0,0.2491,0.10623,0.027086,0.27682,0.087874,-0.091013,-0.065575,-0.62074,-0.49092,-0.39825,-0.46615,-0.14107,-0.021641,-0.53445,-0.72354,-0.069749,-0.40016,0.19176,0.14652,-0.41882,-0.29101,-0.086369,-0.07423,0.087913,-0.01294,-0.073266,-0.11063,-0.033514,-0.029124,0.13906,0.24165,0.49932,0.44005,-0.21941,-0.21515,-0.024963,-0.27046,0.0061609,-0.12034,-0.46257,-0.5619,-0.29733,-0.063198,-0.1273,-0.25039,-0.3581,-0.53467,-0.48534,-0.58376,-0.4175,-0.67728,-0.67491,-0.31806,-0.35725,-0.46361,-0.40056,-0.69736,-0.50336,-0.60583,-0.5666,-0.46137,-0.13441,-0.30018,-0.2902,-0.24484,-0.3888,-0.010407,-0.28554,0.24269,0.18157,-0.09535,-0.035363,-0.013253,-0.059896,-0.32109,-0.32968,-0.39712,-0.28528,-0.096249,-0.066877,-0.55424,-0.71137,-0.1392,-0.12564,-0.30422,-0.30835,-0.14313,-0.13338,0.088121,-0.017174,0.0029697,-0.12045,-0.72306,-0.5129,-0.38272,-0.4177,-0.45776,-0.45869
-0.059792,0.16299,-0.33426,-0.20492,-0.25397,-0.061192,0.2491,0,-0.16757,0.21097,-0.041752,-0.051579,-0.1701,-0.12366,-0.69312,-0.59093,-0.36007,-0.29979,-0.12094,-0.022729,-0.3022,-0.46557,0.056008,-0.13515,0.048323,0.18308,-0.34216,-0.23014,0.016763,0.14391,0.014341,0.072367,-0.13909,-0.12527,-0.10733,0.016705,-0.048785,0.18733,0.183,0.17626,-0.17708,-0.091814,-0.081003,-0.066721,-0.10423,-0.30046,-0.36854,-0.4537,-0.28472,-0.17909,-0.17142,-0.39392,-0.57975,-0.51515,-0.55154,-0.48219,-0.27206,-0.56093,-0.60897,-0.54971,-0.52345,-0.41517,-0.36713,-0.43469,-0.41331,-0.44435,-0.46315,-0.3419,-0.13309,-0.09578,-0.12803,-0.21186,-0.37532,-0.17841,-0.3342,-0.18752,-0.10804,-0.26655,-0.26349,-0.14591,-0.23034,-0.35062,-0.35284,-0.48266,-0.4015,-0.18509,-0.18292,-0.58508,-0.61058,-0.10139,-0.24367,-0.55663,-0.37121,-0.51847,-0.35013,-0.2153,-0.25776,-0.25689,-0.12897,-0.51417,-0.44195,-0.44863,-0.3973,-0.35129,-0.3506
0.11123,-0.04661,0.012439,0.078834,0.14111,-0.37766,0.10623,-0.16757,0,-0.038658,0.25003,0.18031,-0.15786,-0.17,-0.13891,-0.2924,-0.23033,-0.47719,-0.028864,-0.28997,-0.53492,-0.59364,-0.22991,-0.59624,0.22649,-0.032869,-0.41445,-0.49476,-0.25594,-0.49002,-0.022709,-0.11093,-0.32278,-0.43347,-0.43343,-0.56029,0.043803,-0.12058,-0.21975,-0.098847,-0.4184,-0.47394,-0.16787,-0.42802,0.087307,0.26205,-0.11065,-0.29662,0.030251,-0.090101,-0.2514,0.047958,-0.2977,-0.45706,-0.36996,-0.60473,-0.5539,-0.61822,-0.6441,0.092771,0.012016,-0.40703,-0.45258,-0.49299,-0.26671,-0.25961,-0.19523,-0.76998,-0.36004,-0.34569,-0.11838,-0.03072,-0.09507,0.24648,0.1018,0.117,0.11334,-0.043373,-0.11997,0.024188,0.039655,0.067515,-0.076483,-0.18091,-0.35047,-0.016607,-0.0077108,-0.15171,-0.47014,0.18124,0.30654,-0.094718,-0.21056,0.037121,-0.080912,0.0082058,-0.13783,-0.050655,-0.16597,-0.50153,-0.31567,-0.30311,-0.25035,-0.46636,-0.4458
-0.24084,-0.16979,-0.30332,-0.19371,-0.39197,-0.29695,0.027086,0.21097,-0.038658,0,-0.054249,-0.25234,-0.32619,-0.28148,-0.47401,-0.60296,-0.40092,-0.43154,-0.30506,-0.26293,-0.34256,-0.47372,-0.066115,-0.34246,-0.029176,0.17888,-0.36403,-0.33399,0.089619,-0.0054901,0.14586,0.12998,-0.25905,-0.33325,-0.3518,-0.26066,0.06198,0.21288,-0.065594,-0.14811,-0.3395,-0.3729,-0.069033,-0.09184,-0.091605,-0.189,-0.2608,-0.27456,-0.26018,-0.35996,-0.36423,-0.092817,-0.73609,-0.67407,-0.76203,-0.46877,-0.4207,-0.5633,-0.58003,-0.50488,-0.4795,-0.36126,-0.44483,-0.29369,-0.29145,-0.35105,-0.28918,-0.41705,-0.15746,0.094373,0.029821,-0.12724,-0.18989,-0.10582,-0.086096,-0.35398,-0.2105,-0.43183,-0.41802,-0.2397,-0.33614,-0.17813,-0.30177,-0.69503,-0.57197,-0.33619,-0.33286,-0.41495,-0.49449,-0.11261,-0.065835,-0.50214,-0.37275,-0.4814,-0.48358,-0.18023,-0.36712,-0.12957,-0.27515,-0.53469,-0.37876,-0.57992,-0.4441,-0.39133,-0.40151
0.17091,0.042384,0.037701,0.24281,0.21054,-0.37555,0.27682,-0.041752,0.25003,-0.054249,0,0.39153,0.18097,0.15159,-0.34,-0.24978,-0.58882,-0.49062,-0.024507,-0.15607,-0.899,-1,-0.36467,-0.7616,0.32594,0.30543,-0.58104,-0.41534,-0.32867,-0.38814,0.24571,0.12066,0.024305,-0.14746,-0.0028264,-0.16409,0.54484,0.29824,0.019668,0.22007,-0.60862,-0.51922,0.000521,-0.45913,0.24816,0.18649,-0.2894,-0.33089,-0.11763,0.30374,0.079739,-0.10646,-0.30778,-0.5176,-0.37753,-0.86844,-0.61706,-0.85592,-0.76298,0.0090003,-0.042384,-0.53353,-0.46509,-0.59166,-0.26057,-0.37986,-0.2865,-0.49773,-0.28047,-0.28266,-0.22778,0.0010094,-0.12978,0.29368,-0.0011657,0.50544,0.56106,0.21909,0.20153,0.40866,0.33867,-0.19796,-0.19739,-0.14393,-0.18318,0.25129,0.2233,-0.36057,-0.74909,0.094412,0.10639,-0.29923,-0.31894,-0.11728,-0.12401,0.014503,-0.12498,-0.17749,-0.15738,-0.89812,-0.56772,-0.36343,-0.32449,-0.62361,-0.54881
0.20337,0.14389,0.037864,0.14249,0.25382,-0.2757,0.087874,-0.051579,0.18031,-0.25234,0.39153,0,0.21357,0.22042,-0.21212,-0.23271,-0.38009,-0.43736,0.26332,-0.10217,-0.70779,-0.65392,-0.35453,-0.57477,0.17768,0.13243,-0.48717,-0.32558,-0.45206,-0.50591,0.030602,-0.032758,-0.078671,-0.23506,-0.065881,-0.28199,0.083478,-0.079114,-0.17629,0.16176,-0.5542,-0.34378,-1.3025e-05,-0.34501,0.15153,0.1528,-0.14511,-0.27115,-0.097095,0.3779,0.15884,-0.27737,-0.19257,-0.39728,-0.15472,-0.67432,-0.44739,-0.58328,-0.57749,0.20021,0.030648,-0.45895,-0.3869,-0.45806,-0.30238,-0.20862,-0.19391,-0.40607,-0.33087,-0.32085,-0.18165,0.08114,-0.067724,0.07591,-0.043823,0.43927,0.43999,0.29524,0.22227,0.48864,0.62455,-0.194,-0.17884,0.13016,-0.10232,0.55806,0.49183,-0.23421,-0.56328,0.20096,0.026903,-0.2399,-0.27784,-0.076952,-0.020202,-0.13674,-0.16096,-0.29607,-0.16616,-0.60096,-0.51143,-0.24474,-0.31015,-0.45734,-0.46483
-0.11853,-0.099388,-0.10028,0.019433,0.049267,-0.31399,-0.091013,-0.1701,-0.15786,-0.32619,0.18097,0.21357,0,0.61016,-0.40035,-0.10319,-0.49265,-0.28445,0.011736,-0.089222,-0.75472,-0.57472,-0.53908,-0.47779,0.084318,-0.0012504,-0.53378,-0.33301,-0.4615,-0.3827,-0.046526,-0.054471,0.42983,0.20009,0.26735,-0.015435,0.15055,-0.010427,-0.18061,0.031299,-0.49129,-0.36507,-0.12404,-0.41302,-0.047535,-0.13551,-0.26991,-0.30679,-0.23165,0.7888,0.52426,-0.34374,-0.23857,-0.37647,-0.18328,-0.52804,-0.38156,-0.44791,-0.42633,-0.071371,-0.16735,-0.59622,-0.37357,-0.5238,-0.40969,-0.31982,-0.29897,-0.22336,-0.22306,-0.30967,-0.39031,-0.15654,-0.27323,-0.084552,-0.24948,0.2007,0.16892,0.38002,0.50928,0.28207,0.35099,-0.40223,-0.35213,0.0012569,0.083237,0.30512,0.31458,-0.29961,-0.48389,-0.13342,-0.23877,-0.20887,-0.20095,-0.14291,-0.032849,-0.11495,-0.15636,-0.30902,-0.16602,-0.45849,-0.46286,-0.23557,-0.22509,-0.45018,-0.34207
-0.12567,-0.08086,-0.21326,-0.071162,0.0077304,-0.21621,-0.065575,-0.12366,-0.17,-0.28148,0.15159,0.22042,0.61016,0,-0.38958,-0.11571,-0.46361,-0.22704,-0.1489,0.079056,-0.56102,-0.4506,-0.61693,-0.43921,0.038626,0.038691,-0.40837,-0.23798,-0.50343,-0.40387,0.14179,0.13794,0.29118,0.18699,0.20136,0.0031195,0.11855,0.023823,-0.19599,0.026473,-0.47305,-0.35254,0.081289,-0.23313,0.11614,-0.055415,-0.24031,-0.26562,-0.16124,0.524,0.60065,-0.2531,-0.22133,-0.35606,-0.17228,-0.49121,-0.27838,-0.41712,-0.39284,-0.059466,-0.10117,-0.50295,-0.34374,-0.37821,-0.32835,-0.23919,-0.24466,-0.13296,-0.11648,-0.15773,-0.16762,-0.022481,-0.16857,-0.0083947,-0.18267,0.1348,0.18562,0.22014,0.40938,0.22137,0.36216,-0.43197,-0.40527,-0.11293,-0.11858,0.1748,0.30923,-0.29359,-0.47507,-0.081153,-0.1776,-0.13208,-0.058411,-0.15278,-0.022338,-0.063276,-0.043829,-0.3116,-0.065692,-0.38066,-0.33747,-0.29768,-0.23767,-0.4478,-0.38903
-0.17863,-0.32305,0.15368,-0.032498,-0.13838,-0.23345,-0.62074,-0.69312,-0.13891,-0.47401,-0.34,-0.21212,-0.40035,-0.38958,0,-0.22105,-0.059642,-0.22491,-0.28143,-0.56927,-0.21516,-0.20345,-0.38194,-0.42164,-0.41002,-0.41129,-0.26644,-0.45235,-0.49576,-0.62915,-0.40998,-0.39319,-0.48478,-0.59824,-0.50996,-0.669,-0.38262,-0.54541,-0.74839,-0.54539,-0.39755,-0.36201,-0.37308,-0.32233,-0.33431,-0.08127,-0.048948,-0.10432,-0.002872,-0.30702,-0.29944,0.093194,-0.0066493,0.023276,0.10322,-0.13392,-0.25929,-0.12531,-0.14366,0.33726,0.21672,-0.068343,-0.17897,-0.021771,0.12486,0.10669,0.062169,-0.43489,-0.36949,-0.38783,-0.063093,-0.11048,-0.018828,-0.30533,-0.094503,-0.34851,-0.2436,-0.18117,-0.26341,-0.21892,-0.15658,0.17904,0.16587,0.10368,-0.12725,-0.21567,-0.35505,0.0064735,-0.079902,-0.17239,-0.18097,-0.026167,-0.16705,-0.016711,-0.20392,-0.28997,-0.30573,-0.29942,-0.37801,-0.065002,-0.085659,0.045777,0.046838,-0.081055,-0.1182
-0.42957,-0.36451,-0.31361,-0.26532,-0.18937,-0.28981,-0.49092,-0.59093,-0.2924,-0.60296,-0.24978,-0.23271,-0.10319,-0.11571,-0.22105,0,-0.36767,-0.18883,-0.30992,-0.19868,-0.32651,-0.15678,-0.59215,-0.31383,-0.34942,-0.55084,-0.35986,-0.31149,-0.54414,-0.66608,-0.30633,-0.41158,-0.25187,-0.23314,-0.24239,-0.31382,-0.32811,-0.48221,-0.61411,-0.56564,-0.53241,-0.57533,-0.29555,-0.54582,-0.12968,-0.13969,0.052712,0.040326,-0.19944,-0.073103,-0.15049,-0.26619,-0.11576,-0.13322,-0.21685,-0.4013,-0.36305,-0.18683,-0.17035,-0.053136,0.16212,-0.37441,-0.24078,-0.15373,-0.054738,0.023601,0.044676,-0.2746,-0.63127,-0.31516,-0.47322,-0.1264,-0.078352,-0.13164,-0.088199,-0.15786,-0.15828,-0.099349,-0.12776,-0.18785,-0.10277,-0.33364,-0.23067,-0.057949,-0.23798,-0.11782,0.0010746,0.11924,-0.034673,-0.13943,-0.15714,-0.036457,-0.053468,-0.092315,-0.10407,-0.26078,-0.10971,-0.44102,-0.029456,-0.19306,-0.13565,-0.38006,-0.24027,-0.47073,-0.32093
-0.20356,-0.21679,-0.21023,-0.33901,-0.27602,-0.17594,-0.39825,-0.36007,-0.23033,-0.40092,-0.58882,-0.38009,-0.49265,-0.46361,-0.059642,-0.36767,0,-0.060423,-0.24088,-0.15823,-0.019407,-0.00094432,-0.17578,-0.063452,-0.2135,-0.38488,-0.077649,-0.35039,-0.21464,-0.27762,-0.43238,-0.34027,-0.52733,-0.528,-0.61684,-0.65985,-0.57243,-0.67542,-0.46384,-0.41268,-0.023185,-0.037786,-0.21853,-0.020593,-0.29694,-0.20631,-0.065308,-0.1623,-0.10642,-0.53152,-0.59593,-0.13417,-0.1652,-0.17488,-0.19118,-0.035063,0.068987,0.014445,-0.064227,-0.20844,-0.2472,-0.39639,-0.52476,-0.053468,-0.27142,-0.0066623,-0.098417,-0.4289,-0.41691,-0.24431,-0.15061,-0.15975,-0.14021,-0.38937,-0.23562,-0.44598,-0.5007,-0.42347,-0.49836,-0.41906,-0.45717,-0.044324,-0.083061,-0.35463,-0.43131,-0.36308,-0.39241,-0.046285,0.12859,-0.22228,-0.25841,0.12039,0.006506,-0.16259,-0.27312,-0.381,-0.26176,-0.062449,-0.30074,0.021348,-0.10277,-0.25918,-0.31658,0.02633,-0.074875
-0.4058,-0.36007,-0.34584,-0.38694,-0.2784,0.031495,-0.46615,-0.29979,-0.47719,-0.43154,-0.49062,-0.43736,-0.28445,-0.22704,-0.22491,-0.18883,-0.060423,0,-0.41412,-0.13881,0.075532,0.16087,-0.36195,0.081993,-0.26142,-0.40501,-0.099251,-0.12115,-0.32038,-0.29257,-0.41299,-0.30134,-0.19634,-0.073305,-0.18777,-0.18169,-0.3292,-0.3193,-0.39488,-0.40782,-0.052576,-0.18813,-0.33373,-0.17975,-0.40664,-0.39254,-0.26138,-0.2755,-0.2927,-0.30142,-0.18485,-0.28565,-0.047353,0.072797,-0.061146,0.056874,0.17322,0.068089,0.011846,-0.32252,-0.23694,-0.2274,-0.22154,-0.098157,-0.12993,-0.14384,-0.23157,-0.1579,-0.11819,-0.15143,-0.26706,-0.38546,-0.40646,-0.34981,-0.38951,-0.39922,-0.41077,-0.20522,-0.21508,-0.29924,-0.31678,-0.33794,-0.30491,-0.29256,-0.17586,-0.34831,-0.42213,-0.11368,-0.0011527,-0.36087,-0.45198,-0.05268,0.045803,-0.37724,-0.29882,-0.3727,-0.24204,-0.45872,-0.27024,0.044507,0.0092413,-0.077089,-0.024109,-0.21506,-0.05016
-0.087906,-0.079603,-0.022937,-0.034249,-0.072485,-0.50309,-0.14107,-0.12094,-0.028864,-0.30506,-0.024507,0.26332,0.011736,-0.1489,-0.28143,-0.30992,-0.24088,-0.41412,0,-0.28651,-0.65556,-0.5231,-0.23044,-0.4311,0.085321,-0.057395,-0.49889,-0.34585,-0.32551,-0.44557,-0.2469,-0.28372,-0.26117,-0.40758,-0.2338,-0.45582,-0.16178,-0.2944,-0.26937,-0.072524,-0.49168,-0.33618,-0.26493,-0.45935,-0.14456,-0.089215,-0.19239,-0.27547,-0.3307,0.060475,-0.15749,-0.5639,-0.32276,-0.4813,-0.21113,-0.56249,-0.44953,-0.48257,-0.49969,-0.082892,-0.24395,-0.39273,-0.39534,-0.46321,-0.45991,-0.27944,-0.25932,-0.40726,-0.45217,-0.33611,-0.36742,-0.12139,-0.18925,-0.17506,-0.18204,0.065236,-0.038294,0.019544,-0.10356,0.11105,0.073383,-0.1727,-0.16106,0.084702,-0.086447,0.38384,0.14159,-0.23025,-0.41823,-0.026363,-0.15018,-0.36162,-0.45979,-0.31811,-0.23341,-0.42234,-0.44486,-0.31752,-0.33845,-0.50453,-0.52793,-0.22345,-0.39459,-0.39097,-0.35471
-0.12879,-0.014269,-0.33901,-0.32544,-0.14669,-0.11815,-0.021641,-0.022729,-0.28997,-0.26293,-0.15607,-0.10217,-0.089222,0.079056,-0.56927,-0.19868,-0.15823,-0.13881,-0.28651,0,-0.2323,-0.24215,-0.29333,-0.081003,-0.09294,-0.13121,-0.05227,-0.024513,-0.23051,-0.1131,-0.032589,0.041081,-0.085425,-0.054223,-0.093976,-0.086278,-0.17228,-0.14726,-0.064083,0.033898,-0.1847,-0.079453,0.15883,-0.04635,0.10133,-0.16844,-0.21082,-0.28887,-0.25146,-0.06689,-0.082898,-0.3424,-0.30921,-0.45849,-0.38569,-0.37301,-0.011905,-0.25086,-0.2713,-0.3549,-0.25363,-0.44036,-0.3599,-0.31663,-0.28786,-0.20446,-0.26562,-0.086708,-0.1878,-0.088225,-0.15973,-0.10915,-0.15228,-0.11392,-0.23967,-0.069801,-0.21875,-0.13245,-0.11755,-0.09169,-0.12817,-0.32094,-0.32373,-0.38315,-0.45738,-0.13359,-0.010863,-0.24602,-0.25468,-0.11616,-0.2093,-0.17239,-0.1055,-0.40265,-0.41007,-0.17665,-0.035715,-0.27414,-0.051117,-0.2718,-0.14028,-0.5113,-0.40132,-0.52167,-0.64087
-0.41019,-0.33431,-0.61934,-0.77613,-0.48371,0.1354,-0.53445,-0.3022,-0.53492,-0.34256,-0.899,-0.70779,-0.75472,-0.56102,-0.21516,-0.32651,-0.019407,0.075532,-0.65556,-0.2323,0,0.58144,-0.069534,0.44357,-0.73077,-0.64599,0.35813,0.10457,-0.056073,-0.037877,-0.54193,-0.45129,-0.49996,-0.27299,-0.52856,-0.26592,-0.78633,-0.56002,-0.41678,-0.50563,0.31827,0.1294,-0.43541,0.054777,-0.54348,-0.52948,-0.29321,-0.30162,-0.16933,-0.8094,-0.51782,-0.29582,-0.11598,0.11988,-0.13532,0.3775,0.20886,0.24262,0.15607,-0.4719,-0.35415,0.0025985,-0.041413,0.042585,-0.1481,-0.19668,-0.28848,-0.067561,-0.06491,-0.21422,-0.10486,-0.46306,-0.39472,-0.5197,-0.4683,-0.81269,-0.8004,-0.60077,-0.62199,-0.72582,-0.6883,-0.31522,-0.35769,-0.44987,-0.47152,-0.83435,-0.66907,-0.23116,0.04368,-0.50356,-0.50412,-0.19815,-0.073064,-0.37835,-0.37493,-0.4216,-0.30187,-0.35731,-0.16418,0.33129,0.11517,-0.22814,-0.17701,0.049795,-0.050615
-0.57596,-0.47136,-0.70776,-0.90077,-0.53921,-0.031377,-0.72354,-0.46557,-0.59364,-0.47372,-1,-0.65392,-0.57472,-0.4506,-0.20345,-0.15678,-0.00094432,0.16087,-0.5231,-0.24215,0.58144,0,-0.28761,0.26107,-0.70531,-0.72999,0.2243,0.11465,-0.27057,-0.27196,-0.59894,-0.51996,-0.47452,-0.27607,-0.49179,-0.34616,-0.81723,-0.74033,-0.59547,-0.65365,0.092133,-0.026109,-0.38538,0.017428,-0.54163,-0.49293,-0.16031,-0.15015,-0.27972,-0.66436,-0.45392,-0.3888,-0.078554,0.090655,-0.077388,0.36584,0.21327,0.45184,0.34294,-0.40931,-0.3331,-0.058131,-0.10979,0.13579,-0.22876,-0.084474,-0.17455,0.040677,-0.18834,-0.17978,-0.21372,-0.40449,-0.31736,-0.51947,-0.36833,-0.73993,-0.79671,-0.55235,-0.54328,-0.66645,-0.57775,-0.42294,-0.46535,-0.3588,-0.40392,-0.65383,-0.49759,-0.033943,0.23161,-0.4468,-0.45652,-0.13888,-0.056587,-0.34826,-0.28444,-0.50843,-0.32529,-0.45795,-0.27517,0.36224,0.063641,-0.22049,-0.22487,-0.022097,-0.062905
-0.13577,-0.11168,-0.24696,-0.24039,-0.35352,-0.20641,-0.069749,0.056008,-0.22991,-0.066115,-0.36467,-0.35453,-0.53908,-0.61693,-0.38194,-0.59215,-0.17578,-0.36195,-0.23044,-0.29333,-0.069534,-0.28761,0,0.12587,-0.34104,-0.31612,-0.2208,-0.17855,0.23272,0.20509,-0.41803,-0.48096,-0.49191,-0.40354,-0.50538,-0.29244,-0.49489,-0.28285,-0.02224,-0.14981,0.026141,0.053507,-0.55976,-0.29696,-0.4382,-0.46527,-0.53475,-0.71508,-0.2831,-0.53021,-0.53138,-0.28722,-0.46911,-0.3381,-0.5088,-0.23705,-0.38221,-0.41015,-0.48861,-0.47277,-0.41536,-0.1893,-0.20293,-0.53756,-0.44079,-0.59354,-0.65807,-0.48475,-0.2411,-0.5153,-0.35418,-0.55612,-0.59149,-0.52647,-0.60651,-0.39859,-0.42981,-0.46978,-0.56527,-0.46934,-0.55265,-0.10555,-0.11023,-0.4342,-0.31885,-0.47344,-0.52477,-0.66577,-0.49996,-0.43816,-0.42739,-0.50865,-0.39731,-0.37496,-0.45305,-0.12944,-0.18388,0.015487,-0.10738,-0.32684,-0.25148,-0.19763,-0.2692,-0.090173,-0.16992
-0.39063,-0.26139,-0.53687,-0.61063,-0.43034,0.07914,-0.40016,-0.13515,-0.59624,-0.34246,-0.7616,-0.57477,-0.47779,-0.43921,-0.42164,-0.31383,-0.063452,0.081993,-0.4311,-0.081003,0.44357,0.26107,0.12587,0,-0.58767,-0.59852,0.14559,0.12906,0.090563,0.15678,-0.55654,-0.50365,-0.32864,-0.12791,-0.36916,-0.14444,-0.72866,-0.48547,-0.27852,-0.35517,0.32206,0.23748,-0.52773,-0.10289,-0.54849,-0.65028,-0.41415,-0.47816,-0.29812,-0.54082,-0.37592,-0.47881,-0.21872,-0.033305,-0.23004,0.17235,0.10119,0.084389,-0.012374,-0.56937,-0.42534,-0.1447,-0.061615,-0.21806,-0.31089,-0.34605,-0.46709,-0.086246,-0.08407,-0.30407,-0.31276,-0.59088,-0.56903,-0.63994,-0.71123,-0.62656,-0.72156,-0.42791,-0.47476,-0.56292,-0.59093,-0.3441,-0.32704,-0.40091,-0.31138,-0.5804,-0.52966,-0.37989,-0.097844,-0.59778,-0.68592,-0.27408,-0.10458,-0.47306,-0.45467,-0.36554,-0.24141,-0.2908,-0.037128,0.16162,0.041732,-0.22281,-0.20409,-0.028616,-0.065177
0.03449,0.020912,-0.014425,0.12207,0.013741,-0.40084,0.19176,0.048323,0.22649,-0.029176,0.32594,0.17768,0.084318,0.038626,-0.41002,-0.34942,-0.2135,-0.26142,0.085321,-0.09294,-0.73077,-0.70531,-0.34104,-0.58767,0,0.28733,-0.5824,-0.54714,-0.31507,-0.3784,0.10172,0.12733,-0.10249,-0.23698,-0.14091,-0.31314,0.30582,0.12167,-0.044917,0.070641,-0.48143,-0.48102,0.02536,-0.34978,0.14978,0.092159,-0.18371,-0.29624,-0.16598,0.11064,-0.11424,-0.12879,-0.42876,-0.61095,-0.47135,-0.76404,-0.42328,-0.70404,-0.7217,-0.16887,-0.23138,-0.67208,-0.69979,-0.51465,-0.37878,-0.30352,-0.25466,-0.6349,-0.36582,-0.16787,-0.22066,-0.0044155,-0.17048,0.17093,-0.019883,0.19155,0.18055,0.0054249,-0.018255,0.15231,0.061127,-0.14673,-0.17749,-0.31762,-0.2932,0.15176,0.060287,-0.26409,-0.51458,0.16068,0.089248,-0.17892,-0.23401,-0.21238,-0.16197,-0.10135,-0.18544,-0.11865,-0.26433,-0.67952,-0.48092,-0.3762,-0.35102,-0.55428,-0.42425
0.10156,0.11251,-0.12514,-0.0072419,-0.080234,-0.26157,0.14652,0.18308,-0.032869,0.17888,0.30543,0.13243,-0.0012504,0.038691,-0.41129,-0.55084,-0.38488,-0.40501,-0.057395,-0.13121,-0.64599,-0.72999,-0.31612,-0.59852,0.28733,0,-0.44978,-0.36204,-0.19512,-0.17546,0.37448,0.48271,-0.010961,-0.20009,-0.051833,-0.15525,0.38245,0.34643,0.024735,0.23325,-0.47885,-0.32721,0.23408,-0.065764,0.17441,0.040755,-0.26777,-0.19573,-0.14201,-0.0051123,-0.10151,-0.1809,-0.41523,-0.55648,-0.41646,-0.61737,-0.35138,-0.65295,-0.58301,-0.22738,-0.33073,-0.61861,-0.67645,-0.30499,-0.28591,-0.29061,-0.21047,-0.34435,-0.20055,0.030166,0.0059655,0.14257,-0.038899,0.07972,-0.00093129,0.034002,0.16437,-0.07985,-0.074184,0.20955,0.044663,-0.30567,-0.32732,-0.37262,-0.36069,0.084767,0.042905,-0.4143,-0.59159,0.05774,-0.014992,-0.41619,-0.33276,-0.3592,-0.27593,-0.27024,-0.37729,-0.20942,-0.31638,-0.79271,-0.71325,-0.51099,-0.53407,-0.37484,-0.41248
-0.18963,-0.19986,-0.5297,-0.79939,-0.26242,0.049684,-0.41882,-0.34216,-0.41445,-0.36403,-0.58104,-0.48717,-0.53378,-0.40837,-0.26644,-0.35986,-0.077649,-0.099251,-0.49889,-0.05227,0.35813,0.2243,-0.2208,0.14559,-0.5824,-0.44978,0,0.31827,-0.042716,-0.018971,-0.41891,-0.28428,-0.29828,-0.17609,-0.39677,-0.24276,-0.51581,-0.46303,-0.30617,-0.24331,0.30682,0.24914,-0.25283,0.11943,-0.34544,-0.33842,-0.29207,-0.24258,-0.099694,-0.56261,-0.41702,-0.38695,-0.010948,-0.019961,-0.06353,0.27105,0.33368,0.24546,0.25079,-0.38339,-0.37037,-0.12124,-0.13571,-0.035044,-0.16666,-0.21314,-0.24628,0.12101,0.019915,-0.18079,-0.056047,-0.3442,-0.23409,-0.2846,-0.30887,-0.48776,-0.6928,-0.35655,-0.40986,-0.4202,-0.44815,-0.32695,-0.43988,-0.34238,-0.47648,-0.54694,-0.38654,-0.16676,0.023295,-0.38994,-0.35663,-0.21848,-0.17915,-0.40124,-0.45308,-0.52201,-0.43477,-0.41613,-0.25163,0.14946,-0.048225,-0.36309,-0.3348,-0.12098,-0.33983
-0.25768,-0.2528,-0.64373,-0.71859,-0.2817,-0.11153,-0.29101,-0.23014,-0.49476,-0.33399,-0.41534,-0.32558,-0.33301,-0.23798,-0.45235,-0.31149,-0.35039,-0.12115,-0.34585,-0.024513,0.10457,0.11465,-0.17855,0.12906,-0.54714,-0.36204,0.31827,0,-0.083647,-0.054328,-0.31413,-0.32699,-0.20639,-0.069209,-0.21609,-0.078352,-0.41388,-0.32483,-0.15899,-0.11345,0.083387,0.13327,-0.22881,-0.0011071,-0.3085,-0.35918,-0.46685,-0.39308,-0.34888,-0.37308,-0.23133,-0.58029,-0.07688,-0.13239,-0.14507,0.068375,0.059245,0.058313,0.081524,-0.42944,-0.39248,-0.14115,-0.12174,-0.20233,-0.37706,-0.41202,-0.44776,0.25599,0.020488,-0.23397,-0.27056,-0.40704,-0.3557,-0.33266,-0.40633,-0.30352,-0.47743,-0.26519,-0.2711,-0.29527,-0.29562,-0.5431,-0.59196,-0.31739,-0.32473,-0.38004,-0.22066,-0.33575,-0.22548,-0.47117,-0.42811,-0.4043,-0.28533,-0.4612,-0.40225,-0.41353,-0.30674,-0.42042,-0.19708,-0.15593,-0.24661,-0.35525,-0.44105,-0.23631,-0.37011
-0.18852,-0.20669,-0.35372,-0.3422,-0.24387,-0.12348,-0.086369,0.016763,-0.25594,0.089619,-0.32867,-0.45206,-0.4615,-0.50343,-0.49576,-0.54414,-0.21464,-0.32038,-0.32551,-0.23051,-0.056073,-0.27057,0.23272,0.090563,-0.31507,-0.19512,-0.042716,-0.083647,0,0.39023,-0.18723,-0.23831,-0.23848,-0.23026,-0.39198,-0.21522,-0.28126,-0.12902,-0.06874,-0.14968,0.10959,0.0025985,-0.39565,-0.16578,-0.32338,-0.37779,-0.49403,-0.44135,-0.20951,-0.52257,-0.49198,-0.3227,-0.33766,-0.29697,-0.44376,-0.12049,-0.18278,-0.25865,-0.27626,-0.54973,-0.4909,-0.35349,-0.31048,-0.32624,-0.28954,-0.48648,-0.46008,-0.32813,-0.064565,-0.152,-0.19143,-0.38739,-0.39265,-0.35285,-0.45082,-0.43014,-0.43762,-0.34933,-0.4343,-0.32296,-0.48057,-0.2149,-0.25849,-0.55637,-0.41717,-0.42712,-0.44685,-0.51312,-0.31198,-0.52261,-0.4472,-0.33046,-0.21025,-0.43717,-0.5694,-0.34177,-0.43835,-0.0228,-0.0479,-0.26002,-0.27675,-0.52209,-0.49441,-0.10526,-0.1665
-0.17433,-0.09225,-0.41346,-0.42715,-0.37021,-0.013377,-0.07423,0.14391,-0.49002,-0.0054901,-0.38814,-0.50591,-0.3827,-0.40387,-0.62915,-0.66608,-0.27762,-0.29257,-0.44557,-0.1131,-0.037877,-0.27196,0.20509,0.15678,-0.3784,-0.17546,-0.018971,-0.054328,0.39023,0,-0.28067,-0.19459,-0.10427,-0.025607,-0.16767,0.10014,-0.30201,-0.052673,0.15487,0.0074764,0.22718,0.2621,-0.33964,-0.02762,-0.42482,-0.60438,-0.61551,-0.55559,-0.30494,-0.4644,-0.36029,-0.40794,-0.41174,-0.30059,-0.44156,-0.083146,-0.076737,-0.23532,-0.24994,-0.78189,-0.72395,-0.31415,-0.22946,-0.38514,-0.38144,-0.58445,-0.6144,-0.13638,0.03548,-0.23539,-0.25747,-0.53432,-0.5593,-0.47788,-0.64751,-0.46981,-0.50517,-0.40727,-0.40688,-0.42309,-0.57087,-0.36904,-0.37233,-0.59162,-0.34186,-0.54208,-0.52356,-0.71547,-0.38664,-0.56997,-0.59495,-0.53006,-0.36612,-0.54203,-0.5543,-0.29948,-0.35758,-0.15487,-0.17228,-0.2449,-0.31468,-0.40559,-0.37805,-0.096086,-0.2161
-0.10255,-0.098359,-0.26031,-0.071058,-0.12247,-0.31995,0.087913,0.014341,-0.022709,0.14586,0.24571,0.030602,-0.046526,0.14179,-0.40998,-0.30633,-0.43238,-0.41299,-0.2469,-0.032589,-0.54193,-0.59894,-0.41803,-0.55654,0.10172,0.37448,-0.41891,-0.31413,-0.18723,-0.28067,0,0.58281,-0.086701,-0.19469,-0.16199,-0.20592,0.23028,0.23263,-0.11624,-0.020462,-0.55966,-0.50092,0.26989,-0.12925,0.51306,0.21234,-0.26383,-0.15541,-0.12327,-0.047613,-0.093266,-0.064272,-0.40839,-0.56107,-0.47187,-0.63503,-0.41899,-0.64523,-0.55385,-0.18196,-0.13567,-0.52627,-0.57218,-0.25227,-0.21175,-0.24437,-0.16529,-0.31094,-0.17753,0.12891,0.11058,0.26645,0.087301,0.21401,0.080541,-0.021928,0.14919,-0.13439,-0.094731,0.093331,0.022716,-0.30026,-0.33374,-0.46496,-0.54137,-0.018092,0.058346,-0.37045,-0.54961,-0.032432,0.061622,-0.21169,-0.083191,-0.29862,-0.27729,-0.13408,-0.16668,-0.1015,-0.013624,-0.61379,-0.41748,-0.65236,-0.51852,-0.45148,-0.44619
-0.052491,0.032927,-0.23423,-0.15256,-0.17322,-0.18565,-0.01294,0.072367,-0.11093,0.12998,0.12066,-0.032758,-0.054471,0.13794,-0.39319,-0.41158,-0.34027,-0.30134,-0.28372,0.041081,-0.45129,-0.51996,-0.48096,-0.50365,0.12733,0.48271,-0.28428,-0.32699,-0.23831,-0.19459,0.58281,0,-0.020287,-0.13099,-0.10322,-0.14151,0.24627,0.25905,-0.11829,0.023243,-0.4477,-0.36213,0.36767,0.035435,0.34096,0.08338,-0.19284,-0.097721,-0.061726,-0.060176,-0.080319,-0.093305,-0.42686,-0.52397,-0.41074,-0.52623,-0.21862,-0.51581,-0.45306,-0.26325,-0.25844,-0.51009,-0.56151,-0.1658,-0.13816,-0.15525,-0.095643,-0.22039,-0.11136,0.23437,0.26557,0.25039,0.093618,0.19335,0.083523,-0.13104,-0.0073657,-0.15458,-0.12309,0.052673,-0.045041,-0.28253,-0.34522,-0.46682,-0.56053,-0.074933,-0.027118,-0.31549,-0.44154,0.055011,0.029678,-0.27128,-0.15831,-0.42663,-0.35771,-0.26599,-0.30587,-0.27356,-0.1847,-0.4726,-0.37415,-0.60816,-0.42653,-0.44218,-0.49308
-0.13206,-0.1608,-0.22042,-0.15095,0.060814,-0.07548,-0.073266,-0.13909,-0.32278,-0.25905,0.024305,-0.078671,0.42983,0.29118,-0.48478,-0.25187,-0.52733,-0.19634,-0.26117,-0.085425,-0.49996,-0.47452,-0.49191,-0.32864,-0.10249,-0.010961,-0.29828,-0.20639,-0.23848,-0.10427,-0.086701,-0.020287,0,0.60925,0.54419,0.28684,0.18098,0.12521,-0.037675,0.11386,-0.21532,-0.16957,-0.14362,-0.24569,-0.21466,-0.3211,-0.40438,-0.3236,-0.25171,0.25654,0.38556,-0.38572,-0.10444,-0.20662,-0.10098,-0.25364,-0.1436,-0.25845,-0.21499,-0.25171,-0.35142,-0.53812,-0.28097,-0.42047,-0.31617,-0.38761,-0.35683,-0.0459,0.049723,-0.20314,-0.33721,-0.29922,-0.37955,-0.1742,-0.38187,0.02534,0.00097688,0.27443,0.45392,0.14837,0.10815,-0.54147,-0.49432,-0.13549,0.087913,0.0043373,0.011084,-0.3674,-0.37381,-0.34322,-0.43354,-0.22523,-0.17312,-0.20325,-0.13481,-0.21429,-0.29112,-0.34946,-0.22353,-0.34248,-0.45023,-0.27461,-0.24605,-0.31988,-0.2674
-0.22339,-0.20182,-0.43673,-0.35291,-0.091566,-0.0081342,-0.11063,-0.12527,-0.43347,-0.33325,-0.14746,-0.23506,0.20009,0.18699,-0.59824,-0.23314,-0.528,-0.073305,-0.40758,-0.054223,-0.27299,-0.27607,-0.40354,-0.12791,-0.23698,-0.20009,-0.17609,-0.069209,-0.23026,-0.025607,-0.19469,-0.13099,0.60925,0,0.38351,0.47665,-0.054445,0.02058,0.0083035,0.037401,-0.037401,-0.064826,-0.27315,-0.2295,-0.29753,-0.43028,-0.55856,-0.47161,-0.28763,0.052094,0.26436,-0.44397,-0.10457,-0.11187,-0.11496,-0.12485,-0.087177,-0.19388,-0.15496,-0.3945,-0.41338,-0.39869,-0.1592,-0.46627,-0.41023,-0.52915,-0.53297,0.062859,0.17204,-0.29694,-0.39037,-0.48272,-0.57327,-0.22498,-0.53594,-0.10963,-0.16925,0.057851,0.20916,-0.1134,-0.10177,-0.69227,-0.64786,-0.24603,-0.0057766,-0.22916,-0.13652,-0.47556,-0.39506,-0.47667,-0.50661,-0.25055,-0.12441,-0.25291,-0.11034,-0.16407,-0.16356,-0.35785,-0.1123,-0.20084,-0.30511,-0.20332,-0.15407,-0.27252,-0.20537
-0.215,-0.21162,-0.22754,-0.13868,-0.020306,-0.096086,-0.033514,-0.10733,-0.43343,-0.3518,-0.0028264,-0.065881,0.26735,0.20136,-0.50996,-0.24239,-0.61684,-0.18777,-0.2338,-0.093976,-0.52856,-0.49179,-0.50538,-0.36916,-0.14091,-0.051833,-0.39677,-0.21609,-0.39198,-0.16767,-0.16199,-0.10322,0.54419,0.38351,0,0.52947,0.13163,0.14874,0.076249,0.14668,-0.28174,-0.21299,-0.10562,-0.27895,-0.29244,-0.43401,-0.41381,-0.34543,-0.46404,0.24179,0.39518,-0.51138,-0.12144,-0.20879,-0.083185,-0.31928,-0.15516,-0.28048,-0.24737,-0.312,-0.39215,-0.37101,-0.15391,-0.41566,-0.30448,-0.39407,-0.39562,-0.017284,-0.016431,-0.23219,-0.43626,-0.356,-0.44495,-0.26852,-0.45654,0.076718,0.071683,0.15697,0.38322,0.068453,0.073077,-0.6091,-0.46486,-0.081407,0.17231,0.0042983,-0.057629,-0.38958,-0.39784,-0.34363,-0.51558,-0.32633,-0.32701,-0.24802,-0.11646,-0.21873,-0.24387,-0.4752,-0.32937,-0.41323,-0.47784,-0.19146,-0.20835,-0.41359,-0.31963
-0.25817,-0.17907,-0.44231,-0.33618,-0.20799,0.029228,-0.029124,0.016705,-0.56029,-0.26066,-0.16409,-0.28199,-0.015435,0.0031195,-0.669,-0.31382,-0.65985,-0.18169,-0.45582,-0.086278,-0.26592,-0.34616,-0.29244,-0.14444,-0.31314,-0.15525,-0.24276,-0.078352,-0.21522,0.10014,-0.20592,-0.14151,0.28684,0.47665,0.52947,0,-0.06239,0.15092,0.20974,0.10602,-0.077336,-0.053689,-0.20855,-0.17985,-0.36892,-0.5867,-0.5679,-0.47418,-0.44113,-0.065412,0.1282,-0.5106,-0.21706,-0.16724,-0.21635,-0.21111,-0.11942,-0.25716,-0.22994,-0.55403,-0.52149,-0.27947,-0.067066,-0.41379,-0.33405,-0.54031,-0.56027,0.043321,0.087965,-0.26257,-0.4095,-0.5075,-0.60227,-0.3413,-0.60671,-0.15909,-0.1427,-0.11766,0.030935,-0.20802,-0.21251,-0.70686,-0.56217,-0.30547,-0.048668,-0.30402,-0.26401,-0.58325,-0.45248,-0.4812,-0.60573,-0.45988,-0.34179,-0.35946,-0.20193,-0.18884,-0.18968,-0.43771,-0.20163,-0.32926,-0.38731,-0.25403,-0.2077,-0.3237,-0.27274
-0.028955,-0.11095,-0.016854,0.12314,0.071944,-0.31184,0.13906,-0.048785,0.043803,0.06198,0.54484,0.083478,0.15055,0.11855,-0.38262,-0.32811,-0.57243,-0.3292,-0.16178,-0.17228,-0.78633,-0.81723,-0.49489,-0.72866,0.30582,0.38245,-0.51581,-0.41388,-0.28126,-0.30201,0.23028,0.24627,0.18098,-0.054445,0.13163,-0.06239,0,0.57499,0.013728,0.12595,-0.5306,-0.53198,0.076464,-0.32757,0.065132,-0.0041159,-0.25391,-0.23325,-0.22626,0.19534,0.079811,-0.11929,-0.32544,-0.49991,-0.37635,-0.64264,-0.40061,-0.60434,-0.5503,-0.17304,-0.23404,-0.5356,-0.47381,-0.42349,-0.18561,-0.31299,-0.21956,-0.38698,-0.1692,-0.05985,-0.18189,-0.046285,-0.14602,0.1728,-0.011436,0.19325,0.28178,0.13919,0.18882,0.3034,0.17896,-0.24895,-0.26444,-0.26524,-0.16944,0.10873,0.018815,-0.28189,-0.52871,-0.0016933,-0.032719,-0.29439,-0.32796,-0.24047,-0.23915,-0.12124,-0.29536,-0.28073,-0.3444,-0.74902,-0.54307,-0.41747,-0.32574,-0.63704,-0.51214
-0.1012,-0.10336,-0.16118,0.0060046,-0.11439,-0.22736,0.24165,0.18733,-0.12058,0.21288,0.29824,-0.079114,-0.010427,0.023823,-0.54541,-0.48221,-0.67542,-0.3193,-0.2944,-0.14726,-0.56002,-0.74033,-0.28285,-0.48547,0.12167,0.34643,-0.46303,-0.32483,-0.12902,-0.052673,0.23263,0.25905,0.12521,0.02058,0.14874,0.15092,0.57499,0,0.23342,0.18707,-0.37997,-0.39659,-0.010759,-0.26099,-0.041758,-0.20277,-0.45411,-0.41619,-0.30404,0.014067,0.028395,-0.17523,-0.45785,-0.51054,-0.48277,-0.57536,-0.39083,-0.67254,-0.63006,-0.39979,-0.39084,-0.39138,-0.33516,-0.48216,-0.23802,-0.49442,-0.42442,-0.32285,-0.0040573,-0.055194,-0.14979,-0.20642,-0.32982,-0.0043113,-0.23101,-0.0068317,0.11482,-0.072589,0.0080821,0.035871,-0.058886,-0.32037,-0.31908,-0.43728,-0.24095,-0.12096,-0.18585,-0.55163,-0.7053,-0.17777,-0.20178,-0.45455,-0.37296,-0.39264,-0.33599,-0.065796,-0.24251,-0.24445,-0.2479,-0.69465,-0.46978,-0.40048,-0.28725,-0.55415,-0.45394
-0.035376,-0.08267,-0.32702,-0.22148,-0.1493,-0.25027,0.49932,0.183,-0.21975,-0.065594,0.019668,-0.17629,-0.18061,-0.19599,-0.74839,-0.61411,-0.46384,-0.39488,-0.26937,-0.064083,-0.41678,-0.59547,-0.02224,-0.27852,-0.044917,0.024735,-0.30617,-0.15899,-0.06874,0.15487,-0.11624,-0.11829,-0.037675,0.0083035,0.076249,0.20974,0.013728,0.23342,0,0.47021,-0.070472,-0.056464,-0.14623,-0.22356,-0.22034,-0.3603,-0.7136,-0.70647,-0.47285,-0.19295,-0.18815,-0.394,-0.37946,-0.47523,-0.47568,-0.40197,-0.31072,-0.52899,-0.50181,-0.57222,-0.6103,-0.34782,-0.29894,-0.72307,-0.58625,-0.84622,-0.81099,-0.24939,-0.027515,-0.37403,-0.4298,-0.48937,-0.59757,-0.2004,-0.49049,0.028063,-0.092869,-0.22794,-0.14473,-0.20758,-0.28178,-0.45836,-0.44071,-0.48329,-0.2281,-0.29481,-0.27876,-0.75917,-0.70059,-0.36495,-0.33163,-0.51433,-0.49594,-0.32842,-0.27247,-0.029078,-0.10307,-0.10281,-0.27109,-0.64962,-0.53645,-0.3055,-0.37637,-0.40302,-0.43547
0.31151,0.199,-0.17585,-0.11574,0.13063,-0.14821,0.44005,0.17626,-0.098847,-0.14811,0.22007,0.16176,0.031299,0.026473,-0.54539,-0.56564,-0.41268,-0.40782,-0.072524,0.033898,-0.50563,-0.65365,-0.14981,-0.35517,0.070641,0.23325,-0.24331,-0.11345,-0.14968,0.0074764,-0.020462,0.023243,0.11386,0.037401,0.14668,0.10602,0.12595,0.18707,0.47021,0,-0.14363,0.018274,-0.0035624,-0.14865,-0.047548,-0.15919,-0.52582,-0.54078,-0.23394,0.047457,0.0079648,-0.39666,-0.21314,-0.39769,-0.26341,-0.43237,-0.23541,-0.5003,-0.46218,-0.27506,-0.39863,-0.48038,-0.38463,-0.61042,-0.47298,-0.57811,-0.55246,-0.2164,-0.039173,-0.34146,-0.27871,-0.24646,-0.36643,-0.06254,-0.33663,0.26447,0.093514,0.065301,0.091306,0.13256,0.040762,-0.40532,-0.39503,-0.23016,-0.15308,0.0037773,0.028662,-0.58343,-0.675,-0.16725,-0.23029,-0.42686,-0.41093,-0.24913,-0.19122,-0.13758,-0.19519,-0.20095,-0.24103,-0.65428,-0.64109,-0.31535,-0.41945,-0.36519,-0.47264
-0.1862,-0.22203,-0.51958,-0.63525,-0.23452,0.12517,-0.21941,-0.17708,-0.4184,-0.3395,-0.60862,-0.5542,-0.49129,-0.47305,-0.39755,-0.53241,-0.023185,-0.052576,-0.49168,-0.1847,0.31827,0.092133,0.026141,0.32206,-0.48143,-0.47885,0.30682,0.083387,0.10959,0.22718,-0.55966,-0.4477,-0.21532,-0.037401,-0.28174,-0.077336,-0.5306,-0.37997,-0.070472,-0.14363,0,0.50557,-0.45456,0.0047216,-0.60218,-0.58348,-0.52177,-0.54186,-0.2149,-0.5882,-0.40617,-0.40695,-0.036288,0.052524,-0.10731,0.36814,0.23612,0.137,0.079909,-0.53541,-0.57041,-0.19871,-0.13611,-0.27785,-0.40126,-0.48261,-0.5621,-0.10811,0.091091,-0.38214,-0.30035,-0.66419,-0.64056,-0.49327,-0.66937,-0.46993,-0.61424,-0.3757,-0.36867,-0.5353,-0.56548,-0.39846,-0.44486,-0.42183,-0.26309,-0.66291,-0.56399,-0.41241,-0.11956,-0.61899,-0.60673,-0.1956,-0.16022,-0.25533,-0.26735,-0.32858,-0.29732,-0.19757,-0.21918,0.088434,-0.14719,-0.18919,-0.24526,0.080026,-0.047372
-0.019316,0.0058548,-0.42401,-0.55739,-0.21163,0.15176,-0.21515,-0.091814,-0.47394,-0.3729,-0.51922,-0.34378,-0.36507,-0.35254,-0.36201,-0.57533,-0.037786,-0.18813,-0.33618,-0.079453,0.1294,-0.026109,0.053507,0.23748,-0.48102,-0.32721,0.24914,0.13327,0.0025985,0.2621,-0.50092,-0.36213,-0.16957,-0.064826,-0.21299,-0.053689,-0.53198,-0.39659,-0.056464,0.018274,0.50557,0,-0.31772,0.1381,-0.4778,-0.50899,-0.46558,-0.4802,-0.17896,-0.43847,-0.31058,-0.48582,-0.0707,-0.028883,-0.076268,0.188,0.20315,0.064565,0.031911,-0.43114,-0.52002,-0.27943,-0.20764,-0.26068,-0.42142,-0.40216,-0.49199,-0.013689,-0.013442,-0.4112,-0.26233,-0.48132,-0.4798,-0.51797,-0.60894,-0.38221,-0.51726,-0.29636,-0.31678,-0.37676,-0.41751,-0.4141,-0.4213,-0.28689,-0.22966,-0.45019,-0.36141,-0.45566,-0.19812,-0.47172,-0.56949,-0.34589,-0.2747,-0.30833,-0.29044,-0.3934,-0.32033,-0.26648,-0.24503,-0.048453,-0.30471,-0.21314,-0.33144,0.11571,-0.14084
