,,,,,,,,,,,,,,,,,,,,,,,,,,,,,,,,,,,,,,,,,,,,,,,,,,,,,,,,,,,,,,,,,,,,,,,,,,,,,,,,,,,,,,,,,,,,,,,,,,,,,,,,
0,0.66923,0.13711,0.03694,0.33112,-0.00056873,0.12274,0.20008,0.27611,0.052608,0.28434,0.2688,-0.15262,-0.13152,-0.23794,-0.43908,-0.31096,-0.45031,-0.12797,0.0090443,-0.40861,-0.52883,-0.16712,-0.22589,0.014309,0.27245,-0.14011,-0.24122,-0.040151,0.11945,-0.048765,0.29562,-0.078388,-0.18058,-0.025822,0.053572,0.18978,0.13906,0.18534,0.58247,-0.18636,0.024345,-0.16146,-0.10603,0.11312,0.16712,-0.44668,-0.48188,0.11668,0.0012623,-0.064933,-0.19485,-0.11528,-0.20676,-0.15055,-0.43371,-0.29057,-0.51932,-0.48034,0.10083,-0.062748,-0.62288,-0.42991,-0.53307,-0.14468,-0.38424,-0.3939,-0.2426,-0.083091,-0.46692,-0.16866,-0.14078,-0.2238,0.094257,-0.26478,0.21821,0.17641,0.15069,0.083271,0.24053,0.066639,-0.071494,-0.13714,-0.068713,-0.24661,-0.0048134,-0.055015,-0.49548,-0.58851,0.014503,0.040505,-0.38227,-0.29962,-0.046692,-0.15907,-0.14689,-0.15418,-0.25246,-0.17844,-0.50963,-0.49025,-0.3776,-0.32928,-0.33785,-0.39114
0.66923,0,-0.073401,-0.1359,0.17952,0.16161,0.016854,0.27417,0.1018,-0.017596,0.11112,0.13912,0.016341,0.012117,-0.31435,-0.24,-0.22349,-0.30409,-0.10637,0.071369,-0.2411,-0.30505,-0.016743,-0.01039,0.03943,0.15498,-0.11101,-0.076016,-0.042731,0.14934,-0.16343,0.15658,0.078263,0.043695,-0.14936,0.21294,0.035046,0.045679,0.13873,0.44881,-0.05369,0.21251,-0.29589,-0.013109,0.046421,0.038452,-0.44027,-0.50751,0.21053,0.0069358,-0.034318,-0.20112,-0.16167,-0.08384,-0.19927,-0.36323,-0.28554,-0.44694,-0.45685,-0.11116,-0.044555,-0.67109,-0.43928,-0.5666,-0.2854,-0.44928,-0.47451,-0.34273,-0.15418,-0.63306,-0.33174,-0.2613,-0.37776,0.023464,-0.35711,0.028617,0.015044,0.14089,0.038951,-0.017735,-0.12942,-0.17509,-0.25717,-0.15644,-0.36585,-0.15526,-0.075371,-0.4767,-0.53238,-0.034818,-0.070807,-0.38123,-0.23689,-0.10116,-0.027542,-0.11687,-0.037557,-0.2069,-0.026654,-0.38571,-0.40173,-0.3056,-0.2184,-0.27854,-0.24258
0.13711,-0.073401,0,0.57296,0.1312,-0.27177,0.070939,-0.15537,-0.0087668,-0.17232,0.15619,0.12586,-0.18047,-0.10127,-0.054827,-0.45536,-0.29379,-0.46162,-0.17523,-0.078513,-0.50645,-0.581,-0.20963,-0.44721,-0.030386,0.065065,-0.41827,-0.41247,-0.27481,-0.25689,0.14962,0.18982,-0.11518,-0.35393,-0.11164,-0.33631,0.14158,0.090533,-0.075239,0.10811,-0.43055,-0.27123,-0.018768,-0.31283,0.038258,0.003995,-0.27234,-0.33719,-0.068844,0.044132,-0.046109,-0.0097586,-0.25443,-0.42226,-0.27497,-0.55422,-0.37157,-0.55101,-0.57489,0.15911,-0.045845,-0.43934,-0.41151,-0.4333,-0.055243,-0.22807,-0.22611,-0.46388,-0.26256,-0.30856,0.039416,-0.019566,-0.074865,-0.15505,-0.17698,0.078055,0.067166,0.068754,0.1026,0.19235,0.11728,0.315,0.34863,-0.074518,-0.055153,0.089742,-0.093349,-0.34181,-0.48173,-0.069413,-0.13564,-0.24569,-0.30004,-0.12188,-0.40013,0.0034471,-0.17596,-0.065619,-0.24467,-0.58627,-0.40645,-0.29006,-0.28887,-0.41416,-0.53636
0.03694,-0.1359,0.57296,0,0.054557,-0.37537,0.23692,-0.03952,0.061083,-0.07001,0.33036,0.22903,-0.21544,-0.10562,-0.27966,-0.41521,-0.48695,-0.55952,-0.15504,-0.12805,-0.68851,-0.76239,-0.28845,-0.55386,0.035976,0.11279,-0.74553,-0.59157,-0.2915,-0.29403,0.41552,0.18103,-0.23368,-0.4537,0.036572,-0.2461,0.23507,0.25675,-0.03762,0.047364,-0.65039,-0.48692,0.029061,-0.4934,0.1304,-0.0048967,-0.26426,-0.34291,-0.19061,0.11131,-0.021959,-0.048738,-0.39889,-0.54778,-0.4279,-0.85044,-0.57509,-0.80476,-0.84845,0.12407,-0.062235,-0.50332,-0.42209,-0.4802,-0.10206,-0.25239,-0.24908,-0.45005,-0.34997,-0.21131,-0.11386,0.046373,-0.10158,-0.12783,-0.18965,0.21351,0.39348,-0.014843,0.0964,0.28702,0.2729,0.05808,0.27455,-0.1425,-0.0042378,0.22459,-0.012047,-0.42065,-0.6327,-0.013795,-0.09192,-0.27911,-0.28419,-0.025572,-0.26524,0.11984,-0.09923,-0.047732,-0.18752,-0.81203,-0.50746,-0.42319,-0.42072,-0.51196,-0.49222
0.33112,0.17952,0.1312,0.054557,0,0.079768,0.17189,-0.026592,0.29966,-0.19066,0.19493,0.34971,0.01666,0.12009,-0.11934,-0.17403,-0.15365,-0.24818,-0.019635,0.1004,-0.28697,-0.31393,-0.13007,-0.17978,0.080295,0.012776,-0.15802,-0.09726,-0.10254,-0.23603,0.15117,0.12964,0.13479,-0.055056,-0.18779,-0.24803,0.11907,-0.043792,-0.099494,0.23509,-0.14881,-0.048786,-0.13364,-0.14916,0.22201,0.33803,-0.2277,-0.2961,0.12932,0.10971,0.050798,-0.17568,0.17111,-0.089652,-0.048016,-0.33295,-0.19627,-0.31719,-0.33289,0.27935,0.20338,-0.59076,-0.42831,-0.41387,-0.11726,-0.21764,-0.21171,-0.49055,-0.18697,-0.4009,-0.084464,-0.0039465,-0.095221,0.14976,-0.09441,0.24791,0.13981,0.54543,0.4235,0.26992,0.17042,-0.016042,-0.10598,0.081724,-0.22999,0.13326,0.17844,-0.1576,-0.31581,0.017825,-0.0033708,-0.016389,-0.005292,0.052351,-0.088355,-0.13704,-0.10008,-0.15092,0.037342,-0.36955,-0.3248,-0.32865,-0.25705,-0.38849,-0.36176
-0.00056873,0.16161,-0.27177,-0.37537,0.079768,0,-0.19913,0.039881,-0.2604,-0.20875,-0.36756,-0.20461,-0.10189,-0.041192,-0.04142,-0.12574,0.11359,0.059981,-0.34081,-0.048446,0.33383,0.15773,0.20114,0.34895,-0.27173,-0.25131,0.13496,0.16678,-0.026481,-0.035289,-0.34644,-0.20132,0.13341,0.19048,-0.43406,-0.017797,-0.31077,-0.26599,-0.22591,-0.081204,0.36755,0.45596,-0.36712,0.38872,-0.33354,-0.2619,-0.21814,-0.26201,0.1287,-0.2956,-0.08393,-0.21993,0.20429,0.44944,0.029768,0.13519,0.1347,0.064787,-0.0093425,-0.2354,-0.017915,-0.41345,-0.2446,-0.15899,-0.055999,-0.16815,-0.22564,-0.54235,-0.14753,-0.46656,-0.039853,-0.31448,-0.36661,-0.31366,-0.3747,-0.39324,-0.32888,0.050971,-0.053343,-0.29786,-0.36495,-0.20411,-0.30552,-0.21378,-0.42079,-0.42747,-0.31044,-0.13904,-0.020585,-0.2429,-0.40113,-0.11237,0.069018,-0.19449,-0.13331,-0.26017,-0.11339,-0.27964,0.025156,0.040248,-0.10684,-0.1242,0.011812,0.016798,0.021556
0.12274,0.016854,0.070939,0.23692,0.17189,-0.19913,0,0.33585,0.34304,0.061257,0.33989,0.2733,-0.20884,-0.1375,-0.55128,-0.44514,-0.39476,-0.53408,-0.050798,-0.009183,-0.52049,-0.62868,-0.13263,-0.39397,0.21773,0.12655,-0.512,-0.4567,-0.15621,-0.15218,0.19031,0.16085,-0.17635,-0.29667,0.02071,-0.059238,0.26939,0.3664,0.39934,0.32559,-0.34121,-0.29204,-0.017742,-0.34325,0.056603,-0.064655,-0.26945,-0.4083,-0.25399,0.0093009,-0.096213,-0.27454,-0.39475,-0.52426,-0.45566,-0.74027,-0.44995,-0.72335,-0.79478,-0.1743,-0.25726,-0.47686,-0.34545,-0.59489,-0.29167,-0.37373,-0.36479,-0.5075,-0.24895,-0.26884,-0.166,-0.13419,-0.2722,0.0069427,-0.20953,0.29748,0.27758,-0.019566,0.054841,0.12193,0.068137,-0.09726,-0.10769,-0.23604,-0.23823,0.057345,-0.041878,-0.37883,-0.57023,0.092412,0.0095922,-0.32312,-0.35709,-0.09459,-0.18843,0.063331,-0.11018,-0.14698,-0.18568,-0.69344,-0.47469,-0.43036,-0.37093,-0.67278,-0.60757
0.20008,0.27417,-0.15537,-0.03952,-0.026592,0.039881,0.33585,0,0.060223,0.30334,0.10893,0.11223,-0.12728,-0.13295,-0.57335,-0.50635,-0.34967,-0.42364,-0.056631,-0.13718,-0.28699,-0.43559,0.093508,-0.073283,0.046241,0.239,-0.32397,-0.24421,0.06392,0.24668,-0.1274,0.042294,-0.058129,-0.076522,0.039617,0.41892,0.12296,0.35351,0.47878,0.41185,-0.11125,0.020981,-0.26698,-0.10013,-0.23163,-0.30168,-0.49581,-0.57701,-0.20829,-0.045367,0.0075461,-0.43116,-0.37908,-0.28562,-0.31224,-0.47429,-0.37301,-0.60123,-0.63826,-0.33121,-0.35748,-0.51161,-0.27735,-0.58505,-0.36499,-0.543,-0.56049,-0.39234,-0.065793,-0.41494,-0.23226,-0.37944,-0.55886,-0.25245,-0.54616,-0.00024969,0.094902,-0.042239,-0.023159,-0.0027188,-0.13522,-0.28675,-0.33978,-0.30717,-0.25494,-0.13067,-0.23032,-0.62697,-0.61396,-0.16334,-0.27162,-0.52402,-0.35527,-0.25271,-0.16947,-0.062588,-0.15941,-0.23581,-0.19292,-0.50992,-0.4864,-0.28633,-0.2419,-0.34226,-0.26581
0.27611,0.1018,-0.0087668,0.061083,0.29966,-0.2604,0.34304,0.060223,0,0.14526,0.51089,0.20058,-0.15816,-0.15291,-0.41605,-0.32719,-0.43461,-0.49965,-0.11284,-0.046012,-0.54442,-0.59411,-0.25573,-0.35296,0.17335,0.10473,-0.3172,-0.32534,-0.037432,-0.092835,0.11982,0.13666,-0.17459,-0.25759,-0.13054,-0.16071,0.39392,0.22862,0.19126,0.23341,-0.32532,-0.29528,-0.18425,-0.40196,0.23014,0.2894,-0.40326,-0.50666,-0.12874,0.0061104,-0.14585,-0.15097,-0.28619,-0.43662,-0.39449,-0.61042,-0.51251,-0.65317,-0.63826,-0.0020391,-0.079144,-0.53384,-0.39528,-0.68682,-0.28615,-0.47199,-0.44102,-0.33097,-0.12827,-0.39211,-0.34147,-0.19355,-0.2525,0.34896,-0.13888,0.40567,0.25028,0.065141,0.0598,0.14638,0.058247,-0.016972,-0.16389,-0.21547,-0.33579,-0.01657,-0.034644,-0.3973,-0.62072,0.020058,0.27622,-0.2665,-0.28705,0.035518,-0.13838,0.051443,-0.06116,-0.10719,-0.14717,-0.59654,-0.37507,-0.47172,-0.36359,-0.73363,-0.56966
0.052608,-0.017596,-0.17232,-0.07001,-0.19066,-0.20875,0.061257,0.30334,0.14526,0,0.092378,-0.14779,-0.34623,-0.4316,-0.49042,-0.61878,-0.50533,-0.59275,-0.30305,-0.33798,-0.43059,-0.59276,-0.11658,-0.23424,-0.14645,0.22708,-0.31301,-0.36891,0.2596,0.38825,-0.13018,0.0036621,-0.27411,-0.33751,-0.070024,0.1021,0.25337,0.39121,0.26052,0.068865,-0.27495,-0.2163,-0.27133,-0.20069,-0.28434,-0.2765,-0.54189,-0.53245,-0.35074,-0.26259,-0.24446,-0.28667,-0.50531,-0.44197,-0.458,-0.45919,-0.49001,-0.60529,-0.56436,-0.33494,-0.42606,-0.44883,-0.28022,-0.4987,-0.21779,-0.52952,-0.49883,-0.19419,0.0053336,-0.25355,-0.27298,-0.393,-0.43118,-0.23866,-0.44245,-0.093598,0.028083,-0.25583,-0.24635,-0.049293,-0.21928,-0.17591,-0.28465,-0.49263,-0.33482,-0.26733,-0.43114,-0.65592,-0.60215,-0.27844,-0.17708,-0.60035,-0.46085,-0.24478,-0.38463,-0.10796,-0.29672,-0.20085,-0.39952,-0.57568,-0.47913,-0.45891,-0.3789,-0.41343,-0.35253
0.28434,0.11112,0.15619,0.33036,0.19493,-0.36756,0.33989,0.10893,0.51089,0.092378,0,0.43335,-0.054994,-0.076835,-0.42937,-0.35439,-0.58029,-0.59963,0.062547,-0.15146,-0.73012,-0.76308,-0.24904,-0.46936,0.23126,0.37833,-0.5613,-0.39245,-0.15058,-0.16667,0.30771,0.21782,-0.14099,-0.30209,0.066153,-0.10352,0.64884,0.40393,0.22444,0.34827,-0.56661,-0.38391,-0.12529,-0.50194,0.29314,0.24964,-0.43881,-0.48445,-0.19988,0.25551,-0.022049,-0.24064,-0.38506,-0.54557,-0.42629,-0.92134,-0.73552,-0.94541,-0.86689,0.08651,-0.062054,-0.61169,-0.49125,-0.71273,-0.3029,-0.4968,-0.42618,-0.36435,-0.29601,-0.41006,-0.38007,-0.093134,-0.20677,0.1772,-0.15165,0.69379,0.5559,0.12471,0.12597,0.41552,0.21209,-0.10494,-0.11912,-0.11783,-0.2056,0.27196,0.12352,-0.51613,-0.82812,0.028783,0.17243,-0.44428,-0.42118,-0.10809,-0.20059,0.0047649,-0.13107,-0.16805,-0.20911,-1,-0.64444,-0.44453,-0.40572,-0.74483,-0.59734
0.2688,0.13912,0.12586,0.22903,0.34971,-0.20461,0.2733,0.11223,0.20058,-0.14779,0.43335,0,0.050957,0.17343,-0.33437,-0.30194,-0.44718,-0.50701,0.25162,-0.036323,-0.58088,-0.55655,-0.25964,-0.38443,0.11475,0.14736,-0.48529,-0.28324,-0.35205,-0.28423,0.092946,0.05249,-0.011257,-0.18491,0.26629,-0.046199,0.20647,0.077563,0.044105,0.41247,-0.44944,-0.22097,-0.045818,-0.32513,0.13632,0.11884,-0.28755,-0.36153,-0.17995,0.48328,0.2997,-0.41351,-0.14608,-0.34993,-0.12144,-0.66336,-0.44135,-0.59424,-0.59103,0.25952,-0.041795,-0.56037,-0.3635,-0.56242,-0.34855,-0.317,-0.3166,-0.32734,-0.26988,-0.41264,-0.28377,-0.031197,-0.1797,0.0075253,-0.20148,0.66646,0.51692,0.36308,0.57505,0.5507,0.5609,-0.27568,-0.23409,0.28271,0.092121,0.56547,0.40105,-0.34405,-0.58845,0.10839,-0.0074352,-0.33409,-0.32717,0.012242,0.022812,-0.08083,-0.11237,-0.3376,-0.16599,-0.65807,-0.61167,-0.316,-0.3625,-0.54929,-0.49557
-0.15262,0.016341,-0.18047,-0.21544,0.01666,-0.10189,-0.20884,-0.12728,-0.15816,-0.34623,-0.054994,0.050957,0,0.78145,-0.2443,0.064322,-0.064135,-0.095672,0.32797,-0.12928,-0.14112,-0.021008,0.11763,0.074643,0.089638,-0.11045,-0.28121,0.16606,-0.23112,-0.32023,-0.1662,-0.22663,0.62686,0.49182,-0.31723,-0.2244,-0.12519,-0.25975,-0.23558,-0.028007,-0.14346,0.032147,-0.47447,-0.22198,-0.11654,-0.099459,-0.38592,-0.42676,-0.10105,0.45478,0.32537,-0.42178,-0.17276,-0.14215,-0.15463,-0.32338,-0.42102,-0.32446,-0.35671,-0.14637,0.021702,-0.57272,-0.45015,-0.55132,-0.64995,-0.49475,-0.45044,-0.66212,-0.36081,-0.76647,-0.4724,-0.34309,-0.45224,-0.23818,-0.37912,-0.075565,-0.21224,0.39259,0.25921,-0.12932,-0.21672,-0.24718,-0.39993,-0.061666,-0.29599,-0.017437,0.12328,-0.2845,-0.33711,-0.32277,-0.33928,-0.19848,-0.0957,-0.35406,-0.1252,-0.12962,-0.049556,-0.077861,0.052795,-0.26448,-0.27883,0.011333,0.064413,-0.353,-0.18772
-0.13152,0.012117,-0.10127,-0.10562,0.12009,-0.041192,-0.1375,-0.13295,-0.15291,-0.4316,-0.076835,0.17343,0.78145,0,-0.19063,0.10144,-0.042322,-0.054585,0.22418,0.0070051,-0.14894,-0.026869,0.018345,0.010154,0.090179,-0.18535,-0.33579,0.074185,-0.36832,-0.42558,-0.11468,-0.19995,0.4502,0.34343,-0.24924,-0.23003,-0.1673,-0.27788,-0.28732,-0.040241,-0.17231,-0.017346,-0.32829,-0.20448,-0.047815,-0.064759,-0.23987,-0.3468,-0.048259,0.50999,0.47073,-0.33374,-0.082688,-0.097496,-0.1043,-0.3369,-0.31459,-0.28143,-0.35389,-0.035282,0.11964,-0.54885,-0.40412,-0.46434,-0.5217,-0.32476,-0.33939,-0.67688,-0.38356,-0.64104,-0.37625,-0.21903,-0.3625,-0.20832,-0.31988,-0.025232,-0.12344,0.45346,0.4554,-0.084138,-0.072458,-0.23008,-0.2823,0.040366,-0.17205,0.050548,0.22636,-0.17267,-0.28057,-0.18376,-0.30589,-0.073325,0.0085171,-0.1913,0.015529,-0.042045,0.07587,-0.10778,0.133,-0.22879,-0.2255,-0.01666,0.022292,-0.35583,-0.19586
-0.23794,-0.31435,-0.054827,-0.27966,-0.11934,-0.04142,-0.55128,-0.57335,-0.41605,-0.49042,-0.42937,-0.33437,-0.2443,-0.19063,0,-0.22788,-0.0037037,-0.078575,-0.43048,-0.39539,0.015404,-0.040866,-0.17305,-0.16369,-0.55269,-0.40943,-0.012346,-0.039895,-0.33755,-0.41429,-0.34106,-0.3623,-0.20465,-0.21245,-0.50854,-0.51389,-0.42856,-0.5339,-0.56391,-0.40437,-0.14292,-0.10096,-0.30576,-0.018193,-0.3686,-0.16098,-0.23332,-0.16468,-0.1356,-0.31553,-0.15642,-0.13528,0.24056,0.12277,0.15441,0.099958,-0.03995,0.085372,0.13988,0.091296,0.09896,-0.10603,-0.18321,0.049251,0.12616,-0.034138,-0.054883,-0.40999,-0.24883,-0.37512,0.08669,-0.17246,-0.068519,-0.39797,-0.18852,-0.42025,-0.41825,-0.11146,-0.18365,-0.30813,-0.33478,-0.0027674,-0.035608,-0.043543,-0.28283,-0.36694,-0.36596,-0.096199,0.0014149,-0.41176,-0.38342,-0.11105,-0.11302,-0.30254,-0.43371,-0.35777,-0.25862,-0.3339,-0.27184,-0.025531,-0.094902,0.030344,0.056617,-0.041844,-0.18629
-0.43908,-0.24,-0.45536,-0.41521,-0.17403,-0.12574,-0.44514,-0.50635,-0.32719,-0.61878,-0.35439,-0.30194,0.064322,0.10144,-0.22788,0,-0.15501,0.01675,-0.25471,-0.099078,-0.064024,0.16452,-0.20073,-0.044847,-0.20981,-0.57849,-0.30357,0.012172,-0.46144,-0.60738,-0.23055,-0.44184,-0.0067208,0.051713,-0.656,-0.41497,-0.42656,-0.52321,-0.62074,-0.48582,-0.24823,-0.24639,-0.46648,-0.36085,-0.030101,-0.038369,-0.087176,-0.10737,-0.0037869,-0.17749,-0.22579,-0.11088,-0.091642,0.026377,-0.29,-0.24957,-0.35218,-0.13741,-0.19798,-0.21578,0.25472,-0.45099,-0.40702,-0.32,-0.33752,-0.20825,-0.18445,-0.58057,-0.62318,-0.58111,-0.60929,-0.24211,-0.25056,-0.071556,-0.11556,-0.33378,-0.35702,-0.055105,-0.12129,-0.44243,-0.35137,-0.34698,-0.36211,-0.19917,-0.45431,-0.33444,-0.04226,0.075933,-0.077147,-0.20977,-0.17957,0.072243,0.12054,-0.079137,0.091351,-0.15074,0.08651,-0.13772,0.30396,-0.10137,-0.040262,-0.27541,-0.14339,-0.37371,-0.12169
-0.31096,-0.22349,-0.29379,-0.48695,-0.15365,0.11359,-0.39476,-0.34967,-0.43461,-0.50533,-0.58029,-0.44718,-0.064135,-0.042322,-0.0037037,-0.15501,0,0.22816,-0.29271,-0.055868,0.22904,0.22539,-0.021702,0.10628,-0.16516,-0.3574,0.082612,-0.026432,-0.22501,-0.31307,-0.36828,-0.20766,0.041358,0.071064,-0.63484,-0.51213,-0.46326,-0.5724,-0.42603,-0.33095,0.23363,0.13926,-0.26779,0.25334,-0.34733,-0.29484,-0.15927,-0.15984,-0.060369,-0.33598,-0.26744,-0.21823,0.061715,0.060639,-0.05129,0.16036,0.25558,0.18645,0.12226,-0.34407,-0.18473,-0.43566,-0.50547,-0.058323,-0.27634,-0.11403,-0.13693,-0.63532,-0.31716,-0.35873,-0.0078444,-0.25481,-0.26509,-0.41974,-0.30373,-0.51087,-0.60824,-0.14738,-0.23178,-0.47158,-0.57874,-0.13579,-0.27809,-0.42291,-0.61573,-0.45238,-0.36402,-0.013039,0.25411,-0.40034,-0.48403,0.21767,0.20032,-0.36291,-0.31894,-0.37992,-0.21511,-0.061576,-0.16468,0.1833,0.0031696,-0.055042,0.022611,0.028714,-0.034166
-0.45031,-0.30409,-0.46162,-0.55952,-0.24818,0.059981,-0.53408,-0.42364,-0.49965,-0.59275,-0.59963,-0.50701,-0.095672,-0.054585,-0.078575,0.01675,0.22816,0,-0.35446,-0.13056,0.28421,0.44333,-0.093598,0.15017,-0.20639,-0.49067,-0.020433,0.15521,-0.31407,-0.46142,-0.44448,-0.40423,-0.053066,0.10331,-0.69292,-0.45151,-0.50841,-0.53877,-0.56244,-0.48227,0.11056,-0.05439,-0.46845,-0.050069,-0.37248,-0.31651,-0.22778,-0.28696,-0.090054,-0.3625,-0.25713,-0.1236,0.039867,0.20211,-0.13141,0.19797,0.097385,0.14795,0.034873,-0.39368,-0.086101,-0.26711,-0.37516,-0.13314,-0.31795,-0.22632,-0.2836,-0.54926,-0.26614,-0.3894,-0.28571,-0.41582,-0.4625,-0.33864,-0.32425,-0.55878,-0.62133,-0.18709,-0.27968,-0.55647,-0.55246,-0.27996,-0.36506,-0.42178,-0.47041,-0.53238,-0.3827,-0.0292,0.052386,-0.39784,-0.47524,0.077889,0.20003,-0.41061,-0.20872,-0.3305,-0.13652,-0.19395,-0.082522,0.13449,0.10144,0.059821,0.061527,-0.058961,0.11155
-0.12797,-0.10637,-0.17523,-0.15504,-0.019635,-0.34081,-0.050798,-0.056631,-0.11284,-0.30305,0.062547,0.25162,0.32797,0.22418,-0.43048,-0.25471,-0.29271,-0.35446,0,-0.29823,-0.40185,-0.29885,-0.12045,-0.24203,0.15823,0.056492,-0.4165,-0.090387,-0.32559,-0.36514,-0.092447,-0.15019,0.17132,0.034797,-0.047746,-0.21624,-0.013518,-0.12455,-0.081579,0.13731,-0.31788,-0.15811,-0.33437,-0.35485,-0.13655,-0.12002,-0.45372,-0.39313,-0.30441,0.35771,0.1696,-0.73752,-0.22433,-0.33704,-0.073859,-0.49493,-0.4811,-0.50902,-0.48661,-0.13442,-0.26802,-0.47579,-0.41608,-0.59808,-0.76337,-0.56503,-0.47104,-0.44222,-0.26857,-0.5346,-0.37424,-0.27119,-0.39676,-0.19812,-0.35925,0.12314,-0.042759,0.22707,0.23682,0.082931,-0.011111,-0.44924,-0.55488,0.085858,-0.078173,0.29571,0.19598,-0.38828,-0.50228,-0.26836,-0.29722,-0.35481,-0.34433,-0.38199,-0.1185,-0.33031,-0.34098,-0.26243,-0.19797,-0.47765,-0.57687,-0.10982,-0.22418,-0.42042,-0.30855
0.0090443,0.071369,-0.078513,-0.12805,0.1004,-0.048446,-0.009183,-0.13718,-0.046012,-0.33798,-0.15146,-0.036323,-0.12928,0.0070051,-0.39539,-0.099078,-0.055868,-0.13056,-0.29823,0,-0.30876,-0.25505,-0.28691,-0.15458,0.023394,-0.23238,-0.2002,-0.23915,-0.29933,-0.2204,-0.16925,-0.0098765,-0.07345,-0.14414,-0.20165,-0.19052,-0.18816,-0.23865,-0.14859,-0.00031211,-0.16033,-0.088223,-0.05833,-0.15429,0.1255,-0.052379,-0.12564,-0.34859,-0.0061312,-0.08909,-0.17139,0.0064641,-0.19133,-0.26208,-0.34948,-0.3409,-0.089562,-0.25835,-0.36735,-0.1429,-0.047018,-0.57401,-0.44705,-0.47202,-0.31344,-0.18422,-0.29492,-0.31865,-0.27767,-0.36325,-0.37896,-0.17392,-0.24905,-0.037828,-0.24126,-0.015481,-0.1197,-0.046484,-0.0087946,-0.14784,-0.086454,-0.081357,-0.087335,-0.24088,-0.30814,-0.16952,-0.042107,-0.14526,-0.25877,0.04855,-0.10315,0.05034,0.0051741,0.11564,-0.015384,0.029234,0.15918,-0.047302,-0.024657,-0.23617,-0.10189,-0.3908,-0.34538,-0.40607,-0.39322
-0.40861,-0.2411,-0.50645,-0.68851,-0.28697,0.33383,-0.52049,-0.28699,-0.54442,-0.43059,-0.73012,-0.58088,-0.14112,-0.14894,0.015404,-0.064024,0.22904,0.28421,-0.40185,-0.30876,0,0.71813,0.26253,0.55979,-0.44641,-0.58702,0.2774,0.36608,-0.13191,-0.20298,-0.63749,-0.56489,-0.0079692,0.26857,-0.80705,-0.23765,-0.63136,-0.53152,-0.43245,-0.42074,0.60383,0.30257,-0.68526,0.13314,-0.64912,-0.51355,-0.33807,-0.32638,-0.07053,-0.48055,-0.21649,-0.31548,0.078527,0.47593,0.037654,0.4355,0.10143,0.23769,0.14138,-0.48614,-0.15207,-0.1117,-0.082189,-0.13632,-0.22048,-0.31232,-0.34347,-0.60644,-0.13079,-0.57298,-0.099605,-0.61938,-0.58315,-0.54495,-0.53658,-0.77649,-0.78154,-0.18417,-0.30049,-0.69935,-0.76778,-0.21595,-0.40293,-0.3644,-0.52831,-0.76196,-0.60588,-0.1444,0.10268,-0.61579,-0.68598,-0.079415,0.059287,-0.47586,-0.31663,-0.31725,-0.1787,-0.24995,-0.016597,0.46601,0.22766,0.15533,0.34162,0.04441,0.11792
-0.52883,-0.30505,-0.581,-0.76239,-0.31393,0.15773,-0.62868,-0.43559,-0.59411,-0.59276,-0.76308,-0.55655,-0.021008,-0.026869,-0.040866,0.16452,0.22539,0.44333,-0.29885,-0.25505,0.71813,0,0.07252,0.40595,-0.36602,-0.64846,0.12588,0.433,-0.30745,-0.39802,-0.62305,-0.60424,0.063442,0.30069,-0.83132,-0.35737,-0.6527,-0.65013,-0.58834,-0.50319,0.31424,0.15608,-0.6455,0.044403,-0.54252,-0.43522,-0.23762,-0.22743,-0.092294,-0.4089,-0.22084,-0.29897,0.077147,0.41427,0.0085241,0.35726,0.063442,0.30508,0.17175,-0.47296,-0.11374,-0.17907,-0.19791,-0.14902,-0.3678,-0.27483,-0.29713,-0.5861,-0.25605,-0.57942,-0.28766,-0.55499,-0.52719,-0.46074,-0.42163,-0.72926,-0.79395,-0.15769,-0.25224,-0.71808,-0.69652,-0.33191,-0.5136,-0.30856,-0.47627,-0.65387,-0.4402,0.0096546,0.17514,-0.53025,-0.60604,0.013088,0.10196,-0.40762,-0.16273,-0.35447,-0.15765,-0.24302,0.0067763,0.43397,0.18296,0.11676,0.20252,-0.02843,0.13589
-0.16712,-0.016743,-0.20963,-0.28845,-0.13007,0.20114,-0.13263,0.093508,-0.25573,-0.11658,-0.24904,-0.25964,0.11763,0.018345,-0.17305,-0.20073,-0.021702,-0.093598,-0.12045,-0.28691,0.26253,0.07252,0,0.43543,-0.18376,-0.19639,-0.068401,0.21386,0.082945,0.011673,-0.31956,-0.31738,0.22511,0.41129,-0.53562,-0.037731,-0.2501,-0.12568,-0.017568,-0.05532,0.23261,0.29762,-0.68756,-0.064107,-0.4425,-0.40577,-0.55474,-0.56298,-0.13005,-0.13815,0.026717,-0.38779,-0.20735,0.019448,-0.17378,-0.1185,-0.32562,-0.29126,-0.33507,-0.41687,-0.13394,-0.25343,-0.1285,-0.48147,-0.35683,-0.59777,-0.56857,-0.80293,-0.11158,-0.76052,-0.15997,-0.62735,-0.69653,-0.46528,-0.6357,-0.3856,-0.41547,0.036489,-0.10186,-0.38844,-0.56653,-0.0653,-0.29067,-0.3272,-0.4807,-0.4417,-0.43027,-0.44791,-0.30971,-0.55632,-0.56217,-0.34157,-0.14968,-0.56429,-0.42347,-0.06331,-0.082987,-0.053163,0.044167,-0.10132,-0.058254,0.1812,0.41975,-0.20545,-0.11602
-0.22589,-0.01039,-0.44721,-0.55386,-0.17978,0.34895,-0.39397,-0.073283,-0.35296,-0.23424,-0.46936,-0.38443,0.074643,0.010154,-0.16369,-0.044847,0.10628,0.15017,-0.24203,-0.15458,0.55979,0.40595,0.43543,0,-0.29164,-0.3713,0.20648,0.51332,0.054806,0.03617,-0.54533,-0.44528,0.18822,0.57872,-0.61047,-0.019101,-0.44385,-0.35986,-0.23894,-0.19384,0.54238,0.54002,-0.80864,0.064315,-0.48567,-0.41631,-0.55737,-0.56964,-0.0366,-0.26244,-0.046643,-0.34293,-0.028145,0.34091,-0.0068387,0.18584,-0.10962,-0.030608,-0.095901,-0.41276,-0.08094,-0.27062,-0.11701,-0.42047,-0.39684,-0.54974,-0.59756,-0.50691,0.014711,-0.79737,-0.30791,-0.74749,-0.79186,-0.4739,-0.75541,-0.51433,-0.5403,-0.019018,-0.1432,-0.50902,-0.62303,-0.21092,-0.44595,-0.32447,-0.4812,-0.58606,-0.48444,-0.37158,-0.17683,-0.64719,-0.64888,-0.15169,0.087835,-0.38534,-0.21252,-0.15157,-0.0064988,-0.08814,0.12665,0.25121,0.17293,0.1523,0.31238,-0.026037,0.15565
0.014309,0.03943,-0.030386,0.035976,0.080295,-0.27173,0.21773,0.046241,0.17335,-0.14645,0.23126,0.11475,0.089638,0.090179,-0.55269,-0.20981,-0.16516,-0.20639,0.15823,0.023394,-0.44641,-0.36602,-0.18376,-0.29164,0,0.20798,-0.4794,-0.29686,-0.26163,-0.31367,0.18035,0.30506,0.049549,-0.10069,-0.19947,-0.28203,0.31601,0.16855,0.061874,0.17459,-0.3094,-0.26184,-0.12421,-0.32428,0.20943,0.096879,-0.30009,-0.37345,-0.075413,0.10666,-0.14504,-0.184,-0.35568,-0.42134,-0.4379,-0.65095,-0.41497,-0.62706,-0.69741,-0.23006,-0.19196,-0.78573,-0.79046,-0.64113,-0.53547,-0.45993,-0.40081,-0.61968,-0.37371,-0.39618,-0.35998,-0.14505,-0.32598,0.1233,-0.16528,0.17468,0.064232,0.079505,0.07338,0.033652,-0.066625,-0.16884,-0.26545,-0.35756,-0.36472,0.066819,0.047309,-0.2925,-0.48511,0.024331,0.0083992,-0.13854,-0.1654,-0.16364,-0.052199,-0.070447,-0.11857,0.025558,-0.12077,-0.60986,-0.46738,-0.36407,-0.34126,-0.57792,-0.3545
0.27245,0.15498,0.065065,0.11279,0.012776,-0.25131,0.12655,0.239,0.10473,0.22708,0.37833,0.14736,-0.11045,-0.18535,-0.40943,-0.57849,-0.3574,-0.49067,0.056492,-0.23238,-0.58702,-0.64846,-0.19639,-0.3713,0.20798,0,-0.43512,-0.37018,-0.0095575,0.031898,0.15359,0.47774,-0.097878,-0.30706,0.088147,-0.057172,0.53669,0.38464,0.23952,0.38479,-0.4077,-0.20868,-0.053239,-0.16185,0.0004855,-0.023894,-0.47278,-0.41608,-0.21948,0.024199,-0.14193,-0.31888,-0.36647,-0.45723,-0.33567,-0.61279,-0.45475,-0.69429,-0.62337,-0.12553,-0.31427,-0.7173,-0.65891,-0.47353,-0.30111,-0.45562,-0.38706,-0.30665,-0.21228,-0.26844,-0.22164,-0.09115,-0.23056,-0.10994,-0.27247,0.18607,0.24872,-0.035691,-0.060431,0.2781,-0.016008,-0.21867,-0.23655,-0.29714,-0.2857,0.12755,-0.089111,-0.58586,-0.64143,-0.11318,-0.11194,-0.503,-0.42955,-0.28477,-0.29778,-0.28626,-0.38366,-0.18291,-0.40952,-0.85303,-0.83315,-0.42862,-0.46633,-0.36099,-0.34791
-0.14011,-0.11101,-0.41827,-0.74553,-0.15802,0.13496,-0.512,-0.32397,-0.3172,-0.31301,-0.5613,-0.48529,-0.28121,-0.33579,-0.012346,-0.30357,0.082612,-0.020433,-0.4165,-0.2002,0.2774,0.12588,-0.068401,0.20648,-0.4794,-0.43512,0,0.24439,0.0069496,0.0069913,-0.70849,-0.4077,-0.11604,0.024157,-0.56898,-0.22746,-0.48367,-0.50954,-0.3214,-0.23117,0.54175,0.35363,-0.54877,0.15835,-0.5171,-0.34204,-0.43089,-0.40959,-0.039867,-0.50164,-0.32431,-0.3349,0.12965,0.18883,0.11669,0.45159,0.21271,0.22896,0.2406,-0.33055,-0.24917,-0.16729,-0.12253,-0.21244,-0.19014,-0.34391,-0.37909,-0.21305,0.10791,-0.49963,-0.10798,-0.57129,-0.44075,-0.34992,-0.46517,-0.53141,-0.67725,-0.18378,-0.31663,-0.46551,-0.56513,-0.13955,-0.40517,-0.26482,-0.4895,-0.63034,-0.54569,-0.23717,-0.027438,-0.52778,-0.46347,-0.16402,-0.13317,-0.37529,-0.40365,-0.46173,-0.34872,-0.35447,-0.24003,0.31425,0.069295,-0.086149,-0.0090304,-0.023554,-0.14412
-0.24122,-0.076016,-0.41247,-0.59157,-0.09726,0.16678,-0.4567,-0.24421,-0.32534,-0.36891,-0.39245,-0.28324,0.16606,0.074185,-0.039895,0.012172,-0.026432,0.15521,-0.090387,-0.23915,0.36608,0.433,0.21386,0.51332,-0.29686,-0.37018,0.24439,0,-0.10389,-0.18578,-0.53869,-0.50006,0.23269,0.48148,-0.55477,-0.13671,-0.38146,-0.40076,-0.31701,-0.17842,0.30199,0.35209,-0.74696,-0.012956,-0.44132,-0.29936,-0.49503,-0.49406,-0.090699,-0.16716,0.01048,-0.41255,0.10054,0.31652,0.11551,0.18091,-0.12586,0.035802,-0.011506,-0.28802,-0.021452,-0.17403,-0.099674,-0.38742,-0.41133,-0.519,-0.52708,-0.46059,-0.026703,-0.81453,-0.35245,-0.65668,-0.63579,-0.36267,-0.53737,-0.40224,-0.51457,0.10135,-0.05224,-0.41584,-0.48593,-0.23618,-0.49345,-0.10685,-0.37103,-0.43835,-0.32285,-0.2482,-0.17131,-0.56079,-0.54574,-0.21052,-0.086239,-0.43294,-0.21761,-0.28522,-0.14625,-0.27226,0.0040366,0.12853,0.035206,0.2019,0.26282,-0.17065,-0.031877
-0.040151,-0.042731,-0.27481,-0.2915,-0.10254,-0.026481,-0.15621,0.06392,-0.037432,0.2596,-0.15058,-0.35205,-0.23112,-0.36832,-0.33755,-0.46144,-0.22501,-0.31407,-0.32559,-0.29933,-0.13191,-0.30745,0.082945,0.054806,-0.26163,-0.0095575,0.0069496,-0.10389,0,0.44236,-0.18329,-0.11182,-0.088001,-0.091164,-0.39856,-0.074629,-0.090949,-0.021064,-0.019663,-0.078548,0.051013,0.0098488,-0.53439,-0.12347,-0.3242,-0.28965,-0.64643,-0.60031,-0.13731,-0.34148,-0.29315,-0.26864,-0.28007,-0.19151,-0.31087,-0.13439,-0.31418,-0.3454,-0.32034,-0.37278,-0.28893,-0.40035,-0.26827,-0.41997,-0.20475,-0.57824,-0.54606,-0.31614,0.12138,-0.35197,-0.17185,-0.47878,-0.49191,-0.31101,-0.5523,-0.3215,-0.2798,-0.18236,-0.31418,-0.23124,-0.45302,-0.059349,-0.24777,-0.51996,-0.56845,-0.41819,-0.4884,-0.6231,-0.41963,-0.57591,-0.42658,-0.33938,-0.16679,-0.39306,-0.52328,-0.26753,-0.34655,0.0012346,-0.15425,-0.23476,-0.21411,-0.32552,-0.20875,-0.111,-0.10778
0.11945,0.14934,-0.25689,-0.29403,-0.23603,-0.035289,-0.15218,0.24668,-0.092835,0.38825,-0.16667,-0.28423,-0.32023,-0.42558,-0.41429,-0.60738,-0.31307,-0.46142,-0.36514,-0.2204,-0.20298,-0.39802,0.011673,0.03617,-0.31367,0.031898,0.0069913,-0.18578,0.44236,0,-0.39039,-0.11285,-0.20923,-0.16179,-0.19144,0.28177,-0.12863,0.026474,0.19033,0.088771,0.025676,0.13539,-0.47341,-0.041649,-0.39814,-0.40386,-0.73813,-0.72335,-0.18783,-0.34663,-0.25617,-0.32656,-0.39482,-0.23756,-0.28279,-0.20433,-0.30508,-0.42258,-0.39594,-0.40326,-0.41635,-0.36666,-0.16887,-0.52479,-0.27203,-0.63572,-0.67722,-0.10044,0.21629,-0.44779,-0.25509,-0.59015,-0.60729,-0.38517,-0.7461,-0.28847,-0.23036,-0.27745,-0.33592,-0.23905,-0.41312,-0.15189,-0.29687,-0.45908,-0.41465,-0.45359,-0.57158,-0.83635,-0.56189,-0.48608,-0.41296,-0.552,-0.36248,-0.32196,-0.41049,-0.18468,-0.25769,-0.15722,-0.2819,-0.2603,-0.27038,-0.29965,-0.23594,-0.12634,-0.18136
-0.048765,-0.16343,0.14962,0.41552,0.15117,-0.34644,0.19031,-0.1274,0.11982,-0.13018,0.30771,0.092946,-0.1662,-0.11468,-0.34106,-0.23055,-0.36828,-0.44448,-0.092447,-0.16925,-0.63749,-0.62305,-0.31956,-0.54533,0.18035,0.15359,-0.70849,-0.53869,-0.18329,-0.39039,0,0.33524,-0.17109,-0.41596,-0.17391,-0.42163,0.26318,0.14496,-0.15049,-0.064107,-0.61267,-0.54327,0.027119,-0.46385,0.38769,0.22909,-0.17452,-0.16108,-0.10557,-0.0081218,-0.23157,-0.049702,-0.29384,-0.4675,-0.47108,-0.77475,-0.54608,-0.69028,-0.68589,0.031974,-0.010397,-0.69375,-0.69085,-0.35977,-0.10522,-0.2029,-0.12029,-0.57267,-0.49175,-0.12259,-0.15318,0.26024,0.058156,0.089395,0.032987,0.16623,0.31261,-0.014017,-0.0094812,0.19711,0.10183,-0.083826,0.060799,-0.26689,-0.31014,0.20656,0.10159,-0.26409,-0.45884,0.004862,0.018519,-0.10884,-0.12656,-0.048079,-0.20651,-0.14244,-0.22685,0.044153,-0.081447,-0.79316,-0.57094,-0.60647,-0.54188,-0.46867,-0.36952
0.29562,0.15658,0.18982,0.18103,0.12964,-0.20132,0.16085,0.042294,0.13666,0.0036621,0.21782,0.05249,-0.22663,-0.19995,-0.3623,-0.44184,-0.20766,-0.40423,-0.15019,-0.0098765,-0.56489,-0.60424,-0.31738,-0.44528,0.30506,0.47774,-0.4077,-0.50006,-0.11182,-0.11285,0.33524,0,-0.14322,-0.38271,-0.10904,-0.25433,0.35398,0.23317,0.044569,0.20665,-0.37346,-0.26292,0.12508,-0.1457,0.26674,0.15431,-0.23287,-0.23759,0.045915,-0.12019,-0.31872,-0.012519,-0.29514,-0.41653,-0.41285,-0.58967,-0.28689,-0.57914,-0.57658,-0.10195,-0.21409,-0.85986,-0.85599,-0.36611,-0.136,-0.23105,-0.19328,-0.40542,-0.32598,-0.14899,-0.090345,0.14481,-0.026821,0.10238,-0.060522,0.096407,0.16552,-0.075669,-0.095887,0.15728,-0.006152,-0.055639,-0.018872,-0.3751,-0.38391,0.036378,-0.059266,-0.34412,-0.45065,0.10586,0.049091,-0.21284,-0.23047,-0.074268,-0.20621,-0.24238,-0.30174,-0.038022,-0.26226,-0.69005,-0.63263,-0.62,-0.57883,-0.33476,-0.35414
-0.078388,0.078263,-0.11518,-0.23368,0.13479,0.13341,-0.17635,-0.058129,-0.17459,-0.27411,-0.14099,-0.011257,0.62686,0.4502,-0.20465,-0.0067208,0.041358,-0.053066,0.17132,-0.07345,-0.0079692,0.063442,0.22511,0.18822,0.049549,-0.097878,-0.11604,0.23269,-0.088001,-0.20923,-0.17109,-0.14322,0,0.56249,-0.38922,-0.22786,-0.099598,-0.20826,-0.24489,0.021293,0.052379,0.23385,-0.44561,-0.031613,-0.18035,-0.14387,-0.29747,-0.32138,0.066902,0.16588,0.17456,-0.3528,-0.042995,-0.00083923,-0.084457,-0.15918,-0.21651,-0.17926,-0.23704,-0.18532,-0.028548,-0.62751,-0.46234,-0.45055,-0.46884,-0.38847,-0.34649,-0.70316,-0.26925,-0.6375,-0.26624,-0.31952,-0.40219,-0.25226,-0.34951,-0.19186,-0.28552,0.48939,0.28009,-0.10945,-0.22613,-0.16931,-0.38266,-0.089291,-0.29283,-0.0885,0.026418,-0.17724,-0.19164,-0.29047,-0.38136,-0.12805,-0.018276,-0.31314,-0.17302,-0.21985,-0.1796,-0.076238,0.068262,-0.17201,-0.26489,-0.077556,-0.0012901,-0.21059,-0.1212
-0.18058,0.043695,-0.35393,-0.4537,-0.055056,0.19048,-0.29667,-0.076522,-0.25759,-0.33751,-0.30209,-0.18491,0.49182,0.34343,-0.21245,0.051713,0.071064,0.10331,0.034797,-0.14414,0.26857,0.30069,0.41129,0.57872,-0.10069,-0.30706,0.024157,0.48148,-0.091164,-0.16179,-0.41596,-0.38271,0.56249,0,-0.53693,-0.12636,-0.32987,-0.34328,-0.24514,-0.10619,0.28612,0.37213,-0.74615,-0.075191,-0.33628,-0.27169,-0.46455,-0.50651,0.0077195,0.021619,0.15252,-0.42505,-0.054099,0.15667,-0.044972,-0.020918,-0.22151,-0.13248,-0.19081,-0.32605,-0.03635,-0.40131,-0.25218,-0.50971,-0.56658,-0.55003,-0.5448,-0.66847,-0.16522,-0.8917,-0.37216,-0.59662,-0.68133,-0.32387,-0.55015,-0.33643,-0.45989,0.23989,0.067312,-0.35899,-0.44877,-0.24265,-0.49691,-0.17285,-0.40119,-0.33973,-0.1875,-0.28661,-0.22009,-0.46545,-0.47924,-0.17129,0.0153,-0.42402,-0.16386,-0.1563,-0.036392,-0.11991,0.17027,0.055132,-0.021716,0.16721,0.32349,-0.18427,-0.013983
-0.025822,-0.14936,-0.11164,0.036572,-0.18779,-0.43406,0.02071,0.039617,-0.13054,-0.070024,0.066153,0.26629,-0.31723,-0.24924,-0.50854,-0.656,-0.63484,-0.69292,-0.047746,-0.20165,-0.80705,-0.83132,-0.53562,-0.61047,-0.19947,0.088147,-0.56898,-0.55477,-0.39856,-0.19144,-0.17391,-0.10904,-0.38922,-0.53693,0,0.054931,0.0036274,-0.02277,0.0014565,0.092884,-0.63486,-0.40845,0.12643,-0.31313,-0.21551,-0.30145,-0.27956,-0.34374,-0.55151,0.059849,0.010695,-0.56041,-0.41078,-0.61662,-0.2567,-0.65567,-0.37512,-0.55239,-0.51794,-0.056575,-0.46847,-0.40407,-0.27378,-0.36764,-0.34705,-0.24466,-0.29098,0.060334,-0.24903,-0.1006,-0.32457,-0.096546,-0.19198,-0.32368,-0.32708,0.21393,0.29121,-0.21647,-0.044021,0.27351,0.33514,-0.49945,-0.31195,0.0070329,0.2097,0.27416,0.024379,-0.48625,-0.59378,-0.024268,-0.20621,-0.59238,-0.6221,-0.14639,-0.17887,-0.28201,-0.36977,-0.59121,-0.60316,-0.74252,-0.80529,-0.45361,-0.62158,-0.44415,-0.54892
0.053572,0.21294,-0.33631,-0.2461,-0.24803,-0.017797,-0.059238,0.41892,-0.16071,0.1021,-0.10352,-0.046199,-0.2244,-0.23003,-0.51389,-0.41497,-0.51213,-0.45151,-0.21624,-0.19052,-0.23765,-0.35737,-0.037731,-0.019101,-0.28203,-0.057172,-0.22746,-0.13671,-0.074629,0.28177,-0.42163,-0.25433,-0.22786,-0.12636,0.054931,0,-0.1688,0.050569,0.22165,0.16227,-0.12921,0.052705,-0.41225,-0.13777,-0.37665,-0.44634,-0.59042,-0.69007,-0.27088,-0.15888,-0.025267,-0.45791,-0.40106,-0.19949,-0.24367,-0.37372,-0.39173,-0.49417,-0.52299,-0.36301,-0.339,-0.28199,-0.024934,-0.5819,-0.37298,-0.59883,-0.69275,-0.13349,-0.0052296,-0.5567,-0.43498,-0.56803,-0.69226,-0.37826,-0.74029,-0.15784,-0.043016,-0.21096,-0.17725,-0.20705,-0.22859,-0.39313,-0.38787,-0.21746,-0.18604,-0.30965,-0.35418,-0.73987,-0.67676,-0.2919,-0.39381,-0.6733,-0.47288,-0.22902,-0.095318,-0.075295,-0.088064,-0.40128,-0.20751,-0.36785,-0.36276,-0.22765,-0.21497,-0.29062,-0.22608
0.18978,0.035046,0.14158,0.23507,0.11907,-0.31077,0.26939,0.12296,0.39392,0.25337,0.64884,0.20647,-0.12519,-0.1673,-0.42856,-0.42656,-0.46326,-0.50841,-0.013518,-0.18816,-0.63136,-0.6527,-0.2501,-0.44385,0.31601,0.53669,-0.48367,-0.38146,-0.090949,-0.12863,0.26318,0.35398,-0.099598,-0.32987,0.0036274,-0.1688,0,0.598,0.1819,0.2779,-0.47433,-0.35002,-0.038584,-0.32469,0.11088,0.11286,-0.3452,-0.36359,-0.20457,0.051006,-0.14202,-0.18966,-0.37596,-0.51617,-0.43716,-0.73004,-0.53274,-0.7207,-0.69516,-0.06392,-0.20605,-0.69386,-0.61272,-0.56149,-0.24584,-0.41414,-0.32862,-0.39574,-0.27318,-0.27305,-0.2712,-0.089832,-0.1863,0.083222,-0.10976,0.32532,0.34207,0.051713,0.059745,0.3509,0.11144,-0.084672,-0.17166,-0.27651,-0.2425,0.14619,-0.029331,-0.39703,-0.60343,0.031481,0.10472,-0.39692,-0.40768,-0.13216,-0.25172,-0.10334,-0.27846,-0.17384,-0.34143,-0.93614,-0.69046,-0.51562,-0.46965,-0.66264,-0.52919
0.13906,0.045679,0.090533,0.25675,-0.043792,-0.26599,0.3664,0.35351,0.22862,0.39121,0.40393,0.077563,-0.25975,-0.27788,-0.5339,-0.52321,-0.5724,-0.53877,-0.12455,-0.23865,-0.53152,-0.65013,-0.12568,-0.35986,0.16855,0.38464,-0.50954,-0.40076,-0.021064,0.026474,0.14496,0.23317,-0.20826,-0.34328,-0.02277,0.050569,0.598,0,0.39709,0.28468,-0.39234,-0.30891,-0.17483,-0.36368,-0.05421,-0.12622,-0.47411,-0.52328,-0.21345,-0.098925,-0.18333,-0.17714,-0.51712,-0.49118,-0.50503,-0.73494,-0.58983,-0.88439,-0.93077,-0.24925,-0.30427,-0.48683,-0.38856,-0.65542,-0.23873,-0.55522,-0.5056,-0.40101,-0.13825,-0.30896,-0.23515,-0.2684,-0.39813,-0.063553,-0.32944,0.10668,0.25479,-0.10718,-0.080386,0.10506,-0.028347,-0.070135,-0.11321,-0.37658,-0.21906,-0.060854,-0.24893,-0.59621,-0.78887,-0.083396,-0.081384,-0.52462,-0.46513,-0.19044,-0.26541,0.018935,-0.22216,-0.13286,-0.26723,-0.84711,-0.56998,-0.44666,-0.40722,-0.57756,-0.43414
0.18534,0.13873,-0.075239,-0.03762,-0.099494,-0.22591,0.39934,0.47878,0.19126,0.26052,0.22444,0.044105,-0.23558,-0.28732,-0.56391,-0.62074,-0.42603,-0.56244,-0.081579,-0.14859,-0.43245,-0.58834,-0.017568,-0.23894,0.061874,0.23952,-0.3214,-0.31701,-0.019663,0.19033,-0.15049,0.044569,-0.24489,-0.24514,0.0014565,0.22165,0.1819,0.39709,0,0.49917,-0.21977,-0.10956,-0.25562,-0.2649,-0.17248,-0.23186,-0.636,-0.73256,-0.35585,-0.10832,-0.16148,-0.39165,-0.52366,-0.50234,-0.4161,-0.60734,-0.51839,-0.78686,-0.78243,-0.3431,-0.40732,-0.33317,-0.22944,-0.78103,-0.43102,-0.71613,-0.70716,-0.31163,-0.026515,-0.48648,-0.30307,-0.46164,-0.55654,-0.1567,-0.50055,0.11885,0.061659,-0.17349,-0.16644,-0.070391,-0.2118,-0.12749,-0.25032,-0.3499,-0.34781,-0.18489,-0.33227,-0.74295,-0.79761,-0.19239,-0.14282,-0.61517,-0.57275,-0.31572,-0.318,0.012131,-0.1415,-0.1906,-0.33633,-0.62535,-0.43994,-0.25359,-0.23405,-0.58489,-0.54377
0.58247,0.44881,0.10811,0.047364,0.23509,-0.081204,0.32559,0.41185,0.23341,0.068865,0.34827,0.41247,-0.028007,-0.040241,-0.40437,-0.48582,-0.33095,-0.48227,0.13731,-0.00031211,-0.42074,-0.50319,-0.05532,-0.19384,0.17459,0.38479,-0.23117,-0.17842,-0.078548,0.088771,-0.064107,0.20665,0.021293,-0.10619,0.092884,0.16227,0.2779,0.28468,0.49917,0,-0.1793,0.057054,-0.18573,-0.14653,-0.0089541,-0.026959,-0.52477,-0.58768,-0.10817,0.13135,0.047455,-0.38734,-0.23998,-0.31777,-0.166,-0.52236,-0.36953,-0.61805,-0.61807,-0.063615,-0.21456,-0.53098,-0.35983,-0.72213,-0.38871,-0.55906,-0.55375,-0.31298,-0.040796,-0.54161,-0.23231,-0.28125,-0.39853,-0.054598,-0.40547,0.31357,0.19753,0.1881,0.18089,0.23181,0.053294,-0.13202,-0.24969,-0.05016,-0.17167,0.086739,-0.046185,-0.56569,-0.6846,-0.070939,-0.11498,-0.44933,-0.41015,-0.16032,-0.15252,-0.094916,-0.16534,-0.22404,-0.22183,-0.57608,-0.52898,-0.26292,-0.28002,-0.45198,-0.45012
-0.18636,-0.05369,-0.43055,-0.65039,-0.14881,0.36755,-0.34121,-0.11125,-0.32532,-0.27495,-0.56661,-0.44944,-0.14346,-0.17231,-0.14292,-0.24823,0.23363,0.11056,-0.31788,-0.16033,0.60383,0.31424,0.23261,0.54238,-0.3094,-0.4077,0.54175,0.30199,0.051013,0.025676,-0.61267,-0.37346,0.052379,0.28612,-0.63486,-0.12921,-0.47433,-0.39234,-0.21977,-0.1793,0,0.58906,-0.62456,0.21868,-0.55562,-0.44843,-0.43209,-0.46859,0.0066306,-0.43448,-0.21918,-0.33929,0.030968,0.27018,0.030108,0.37176,0.17,0.12355,0.039055,-0.49054,-0.27151,-0.20857,-0.1223,-0.2918,-0.31773,-0.42348,-0.47319,-0.47552,0.088487,-0.56945,-0.076606,-0.6583,-0.64537,-0.42099,-0.59941,-0.58821,-0.66802,-0.12726,-0.2435,-0.55025,-0.64913,-0.14699,-0.41985,-0.36617,-0.5227,-0.66865,-0.56232,-0.26364,-0.046595,-0.53686,-0.58562,-0.10999,-0.010827,-0.40257,-0.29645,-0.30896,-0.22094,-0.19363,-0.061853,0.38083,0.14351,0.035761,0.16185,0.021771,0.017894
0.024345,0.21251,-0.27123,-0.48692,-0.048786,0.45596,-0.29204,0.020981,-0.29528,-0.2163,-0.38391,-0.22097,0.032147,-0.017346,-0.10096,-0.24639,0.13926,-0.05439,-0.15811,-0.088223,0.30257,0.15608,0.29762,0.54002,-0.26184,-0.20868,0.35363,0.35209,0.0098488,0.13539,-0.54327,-0.26292,0.23385,0.37213,-0.40845,0.052705,-0.35002,-0.30891,-0.10956,0.057054,0.58906,0,-0.54663,0.32717,-0.44377,-0.35712,-0.49084,-0.4965,0.035955,-0.21792,-0.026786,-0.40327,0.049279,0.25755,0.13739,0.15979,0.03504,-0.014392,-0.053884,-0.30824,-0.17617,-0.33665,-0.1783,-0.38186,-0.34711,-0.4523,-0.4987,-0.41028,0.044604,-0.7341,-0.14803,-0.56889,-0.58807,-0.42637,-0.64173,-0.39306,-0.45246,0.056159,-0.064912,-0.34283,-0.46525,-0.17718,-0.41436,-0.16789,-0.3897,-0.43922,-0.38437,-0.36412,-0.18271,-0.46043,-0.5484,-0.24173,-0.10827,-0.34281,-0.22215,-0.27663,-0.16328,-0.22447,-0.070301,0.12285,-0.077077,0.061923,0.13195,0.021362,-0.026092
-0.16146,-0.29589,-0.018768,0.029061,-0.13364,-0.36712,-0.017742,-0.26698,-0.18425,-0.27133,-0.12529,-0.045818,-0.47447,-0.32829,-0.30576,-0.46648,-0.26779,-0.46845,-0.33437,-0.05833,-0.68526,-0.6455,-0.68756,-0.80864,-0.12421,-0.053239,-0.54877,-0.74696,-0.53439,-0.47341,0.027119,0.12508,-0.44561,-0.74615,0.12643,-0.41225,-0.038584,-0.17483,-0.25562,-0.18573,-0.62456,-0.54663,0,-0.14021,-0.0378,-0.14358,0.27701,0.15146,-0.36506,-0.22817,-0.35196,-0.1628,-0.2958,-0.58443,-0.41287,-0.55151,-0.090269,-0.29119,-0.30117,-0.10733,-0.38194,-0.55283,-0.61848,0.027639,-0.024809,0.30955,0.26747,-0.23594,-0.5968,0.2863,-0.068997,0.46678,0.36242,-0.16613,0.18509,-0.0146,0.056457,-0.3432,-0.21335,0.039562,0.10626,-0.29046,-0.059155,-0.26058,-0.17767,0.057955,-0.0061174,0.0083645,-0.12973,0.31124,-0.0067554,-0.19855,-0.38267,-0.036378,-0.23903,-0.38059,-0.4159,-0.43919,-0.60382,-0.63738,-0.67808,-0.7269,-0.7739,-0.42654,-0.61482
