,,,,,,,,,,,,,,,,,,,,,,,,,,,,,,,,,,,,,,,,,,,,,,,,,,,,,,,,,,,,,,,,,,,,,,,,,,,,,,,,,,,,,,,,,,,,,,,,,,,,,,,,
0,-0.31879,-0.36942,-0.34854,-0.010716,-0.52348,-0.058517,-0.44124,-0.024284,-0.30975,-0.23821,-0.31565,-0.36339,-0.47683,-0.072596,-0.22304,-0.37111,-0.025906,-0.083549,-0.0039403,-0.067009,-0.02051,0.040901,-0.097474,-0.078741,-0.16388,-0.39999,-0.091264,-0.37219,-0.56348,-0.4032,-0.39391,-0.58287,-0.4606,-0.16813,-0.38106,-0.28755,-0.3549,-0.030019,-0.2583,-0.090015,-0.32223,-0.26594,-0.37633,-0.34368,-0.28324,-0.15324,-0.15475,-0.22785,-0.11127,-0.29168,-0.35749,-0.18691,-0.40291,-0.1573,-0.27213,-0.11107,-0.022067,0.034262,-0.12374,-0.25914,-0.31986,-0.49013,-0.12564,-0.26233,-0.074361,-0.10883,-0.31058,-0.12228,-0.36894,-0.38549,-0.23436,-0.30983,-0.42766,-0.45047,-0.48441,-0.34176,-0.43055,-0.4047,0.08749,-0.12494,-0.38459,-0.37011,-0.20253,-0.22384,-0.064757,-0.18066,-0.14494,-0.096363,-0.19295,-0.16196,-0.25239,-0.43918,-0.21217,-0.54392,-0.38741,-0.48424,-0.08015,0.10848,-0.081404,-0.30685,-0.269,-0.27366,-0.2663,-0.17298
-0.31879,0,-0.47572,-0.26722,-0.35404,0.19688,-0.15534,0.33173,-0.38937,-0.0066623,-0.32705,-0.047985,-0.21506,-0.10225,-0.10541,-0.26839,-0.38921,-0.47922,-0.27495,-0.40987,-0.43123,-0.020694,-0.1395,-0.042203,-0.46848,-0.087668,-0.030174,-0.41381,-0.22962,-0.12366,-0.1935,-0.093593,-0.22574,-0.048306,-0.040515,0.073416,-0.31849,0.18189,-0.023814,0.13723,-0.20324,0.08998,-0.18321,-0.0083858,-0.20415,-0.27576,-0.19404,-0.21379,-0.02259,-0.38178,-0.29298,-0.04168,0.011357,0.38232,-0.19309,-0.17962,-0.10783,0.038518,-0.10725,-0.11507,0.17285,-0.40812,-0.26906,-0.45773,-0.11639,-0.077,-0.079567,-0.54705,-0.20245,-0.15871,-0.32591,-0.12799,-0.068507,-0.11819,-0.11351,-0.44422,-0.4126,-0.50683,-0.5438,-0.4526,-0.61445,-0.19896,-0.35567,-0.44028,-0.35553,-0.54707,-0.60522,-0.072352,-0.18095,-0.06112,-0.1036,-0.33084,-0.20435,-0.5547,-0.14629,-0.41239,-0.35116,-0.27722,-0.12431,-0.19189,-0.2883,-0.32599,-0.25732,-0.38932,-0.065244
-0.36942,-0.47572,0,0.2837,-0.13324,-0.47829,-0.70916,-0.59093,-0.25149,-0.49308,-0.33138,-0.59582,-0.036955,-0.091151,-0.31123,-0.22065,-0.010716,-0.11805,-0.39313,-0.22071,-0.43206,-0.84441,-0.67027,-0.81036,-0.19838,-0.63022,-0.46151,-0.32576,-0.36159,-0.47727,-0.36187,-0.69857,0.019262,-0.32127,-0.42595,-0.63433,0.17394,-0.39923,-0.51098,-0.73338,-0.57625,-0.54875,-0.54555,-0.65195,-0.23818,-0.30533,-0.40681,-0.35941,-0.33877,0.10386,0.2199,-0.3979,-0.31028,-0.3637,-0.095299,-0.32078,-0.46325,-0.5131,-0.42834,-0.39,-0.47542,-0.34454,-0.20004,-0.40339,-0.48783,-0.54368,-0.47287,-0.098586,-0.32263,-0.44389,-0.3642,-0.3576,-0.42483,-0.20158,-0.39473,0.26166,0.071479,0.084292,0.27177,-0.14455,-0.058255,-0.015244,0.12184,-0.10178,-0.25095,0.015072,-0.068537,-0.466,-0.48114,-0.23814,-0.42135,0.0014383,-0.1336,-0.081618,-0.33632,0.21741,0.071716,-0.099525,-0.23335,-0.39712,-0.36015,-0.16061,-0.13624,-0.11304,-0.44427
-0.34854,-0.26722,0.2837,0,-0.12688,-0.28231,-0.61757,-0.40492,-0.33588,-0.38254,-0.41961,-0.45554,-0.086729,0.0022644,-0.43586,-0.24308,-0.26803,-0.18183,-0.21802,-0.17841,-0.44879,-0.54318,-0.48107,-0.47746,-0.37954,-0.39429,-0.48561,-0.33284,-0.36015,-0.50228,-0.30195,-0.70513,-0.084993,-0.09042,-0.2816,-0.50135,-0.074866,-0.31588,-0.43835,-0.51872,-0.43783,-0.40464,-0.53921,-0.60234,-0.27365,-0.39356,-0.27306,-0.22648,-0.3532,0.099655,0.18096,-0.38215,-0.35354,-0.17576,-0.19717,-0.35901,-0.43114,-0.29603,-0.38766,-0.22058,-0.19233,-0.29618,-0.10579,-0.37852,-0.37549,-0.37512,-0.32708,-0.17809,-0.1496,-0.55408,-0.44491,-0.18155,-0.38433,-0.16584,-0.42471,0.043593,0.12408,0.025371,0.21139,-0.23101,-0.1066,-0.15882,-0.11658,-0.011577,-0.062903,0.034358,-0.083371,-0.28721,-0.34101,-0.17691,-0.40697,-0.010799,0.0095626,-0.17995,-0.23451,0.25345,0.23877,-0.019541,-0.21864,-0.47337,-0.2887,-0.15765,0.0095388,-0.15646,-0.21652
-0.010716,-0.35404,-0.13324,-0.12688,0,-0.20302,-0.058552,-0.28061,-0.22379,-0.10128,-0.49572,-0.14621,-0.46119,-0.50258,-0.43476,-0.17552,-0.12389,-0.022745,-0.029966,0.12271,-0.17707,-0.17735,-0.1024,-0.080708,-0.26345,-0.2527,-0.38849,-0.23518,-0.21248,-0.30849,-0.7266,-0.38709,-0.2828,-0.20219,-0.28845,-0.38176,-0.22006,-0.27353,-0.2782,-0.20603,-0.044443,-0.10203,-0.49939,-0.39911,-0.77929,-0.73972,-0.28542,-0.22915,-0.32053,0.0043088,-0.058564,-0.47967,0.070837,-0.19597,-0.18726,-0.23949,-0.18744,-0.27402,-0.17046,-0.2721,-0.22557,-0.45176,-0.27797,-0.20615,-0.43253,-0.26642,-0.28904,-0.43519,-0.3989,-0.50418,-0.37931,-0.49671,-0.57191,-0.60794,-0.76283,-0.2501,-0.056823,-0.052775,0.031172,-0.3232,0.22003,-0.052098,-0.19553,0.2558,-0.10556,0.17335,0.064032,-0.1928,-0.072632,-0.49091,-0.68474,-0.032872,0.04786,-0.0081956,-0.15642,-0.193,-0.16857,0.30164,0.004392,-0.45286,-0.29224,-0.49973,-0.31829,-0.12796,-0.18359
-0.52348,0.19688,-0.47829,-0.28231,-0.20302,0,-0.1094,0.43207,-0.49549,0.11998,-0.48634,0.16306,-0.36866,-0.19298,-0.4136,-0.24365,-0.27543,-0.44582,-0.22888,-0.29314,-0.42135,-0.0047605,-0.22414,0.11706,-0.66551,-0.11483,-0.079377,-0.43924,-0.23313,0.060157,-0.34845,-0.054059,-0.12913,0.19398,-0.12875,0.058249,-0.47436,0.085505,-0.32707,0.12628,-0.18161,0.18013,-0.29855,-0.036212,-0.4465,-0.5435,-0.11136,-0.10923,-0.048479,-0.3251,-0.25692,-0.091299,0.10442,0.46149,-0.30333,-0.075134,-0.16246,-0.19491,-0.24966,-0.20288,0.17387,-0.19731,0.020141,-0.30713,-0.027137,-0.061369,-0.091579,-0.5006,-0.25595,-0.16793,-0.23695,-0.28904,-0.24278,-0.20673,-0.22291,-0.37306,-0.30966,-0.26229,-0.30051,-0.9348,-0.35047,-0.11774,-0.35043,-0.20609,-0.27685,-0.45549,-0.41006,-0.029597,-0.0078391,-0.29898,-0.39906,-0.20422,0.11976,-0.34239,0.25098,-0.3146,-0.14653,-0.159,-0.21157,-0.25235,-0.053364,-0.3999,-0.21411,-0.24848,0.047189
-0.058517,-0.15534,-0.70916,-0.61757,-0.058552,-0.1094,0,0.048086,-0.18559,0.075817,-0.22275,0.17645,-0.4225,-0.54772,-0.29069,-0.23821,-0.23781,-0.19828,0.0776,-0.020124,0.15232,0.27158,0.38827,0.29041,-0.20805,0.04417,-0.085505,-0.14293,-0.0045228,-0.043789,-0.33264,0.067461,-0.39746,-0.18734,-0.026828,0.084815,-0.59328,-0.12795,0.082991,0.33124,0.40634,0.17146,0.0816,0.07911,-0.36723,-0.29146,-0.25882,-0.35289,-0.31181,-0.44812,-0.47251,-0.35461,-0.12219,-0.23136,-0.51827,-0.22408,0.049287,-0.18429,-0.13785,-0.27773,-0.15437,-0.3581,-0.42817,-0.018644,-0.34489,-0.18021,-0.24709,-0.51583,-0.34034,-0.20398,-0.20513,-0.428,-0.2901,-0.47937,-0.34295,-0.61098,-0.36302,-0.33495,-0.53746,-0.41175,-0.22342,-0.31009,-0.43968,-0.1906,-0.16992,-0.31186,-0.25504,-0.16598,-0.13561,-0.44165,-0.25988,-0.41152,-0.31906,-0.28759,-0.19539,-0.54243,-0.52816,-0.2414,-0.072525,-0.21027,-0.33809,-0.54021,-0.53561,-0.3918,-0.22298
-0.44124,0.33173,-0.59093,-0.40492,-0.28061,0.43207,0.048086,0,-0.37749,0.14352,-0.27647,0.19669,-0.3475,-0.28721,-0.32057,-0.30707,-0.36446,-0.59725,-0.15318,-0.28399,-0.2954,0.042369,-0.051189,0.05791,-0.37509,-0.056228,0.057685,-0.45112,-0.14125,0.014495,-0.18268,0.14582,-0.2417,0.00024367,-0.11511,0.30151,-0.52419,0.049198,-0.11495,0.39023,0.0075657,0.26581,-0.020177,0.2681,-0.29895,-0.32438,-0.24142,-0.30341,-0.12304,-0.53814,-0.4779,-0.21556,0.021722,0.3045,-0.29621,-0.15387,-0.0032985,-0.1254,-0.24523,-0.26806,0.031933,-0.23784,-0.15146,-0.39138,-0.12249,-0.17453,-0.23016,-0.46192,-0.25855,0.037846,-0.10873,-0.27049,-0.11575,-0.25054,-0.099412,-0.44703,-0.37236,-0.40724,-0.47713,-0.68414,-0.47824,-0.16832,-0.40817,-0.33078,-0.24209,-0.51299,-0.4344,-0.12309,-0.12194,-0.24042,-0.22581,-0.40223,-0.16256,-0.53711,0.00753,-0.54387,-0.38179,-0.24474,-0.1894,-0.21487,-0.28255,-0.45295,-0.43152,-0.43343,-0.048972
-0.024284,-0.38937,-0.25149,-0.33588,-0.22379,-0.49549,-0.18559,-0.37749,0,0.0090099,0.36658,-0.033805,-0.091787,-0.25528,0.048479,0.19213,-0.3307,-0.17283,-0.18889,-0.16473,0.12378,-0.2254,0.015755,-0.25357,0.1335,0.11129,0.036996,0.29153,-0.19895,-0.36383,-0.079966,-0.067978,-0.44199,-0.50533,-0.10617,-0.14529,-0.33466,-0.16018,0.028498,-0.19454,-0.29143,-0.57973,-0.17156,-0.37514,0.088036,0.090212,-0.25883,-0.32342,-0.48494,-0.065892,-0.18791,-0.4894,-0.21673,-0.39606,0.050993,-0.78563,-0.45684,-0.12859,-0.024373,0.053524,-0.22025,-0.18521,-0.34371,-0.083109,-0.27377,-0.30712,-0.2822,-0.029627,-0.0085701,-0.084316,0.07155,0.0087305,0.15525,-0.039403,-0.022988,-0.088892,0.046143,-0.31273,-0.34224,0.09918,-0.063485,-0.41901,-0.21916,-0.40849,-0.41518,-0.22234,-0.21746,-0.23597,-0.47982,-0.056454,-0.093445,-0.25067,-0.47418,-0.22041,-0.37603,-0.23717,-0.48312,-0.32667,-0.16974,-0.25428,-0.31476,-0.30822,-0.39569,-0.45918,-0.65957
-0.30975,-0.0066623,-0.49308,-0.38254,-0.10128,0.11998,0.075817,0.14352,0.0090099,0,-0.070938,0.81428,-0.25005,-0.2403,-0.15929,0.10753,-0.23127,-0.3084,-0.17789,-0.26035,-0.024545,0.044776,0.13252,0.15529,-0.29224,0.31969,0.15423,-0.02303,0.010204,0.035558,-0.22695,0.16097,-0.3021,-0.10881,-0.0036135,0.23496,-0.52762,0.22087,0.055961,0.31087,-0.11167,-0.082842,-0.1675,-0.10787,-0.19905,-0.27102,-0.19029,-0.26649,-0.39738,-0.23241,-0.21433,-0.29847,0.064692,0.051985,-0.15543,-0.49618,-0.28429,-0.074516,-0.082266,0.04619,0.1726,-0.33999,-0.26481,-0.11175,-0.21997,-0.17229,-0.15552,-0.43936,-0.19866,-0.14635,-0.089558,-0.15366,-0.019107,-0.10527,-0.15461,-0.26416,-0.090996,-0.33701,-0.42363,-0.40947,-0.16198,-0.27406,-0.30253,-0.33588,-0.42982,-0.44767,-0.40382,-0.056383,-0.25321,-0.21229,-0.31953,-0.22435,-0.1325,-0.24015,0.073844,-0.30819,-0.37127,-0.2493,-0.16112,-0.34079,-0.19765,-0.58159,-0.42034,-0.35199,-0.31264
-0.23821,-0.32705,-0.33138,-0.41961,-0.49572,-0.48634,-0.22275,-0.27647,0.36658,-0.070938,0,-0.091632,-0.065137,-0.23155,0.063586,-0.033454,-0.42954,-0.43263,-0.31902,-0.36615,0.077309,-0.27209,-0.07637,-0.35058,0.16548,0.084114,0.05372,0.031529,-0.13747,-0.32337,0.22006,0.095786,-0.42758,-0.52538,-0.1722,-0.022031,-0.29759,-0.16748,0.082034,-0.16177,-0.26018,-0.51066,0.1035,-0.14451,0.29908,0.36093,-0.29141,-0.35816,-0.55768,-0.35049,-0.41739,-0.36079,-0.40761,-0.42678,-0.078284,-0.63838,-0.36176,-0.14535,-0.1401,-0.044092,-0.28354,-0.1628,-0.35041,-0.13954,-0.18779,-0.33832,-0.31827,0.077981,-0.072721,0.13398,0.19069,0.097967,0.3658,0.054243,0.16879,-0.14799,-0.15224,-0.3849,-0.48156,0.059616,-0.29497,-0.56826,-0.35234,-0.65468,-0.43669,-0.41145,-0.37474,-0.3039,-0.50305,-0.065036,0.013515,-0.44851,-0.65422,-0.36545,-0.40202,-0.35383,-0.57726,-0.52483,-0.33902,-0.23242,-0.33727,-0.32834,-0.44987,-0.49123,-0.65045
-0.31565,-0.047985,-0.59582,-0.45554,-0.14621,0.16306,0.17645,0.19669,-0.033805,0.81428,-0.091632,0,-0.2868,-0.28279,-0.23732,0.019511,-0.24091,-0.34132,-0.12921,-0.2172,0.005331,0.090455,0.175,0.24163,-0.33156,0.30544,0.18089,-0.052722,0.026893,0.10508,-0.23325,0.22198,-0.34336,-0.087537,-0.0055985,0.26589,-0.70124,0.14328,0.0047902,0.37727,-0.020581,-0.027196,-0.088423,-0.045549,-0.2142,-0.27244,-0.14264,-0.24445,-0.39226,-0.2913,-0.29877,-0.33353,0.023713,0.02382,-0.26466,-0.42353,-0.22328,-0.098865,-0.094407,-0.025591,0.10736,-0.24079,-0.21826,-0.047926,-0.19231,-0.13523,-0.14967,-0.42596,-0.19352,-0.105,-0.043849,-0.19484,-0.046606,-0.12422,-0.12117,-0.33304,-0.12038,-0.30049,-0.43014,-0.48186,-0.16549,-0.30418,-0.35238,-0.3171,-0.37095,-0.45592,-0.38591,-0.0057708,-0.19021,-0.23864,-0.28895,-0.2508,-0.12523,-0.21099,0.1564,-0.35971,-0.40593,-0.29529,-0.18849,-0.27954,-0.13608,-0.54613,-0.4694,-0.34094,-0.27593
-0.36339,-0.21506,-0.036955,-0.086729,-0.46119,-0.36866,-0.4225,-0.3475,-0.091787,-0.25005,-0.065137,-0.2868,0,0.42345,-0.010906,-0.051034,-0.19413,-0.31037,-0.55218,-0.5457,-0.17537,-0.41513,-0.3036,-0.45526,-0.18143,-0.15582,-0.17724,-0.0632,-0.16884,-0.26802,0.043082,-0.35407,-0.015018,-0.28063,-0.00067158,-0.17247,-0.12969,-0.1854,-0.058041,-0.39191,-0.44543,-0.48318,-0.18496,-0.42075,0.27054,0.18756,-0.3734,-0.43068,-0.43902,-0.049388,-0.054101,-0.27373,-0.26566,-0.1994,-0.091436,-0.50536,-0.43624,-0.25995,-0.29783,-0.16417,-0.20174,-0.21259,-0.21786,-0.24589,-0.31419,-0.39697,-0.34311,-0.096327,-0.20059,-0.16195,-0.14691,-0.053578,0.039356,0.055795,0.10863,0.10629,-0.054113,-0.20055,-0.24115,-0.16527,-0.45603,-0.31541,-0.10683,-0.52247,-0.52022,-0.51673,-0.5679,-0.35804,-0.6284,-0.11319,-0.0085998,-0.010834,-0.25258,-0.27575,-0.29139,0.079989,-0.1773,-0.34903,-0.23168,-0.19327,-0.22472,-0.2669,-0.18026,-0.26658,-0.53264
-0.47683,-0.10225,-0.091151,0.0022644,-0.50258,-0.19298,-0.54772,-0.28721,-0.25528,-0.2403,-0.23155,-0.28279,0.42345,0,-0.082699,-0.038637,-0.23933,-0.3107,-0.54548,-0.55508,-0.34719,-0.40686,-0.41267,-0.39203,-0.41108,-0.16053,-0.21944,-0.15533,-0.25848,-0.26522,-0.063467,-0.41938,-0.03264,-0.092327,0.015417,-0.15503,-0.18402,-0.11474,-0.21626,-0.42307,-0.60272,-0.47118,-0.38462,-0.49748,0.11016,-0.023274,-0.25704,-0.2779,-0.30556,-0.046428,-0.040705,-0.089005,-0.24451,-0.052823,-0.13504,-0.46384,-0.52589,-0.17244,-0.32542,-0.027137,-0.0059135,-0.14007,-0.10218,-0.26497,-0.19201,-0.24972,-0.17742,-0.2014,-0.18194,-0.26626,-0.26751,-0.019791,-0.024284,0.11765,0.029758,0.11984,-0.10005,-0.28143,-0.20824,-0.28163,-0.44521,-0.32346,-0.19123,-0.47575,-0.49126,-0.5277,-0.56633,-0.25986,-0.53068,-0.028236,-0.059093,-0.0047605,-0.10865,-0.29057,-0.14819,0.11724,-0.068448,-0.3947,-0.39176,-0.20489,-0.087371,-0.21647,-0.094806,-0.1424,-0.31891
-0.072596,-0.10541,-0.31123,-0.43586,-0.43476,-0.4136,-0.29069,-0.32057,0.048479,-0.15929,0.063586,-0.23732,-0.010906,-0.082699,0,-0.037935,-0.2558,-0.28498,-0.57255,-0.55349,-0.17919,-0.24884,-0.1738,-0.31506,-0.10769,-0.039302,-0.048532,-0.073565,-0.2413,-0.32993,-0.017847,-0.2058,-0.23669,-0.35098,0.043849,-0.10291,-0.089582,0.077333,0.14825,-0.26904,-0.44303,-0.47898,-0.1831,-0.34012,0.11719,0.096464,-0.20356,-0.25952,-0.22026,-0.21496,-0.25921,-0.042702,-0.19094,-0.2795,0.10877,-0.43,-0.37021,0.089772,0.098336,0.026756,-0.13299,-0.34324,-0.56233,-0.22219,-0.14021,-0.13681,-0.06859,-0.2206,-0.18365,-0.14574,-0.28053,0.073083,0.089065,0.061191,-0.05441,-0.28277,-0.39863,-0.60569,-0.57217,0.057768,-0.37649,-0.40511,-0.2297,-0.82459,-0.8032,-0.57543,-0.66467,-0.14214,-0.43252,0.16635,0.20219,-0.34278,-0.55287,-0.38167,-0.49805,-0.38341,-0.5769,-0.5109,-0.21551,0.069844,-0.19809,-0.23993,-0.28311,-0.32818,-0.50844
-0.22304,-0.26839,-0.22065,-0.24308,-0.17552,-0.24365,-0.23821,-0.30707,0.19213,0.10753,-0.033454,0.019511,-0.051034,-0.038637,-0.037935,0,-0.16875,0.017372,-0.19637,-0.20933,0.078331,-0.13245,-0.057904,-0.12087,-0.13859,0.084803,-0.0020088,0.39742,-0.12054,-0.1824,-0.20919,-0.14127,-0.14888,-0.16985,0.10207,-0.041008,-0.30548,-0.083852,-0.13992,-0.18247,-0.41921,-0.45223,-0.39179,-0.44598,-0.05088,-0.074682,-0.33268,-0.33957,-0.37465,-0.06553,-0.0041008,-0.29423,-0.082004,-0.21352,-0.034114,-0.74197,-0.5946,-0.22792,-0.13192,0.12548,0.032729,-0.21781,-0.23265,-0.11555,-0.27249,-0.33927,-0.27766,-0.24129,-0.17384,-0.24858,-0.090788,-0.094425,0.0016225,-0.11217,-0.13109,0.048467,0.11951,-0.27091,-0.23832,-0.19427,-0.12057,-0.24378,-0.10169,-0.29423,-0.39851,-0.32743,-0.24913,-0.29372,-0.51099,-0.18246,-0.21752,-0.068775,-0.19789,-0.24762,-0.17838,-0.051319,-0.19104,-0.24856,-0.26283,-0.38482,-0.24989,-0.3694,-0.2139,-0.38072,-0.51444
-0.37111,-0.38921,-0.010716,-0.26803,-0.12389,-0.27543,-0.23781,-0.36446,-0.3307,-0.23127,-0.42954,-0.24091,-0.19413,-0.23933,-0.2558,-0.16875,0,0.054701,-0.36842,-0.26551,-0.24408,-0.44677,-0.3579,-0.37264,-0.35975,-0.51822,-0.25674,-0.24408,-0.023969,0.047581,-0.54167,-0.36188,0.011649,-0.24586,-0.28089,-0.33562,-0.21807,-0.22684,-0.35421,-0.34209,-0.3688,-0.28105,-0.39363,-0.42828,-0.30417,-0.36621,-0.43086,-0.50429,-0.3194,-0.14595,0.010347,-0.36398,-0.17874,-0.34122,-0.33798,-0.27696,-0.37407,-0.54043,-0.4182,-0.50731,-0.45588,-0.51215,-0.47094,-0.22664,-0.64467,-0.49094,-0.42663,-0.57205,-0.62242,-0.51604,-0.4926,-0.72877,-0.59229,-0.31527,-0.45055,-0.071098,-0.15283,-0.089546,-0.091751,-0.36001,-0.11708,0.17418,0.31998,-0.17633,-0.42318,-0.29674,-0.26377,-0.38073,-0.47034,-0.33807,-0.38807,-0.0039819,-0.096381,0.08135,-0.076845,-0.09118,-0.18819,-0.33914,-0.29655,-0.25556,-0.28077,-0.34324,-0.38591,-0.071562,-0.40677
-0.025906,-0.47922,-0.11805,-0.18183,-0.022745,-0.44582,-0.19828,-0.59725,-0.17283,-0.3084,-0.43263,-0.34132,-0.31037,-0.3107,-0.28498,0.017372,0.054701,0,-0.014662,0.043688,-0.081303,-0.1977,-0.19929,-0.19426,-0.25188,-0.34841,-0.41409,0.091436,-0.27188,-0.27077,-0.56251,-0.48014,-0.16545,-0.25105,-0.14762,-0.47301,-0.21899,-0.37405,-0.35843,-0.38718,-0.36561,-0.39523,-0.55937,-0.62072,-0.36368,-0.35717,-0.34514,-0.33172,-0.20575,-0.00013669,0.097504,-0.33419,-0.27175,-0.4773,-0.36189,-0.39891,-0.46335,-0.46187,-0.3081,-0.24696,-0.28162,-0.40916,-0.39952,-0.074189,-0.52216,-0.3647,-0.31601,-0.44806,-0.28665,-0.7457,-0.51293,-0.49414,-0.54815,-0.45234,-0.60086,-0.16678,-0.080286,-0.16467,-0.14363,-0.1838,-0.027095,-0.07237,0.039053,0.035564,-0.16427,-0.032913,0.010686,-0.41121,-0.40785,-0.38944,-0.41202,-0.043879,-0.20315,-0.076073,-0.34936,0.0088019,-0.049031,-0.16573,-0.1693,-0.37273,-0.36059,-0.1947,-0.096327,-0.25486,-0.33736
-0.083549,-0.27495,-0.39313,-0.21802,-0.029966,-0.22888,0.0776,-0.15318,-0.18889,-0.17789,-0.31902,-0.12921,-0.55218,-0.54548,-0.57255,-0.19637,-0.36842,-0.014662,0,0.47308,0.008059,0.031267,0.096167,0.027683,-0.18633,-0.17827,-0.19739,-0.13186,-0.20323,-0.2752,-0.41396,-0.14834,-0.40886,-0.15362,-0.19089,-0.18251,-0.55681,-0.38417,-0.28394,-0.00054083,0.084708,-0.045982,-0.21778,-0.15357,-0.42781,-0.367,-0.37633,-0.37435,-0.25599,-0.33111,-0.28941,-0.54714,-0.31387,-0.31518,-0.52183,-0.35569,-0.17999,-0.32824,-0.29876,-0.30352,-0.23254,-0.25062,-0.26257,-0.23364,-0.43642,-0.36935,-0.43281,-0.37642,-0.21133,-0.35591,-0.2257,-0.41439,-0.38353,-0.57914,-0.43789,-0.38458,-0.097415,-0.17058,-0.20594,-0.32859,-0.093997,-0.18224,-0.3244,0.19744,0.39992,0.11985,0.26392,-0.34755,-0.24094,-0.42401,-0.34666,-0.38282,-0.2526,-0.35852,-0.29462,-0.33736,-0.23491,-0.10552,-0.19369,-0.49753,-0.54464,-0.30686,-0.34346,-0.54222,-0.18356
-0.0039403,-0.40987,-0.22071,-0.17841,0.12271,-0.29314,-0.020124,-0.28399,-0.16473,-0.26035,-0.36615,-0.2172,-0.5457,-0.55508,-0.55349,-0.20933,-0.26551,0.043688,0.47308,0,-0.069149,-0.11292,-0.094948,-0.1014,-0.20855,-0.30752,-0.32022,-0.20895,-0.35191,-0.41951,-0.62254,-0.29427,-0.41737,-0.23648,-0.27323,-0.33849,-0.41623,-0.43563,-0.41162,-0.19714,-0.050006,-0.16157,-0.36685,-0.32627,-0.5314,-0.47786,-0.31624,-0.27254,-0.22207,-0.14309,-0.19686,-0.53219,-0.22377,-0.3438,-0.43222,-0.27472,-0.21548,-0.40741,-0.3075,-0.33024,-0.32014,-0.20309,-0.19034,-0.16936,-0.38474,-0.31302,-0.37244,-0.32019,-0.2527,-0.376,-0.25032,-0.53326,-0.47556,-0.57579,-0.54317,-0.26192,-0.089784,-0.074207,-0.069886,-0.32235,0.080869,-0.13758,-0.30074,0.30357,0.20754,0.33577,0.37822,-0.35022,-0.19114,-0.44661,-0.45356,-0.25164,-0.18245,-0.19292,-0.27422,-0.24609,-0.23789,-0.021734,-0.14516,-0.39652,-0.41377,-0.35267,-0.36429,-0.33905,-0.17571
-0.067009,-0.43123,-0.43206,-0.44879,-0.17707,-0.42135,0.15232,-0.2954,0.12378,-0.024545,0.077309,0.005331,-0.17537,-0.34719,-0.17919,0.078331,-0.24408,-0.081303,0.008059,-0.069149,0,0.064365,0.32487,0.0097112,0.01616,0.093088,-0.069797,0.21244,0.1094,-0.16488,-0.14813,0.01292,-0.32858,-0.2901,0.020599,0.035855,-0.49755,-0.29335,0.068662,-0.017045,0.041602,-0.2409,0.04247,-0.16099,-0.081243,0.024652,-0.46409,-0.50625,-0.64749,-0.34766,-0.33551,-0.49361,-0.36665,-0.50389,-0.3732,-0.57146,-0.27755,-0.29014,-0.20176,-0.18386,-0.25917,-0.26444,-0.45087,-0.029662,-0.41585,-0.43855,-0.45475,-0.24939,-0.32658,-0.17261,-0.069232,-0.24413,-0.11012,-0.35557,-0.19702,-0.26135,-0.12284,-0.22597,-0.37477,-0.13345,-0.17702,-0.39467,-0.30391,-0.2394,-0.1593,-0.2679,-0.18804,-0.40236,-0.42815,-0.41336,-0.1365,-0.31066,-0.40718,-0.27246,-0.32314,-0.30691,-0.4385,-0.28892,-0.23242,-0.35308,-0.40423,-0.56424,-0.44068,-0.48559,-0.49613
-0.02051,-0.020694,-0.84441,-0.54318,-0.17735,-0.0047605,0.27158,0.042369,-0.2254,0.044776,-0.27209,0.090455,-0.41513,-0.40686,-0.24884,-0.13245,-0.44677,-0.1977,0.031267,-0.11292,0.064365,0,0.27639,0.65583,-0.30319,0.10005,-0.13992,-0.10053,-0.1653,-0.12506,-0.29039,0.03289,-0.38658,-0.10715,0.014561,0.0977,-0.57279,-0.13997,-0.006698,0.30221,0.088482,0.12273,-0.076043,0.04168,-0.34686,-0.28933,-0.21288,-0.19451,-0.18472,-0.43323,-0.41428,-0.16647,-0.11773,-0.10537,-0.40521,-0.19195,-0.040414,-0.12622,-0.093611,-0.11274,0.078272,-0.26539,-0.29013,-0.14698,-0.11325,-0.071211,-0.13162,-0.4877,-0.20834,-0.1764,-0.22835,-0.24177,-0.17273,-0.41689,-0.26411,-0.63705,-0.45122,-0.43826,-0.63805,-0.39197,-0.39819,-0.3699,-0.53514,-0.22942,-0.15128,-0.39271,-0.34712,-0.17488,-0.024747,-0.41851,-0.21556,-0.37027,-0.29071,-0.45192,-0.21881,-0.4757,-0.38883,-0.14262,-0.019577,-0.23146,-0.27751,-0.49041,-0.23442,-0.46469,-0.031618
0.040901,-0.1395,-0.67027,-0.48107,-0.1024,-0.22414,0.38827,-0.051189,0.015755,0.13252,-0.07637,0.175,-0.3036,-0.41267,-0.1738,-0.057904,-0.3579,-0.19929,0.096167,-0.094948,0.32487,0.27639,0,0.26144,-0.093635,0.24312,0.020474,0.058784,0.1222,-0.10985,-0.19726,0.056104,-0.46965,-0.21749,0.049899,0.14723,-0.65912,-0.1372,0.27863,0.3089,0.29021,-0.025092,0.064169,-0.014335,-0.19617,-0.13962,-0.32228,-0.42081,-0.47488,-0.40932,-0.41911,-0.46782,-0.19085,-0.26612,-0.33767,-0.47258,-0.078486,-0.0036253,-0.014448,-0.10039,-0.082699,-0.35691,-0.51948,-0.13423,-0.3976,-0.25187,-0.29324,-0.44268,-0.24956,-0.20454,-0.17116,-0.19816,-0.12901,-0.37891,-0.23174,-0.50699,-0.20821,-0.40074,-0.52048,-0.17195,-0.22048,-0.38709,-0.40077,-0.25427,-0.14604,-0.30541,-0.26168,-0.15196,-0.24419,-0.26859,-0.095525,-0.39895,-0.37852,-0.34437,-0.26857,-0.50799,-0.5475,-0.23985,-0.094479,-0.29625,-0.41973,-0.4974,-0.5076,-0.49629,-0.30247
-0.097474,-0.042203,-0.81036,-0.47746,-0.080708,0.11706,0.29041,0.05791,-0.25357,0.15529,-0.35058,0.24163,-0.45526,-0.39203,-0.31506,-0.12087,-0.37264,-0.19426,0.027683,-0.1014,0.0097112,0.65583,0.26144,0,-0.45607,0.1626,-0.09455,-0.10686,-0.093849,-0.016861,-0.38053,0.0083561,-0.36696,0.014056,0.026762,0.065417,-0.65962,-0.032123,-0.060858,0.31671,0.10741,0.17551,-0.16532,-0.048128,-0.43686,-0.42315,-0.12127,-0.11625,-0.22958,-0.34504,-0.32919,-0.18565,-0.059028,-0.055587,-0.4348,-0.19429,-0.099667,-0.081933,-0.024955,-0.070765,0.15206,-0.27809,-0.25629,-0.070385,-0.13301,-0.0023357,-0.058005,-0.54941,-0.24253,-0.28187,-0.27716,-0.24486,-0.23856,-0.36529,-0.33023,-0.63618,-0.34866,-0.3182,-0.47962,-0.48205,-0.24256,-0.34943,-0.51041,-0.14816,-0.15925,-0.33936,-0.31453,-0.014852,0.042482,-0.40185,-0.29335,-0.3031,-0.12586,-0.28989,-0.04515,-0.4209,-0.33615,-0.14528,-0.082117,-0.27122,-0.14262,-0.49211,-0.25437,-0.34785,-0.051224
-0.078741,-0.46848,-0.19838,-0.37954,-0.26345,-0.66551,-0.20805,-0.37509,0.1335,-0.29224,0.16548,-0.33156,-0.18143,-0.41108,-0.10769,-0.13859,-0.35975,-0.25188,-0.18633,-0.20855,0.01616,-0.30319,-0.093635,-0.45607,0,-0.20557,-0.2173,-0.029425,-0.24774,-0.48264,0.026346,-0.16569,-0.34501,-0.59576,-0.2894,-0.20085,-0.14281,-0.49799,-0.071918,-0.28055,-0.15741,-0.476,-0.0028706,-0.13457,-0.048716,0.11148,-0.46779,-0.56051,-0.39177,-0.37833,-0.44045,-0.49854,-0.34268,-0.55948,-0.051028,-0.48924,-0.16808,-0.2819,-0.26924,-0.27802,-0.4762,-0.19412,-0.39145,-0.29967,-0.39809,-0.52098,-0.54423,0.071794,-0.14915,0.016552,0.068192,-0.18986,-0.086295,-0.3762,-0.1318,-0.13998,-0.16773,-0.41909,-0.35874,0.12444,-0.23527,-0.34505,-0.22398,-0.38219,-0.24005,-0.2112,-0.10805,-0.51143,-0.47338,-0.23302,-0.13551,-0.44685,-0.74194,-0.46739,-0.70761,-0.38921,-0.4205,-0.22824,-0.1681,-0.25869,-0.64835,-0.21563,-0.4194,-0.51621,-0.5211
-0.16388,-0.087668,-0.63022,-0.39429,-0.2527,-0.11483,0.04417,-0.056228,0.11129,0.31969,0.084114,0.30544,-0.15582,-0.16053,-0.039302,0.084803,-0.51822,-0.34841,-0.17827,-0.30752,0.093088,0.10005,0.24312,0.1626,-0.20557,0,0.06175,0.14007,-0.079336,-0.17711,-0.005753,0.069286,-0.4145,-0.13985,0.17335,0.18032,-0.50396,0.10813,0.22472,0.12552,-0.074997,-0.21261,-0.060216,-0.15263,-0.058475,-0.06963,-0.07486,-0.15171,-0.43759,-0.25242,-0.33783,-0.20906,-0.1465,-0.12344,-0.17612,-0.5472,-0.28367,0.14109,0.078884,0.30603,0.24091,-0.19204,-0.26042,0.043314,-0.082794,-0.031642,-0.026203,-0.21816,-0.023303,-0.11731,-0.035956,0.17471,0.18741,-0.032557,-0.050422,-0.36223,-0.15198,-0.42153,-0.5256,-0.21643,-0.21845,-0.64005,-0.55018,-0.45137,-0.38824,-0.45116,-0.43811,0.029086,-0.23185,-0.12474,-0.11091,-0.3366,-0.30062,-0.33649,-0.16625,-0.33114,-0.42187,-0.32685,-0.20601,-0.25349,-0.11889,-0.41807,-0.31006,-0.38878,-0.35999
-0.39999,-0.030174,-0.46151,-0.48561,-0.38849,-0.079377,-0.085505,0.057685,0.036996,0.15423,0.05372,0.18089,-0.17724,-0.21944,-0.048532,-0.0020088,-0.25674,-0.41409,-0.19739,-0.32022,-0.069797,-0.13992,0.020474,-0.09455,-0.2173,0.06175,0,-0.081915,0.056597,0.11152,-0.082426,0.31077,-0.22999,-0.18287,-0.043671,0.20292,-0.50395,0.15358,-0.021051,0.14708,-0.18493,-0.13545,-0.059794,-0.052657,0.013467,-0.0067633,-0.36601,-0.43554,-0.31471,-0.39863,-0.30427,-0.34073,-0.12529,-0.11877,-0.14078,-0.50593,-0.37002,-0.12302,-0.026114,-0.15389,-0.14321,-0.26209,-0.34444,-0.34533,-0.2731,-0.34484,-0.34437,-0.30339,-0.29274,0.03119,0.0276,-0.09203,0.15102,-0.02659,0.15133,-0.27843,-0.14671,-0.28656,-0.39333,-0.31456,-0.31391,-0.20238,-0.18572,-0.44073,-0.3696,-0.45694,-0.37299,-0.16703,-0.45224,-0.069309,0.039243,-0.4145,-0.31452,-0.38659,-0.12686,-0.48456,-0.55591,-0.52107,-0.3721,-0.28102,-0.3089,-0.35484,-0.53391,-0.60387,-0.58751
-0.091264,-0.41381,-0.32576,-0.33284,-0.23518,-0.43924,-0.14293,-0.45112,0.29153,-0.02303,0.031529,-0.052722,-0.0632,-0.15533,-0.073565,0.39742,-0.24408,0.091436,-0.13186,-0.20895,0.21244,-0.10053,0.058784,-0.10686,-0.029425,0.14007,-0.081915,0,-0.11744,-0.20482,-0.12609,-0.15191,-0.28772,-0.33167,0.038446,-0.16393,-0.3623,-0.21599,-0.037811,-0.19773,-0.29477,-0.49932,-0.25624,-0.42213,0.0040533,0.03519,-0.27511,-0.33518,-0.43808,-0.089724,-0.09433,-0.36122,-0.25332,-0.42647,-0.17165,-0.75286,-0.50341,-0.2225,-0.10136,0.084227,-0.10261,-0.22686,-0.32352,0.048253,-0.34699,-0.30965,-0.26635,-0.16844,-0.06336,-0.30492,-0.082592,-0.063081,-0.021734,-0.16072,-0.12574,-0.1194,0.068792,-0.28467,-0.34467,-0.036866,-0.12688,-0.40781,-0.16644,-0.31,-0.34391,-0.29579,-0.21516,-0.27753,-0.49473,-0.22873,-0.17674,-0.15395,-0.36179,-0.20078,-0.32787,-0.080655,-0.23842,-0.31124,-0.21061,-0.36746,-0.29008,-0.23241,-0.19534,-0.42404,-0.59529
-0.37219,-0.22962,-0.36159,-0.36015,-0.21248,-0.23313,-0.0045228,-0.14125,-0.19895,0.010204,-0.13747,0.026893,-0.16884,-0.25848,-0.2413,-0.12054,-0.023969,-0.27188,-0.20323,-0.35191,0.1094,-0.1653,0.1222,-0.093849,-0.24774,-0.079336,0.056597,-0.11744,0,0.22981,-0.2112,0.0092476,-0.20139,-0.18254,-0.13908,0.047664,-0.49116,-0.12959,0.048169,0.054434,0.042821,-0.04975,0.012611,-0.068465,-0.14193,-0.13833,-0.52682,-0.62009,-0.75004,-0.47849,-0.28778,-0.48074,-0.31615,-0.3294,-0.41561,-0.4598,-0.23236,-0.22799,-0.2098,-0.31974,-0.29436,-0.5393,-0.60105,-0.2796,-0.64359,-0.52066,-0.50283,-0.51219,-0.63244,-0.29408,-0.26192,-0.32753,-0.24229,-0.2848,-0.21422,-0.27947,-0.12261,-0.15392,-0.26818,-0.25105,-0.2466,-0.19492,-0.12416,-0.281,-0.2297,-0.3949,-0.34525,-0.27792,-0.43293,-0.32907,-0.15976,-0.28536,-0.21992,-0.15042,-0.071407,-0.34492,-0.41404,-0.40021,-0.38423,-0.46502,-0.40272,-0.55017,-0.58852,-0.31836,-0.48329
-0.56348,-0.12366,-0.47727,-0.50228,-0.30849,0.060157,-0.043789,0.014495,-0.36383,0.035558,-0.32337,0.10508,-0.26802,-0.26522,-0.32993,-0.1824,0.047581,-0.27077,-0.2752,-0.41951,-0.16488,-0.12506,-0.10985,-0.016861,-0.48264,-0.17711,0.11152,-0.20482,0.22981,0,-0.29315,0.11792,-0.085932,-0.1009,-0.18921,0.0033104,-0.53872,-0.038042,-0.20577,0.082093,-0.1432,0.055129,-0.14693,-0.048282,-0.2601,-0.27771,-0.39232,-0.43724,-0.32635,-0.45046,-0.26118,-0.29752,-0.14005,-0.11372,-0.4248,-0.27134,-0.30239,-0.37551,-0.2898,-0.40512,-0.23188,-0.41093,-0.33814,-0.27794,-0.39174,-0.38002,-0.37471,-0.5917,-0.54413,-0.24273,-0.22565,-0.41608,-0.26439,-0.25797,-0.13923,-0.34597,-0.24228,-0.15206,-0.3104,-0.58886,-0.36918,-0.023749,-0.045418,-0.26613,-0.33249,-0.53758,-0.42003,-0.22939,-0.32159,-0.40363,-0.2735,-0.1924,-0.055747,-0.16038,0.15267,-0.34532,-0.3005,-0.42128,-0.40101,-0.37733,-0.21051,-0.41449,-0.40209,-0.3378,-0.35525
-0.4032,-0.1935,-0.36187,-0.30195,-0.7266,-0.34845,-0.33264,-0.18268,-0.079966,-0.22695,0.22006,-0.23325,0.043082,-0.063467,-0.017847,-0.20919,-0.54167,-0.56251,-0.41396,-0.62254,-0.14813,-0.29039,-0.19726,-0.38053,0.026346,-0.005753,-0.082426,-0.12609,-0.2112,-0.29315,0,-0.068418,-0.17906,-0.25744,-0.064585,0.0039047,-0.24272,-0.1988,-0.013533,-0.22044,-0.2852,-0.42776,0.14369,-0.076726,0.29514,0.36574,-0.2836,-0.37887,-0.37077,-0.46047,-0.47933,-0.22766,-0.49689,-0.30215,-0.11867,-0.47183,-0.30536,-0.11541,-0.25784,-0.15145,-0.20734,-0.058315,-0.25075,-0.27466,-0.10597,-0.3382,-0.3247,0.13061,0.0026388,0.10129,0.041602,0.24905,0.23758,0.01963,0.21278,-0.24209,-0.26727,-0.45276,-0.47658,-0.11374,-0.54819,-0.54142,-0.34819,-0.71184,-0.3731,-0.60232,-0.4979,-0.29366,-0.46958,-0.034863,0.12855,-0.47199,-0.5653,-0.63794,-0.46417,-0.33812,-0.31495,-0.48889,-0.37376,-0.14418,-0.29006,-0.12797,-0.18919,-0.55607,-0.46038
-0.39391,-0.093593,-0.69857,-0.70513,-0.38709,-0.054059,0.067461,0.14582,-0.067978,0.16097,0.095786,0.22198,-0.35407,-0.41938,-0.2058,-0.14127,-0.36188,-0.48014,-0.14834,-0.29427,0.01292,0.03289,0.056104,0.0083561,-0.16569,0.069286,0.31077,-0.15191,0.0092476,0.11792,-0.068418,0,-0.37671,-0.3019,-0.1988,0.2454,-0.55861,-0.050119,-0.031487,0.294,-0.049019,-0.021033,0.094544,0.20839,-0.12541,-0.059063,-0.37289,-0.38021,-0.34639,-0.60886,-0.5589,-0.30982,-0.18026,-0.14538,-0.27782,-0.38549,-0.24187,-0.24985,-0.20586,-0.23937,-0.19583,-0.24562,-0.27894,-0.26256,-0.15894,-0.31696,-0.35207,-0.29721,-0.30981,0.18389,0.16923,-0.18739,0.12213,-0.21431,0.089136,-0.39378,-0.31918,-0.35174,-0.55049,-0.39955,-0.42374,-0.29166,-0.3681,-0.40942,-0.29307,-0.48781,-0.36842,-0.28308,-0.30442,-0.34143,-0.1617,-0.46532,-0.35854,-0.42586,-0.10465,-0.61108,-0.6073,-0.4359,-0.37682,-0.35402,-0.32305,-0.52712,-0.54057,-0.61297,-0.38716
-0.58287,-0.22574,0.019262,-0.084993,-0.2828,-0.12913,-0.39746,-0.2417,-0.44199,-0.3021,-0.42758,-0.34336,-0.015018,-0.03264,-0.23669,-0.14888,0.011649,-0.16545,-0.40886,-0.41737,-0.32858,-0.38658,-0.46965,-0.36696,-0.34501,-0.4145,-0.22999,-0.28772,-0.20139,-0.085932,-0.17906,-0.37671,0,0.10952,-0.055254,-0.22596,0.0047961,-0.15313,-0.41373,-0.36329,-0.44144,-0.21876,-0.35059,-0.33862,-0.23204,-0.24381,-0.46934,-0.44562,-0.14219,-0.20337,0.031113,-0.16847,-0.21953,-0.17322,-0.20541,-0.20907,-0.42765,-0.51427,-0.39937,-0.45846,-0.24756,-0.29552,-0.19024,-0.40565,-0.32611,-0.51978,-0.47065,-0.24595,-0.41981,-0.31927,-0.34751,-0.31458,-0.34856,-0.24425,-0.27954,-0.089166,-0.17542,-0.035255,-0.03094,-0.52079,-0.34673,0.073993,0.11457,-0.20788,-0.30776,-0.38138,-0.31071,-0.43089,-0.45557,-0.34157,-0.27004,-0.11025,-0.063764,-0.37396,-0.25407,-0.033347,0.12869,-0.18852,-0.28317,-0.27894,-0.25748,-0.21113,0.014293,-0.35883,-0.42235
-0.4606,-0.048306,-0.32127,-0.09042,-0.20219,0.19398,-0.18734,0.00024367,-0.50533,-0.10881,-0.52538,-0.087537,-0.28063,-0.092327,-0.35098,-0.16985,-0.24586,-0.25105,-0.15362,-0.23648,-0.2901,-0.10715,-0.21749,0.014056,-0.59576,-0.13985,-0.18287,-0.33167,-0.18254,-0.1009,-0.25744,-0.3019,0.10952,0,0.13275,-0.013378,-0.37226,-0.0060739,-0.35834,-0.12171,-0.21156,-0.026483,-0.3386,-0.24848,-0.38205,-0.4475,-0.20008,-0.21238,-0.13537,-0.28345,-0.1612,-0.11151,-0.20027,-8.3205e-05,-0.36602,-0.18898,-0.30083,-0.16914,-0.24042,-0.20339,0.10623,-0.15682,-0.12833,-0.26738,-0.15746,-0.191,-0.18764,-0.39551,-0.29321,-0.3838,-0.42819,-0.20333,-0.36374,-0.24057,-0.382,-0.33753,-0.22889,-0.18297,-0.12252,-0.66585,-0.22143,-0.16567,-0.28086,-0.1177,-0.12956,-0.32821,-0.26542,-0.095721,-0.17668,-0.2248,-0.24091,-0.2561,0.06446,-0.40152,-0.052258,-0.21362,0.021366,-0.1988,-0.3369,-0.22572,-0.079169,-0.27328,-0.069339,-0.28204,-0.10474
-0.16813,-0.040515,-0.42595,-0.2816,-0.28845,-0.12875,-0.026828,-0.11511,-0.10617,-0.0036135,-0.1722,-0.0055985,-0.00067158,0.015417,0.043849,0.10207,-0.28089,-0.14762,-0.19089,-0.27323,0.020599,0.014561,0.049899,0.026762,-0.2894,0.17335,-0.043671,0.038446,-0.13908,-0.18921,-0.064585,-0.1988,-0.055254,0.13275,0,0.13903,-0.37151,0.073274,0.038363,-0.077838,-0.20392,-0.22326,-0.1662,-0.30192,-0.045881,-0.05318,-0.22905,-0.3117,-0.22769,-0.20251,-0.20192,-0.15481,-0.16192,-0.11388,-0.21836,-0.46278,-0.35418,-0.024094,-0.069838,0.0068049,0.1539,-0.1835,-0.31509,-0.069179,-0.17098,-0.17118,-0.14977,-0.32203,-0.15603,-0.25535,-0.27227,-0.029336,-0.054339,-0.1234,-0.15995,-0.30564,-0.2018,-0.38511,-0.40136,-0.34254,-0.31824,-0.34651,-0.29149,-0.38568,-0.36436,-0.49025,-0.44728,-0.13174,-0.39396,-0.088767,0.049703,-0.22926,-0.23152,-0.45694,-0.27443,-0.2357,-0.26534,-0.33109,-0.21113,-0.077969,-0.14595,-0.32576,-0.17682,-0.4282,-0.35742
-0.38106,0.073416,-0.63433,-0.50135,-0.38176,0.058249,0.084815,0.30151,-0.14529,0.23496,-0.022031,0.26589,-0.17247,-0.15503,-0.10291,-0.041008,-0.33562,-0.47301,-0.18251,-0.33849,0.035855,0.0977,0.14723,0.065417,-0.20085,0.18032,0.20292,-0.16393,0.047664,0.0033104,0.0039047,0.2454,-0.22596,-0.013378,0.13903,0,-0.57935,0.04055,0.081356,0.30366,-0.039605,-0.026376,0.092149,0.13546,-0.039677,-0.031511,-0.36289,-0.4652,-0.34007,-0.57113,-0.51533,-0.22845,-0.15133,-0.021657,-0.26193,-0.42955,-0.17739,-0.07136,-0.21348,-0.12418,0.04162,-0.1785,-0.30689,-0.27367,-0.18301,-0.2818,-0.29881,-0.3742,-0.29676,0.087989,-0.037935,-0.14109,0.063539,-0.17685,0.026715,-0.32121,-0.31555,-0.50705,-0.56518,-0.43168,-0.45478,-0.32072,-0.40074,-0.48783,-0.33033,-0.65913,-0.49457,-0.23046,-0.36162,-0.17226,0.0011173,-0.44518,-0.31678,-0.58398,-0.11797,-0.52238,-0.49148,-0.42005,-0.33451,-0.18223,-0.30194,-0.55272,-0.50193,-0.50115,-0.26293
-0.28755,-0.31849,0.17394,-0.074866,-0.22006,-0.47436,-0.59328,-0.52419,-0.33466,-0.52762,-0.29759,-0.70124,-0.12969,-0.18402,-0.089582,-0.30548,-0.21807,-0.21899,-0.55681,-0.41623,-0.49755,-0.57279,-0.65912,-0.65962,-0.14281,-0.50396,-0.50395,-0.3623,-0.49116,-0.53872,-0.24272,-0.55861,0.0047961,-0.37226,-0.37151,-0.57935,0,-0.27919,-0.33805,-0.63017,-0.54018,-0.41871,-0.44344,-0.43452,-0.29519,-0.26175,-0.30639,-0.20224,-0.12138,-0.11071,-0.043813,-0.02662,-0.23908,-0.33965,-0.029163,-0.1266,-0.31666,-0.35748,-0.24393,-0.29235,-0.35799,-0.4377,-0.26534,-0.37321,-0.24693,-0.31272,-0.26087,-0.066807,-0.30972,-0.33561,-0.36548,-0.21219,-0.30371,-0.24312,-0.37898,-0.10027,-0.30711,-0.19339,-0.1294,-0.11303,-0.27585,-0.20406,-0.14541,-0.30774,-0.40853,-0.17595,-0.26826,-0.4031,-0.32068,-0.28299,-0.36759,-0.21858,-0.3318,-0.29752,-0.57964,-0.075704,-0.081618,-0.12203,-0.17201,-0.29642,-0.3336,-0.13026,-0.012053,-0.17515,-0.41471
-0.3549,0.18189,-0.39923,-0.31588,-0.27353,0.085505,-0.12795,0.049198,-0.16018,0.22087,-0.16748,0.14328,-0.1854,-0.11474,0.077333,-0.083852,-0.22684,-0.37405,-0.38417,-0.43563,-0.29335,-0.13997,-0.1372,-0.032123,-0.49799,0.10813,0.15358,-0.21599,-0.12959,-0.038042,-0.1988,-0.050119,-0.15313,-0.0060739,0.073274,0.04055,-0.27919,0,0.027119,0.052847,-0.29463,-0.10656,-0.2431,-0.22149,-0.14676,-0.26381,-0.064163,-0.11929,-0.1866,-0.19296,-0.12312,-0.017152,-0.011042,0.07338,-0.12489,-0.31514,-0.34305,0.070397,0.11495,0.04691,0.18143,-0.42657,-0.34757,-0.17978,-0.11496,-0.018115,0.042785,-0.43838,-0.21744,-0.25069,-0.31798,-0.019927,-0.021847,0.13743,-0.15888,-0.38083,-0.27713,-0.34174,-0.43361,-0.38565,-0.26178,-0.28847,-0.28871,-0.49029,-0.59395,-0.51694,-0.59663,0.11689,-0.24804,0.017497,-0.13134,-0.31379,-0.17515,-0.28052,-0.075496,-0.32305,-0.38587,-0.42516,-0.21702,-0.15603,-0.066183,-0.35091,-0.27763,-0.29732,-0.37874
-0.030019,-0.023814,-0.51098,-0.43835,-0.2782,-0.32707,0.082991,-0.11495,0.028498,0.055961,0.082034,0.0047902,-0.058041,-0.21626,0.14825,-0.13992,-0.35421,-0.35843,-0.28394,-0.41162,0.068662,-0.006698,0.27863,-0.060858,-0.071918,0.22472,-0.021051,-0.037811,0.048169,-0.20577,-0.013533,-0.031487,-0.41373,-0.35834,0.038363,0.081356,-0.33805,0.027119,0,0.099572,0.015922,-0.16775,0.13159,-0.070409,0.03242,0.046351,-0.26835,-0.3803,-0.49309,-0.34812,-0.37828,-0.27525,-0.21525,-0.23809,-0.1858,-0.46816,-0.10996,0.13381,0.044247,-0.022174,-0.081909,-0.50049,-0.64474,-0.15355,-0.33942,-0.19059,-0.17828,-0.36328,-0.22253,-0.16056,-0.22243,-0.030572,0.046286,-0.13089,-0.10437,-0.43443,-0.31794,-0.5206,-0.69449,-0.019137,-0.38842,-0.50774,-0.40046,-0.59157,-0.46111,-0.51513,-0.59352,-0.12673,-0.34735,-0.095275,0.036658,-0.40053,-0.51779,-0.35855,-0.38553,-0.43997,-0.64829,-0.38069,-0.076542,-0.17543,-0.375,-0.46069,-0.46351,-0.39322,-0.42012
-0.2583,0.13723,-0.73338,-0.51872,-0.20603,0.12628,0.33124,0.39023,-0.19454,0.31087,-0.16177,0.37727,-0.39191,-0.42307,-0.26904,-0.18247,-0.34209,-0.38718,-0.00054083,-0.19714,-0.017045,0.30221,0.3089,0.31671,-0.28055,0.12552,0.14708,-0.19773,0.054434,0.082093,-0.22044,0.294,-0.36329,-0.12171,-0.077838,0.30366,-0.63017,0.052847,0.099572,0,0.19741,0.28443,0.086408,0.2871,-0.25729,-0.25858,-0.26959,-0.34317,-0.29462,-0.54401,-0.42197,-0.29502,-0.078878,-0.0090871,-0.39302,-0.2654,0.0060383,-0.10147,-0.095965,-0.18046,0.019173,-0.39816,-0.35971,-0.25458,-0.27501,-0.19844,-0.24535,-0.541,-0.27544,-0.088851,-0.13852,-0.26382,-0.10916,-0.28764,-0.16239,-0.56332,-0.32236,-0.38231,-0.6041,-0.44501,-0.37251,-0.27151,-0.41796,-0.30598,-0.20015,-0.44856,-0.37755,-0.12376,-0.14614,-0.3086,-0.21427,-0.47421,-0.29488,-0.42793,-0.086479,-0.55651,-0.48592,-0.27315,-0.097825,-0.32241,-0.39513,-0.5187,-0.48149,-0.51583,-0.19471
-0.090015,-0.20324,-0.57625,-0.43783,-0.044443,-0.18161,0.40634,0.0075657,-0.29143,-0.11167,-0.26018,-0.020581,-0.44543,-0.60272,-0.44303,-0.41921,-0.3688,-0.36561,0.084708,-0.050006,0.041602,0.088482,0.29021,0.10741,-0.15741,-0.074997,-0.18493,-0.29477,0.042821,-0.1432,-0.2852,-0.049019,-0.44144,-0.21156,-0.20392,-0.039605,-0.54018,-0.29463,0.015922,0.19741,0,0.24245,0.18332,0.19355,-0.42922,-0.32882,-0.29034,-0.36353,-0.43007,-0.55375,-0.55502,-0.47233,-0.2369,-0.28676,-0.54194,-0.13618,0.27106,-0.15052,-0.14345,-0.37086,-0.272,-0.34804,-0.39805,-0.18694,-0.40805,-0.24726,-0.34623,-0.38716,-0.37163,-0.19027,-0.19702,-0.38319,-0.35079,-0.5618,-0.36816,-0.6367,-0.32362,-0.23301,-0.37764,-0.32484,-0.21421,-0.35417,-0.50952,-0.11921,0.035267,-0.18634,-0.16217,-0.15566,-0.029003,-0.46007,-0.26964,-0.4822,-0.32115,-0.29901,-0.24232,-0.57354,-0.46785,-0.13279,-0.078706,-0.30822,-0.42213,-0.46243,-0.5521,-0.35133,-0.17121
-0.32223,0.08998,-0.54875,-0.40464,-0.10203,0.18013,0.17146,0.26581,-0.57973,-0.082842,-0.51066,-0.027196,-0.48318,-0.47118,-0.47898,-0.45223,-0.28105,-0.39523,-0.045982,-0.16157,-0.2409,0.12273,-0.025092,0.17551,-0.476,-0.21261,-0.13545,-0.49932,-0.04975,0.055129,-0.42776,-0.021033,-0.21876,-0.026483,-0.22326,-0.026376,-0.41871,-0.10656,-0.16775,0.28443,0.24245,0,-0.071966,0.22741,-0.56843,-0.51365,-0.31418,-0.28162,-0.15919,-0.55108,-0.39014,-0.21212,-0.062487,0.016587,-0.54114,0.079187,0.13912,-0.25585,-0.19987,-0.43632,-0.13612,-0.4599,-0.27342,-0.37286,-0.29174,-0.2049,-0.28223,-0.61691,-0.50873,-0.22375,-0.31546,-0.47204,-0.38952,-0.51369,-0.36483,-0.64423,-0.45389,-0.18737,-0.36083,-0.66334,-0.39774,-0.12142,-0.40837,-0.086765,-0.045352,-0.29573,-0.28883,-0.17754,0.025259,-0.53704,-0.36767,-0.39105,-0.10716,-0.36798,-0.074486,-0.51044,-0.32449,-0.10549,-0.11041,-0.36638,-0.35136,-0.49477,-0.37846,-0.35012,-0.046767
