,,,,,,,,,,,,,,,,,,,,,,,,,,,,,,,,,,,,,,,,,,,,,,,,,,,,,,,,,,,,,,,,,,,,,,,,,,,,,,,,,,,,,,,,,,,,,,,,,,,,,,,,
0,-0.12352,-0.17545,-0.15071,-0.2788,-0.50362,0.020994,-0.20742,-0.0047656,-0.30479,-0.10352,-0.26314,-0.5443,-0.49693,-0.077802,-0.18827,-0.27494,-0.32863,-0.12918,-0.30019,-0.33572,-0.19456,0.10321,0.098546,-0.05712,-0.088276,-0.37174,-0.34771,-0.069254,-0.27761,-0.15935,-0.054998,-0.58985,-0.42058,-0.21731,-0.24765,-0.068657,-0.16366,-0.182,-0.1726,-0.12738,-0.28217,-0.03643,-0.057486,-0.13875,0.022628,-0.35701,-0.33826,-0.17611,-0.71513,-0.706,-0.38656,-0.030017,-0.29278,-0.27729,-0.31428,-0.27216,-0.12414,-0.061153,-0.12605,-0.1913,-0.1995,-0.44639,-0.23852,-0.17085,-0.29411,-0.31262,-0.21066,-0.41712,-0.22898,-0.23732,-0.095075,0.057587,-0.25317,-0.084629,-0.20271,-0.34964,-0.28157,-0.3506,-0.21606,-0.32593,-0.13313,-0.21801,-0.27258,-0.11215,-0.25896,-0.35793,-0.31083,-0.30443,-0.19811,-0.024825,-0.42175,-0.37505,-0.45343,-0.41608,-0.42817,-0.42731,-0.22525,-0.14061,-0.3868,-0.2854,-0.35813,-0.49404,-0.39499,-0.2029
-0.12352,0,-0.10728,0.10863,-0.40318,0.022472,-0.41205,0.074874,-0.26521,-0.26908,-0.25374,-0.12437,-0.28255,-0.1659,-0.1804,-0.096444,-0.29977,-0.14322,-0.45485,-0.55123,-0.93454,-0.40726,-0.37022,-0.25264,-0.16462,-0.022743,-0.7498,-0.0068129,-0.28765,-0.47887,-0.014161,-0.23495,-0.27245,-0.17961,-0.038735,0.2035,-0.042328,0.30806,-0.34869,0.086432,-0.45048,-0.049242,-0.21979,-0.00044063,0.098282,0.031183,-0.40219,-0.44218,-0.15203,-0.64597,-0.30705,-0.71469,-0.32011,0.10448,-0.27177,-0.36745,-0.26052,-0.15017,-0.17432,-0.25893,-0.076148,-0.5419,-0.39752,-0.44794,-0.35335,-0.42533,-0.49003,-0.44757,-0.48823,-0.65324,-0.73462,-0.3105,-0.29675,-0.21395,-0.36445,-0.1392,-0.10594,-0.16474,-0.31979,-0.067912,-0.014907,-0.20296,-0.20985,-0.39093,-0.21449,-0.30441,-0.24686,-0.39778,-0.40071,0.00095583,-0.097339,-0.46227,-0.20501,-0.51176,-0.23128,-0.36325,-0.066393,-0.22823,-0.068488,-0.30063,-0.40094,-0.36972,-0.45538,-0.57992,-0.19881
-0.17545,-0.10728,0,0.31854,-0.33304,-0.39463,-0.67664,-0.5903,-0.24178,-0.64395,-0.39995,-0.56304,-0.00014236,-0.049622,0.039291,-0.09197,0.16602,0.06579,-0.30094,-0.27747,-0.52252,-0.49171,-0.48761,-0.39134,-0.20733,-0.3681,-0.34239,-0.22956,-0.25077,-0.37238,-0.23458,-0.3418,-0.017571,-0.2422,-0.14568,-0.36066,0.29094,-0.32042,-0.35619,-0.48654,-0.57663,-0.49368,-0.34851,-0.4436,-0.097949,-0.11201,-0.31541,-0.33934,-0.26096,-0.33577,-0.14877,-0.6687,-0.20677,-0.27952,0.23766,-0.52823,-0.41314,-0.092167,-0.021001,-0.29759,-0.36592,-0.45339,-0.59902,-0.40856,-0.4352,-0.43442,-0.35946,-0.083368,-0.39168,-0.4747,-0.58309,-0.24128,-0.21392,-0.149,-0.30681,0.59055,0.2097,0.35917,0.21807,0.070698,0.075348,0.194,-0.012345,-0.016459,-0.14348,0.12598,-0.10714,-0.20872,-0.25865,0.18572,0.28922,-0.49443,-0.278,-0.41253,-0.41699,-0.054849,-0.07886,-0.098363,-0.1003,-0.35062,-0.2913,-0.24427,-0.4915,-0.53902,-0.28571
-0.15071,0.10863,0.31854,0,-0.41571,-0.30696,-0.36983,-0.24548,-0.12401,-0.45353,-0.1564,-0.30353,-0.045162,-0.046971,-0.035061,-0.16505,-0.19942,-0.17541,-0.35372,-0.41271,-0.65919,-0.63598,-0.44781,-0.28151,-0.25151,-0.16844,-0.43991,-0.2437,-0.2242,-0.29004,-0.0041758,-0.11554,-0.17644,-0.15857,-0.13734,-0.22423,0.2566,-0.080975,-0.10011,-0.22886,-0.4612,-0.36713,-0.21438,-0.14354,0.10796,0.16362,-0.53873,-0.46593,-0.35366,-0.47735,-0.20542,-0.65004,-0.13087,-0.10122,-0.074813,-0.4598,-0.40422,-0.18825,-0.12377,-0.077734,-0.11605,-0.51038,-0.46517,-0.26981,-0.2733,-0.50216,-0.52652,-0.18654,-0.42381,-0.58932,-0.76844,-0.05129,-0.036308,-0.0032471,-0.093204,0.2278,0.079883,0.3383,0.11493,0.048876,0.091448,-0.14151,-0.23906,-0.054828,0.11147,-0.048917,-0.056598,-0.42573,-0.365,-0.092397,0.077897,-0.54051,-0.24971,-0.33795,-0.27101,-0.062143,0.32195,-0.17524,-0.069864,-0.29141,-0.12505,-0.28679,-0.28907,-0.54948,-0.22377
-0.2788,-0.40318,-0.33304,-0.41571,0,0.16882,-0.32057,-0.2126,-0.56562,-0.41402,-0.66804,-0.39759,-0.26089,-0.31192,-0.37723,-0.39382,-0.10267,-0.11267,-0.18705,-0.057845,-0.061573,0.060218,-0.29255,-0.26442,-0.26124,-0.34939,-0.15102,-0.67192,-0.42556,-0.52528,-0.73557,-0.42218,-0.29744,-0.2441,-0.51,-0.22691,-0.45534,-0.45351,-0.39176,-0.35885,0.041148,-0.067336,-0.35405,-0.42636,-0.66522,-0.62664,0.20726,0.13723,-0.23842,-0.027963,-0.11816,-0.2288,-0.11769,-0.23818,0.072081,0.2321,0.2277,0.010704,0.0055384,-0.4736,-0.39261,-0.21577,-0.37316,-0.30408,-0.28292,0.22899,0.15704,-0.027177,-0.24352,-0.12509,-0.13963,-0.66667,-0.65096,-0.50313,-0.54967,-0.28444,-0.24333,-0.29188,-0.23481,-0.29463,-0.2227,-0.16173,-0.20196,-0.060279,-0.37022,-0.031787,-0.052734,0.23758,0.24684,-0.099631,-0.19674,-0.27816,-0.21632,-0.29895,-0.36628,-0.39934,-0.43142,-0.010887,-0.26561,-0.31242,-0.21312,-0.021557,-0.1772,-0.37093,-0.45745
-0.50362,0.022472,-0.39463,-0.30696,0.16882,0,-0.4936,0.049941,-0.65288,-0.24426,-0.59404,-0.19235,-0.2464,-0.17145,-0.43972,-0.3638,-0.25614,-0.060665,-0.39947,-0.31629,-0.39638,-0.098282,-0.50942,-0.39911,-0.31221,-0.20893,-0.46914,-0.37894,-0.52309,-0.61382,-0.52791,-0.43517,-0.20954,-0.01248,-0.36948,0.13226,-0.45406,-0.045833,-0.48521,-0.12511,-0.22469,0.088432,-0.38458,-0.292,-0.44532,-0.51814,0.070366,0.0093007,-0.18044,-0.16237,-0.039243,-0.35022,-0.33309,0.0027319,-0.13769,0.11748,0.14822,-0.097454,-0.14916,-0.52267,-0.28269,-0.34373,-0.24069,-0.33776,-0.28542,0.059214,-0.054977,-0.31018,-0.33346,-0.39887,-0.43565,-0.69645,-0.75779,-0.36601,-0.65901,-0.39369,-0.22291,-0.33983,-0.34707,-0.31649,-0.12604,-0.28491,-0.25948,-0.31537,-0.44138,-0.26387,-0.13162,0.01368,0.024357,-0.037508,-0.33226,-0.23564,-0.057113,-0.36433,-0.17762,-0.39895,-0.22297,-0.054062,-0.28462,-0.18306,-0.341,-0.17488,-0.15387,-0.43957,-0.37804
0.020994,-0.41205,-0.67664,-0.36983,-0.32057,-0.4936,0,0.096661,-0.033766,-0.067458,0.23381,-0.0072738,-0.52098,-0.5278,-0.27548,-0.43293,-0.67618,-0.89537,-0.19494,-0.31616,-0.13925,-0.21436,0.19965,0.13227,-0.16458,0.024499,-0.20376,-0.49158,0.00017625,0.0091042,-0.083266,0.19886,-0.69943,-0.53623,-0.297,-0.29792,-0.50331,-0.27029,0.16296,0.043053,0.23209,-0.1925,0.26605,0.2595,-0.24119,-0.034749,-0.47151,-0.37724,-0.41459,-0.52652,-0.70746,-0.16987,-0.025164,-0.20628,-0.67422,-0.15479,-0.1676,-0.33642,-0.31406,-0.066949,-0.081646,-0.025584,-0.12839,-0.078921,-0.0064468,-0.28236,-0.33327,-0.26812,-0.25033,-0.047297,0.0020676,0.047649,0.066685,-0.23798,0.106,-0.56711,-0.52843,-0.4597,-0.56475,-0.47673,-0.57848,-0.55364,-0.53754,-0.36339,-0.14164,-0.59693,-0.44603,-0.46526,-0.32628,-0.63995,-0.38427,-0.17783,-0.32124,-0.15951,-0.25913,-0.44629,-0.38794,-0.3758,-0.31668,-0.20015,-0.078575,-0.50408,-0.11752,-0.17992,-0.35564
-0.20742,0.074874,-0.5903,-0.24548,-0.2126,0.049941,0.096661,0,-0.21958,0.020357,-0.0087381,0.25017,-0.33393,-0.26322,-0.27264,-0.29687,-0.56888,-0.57209,-0.44275,-0.5189,-0.51497,-0.21528,-0.12431,-0.053527,-0.14013,0.12673,-0.3915,-0.36777,-0.21562,-0.31886,-0.16794,-0.082148,-0.53897,-0.41404,-0.28684,0.031868,-0.5088,0.065749,-0.093265,0.41464,0.037101,0.14721,0.052232,0.32997,-0.19323,-0.12966,-0.33888,-0.3078,-0.24751,-0.51347,-0.44206,-0.37057,-0.075172,0.24602,-0.46609,-0.073796,0.011497,-0.13714,-0.17808,-0.16918,0.069484,-0.17707,-0.043013,-0.27992,-0.1655,-0.22831,-0.29336,-0.39649,-0.35683,-0.33486,-0.3158,-0.31563,-0.31148,-0.2643,-0.19353,-0.49507,-0.27764,-0.41034,-0.55253,-0.35119,-0.25284,-0.46802,-0.47043,-0.49832,-0.2774,-0.62824,-0.39982,-0.35568,-0.24313,-0.31921,-0.35708,-0.1526,-0.11306,-0.16626,0.0044741,-0.42123,-0.17819,-0.31981,-0.23536,-0.15451,-0.19151,-0.37374,-0.14648,-0.25923,-0.28365
-0.0047656,-0.26521,-0.24178,-0.12401,-0.56562,-0.65288,-0.033766,-0.21958,0,-0.11662,0.28603,-0.012439,-0.14722,-0.12132,0.1279,0.086235,-0.37075,-0.4702,-0.25113,-0.32899,-0.42757,-0.43887,0.17198,0.19754,-0.18014,0.031278,-0.1288,-0.24821,0.10177,-0.27326,-0.17668,-0.15428,-0.47218,-0.55329,-0.16114,-0.43179,-0.24643,-0.27313,-0.17658,-0.20372,-0.26568,-0.49832,-0.11697,-0.091394,-0.080934,0.075274,-0.4916,-0.40223,-0.32336,-0.45982,-0.35417,-0.20579,-0.0080738,-0.28257,-0.45234,-0.4904,-0.41849,-0.18126,-0.0075043,0.41972,0.3059,-0.27378,-0.36826,-0.40282,-0.28579,-0.34143,-0.30179,-0.49737,-0.5359,-0.3089,-0.33771,0.023706,0.18975,0.042003,0.39979,-0.21365,-0.040931,-0.31531,-0.25404,-0.1486,-0.16608,-0.29809,-0.40076,-0.30366,-0.20879,-0.42251,-0.40668,-0.4761,-0.38785,-0.27276,-0.1325,-0.23741,-0.16419,0.053391,-0.052903,-0.22811,-0.1604,-0.61284,-0.18667,-0.25663,-0.17974,-0.21351,-0.093428,0.012595,0.13427
-0.30479,-0.26908,-0.64395,-0.45353,-0.41402,-0.24426,-0.067458,0.020357,-0.11662,0,0.025564,0.74443,-0.37935,-0.34489,-0.19982,-0.49005,-0.46622,-0.59052,-0.4904,-0.68826,-0.51686,-0.40445,-0.082148,-0.18166,-0.3597,0.016602,-0.44096,-0.31932,-0.046877,-0.047887,-0.25846,-0.16307,-0.54375,-0.44093,-0.43396,-0.14201,-0.49169,0.046985,-0.19065,0.03483,-0.31112,-0.41473,-0.21405,-0.026587,-0.19361,-0.2458,-0.30343,-0.32134,-0.31736,-0.33035,-0.28629,0.014853,-0.39331,-0.2662,-0.70768,-0.43319,-0.38723,-0.3056,-0.36013,-0.010243,0.063207,-0.22716,-0.15425,-0.21918,-0.21754,-0.29628,-0.23174,-0.82187,-0.3801,-0.52906,-0.44494,-0.33839,-0.2653,-0.032797,-0.078582,-0.63941,-0.43493,-0.76799,-0.78094,-0.34727,-0.32715,-0.41678,-0.45982,-0.68507,-0.59168,-0.77332,-0.79349,-0.42072,-0.45599,-0.36871,-0.52894,-0.12342,-0.17878,-0.036817,0.18196,-0.10026,-0.24639,-0.453,-0.33032,-0.14853,-0.21687,-0.25516,-0.070467,0.18804,0.055682
-0.10352,-0.25374,-0.39995,-0.1564,-0.66804,-0.59404,0.23381,-0.0087381,0.28603,0.025564,0,0.10949,-0.23306,-0.24857,0.029041,-0.27094,-0.51223,-0.67785,-0.32242,-0.41473,-0.44228,-0.39214,0.17972,0.20763,-0.05735,0.23467,-0.24298,-0.21487,0.23166,0.092818,0.12102,0.1718,-0.47035,-0.52043,-0.18222,-0.28699,-0.27144,-0.14101,0.12207,0.084859,-0.16647,-0.37214,0.29129,0.28258,0.047778,0.25442,-0.61537,-0.48527,-0.39549,-0.59678,-0.56278,-0.24809,-0.14411,-0.20851,-0.64198,-0.49443,-0.36821,-0.29271,-0.27349,0.13422,0.08252,-0.12196,-0.20915,-0.20639,-0.20942,-0.45458,-0.39551,-0.55713,-0.41897,-0.27705,-0.3093,0.23213,0.23442,0.031102,0.2082,-0.36681,-0.26351,-0.33123,-0.47444,-0.23055,-0.35444,-0.38063,-0.43969,-0.43409,-0.16873,-0.63239,-0.50314,-0.63048,-0.47173,-0.42161,-0.3042,-0.2566,-0.32908,-0.11044,-0.10368,-0.28477,-0.15689,-0.52336,-0.4059,-0.0031929,-0.10418,-0.4963,-0.066163,-0.12895,-0.16585
-0.26314,-0.12437,-0.56304,-0.30353,-0.39759,-0.19235,-0.0072738,0.25017,-0.012439,0.74443,0.10949,0,-0.26394,-0.22634,-0.15861,-0.34029,-0.50715,-0.63861,-0.50069,-0.70784,-0.60521,-0.39938,-0.063749,-0.086262,-0.27293,0.17177,-0.42179,-0.35978,-0.042891,-0.15075,-0.21089,-0.10476,-0.55869,-0.49933,-0.36461,-0.11391,-0.46104,0.10507,-0.11408,0.22883,-0.20215,-0.26479,-0.14225,0.10375,-0.13892,-0.13797,-0.34595,-0.33389,-0.29551,-0.41136,-0.30423,-0.12185,-0.21104,-0.066597,-0.6014,-0.38413,-0.30213,-0.19032,-0.22504,0.09155,0.28181,-0.285,-0.15311,-0.33057,-0.23622,-0.30112,-0.26689,-0.7289,-0.47142,-0.53164,-0.46521,-0.29875,-0.21734,-0.024919,0.014724,-0.49946,-0.2521,-0.58429,-0.64826,-0.30976,-0.18463,-0.41409,-0.4976,-0.59044,-0.45383,-0.72067,-0.65879,-0.42504,-0.41239,-0.32065,-0.41527,-0.10343,-0.065715,0.051785,0.31836,-0.13725,-0.13005,-0.47406,-0.22759,-0.20518,-0.2042,-0.25034,-0.057147,0.14545,0.093367
-0.5443,-0.28255,-0.00014236,-0.045162,-0.26089,-0.2464,-0.52098,-0.33393,-0.14722,-0.37935,-0.23306,-0.26394,0,0.63265,0.034139,-0.18905,-0.16133,-0.24033,-0.57246,-0.28499,-0.47841,-0.38723,-0.42729,-0.27115,-0.27889,-0.24042,0.017185,-0.27341,-0.18927,-0.46759,-0.3228,-0.51507,0.2058,-0.30346,-0.13195,-0.43996,-0.20797,-0.54381,-0.41492,-0.33607,-0.44571,-0.40364,-0.31648,-0.3903,-0.12131,-0.18096,-0.39085,-0.32514,-0.5041,0.053933,0.1409,-0.34119,-0.13008,-0.089747,0.066881,-0.48615,-0.28161,-0.095116,-0.067783,-0.12513,-0.05552,-0.36846,-0.34804,-0.49141,-0.45963,-0.35686,-0.3043,-0.3204,-0.35198,-0.29028,-0.47152,-0.23072,-0.27821,-0.018547,-0.19441,0.20346,0.41938,0.026946,0.015334,0.10619,0.067708,-0.19097,-0.37937,-0.19736,-0.37676,-0.20367,-0.23615,-0.3353,-0.28788,-0.086208,-0.16847,-0.33694,-0.18302,-0.018968,-0.014731,-0.14832,-0.042585,-0.40371,-0.39758,-0.15703,-0.026445,-0.061634,-0.18362,-0.13369,-0.19419
-0.49693,-0.1659,-0.049622,-0.046971,-0.31192,-0.17145,-0.5278,-0.26322,-0.12132,-0.34489,-0.24857,-0.22634,0.63265,0,0.074155,-0.063546,-0.26136,-0.22396,-0.65483,-0.37565,-0.48441,-0.3514,-0.48572,-0.26448,-0.3881,-0.27553,-0.075287,-0.28413,-0.27815,-0.6497,-0.3765,-0.60435,0.12786,-0.24521,-0.14452,-0.40773,-0.30858,-0.43332,-0.55988,-0.32548,-0.51574,-0.36519,-0.35495,-0.35467,-0.15062,-0.21546,-0.36631,-0.26403,-0.44599,0.038932,0.12866,-0.33617,-0.046192,0.077097,0.03037,-0.40753,-0.28116,-0.14582,-0.048537,-0.1268,0.029299,-0.25449,-0.15833,-0.39645,-0.29093,-0.31334,-0.30893,-0.32983,-0.31835,-0.28902,-0.48563,-0.24221,-0.27066,0.070569,-0.1742,0.086188,0.32013,-0.033976,-0.003403,-0.028709,0.0080331,-0.30167,-0.46723,-0.3638,-0.48125,-0.36623,-0.36313,-0.32566,-0.26625,-0.065065,-0.19063,-0.18914,-0.0088059,0.022689,0.12092,-0.19123,-0.053384,-0.45572,-0.40326,-0.13317,-0.045907,-0.14478,-0.17621,-0.10871,-0.21746
-0.077802,-0.1804,0.039291,-0.035061,-0.37723,-0.43972,-0.27548,-0.27264,0.1279,-0.19982,0.029041,-0.15861,0.034139,0.074155,0,-0.067749,-0.1648,-0.29624,-0.51912,-0.44505,-0.57993,-0.36536,-0.093367,-0.010487,-0.28506,-0.16265,-0.096275,-0.15896,0.25308,-0.25496,-0.12895,-0.3093,-0.20281,-0.52216,-0.16916,-0.40244,-0.19793,-0.36032,-0.29831,-0.22355,-0.48899,-0.62285,-0.062258,-0.10408,0.081158,0.042057,-0.41335,-0.38456,-0.53073,-0.22362,-0.14813,-0.37739,-0.10395,-0.11896,-0.155,-0.59965,-0.43446,-0.076196,-0.0037691,0.10794,0.10487,-0.13001,-0.30213,-0.20362,-0.21544,-0.40327,-0.30558,-0.32801,-0.16503,-0.3579,-0.47778,-0.033576,-0.01873,0.15666,0.021347,-0.0049893,0.06964,-0.12496,-0.27838,0.18738,-0.15217,-0.1677,-0.38005,-0.4271,-0.4461,-0.38033,-0.55939,-0.38082,-0.3512,0.033536,0.12485,-0.35453,-0.31269,-0.10375,-0.069132,-0.086988,-0.15017,-0.3711,-0.2745,0.048971,0.07564,-0.1454,-0.17646,-0.16541,-0.18202
-0.18827,-0.096444,-0.09197,-0.16505,-0.39382,-0.3638,-0.43293,-0.29687,0.086235,-0.49005,-0.27094,-0.34029,-0.18905,-0.063546,-0.067749,0,-0.26779,-0.19342,-0.25117,-0.2947,-0.43587,-0.2677,-0.19296,-0.057662,-0.22983,-0.24846,-0.25489,-0.22554,-0.29889,-0.65984,-0.36995,-0.4309,-0.40768,-0.5721,-0.23417,-0.38247,-0.29821,-0.27588,-0.42237,-0.27996,-0.31306,-0.19992,-0.38118,-0.30405,-0.32417,-0.26184,-0.2611,-0.24354,-0.13414,-0.44221,-0.27535,-0.54471,0.0046572,-0.086113,-0.13413,-0.31075,-0.33244,-0.1142,0.06476,-0.10112,-0.017225,-0.40943,-0.35683,-0.66789,-0.45276,-0.26254,-0.25435,-0.31502,-0.50505,-0.35004,-0.34841,-0.33675,-0.27434,-0.34255,-0.19456,-0.10286,0.11075,-0.17069,-0.12803,-0.23614,-0.0053351,-0.24383,-0.2816,-0.26308,-0.25701,-0.23833,-0.2257,-0.23455,-0.19341,-0.067125,0.040687,-0.21188,-0.091421,-0.15573,-0.21624,-0.38192,-0.22107,-0.57875,-0.06859,-0.46818,-0.49778,-0.25267,-0.30273,-0.30777,-0.1773
-0.27494,-0.29977,0.16602,-0.19942,-0.10267,-0.25614,-0.67618,-0.56888,-0.37075,-0.46622,-0.51223,-0.50715,-0.16133,-0.26136,-0.1648,-0.26779,0,0.3785,-0.10882,-0.0017829,-0.33009,-0.22904,-0.25614,-0.3945,-0.022106,-0.34241,-0.39976,-0.25724,-0.29853,-0.35372,-0.50478,-0.40967,-0.050951,-0.23868,-0.38364,-0.32837,-0.018405,-0.37741,-0.4924,-0.5008,-0.40326,-0.35808,-0.42033,-0.52738,-0.39556,-0.4229,0.02955,-0.11489,0.058774,-0.27921,-0.1809,-0.30573,-0.36198,-0.49272,0.044341,-0.29669,-0.12403,-0.0005491,-0.041223,-0.43334,-0.48986,-0.31018,-0.57718,-0.48567,-0.52856,-0.17758,-0.011985,-0.22885,-0.49449,-0.407,-0.34238,-0.59081,-0.4742,-0.4479,-0.56283,0.030485,-0.087117,-0.073484,0.035183,-0.11727,-0.23039,0.6879,0.48365,0.0019998,-0.3737,0.053927,-0.13454,0.088066,-0.062882,0.21577,-0.074304,-0.32997,-0.28856,-0.36614,-0.50017,-0.20113,-0.44841,0.026906,-0.16486,-0.35859,-0.4131,-0.12966,-0.41723,-0.35154,-0.27556
-0.32863,-0.14322,0.06579,-0.17541,-0.11267,-0.060665,-0.89537,-0.57209,-0.4702,-0.59052,-0.67785,-0.63861,-0.24033,-0.22396,-0.29624,-0.19342,0.3785,0,-0.054672,0.044884,-0.31064,-0.15187,-0.42051,-0.44593,-0.21819,-0.4439,-0.48941,-0.21721,-0.53538,-0.62001,-0.56637,-0.53643,-0.061689,0.063234,-0.38665,-0.28659,-0.081171,-0.27661,-0.60914,-0.5689,-0.51715,-0.28263,-0.62495,-0.68952,-0.4493,-0.51572,0.091543,0.014785,0.053181,-0.27574,-0.14028,-0.3251,-0.43625,-0.47046,0.015415,-0.17949,-0.14326,-0.038457,-0.087483,-0.46705,-0.49697,-0.3906,-0.52185,-0.3956,-0.41777,-0.050605,-0.01852,-0.25854,-0.49218,-0.49753,-0.47529,-0.58858,-0.53165,-0.43566,-0.6815,-0.13138,-0.19259,-0.049886,0.060353,-0.20542,-0.22036,0.17039,0.19357,-0.015429,-0.28712,0.1321,0.021266,0.13958,0.0043928,0.21521,-0.11496,-0.36578,-0.2575,-0.46516,-0.49962,-0.27972,-0.34099,0.065993,-0.16794,-0.31966,-0.48023,-0.077979,-0.38593,-0.50008,-0.26958
-0.12918,-0.45485,-0.30094,-0.35372,-0.18705,-0.39947,-0.19494,-0.44275,-0.25113,-0.4904,-0.32242,-0.50069,-0.57246,-0.65483,-0.51912,-0.25117,-0.10882,-0.054672,0,0.38535,0.098241,-0.034085,0.0017219,-0.077856,-0.09399,-0.22903,-0.39229,-0.46765,-0.40081,-0.27468,-0.47796,-0.064136,-0.50475,-0.19803,-0.37687,-0.42748,-0.28384,-0.32117,-0.11936,-0.43497,0.022045,-0.21346,-0.2872,-0.45357,-0.66561,-0.4735,0.054747,0.082371,0.053012,-0.53168,-0.56597,-0.21535,-0.26592,-0.71228,-0.38709,0.025936,-0.061119,-0.063146,-0.070088,-0.34692,-0.47548,-0.28424,-0.55558,-0.35491,-0.27409,0.12662,0.080453,-0.21036,-0.64951,-0.2454,-0.066949,-0.31387,-0.28421,-0.5212,-0.34454,-0.43945,-0.43418,-0.16061,-0.11343,-0.6268,-0.45512,-0.10077,-0.039589,0.29539,0.091516,0.096872,0.12692,0.12649,0.15476,-0.19329,-0.14418,-0.17553,-0.25814,-0.33659,-0.66614,-0.34899,-0.50439,0.038342,0.0051385,-0.36345,-0.51093,-0.29044,-0.25349,-0.40996,-0.24287
-0.30019,-0.55123,-0.27747,-0.41271,-0.057845,-0.31629,-0.31616,-0.5189,-0.32899,-0.68826,-0.41473,-0.70784,-0.28499,-0.37565,-0.44505,-0.2947,-0.0017829,0.044884,0.38535,0,0.20568,0.082276,-0.096377,-0.11928,-0.069688,-0.31712,-0.17773,-0.36436,-0.39479,-0.41016,-0.54738,-0.29236,-0.14067,-0.085415,-0.27062,-0.47249,-0.32195,-0.62546,-0.36996,-0.57533,-0.051195,-0.20596,-0.27514,-0.53779,-0.64665,-0.51351,0.0087517,0.03824,-0.087883,-0.23642,-0.34058,-0.16375,-0.26004,-0.62748,-0.22479,0.065227,0.10705,-0.11169,-0.085876,-0.46551,-0.53228,-0.18715,-0.49442,-0.3813,-0.31057,0.11518,0.062461,-0.11873,-0.49907,0.011694,0.068603,-0.32853,-0.35255,-0.52385,-0.45919,-0.2974,-0.31554,-0.10438,0.043155,-0.45113,-0.50913,-0.072128,-0.033251,0.29601,-0.097638,0.09155,0.18337,0.096383,0.18284,-0.18184,-0.25223,-0.22166,-0.30133,-0.3278,-0.70701,-0.49771,-0.61597,0.0098431,-0.2419,-0.24265,-0.33788,-0.21622,-0.221,-0.39904,-0.39509
-0.33572,-0.93454,-0.52252,-0.65919,-0.061573,-0.39638,-0.13925,-0.51497,-0.42757,-0.51686,-0.44228,-0.60521,-0.47841,-0.48441,-0.57993,-0.43587,-0.33009,-0.31064,0.098241,0.20568,0,0.1153,-0.23767,-0.25123,-0.33914,-0.4951,-0.049425,-0.72784,-0.48234,-0.35123,-0.68517,-0.26536,-0.35355,-0.1721,-0.51538,-0.63038,-0.59451,-0.72361,-0.3205,-0.62544,0.069227,-0.25422,-0.31638,-0.55796,-0.92254,-0.67747,-0.031943,0.0785,-0.26164,-0.12347,-0.43812,0.073457,-0.12993,-0.57726,-0.30594,0.19498,-0.033129,-0.38454,-0.29314,-0.50713,-0.5971,0.03944,-0.14163,-0.11046,-0.013083,0.088825,-0.01286,0.062116,-0.23744,0.28314,0.44677,-0.27749,-0.28092,-0.45478,-0.30723,-0.52912,-0.56349,-0.33093,-0.16856,-0.85288,-0.72339,-0.40554,-0.3626,-0.070989,-0.22969,-0.23528,-0.1752,0.0016337,0.081009,-0.51813,-0.45639,-0.0092126,-0.20667,-0.18948,-0.48425,-0.46131,-0.64993,-0.12936,-0.43711,-0.31816,-0.27973,-0.33173,-0.13037,-0.21139,-0.49741
-0.19456,-0.40726,-0.49171,-0.63598,0.060218,-0.098282,-0.21436,-0.21528,-0.43887,-0.40445,-0.39214,-0.39938,-0.38723,-0.3514,-0.36536,-0.2677,-0.22904,-0.15187,-0.034085,0.082276,0.1153,0,-0.048788,-0.00014236,-0.068427,-0.18732,-0.25139,-0.51903,-0.3108,-0.4867,-0.56598,-0.2532,-0.3451,-0.25535,-0.50206,-0.36182,-0.57701,-0.43073,-0.36799,-0.18334,0.14296,0.099041,-0.19098,-0.32398,-0.67171,-0.53462,0.13729,0.19432,-0.12308,-0.31404,-0.51204,-0.09397,-0.065159,-0.22949,-0.18743,0.17814,0.21692,-0.048578,-0.13134,-0.46845,-0.37609,-0.020378,-0.16822,-0.3226,-0.15255,0.164,0.079755,-0.14761,-0.3584,0.066793,0.17246,-0.36817,-0.37239,-0.55548,-0.49503,-0.46134,-0.39588,-0.32405,-0.36573,-0.59039,-0.55707,-0.23067,-0.27447,-0.22118,-0.33808,-0.29495,-0.23812,0.1204,0.15354,-0.19913,-0.32824,-0.074616,-0.21411,-0.28943,-0.36094,-0.71823,-0.71167,-0.094167,-0.39991,-0.24026,-0.37506,-0.28033,-0.19224,-0.26969,-0.46683
0.10321,-0.37022,-0.48761,-0.44781,-0.29255,-0.50942,0.19965,-0.12431,0.17198,-0.082148,0.17972,-0.063749,-0.42729,-0.48572,-0.093367,-0.19296,-0.25614,-0.42051,0.0017219,-0.096377,-0.23767,-0.048788,0,0.43206,0.10995,0.182,-0.25704,-0.29009,0.19323,-0.091184,-0.20672,0.031773,-0.60933,-0.6214,-0.30109,-0.29936,-0.39681,-0.27336,-0.061492,-0.010107,0.085069,-0.24021,0.10265,0.033136,-0.27393,-0.09858,-0.22393,-0.22404,-0.16693,-0.58911,-0.63409,-0.12904,-0.14032,-0.37826,-0.56006,-0.25481,-0.11635,-0.054632,-0.08614,0.0078772,-0.034539,-0.13502,-0.41644,-0.38696,-0.31857,-0.13988,-0.067912,-0.49192,-0.50826,-0.17589,-0.067858,-0.13753,-0.047765,-0.34562,-0.074406,-0.45858,-0.35281,-0.48352,-0.53126,-0.3034,-0.47098,-0.16779,-0.19341,-0.25881,-0.26273,-0.40748,-0.37407,-0.2512,-0.20571,-0.26725,-0.22411,-0.22043,-0.35646,-0.18768,-0.33911,-0.5004,-0.56485,-0.36971,-0.23103,-0.20816,-0.29991,-0.31943,-0.15062,-0.12046,-0.16164
0.098546,-0.25264,-0.39134,-0.28151,-0.26442,-0.39911,0.13227,-0.053527,0.19754,-0.18166,0.20763,-0.086262,-0.27115,-0.26448,-0.010487,-0.057662,-0.3945,-0.44593,-0.077856,-0.11928,-0.25123,-0.00014236,0.43206,0,0.05674,0.26113,-0.21893,-0.28805,0.11478,-0.20949,-0.17543,0.02115,-0.46201,-0.49899,-0.18536,-0.26204,-0.31636,-0.23602,-0.11145,-0.0084127,0.062028,-0.17492,0.18543,0.09136,-0.21876,-0.04247,-0.28926,-0.20044,-0.23324,-0.51652,-0.49609,-0.27141,0.02437,-0.22605,-0.40573,-0.21224,-0.10045,-0.060394,0.036342,-0.020018,0.035007,-0.14443,-0.38806,-0.40249,-0.2514,-0.11529,-0.12954,-0.4477,-0.5669,-0.086567,-0.1273,-0.027733,-0.017069,-0.18351,-0.039874,-0.31799,-0.19315,-0.30852,-0.38961,-0.26073,-0.2976,-0.25557,-0.3582,-0.20622,-0.15618,-0.3461,-0.28454,-0.28976,-0.12963,-0.21092,-0.14829,-0.25769,-0.28386,-0.19023,-0.27277,-0.49345,-0.39107,-0.40467,-0.26906,-0.10389,-0.18943,-0.32821,-0.082968,-0.2206,-0.18024
-0.05712,-0.16462,-0.20733,-0.25151,-0.26124,-0.31221,-0.16458,-0.14013,-0.18014,-0.3597,-0.05735,-0.27293,-0.27889,-0.3881,-0.28506,-0.22983,-0.022106,-0.21819,-0.09399,-0.069688,-0.33914,-0.068427,0.10995,0.05674,0,0.25829,-0.43399,-0.23522,-0.092343,-0.16456,-0.17834,0.037779,-0.29117,-0.40714,-0.20199,-0.037583,-0.052347,-0.15178,-0.17405,0.015036,0.056516,0.08892,0.12919,-0.0099109,-0.25721,-0.063194,-0.22394,-0.26855,0.11991,-0.75758,-0.6538,-0.43213,-0.16626,-0.24547,-0.21897,-0.21568,0.096492,-0.071132,-0.1068,-0.42321,-0.37782,-0.27185,-0.51872,-0.65919,-0.60668,-0.25462,-0.16625,-0.36543,-0.75602,-0.13517,-0.11814,-0.29598,-0.23503,-0.52581,-0.42731,-0.11612,-0.14601,-0.24654,-0.27623,-0.25775,-0.24826,0.23398,0.21562,-0.13035,-0.14684,-0.24662,-0.11705,-0.22288,-0.17602,-0.13239,-0.25413,-0.34126,-0.3189,-0.4972,-0.51301,-0.68457,-0.50846,-0.24323,-0.37056,-0.34851,-0.55729,-0.55992,-0.39556,-0.45437,-0.37486
-0.088276,-0.022743,-0.3681,-0.16844,-0.34939,-0.20893,0.024499,0.12673,0.031278,0.016602,0.23467,0.17177,-0.24042,-0.27553,-0.16265,-0.24846,-0.34241,-0.4439,-0.22903,-0.31712,-0.4951,-0.18732,0.182,0.26113,0.25829,0,-0.50295,-0.23425,0.152,-0.088994,-0.043033,0.23237,-0.39999,-0.36659,-0.13066,0.11236,-0.19464,0.11555,-0.043087,0.3647,0.005152,-0.047236,0.22853,0.26663,-0.070996,0.13384,-0.3011,-0.28987,-0.15531,-0.67633,-0.47692,-0.31825,-0.16113,-0.10425,-0.46927,-0.27071,-0.032837,-0.092892,-0.099251,-0.11505,0.024465,-0.3488,-0.45338,-0.51934,-0.38655,-0.22638,-0.21977,-0.59728,-0.73912,-0.29986,-0.31735,-0.11267,-0.074094,-0.15887,-0.1285,-0.27655,-0.12447,-0.3638,-0.47494,-0.23982,-0.15925,-0.1309,-0.19785,-0.27023,-0.18892,-0.4311,-0.2664,-0.35496,-0.26657,-0.17869,-0.26401,-0.27695,-0.15576,-0.28755,-0.19154,-0.49585,-0.26291,-0.32465,-0.28419,-0.18046,-0.36057,-0.47538,-0.089503,-0.25732,-0.12942
-0.37174,-0.7498,-0.34239,-0.43991,-0.15102,-0.46914,-0.20376,-0.3915,-0.1288,-0.44096,-0.24298,-0.42179,0.017185,-0.075287,-0.096275,-0.25489,-0.39976,-0.48941,-0.39229,-0.17773,-0.049425,-0.25139,-0.25704,-0.21893,-0.43399,-0.50295,0,-0.52636,-0.2381,-0.42427,-0.52168,-0.54656,-0.26349,-0.50251,-0.31997,-0.74758,-0.55916,-1,-0.31595,-0.56276,-0.19097,-0.50545,-0.26806,-0.48283,-0.44198,-0.40173,-0.33827,-0.2441,-0.65803,0.11648,-0.17352,-0.16879,-0.03439,-0.32063,-0.10601,-0.28229,-0.28698,-0.21244,-0.12989,-0.14706,-0.22585,-0.033549,-0.16985,-0.19532,-0.26472,-0.19695,-0.17688,-0.067024,-0.022533,0.064,-0.058943,-0.20278,-0.2488,-0.18799,-0.085686,-0.25372,-0.12627,-0.27685,-0.21284,-0.20902,-0.27455,-0.47304,-0.60447,-0.29933,-0.36748,-0.30675,-0.32881,-0.28295,-0.1889,-0.39323,-0.24184,-0.23772,-0.32817,0.017354,-0.1477,-0.24734,-0.29639,-0.46566,-0.51299,-0.12274,0.017266,-0.057845,-0.15582,-0.087903,-0.3373
-0.34771,-0.0068129,-0.22956,-0.2437,-0.67192,-0.37894,-0.49158,-0.36777,-0.24821,-0.31932,-0.21487,-0.35978,-0.27341,-0.28413,-0.15896,-0.22554,-0.25724,-0.21721,-0.46765,-0.36436,-0.72784,-0.51903,-0.29009,-0.28805,-0.23522,-0.23425,-0.52636,0,-0.093116,-0.18094,0.16131,-0.36139,0.0041487,-0.26131,0.14508,-0.05651,-0.046639,-0.19231,-0.50068,-0.25832,-0.75453,-0.43339,-0.23093,-0.1546,0.21312,-0.030404,-0.65084,-0.80891,-0.36991,-0.39172,-0.18056,-0.54091,-0.79871,-0.3776,-0.53357,-0.72852,-0.55065,-0.519,-0.52467,-0.33489,-0.2864,-0.54799,-0.54234,-0.47881,-0.54216,-0.71435,-0.67406,-0.63707,-0.31181,-0.45468,-0.53658,-0.19961,-0.27991,-0.26669,-0.42096,-0.22362,-0.30309,-0.35648,-0.41385,0.0793,-0.33061,-0.24849,-0.18512,-0.43296,-0.39436,-0.33269,-0.35926,-0.70461,-0.71858,-0.24822,-0.33501,-0.68457,-0.65063,-0.60938,-0.52027,-0.38123,-0.33806,-0.43665,-0.31054,-0.16909,-0.32394,-0.36958,-0.47193,-0.49472,-0.2554
-0.069254,-0.28765,-0.25077,-0.2242,-0.42556,-0.52309,0.00017625,-0.21562,0.10177,-0.046877,0.23166,-0.042891,-0.18927,-0.27815,0.25308,-0.29889,-0.29853,-0.53538,-0.40081,-0.39479,-0.48234,-0.3108,0.19323,0.11478,-0.092343,0.152,-0.2381,-0.093116,0,0.12884,0.11701,0.065885,-0.30361,-0.55467,-0.11477,-0.21444,-0.20958,-0.28612,-0.073172,0.010616,-0.25329,-0.5023,0.21393,0.1355,0.15421,0.2491,-0.48954,-0.52289,-0.58431,-0.39039,-0.33095,-0.2624,-0.26616,-0.25529,-0.4727,-0.58047,-0.36907,-0.25301,-0.25135,0.049968,0.035617,-0.27424,-0.45763,-0.28905,-0.2857,-0.46746,-0.39233,-0.43581,-0.24209,-0.24974,-0.29723,0.13363,0.13483,-0.010765,0.058123,-0.19934,-0.17057,-0.35575,-0.54917,0.031048,-0.32731,-0.21163,-0.34576,-0.37732,-0.35758,-0.44581,-0.51024,-0.53018,-0.49442,-0.24742,-0.13066,-0.45122,-0.45345,-0.24081,-0.25001,-0.31163,-0.30525,-0.37654,-0.33271,-0.049703,-0.05209,-0.3173,-0.078019,-0.17196,-0.19478
-0.27761,-0.47887,-0.37238,-0.29004,-0.52528,-0.61382,0.0091042,-0.31886,-0.27326,-0.047887,0.092818,-0.15075,-0.46759,-0.6497,-0.25496,-0.65984,-0.35372,-0.62001,-0.27468,-0.41016,-0.35123,-0.4867,-0.091184,-0.20949,-0.16456,-0.088994,-0.42427,-0.18094,0.12884,0,0.15554,0.25877,-0.3977,-0.46456,-0.30954,-0.22501,-0.14257,-0.20026,0.19355,-0.12246,-0.25464,-0.4985,0.082568,0.034932,-0.058631,-0.022099,-0.54152,-0.58334,-0.46304,-0.49047,-0.48914,-0.28836,-0.53627,-0.52701,-0.65144,-0.56421,-0.49856,-0.52875,-0.61961,-0.2574,-0.39267,-0.30399,-0.41935,-0.15567,-0.33431,-0.58477,-0.46935,-0.45149,-0.24261,-0.34845,-0.30619,-0.012006,-0.078162,-0.23137,-0.17809,-0.39453,-0.53353,-0.38517,-0.5693,-0.25557,-0.48119,-0.27229,-0.2514,-0.31259,-0.19682,-0.39901,-0.42835,-0.59039,-0.56306,-0.52808,-0.3893,-0.48323,-0.66128,-0.42417,-0.46993,-0.18207,-0.28145,-0.30859,-0.40455,-0.14711,-0.20058,-0.54944,-0.20432,-0.33886,-0.37997
-0.15935,-0.014161,-0.23458,-0.0041758,-0.73557,-0.52791,-0.083266,-0.16794,-0.17668,-0.25846,0.12102,-0.21089,-0.3228,-0.3765,-0.12895,-0.36995,-0.50478,-0.56637,-0.47796,-0.54738,-0.68517,-0.56598,-0.20672,-0.17543,-0.17834,-0.043033,-0.52168,0.16131,0.11701,0.15554,0,0.12293,-0.25037,-0.38051,0.030038,-0.09237,0.022771,-0.098919,0.021462,0.055364,-0.42323,-0.34898,0.10045,0.2388,0.58906,0.53639,-0.98312,-0.98339,-0.56703,-0.64085,-0.46792,-0.59144,-0.46719,-0.19758,-0.58738,-0.71892,-0.58724,-0.54541,-0.60839,-0.15836,-0.18014,-0.50372,-0.42798,-0.25977,-0.32015,-0.93898,-0.94622,-0.43638,-0.22628,-0.42529,-0.51042,0.25273,0.1136,-0.15438,-0.11749,-0.19277,-0.35033,-0.20319,-0.48632,-0.0028607,-0.34742,-0.39652,-0.37871,-0.39218,-0.084981,-0.40559,-0.37809,-0.97993,-0.86046,-0.47385,-0.26038,-0.72735,-0.68903,-0.55016,-0.43926,-0.34944,-0.11536,-0.40992,-0.31708,-0.20159,-0.15756,-0.56803,-0.371,-0.54428,-0.36202
-0.054998,-0.23495,-0.3418,-0.11554,-0.42218,-0.43517,0.19886,-0.082148,-0.15428,-0.16307,0.1718,-0.10476,-0.51507,-0.60435,-0.3093,-0.4309,-0.40967,-0.53643,-0.064136,-0.29236,-0.26536,-0.2532,0.031773,0.02115,0.037779,0.23237,-0.54656,-0.36139,0.065885,0.25877,0.12293,0,-0.53511,-0.33221,-0.29626,-0.12118,-0.12543,-0.010006,0.38176,0.12419,0.068156,-0.15732,0.23842,0.21711,-0.12108,0.13239,-0.41965,-0.37741,-0.28328,-0.80491,-0.69703,-0.31137,-0.20268,-0.30158,-0.57699,-0.24172,-0.20935,-0.34007,-0.35682,-0.18442,-0.23419,-0.32155,-0.39158,-0.21786,-0.16003,-0.36424,-0.38915,-0.28611,-0.47118,-0.27391,-0.20988,0.12101,0.135,-0.23611,-0.045412,-0.35956,-0.415,-0.22151,-0.41936,-0.42354,-0.41422,-0.25884,-0.25806,-0.12778,0.1241,-0.32665,-0.21104,-0.42137,-0.33081,-0.44068,-0.25389,-0.35775,-0.35329,-0.37313,-0.41943,-0.37614,-0.21333,-0.15738,-0.23084,-0.26184,-0.28116,-0.59036,-0.089435,-0.41285,-0.31775
-0.58985,-0.27245,-0.017571,-0.17644,-0.29744,-0.20954,-0.69943,-0.53897,-0.47218,-0.54375,-0.47035,-0.55869,0.2058,0.12786,-0.20281,-0.40768,-0.050951,-0.061689,-0.50475,-0.14067,-0.35355,-0.3451,-0.60933,-0.46201,-0.29117,-0.39999,-0.26349,0.0041487,-0.30361,-0.3977,-0.25037,-0.53511,0,0.03222,0.02959,-0.27669,-0.072888,-0.54444,-0.70809,-0.5325,-0.6369,-0.41619,-0.34223,-0.46368,-0.11443,-0.2662,-0.41278,-0.4353,-0.42532,0.075755,0.15053,-0.35672,-0.47264,-0.31457,-0.072623,-0.43958,-0.26838,-0.40794,-0.34763,-0.53444,-0.44533,-0.36993,-0.41219,-0.40664,-0.38713,-0.44519,-0.44888,-0.25425,-0.27504,-0.16733,-0.35097,-0.26959,-0.36301,-0.15272,-0.4804,0.10928,-0.049283,-0.039535,0.031814,-0.0099312,-0.26807,-0.12449,-0.19814,-0.17961,-0.44141,-0.15394,-0.2075,-0.3753,-0.3651,-0.14678,-0.34343,-0.45944,-0.34793,-0.39102,-0.40778,-0.29287,-0.3259,-0.1881,-0.47073,-0.14962,-0.10864,-0.24164,-0.35869,-0.37473,-0.38942
-0.42058,-0.17961,-0.2422,-0.15857,-0.2441,-0.01248,-0.53623,-0.41404,-0.55329,-0.44093,-0.52043,-0.49933,-0.30346,-0.24521,-0.52216,-0.5721,-0.23868,0.063234,-0.19803,-0.085415,-0.1721,-0.25535,-0.6214,-0.49899,-0.40714,-0.36659,-0.50251,-0.26131,-0.55467,-0.46456,-0.38051,-0.33221,0.03222,0,-0.22529,-0.1623,-0.13746,-0.20659,-0.51427,-0.52112,-0.47998,-0.30375,-0.4572,-0.51412,-0.32537,-0.36289,-0.22619,-0.17299,-0.26273,-0.19141,-0.13099,-0.16315,-0.48891,-0.44594,-0.28609,-0.10303,-0.16398,-0.42252,-0.38378,-0.51376,-0.49627,-0.35174,-0.32975,-0.10104,-0.073809,-0.14996,-0.3063,-0.22635,-0.38167,-0.30221,-0.39745,-0.26752,-0.29878,-0.14657,-0.44348,-0.32088,-0.42175,-0.15567,-0.035807,-0.38754,-0.38633,-0.2942,-0.25242,-0.1179,-0.16839,-0.12676,-0.025401,-0.21218,-0.19612,-0.25774,-0.46126,-0.36947,-0.20323,-0.47816,-0.40883,-0.31956,-0.21592,0.097339,-0.37338,-0.18158,-0.2443,-0.24981,-0.20838,-0.47228,-0.28118
-0.21731,-0.038735,-0.14568,-0.13734,-0.51,-0.36948,-0.297,-0.28684,-0.16114,-0.43396,-0.18222,-0.36461,-0.13195,-0.14452,-0.16916,-0.23417,-0.38364,-0.38665,-0.37687,-0.27062,-0.51538,-0.50206,-0.30109,-0.18536,-0.20199,-0.13066,-0.31997,0.14508,-0.11477,-0.30954,0.030038,-0.29626,0.02959,-0.22529,0,-0.049236,-0.10499,-0.29434,-0.46012,-0.28857,-0.46654,-0.3954,-0.031854,-0.16235,0.10776,0.048002,-0.57107,-0.61106,-0.44019,-0.31493,-0.19636,-0.6606,-0.44191,-0.25933,-0.37802,-0.51353,-0.33244,-0.33184,-0.21184,-0.37631,-0.26454,-0.44309,-0.59788,-0.48517,-0.40426,-0.47807,-0.54821,-0.37312,-0.37627,-0.19247,-0.35066,-0.064116,-0.18207,-0.069627,-0.24113,-0.04929,-0.07105,-0.2023,-0.26065,-0.039142,-0.18841,-0.27257,-0.31101,-0.26094,-0.29256,-0.24681,-0.2436,-0.53736,-0.46574,-0.16011,-0.11951,-0.46651,-0.32253,-0.50598,-0.48287,-0.37637,-0.36563,-0.30426,-0.21411,-0.14441,-0.25503,-0.47891,-0.51605,-0.50257,-0.27165
-0.24765,0.2035,-0.36066,-0.22423,-0.22691,0.13226,-0.29792,0.031868,-0.43179,-0.14201,-0.28699,-0.11391,-0.43996,-0.40773,-0.40244,-0.38247,-0.32837,-0.28659,-0.42748,-0.47249,-0.63038,-0.36182,-0.29936,-0.26204,-0.037583,0.11236,-0.74758,-0.05651,-0.21444,-0.22501,-0.09237,-0.12118,-0.27669,-0.1623,-0.049236,0,-0.14441,0.29332,-0.35396,0.06941,-0.27867,-0.011321,-0.071159,0.052076,-0.087801,-0.097516,-0.27469,-0.3938,-0.1463,-0.53181,-0.28561,-0.56674,-0.5195,-0.11139,-0.39828,-0.22731,-0.086079,-0.33058,-0.31902,-0.53505,-0.33023,-0.49318,-0.5049,-0.46634,-0.47861,-0.30226,-0.34275,-0.53142,-0.47469,-0.40145,-0.48076,-0.43135,-0.45816,-0.32291,-0.54484,-0.32158,-0.29738,-0.50585,-0.55824,-0.18301,-0.1293,-0.17438,-0.077592,-0.41258,-0.37486,-0.37442,-0.22411,-0.36792,-0.34947,-0.15812,-0.34734,-0.47379,-0.26997,-0.71833,-0.41671,-0.5423,-0.30312,-0.241,-0.33145,-0.25025,-0.51011,-0.56181,-0.34534,-0.62644,-0.37193
-0.068657,-0.042328,0.29094,0.2566,-0.45534,-0.45406,-0.50331,-0.5088,-0.24643,-0.49169,-0.27144,-0.46104,-0.20797,-0.30858,-0.19793,-0.29821,-0.018405,-0.081171,-0.28384,-0.32195,-0.59451,-0.57701,-0.39681,-0.31636,-0.052347,-0.19464,-0.55916,-0.046639,-0.20958,-0.14257,0.022771,-0.12543,-0.072888,-0.13746,-0.10499,-0.14441,0,-0.12117,-0.25231,-0.36204,-0.54176,-0.407,-0.26873,-0.26913,0.099739,0.095021,-0.55756,-0.59911,-0.20334,-0.57223,-0.30718,-0.59693,-0.40124,-0.43781,-0.10455,-0.62835,-0.48902,-0.34958,-0.3076,-0.32415,-0.43087,-0.64795,-0.77628,-0.45551,-0.5382,-0.63383,-0.57945,-0.31406,-0.56364,-0.48739,-0.62359,-0.1528,-0.10153,-0.2193,-0.32058,0.2512,-0.12624,0.03058,-0.00785,0.088791,-0.030593,0.12415,0.046239,-0.036837,0.032878,0.066902,-0.059641,-0.49581,-0.51802,-0.15304,-0.11986,-0.84782,-0.53489,-0.67461,-0.56575,-0.22354,-0.083429,-0.20715,-0.23965,-0.4484,-0.35019,-0.34638,-0.53881,-0.6409,-0.2057
-0.16366,0.30806,-0.32042,-0.080975,-0.45351,-0.045833,-0.27029,0.065749,-0.27313,0.046985,-0.14101,0.10507,-0.54381,-0.43332,-0.36032,-0.27588,-0.37741,-0.27661,-0.32117,-0.62546,-0.72361,-0.43073,-0.27336,-0.23602,-0.15178,0.11555,-1,-0.19231,-0.28612,-0.20026,-0.098919,-0.010006,-0.54444,-0.20659,-0.29434,0.29332,-0.12117,0,-0.15693,0.15057,-0.33706,-0.096722,-0.20784,0.040843,-0.11532,-0.09841,-0.28223,-0.31758,-0.01486,-0.80348,-0.44901,-0.47722,-0.41008,-0.12997,-0.49506,-0.31709,-0.29502,-0.25646,-0.2984,-0.27108,-0.16725,-0.48348,-0.36177,-0.36357,-0.34326,-0.32336,-0.33858,-0.65519,-0.62911,-0.73966,-0.6856,-0.36799,-0.31759,-0.22506,-0.34505,-0.4141,-0.34853,-0.41065,-0.51235,-0.33971,-0.10315,-0.22671,-0.16973,-0.44622,-0.21883,-0.43039,-0.3274,-0.35663,-0.37062,-0.16611,-0.30116,-0.32287,-0.16067,-0.48464,-0.19518,-0.28943,-0.08713,-0.26849,-0.15661,-0.31538,-0.56055,-0.51337,-0.30634,-0.44941,-0.14238
-0.182,-0.34869,-0.35619,-0.10011,-0.39176,-0.48521,0.16296,-0.093265,-0.17658,-0.19065,0.12207,-0.11408,-0.41492,-0.55988,-0.29831,-0.42237,-0.4924,-0.60914,-0.11936,-0.36996,-0.3205,-0.36799,-0.061492,-0.11145,-0.17405,-0.043087,-0.31595,-0.50068,-0.073172,0.19355,0.021462,0.38176,-0.70809,-0.51427,-0.46012,-0.35396,-0.25231,-0.15693,0,0.049168,0.03822,-0.24542,0.017069,0.027373,-0.1946,-0.015971,-0.4399,-0.35965,-0.43129,-0.65966,-0.65871,-0.36561,-0.17396,-0.28479,-0.48118,-0.32706,-0.3569,-0.22143,-0.35765,-0.0306,-0.18702,-0.34654,-0.33232,-0.15234,-0.24648,-0.37926,-0.35865,-0.26857,-0.31704,-0.43993,-0.35381,0.027658,-0.016337,-0.29623,-0.032526,-0.39501,-0.38326,-0.15609,-0.43031,-0.35623,-0.29502,-0.40079,-0.4088,-0.14689,0.19425,-0.26762,-0.19132,-0.40805,-0.33372,-0.49359,-0.18778,-0.38311,-0.45701,-0.24768,-0.30321,-0.19633,-0.018052,-0.26221,-0.19868,-0.26133,-0.2185,-0.41641,-0.11671,-0.37868,-0.33163
-0.1726,0.086432,-0.48654,-0.22886,-0.35885,-0.12511,0.043053,0.41464,-0.20372,0.03483,0.084859,0.22883,-0.33607,-0.32548,-0.22355,-0.27996,-0.5008,-0.5689,-0.43497,-0.57533,-0.62544,-0.18334,-0.010107,-0.0084127,0.015036,0.3647,-0.56276,-0.25832,0.010616,-0.12246,0.055364,0.12419,-0.5325,-0.52112,-0.28857,0.06941,-0.36204,0.15057,0.049168,0,-0.0087313,0.1228,0.1165,0.44473,-0.04228,0.062068,-0.38348,-0.38908,-0.26972,-0.71164,-0.57005,-0.4197,-0.17286,0.19426,-0.48879,-0.29359,-0.13849,-0.15441,-0.3041,-0.14087,0.042918,-0.35072,-0.2173,-0.41207,-0.32179,-0.38572,-0.38684,-0.51444,-0.42156,-0.4258,-0.3788,-0.18568,-0.18768,-0.32343,-0.22245,-0.38862,-0.25943,-0.39226,-0.69351,-0.27765,-0.24381,-0.34454,-0.36147,-0.49898,-0.26134,-0.60155,-0.43187,-0.44101,-0.40185,-0.30902,-0.31128,-0.28102,-0.25635,-0.29976,-0.10177,-0.51091,-0.21771,-0.37706,-0.26882,-0.25892,-0.34665,-0.50779,-0.20689,-0.3013,-0.30653
-0.12738,-0.45048,-0.57663,-0.4612,0.041148,-0.22469,0.23209,0.037101,-0.26568,-0.31112,-0.16647,-0.20215,-0.44571,-0.51574,-0.48899,-0.31306,-0.40326,-0.51715,0.022045,-0.051195,0.069227,0.14296,0.085069,0.062028,0.056516,0.005152,-0.19097,-0.75453,-0.25329,-0.25464,-0.42323,0.068156,-0.6369,-0.47998,-0.46654,-0.27867,-0.54176,-0.33706,0.03822,-0.0087313,0,0.20683,0.033814,-0.067152,-0.62168,-0.34303,-0.077002,-0.022127,-0.14772,-0.49383,-0.66718,-0.20501,0.13106,-0.1744,-0.31425,0.25468,0.27283,-0.085069,-0.097407,-0.32479,-0.27618,-0.11631,-0.23168,-0.364,-0.22093,0.047792,-0.019578,-0.088262,-0.44322,0.059391,0.21311,-0.29983,-0.26646,-0.56806,-0.24195,-0.45797,-0.34863,-0.34168,-0.37332,-0.63519,-0.40927,-0.30669,-0.30059,-0.092533,-0.079002,-0.30787,-0.11985,-0.055845,0.075904,-0.41878,-0.31451,-0.076724,-0.15929,-0.19206,-0.3492,-0.62367,-0.48873,-0.20282,-0.26946,-0.3877,-0.35537,-0.41077,-0.12171,-0.27991,-0.44392
-0.28217,-0.049242,-0.49368,-0.36713,-0.067336,0.088432,-0.1925,0.14721,-0.49832,-0.41473,-0.37214,-0.26479,-0.40364,-0.36519,-0.62285,-0.19992,-0.35808,-0.28263,-0.21346,-0.20596,-0.25422,0.099041,-0.24021,-0.17492,0.08892,-0.047236,-0.50545,-0.43339,-0.5023,-0.4985,-0.34898,-0.15732,-0.41619,-0.30375,-0.3954,-0.011321,-0.407,-0.096722,-0.24542,0.1228,0.20683,0,-0.16743,-0.072569,-0.48779,-0.3522,-0.13753,-0.13921,0.04988,-0.60067,-0.57448,-0.43809,-0.075952,0.087788,-0.21869,0.16819,0.25094,-0.1664,-0.23952,-0.54722,-0.344,-0.31836,-0.19137,-0.55712,-0.38418,-0.13468,-0.2168,-0.22561,-0.52632,-0.1653,-0.10518,-0.49922,-0.48791,-0.75675,-0.58113,-0.36923,-0.30056,-0.30295,-0.34366,-0.53727,-0.29113,-0.26563,-0.17528,-0.2491,-0.16636,-0.34155,-0.080744,-0.14556,-0.080168,-0.3187,-0.41989,-0.19604,-0.15658,-0.4269,-0.35822,-0.84931,-0.41659,-0.25488,-0.31424,-0.50042,-0.57947,-0.50403,-0.34136,-0.50317,-0.53252
