,,,,,,,,,,,,,,,,,,,,,,,,,,,,,,,,,,,,,,,,,,,,,,,,,,,,,,,,,,,,,,,,,,,,,,,,,,,,,,,,,,,,,,,,,,,,,,,,,,,,,,,,
0,-0.3406,0.20312,0.09895,0.11299,-0.35784,0.012063,-0.44266,0.18716,-0.35198,-0.16414,-0.40584,0.088265,0.03941,-0.081574,-0.28992,-0.080964,-0.23457,-0.05981,0.080131,-0.33508,-0.30231,0.082814,-0.17551,0.2443,0.13777,-0.14328,-0.47619,-0.053887,-0.11595,-0.37669,-0.085858,-0.032024,-0.14921,0.20857,-0.047839,0.37423,-0.26633,-0.099265,-0.52073,-0.22014,-0.55042,-0.074339,-0.13509,-0.3586,-0.16405,0.32489,0.22956,-0.025595,-0.19799,-0.25064,-0.28208,0.32737,-0.20231,0.23554,0.045661,0.11949,0.31698,0.50863,0.17091,-0.17499,-0.119,-0.54125,-0.55688,-0.35516,0.26941,0.2289,0.060748,-0.59851,-0.013152,0.051322,-0.19641,-0.13565,-0.42481,-0.23614,0.59987,0.29239,-0.035113,0.17509,0.15948,0.0065202,0.12248,0.010922,0.072509,-0.07773,0.16976,0.20742,0.25484,0.24832,-0.051715,0.037875,-0.1898,-0.14839,-0.32623,-0.66865,0.040335,-0.19329,-0.065294,0.0029715,-0.15309,-0.22239,-0.23615,-0.41072,-0.053952,0.10533
-0.3406,0,-0.04406,-0.12678,-0.12422,0.63791,-0.56193,0.2729,-0.60012,-0.21083,-0.56869,-0.1039,-0.42006,-0.34916,-0.37278,-0.15741,-0.0081601,0.048278,-0.41628,-0.41208,-0.40121,0.088455,-0.52309,-0.023044,-0.33008,-0.25949,-0.25146,0.10745,-0.22363,-0.42624,-0.22883,-0.35587,-0.32414,-0.43777,-0.47435,-0.19803,-0.41917,-0.010876,-0.58023,0.20048,-0.29154,0.29271,-0.48456,-0.37555,-0.19512,-0.43894,-0.215,-0.32621,-0.10445,-0.2714,-0.10663,-0.33712,-0.27467,0.32659,-0.14333,-0.20675,-0.18237,-0.30997,-0.27111,-0.4798,-0.054949,-0.52093,-0.17247,-0.11754,-0.42714,-0.29099,-0.32558,-0.047904,0.18328,-0.31437,-0.36843,-0.41103,-0.44386,-0.43326,-0.40418,-0.24346,-5.9036e-05,-0.20501,-0.32897,-0.42047,0.025057,-0.1409,-0.19076,-0.17779,-0.31083,-0.20144,-0.23097,-0.22383,-0.24263,-0.043299,-0.19681,-0.46575,-0.091158,-0.58832,-0.14403,-0.14381,-0.042991,0.031643,-0.11791,-0.35786,-0.58758,-0.166,-0.37322,-0.58097,-0.13667
0.20312,-0.04406,0,0.45339,-0.019587,-0.19695,-0.39362,-0.44092,-0.15289,-0.36846,-0.38846,-0.52527,0.01758,-0.071604,-0.019567,-0.35233,0.33685,0.30289,-0.1313,0.046888,-0.55336,-0.21907,-0.14718,-0.15555,0.023752,-0.11826,-0.16055,-0.1423,-0.0028928,-0.24118,-0.37765,-0.29642,-0.015257,-0.16038,0.032043,-0.24601,0.048363,-0.36594,-0.41934,-0.39885,-0.51111,-0.42277,-0.20397,-0.24885,-0.23435,-0.32937,0.23928,0.060846,-0.21208,-0.049229,-0.051217,-0.39842,-0.10764,-0.20123,0.30999,-0.13053,-0.024257,0.18907,0.40364,-0.036714,-0.25333,-0.15365,-0.52478,-0.29528,-0.56433,0.12379,0.12819,0.062598,-0.17464,-0.16245,-0.31042,-0.41031,-0.49688,-0.47827,-0.49527,0.54457,0.61955,0.37012,0.26788,0.1259,0.23082,0.65294,0.3105,0.15456,-0.087137,0.4351,0.30355,0.19696,0.20868,0.3045,0.17816,-0.34501,-0.18714,-0.7149,-0.87366,0.30836,-0.091551,0.15268,0.083319,-0.034116,-0.33761,-0.17549,-0.59152,-0.29488,0.050653
0.09895,-0.12678,0.45339,0,-0.30678,-0.35757,-0.37373,-0.36924,-0.015356,-0.17147,-0.20716,-0.3374,-0.044592,-0.12031,-0.18603,-0.44335,-0.045287,0.06105,0.089741,0.051414,-0.32473,-0.13955,-0.040105,-0.005018,0.04917,-0.043214,-0.28306,-0.33439,-0.04694,-0.24051,-0.30169,-0.098485,-0.1748,-0.2184,-0.054306,-0.21575,-0.045805,-0.2965,-0.32188,-0.32729,-0.42086,-0.4366,-0.10398,-0.014024,-0.25325,-0.26222,0.012817,-0.025595,-0.13366,-0.36383,-0.39429,-0.23091,-0.14283,-0.28037,0.008816,-0.023857,-0.023083,0.013723,0.17443,0.16826,-0.033421,-0.035179,-0.34656,-0.47257,-0.36028,0.10388,0.022978,-0.11925,-0.24373,-0.021174,-0.16561,-0.28973,-0.32814,-0.52884,-0.25571,0.25398,0.29448,0.37628,0.31564,-0.15896,-0.035566,0.23557,0.029282,0.19777,0.21635,0.11429,0.10065,-0.047871,0.27851,-0.077435,-0.054595,-0.26637,-0.29556,-0.73827,-0.90863,0.19053,-0.10008,0.09018,0.080459,-0.12581,-0.33443,-0.23338,-0.34251,-0.16532,0.17037
0.11299,-0.12422,-0.019587,-0.30678,0,-0.04694,0.060603,-0.13915,-0.080977,-0.27097,-0.26521,-0.20642,0.013867,-0.0096687,0.018354,-0.22477,0.10938,-0.060846,-0.55034,-0.10529,-0.5848,-0.51117,-0.17175,-0.62426,0.010705,-0.092483,-0.074884,-0.20447,-0.050968,-0.12737,-0.35145,-0.2785,-0.081069,-0.22582,-0.13992,-0.16693,0.3385,0.0015087,-0.10659,-0.34701,-0.21282,-0.28296,-0.27076,-0.42463,-0.24057,-0.25553,0.15062,0.0060872,-0.2498,0.057015,0.11738,-0.48598,0.23633,-0.087707,0.12507,-0.27098,-0.19098,0.13229,0.18573,-0.24287,-0.5233,-0.3332,-0.61354,-0.34642,-0.60824,-0.13156,-0.079265,-0.074916,-0.49163,-0.3471,-0.28013,-0.37751,-0.28882,-0.32676,-0.47789,0.18832,0.017416,-0.37598,-0.11102,0.2718,0.21496,0.022211,0.14244,-0.33839,-0.57031,0.0034569,0.14288,0.18365,-0.1594,0.16022,0.0661,-0.31135,-0.27497,-0.14879,-0.25875,-0.11802,-0.28929,-0.38836,-0.42009,-0.22676,-0.38296,-0.29466,-0.63472,-0.33902,-0.21696
-0.35784,0.63791,-0.19695,-0.35757,-0.04694,0,-0.5734,0.16498,-0.75139,-0.34222,-0.66244,-0.21526,-0.49197,-0.37003,-0.39432,-0.079797,-0.077783,-0.023909,-0.42411,-0.43175,-0.39454,0.049879,-0.77715,-0.15655,-0.45437,-0.38992,-0.3502,0.18212,-0.44857,-0.48701,-0.34478,-0.48752,-0.22502,-0.29401,-0.41833,-0.11875,-0.38399,-0.035126,-0.59625,0.026271,-0.34843,0.20144,-0.60417,-0.52599,-0.31799,-0.56947,-0.11767,-0.22951,0.01489,-0.098235,0.082873,-0.29132,-0.29483,0.30235,-0.09344,-0.15051,-0.13365,-0.29421,-0.30411,-0.62286,-0.13883,-0.58638,-0.16502,0.035251,-0.2799,-0.21085,-0.258,-0.044146,0.12878,-0.45995,-0.39969,-0.50274,-0.49776,-0.30045,-0.52762,-0.32493,-0.14219,-0.343,-0.40966,-0.33962,-0.047635,-0.27401,-0.27241,-0.22183,-0.4371,-0.18679,-0.27354,-0.090259,-0.24299,-0.013152,-0.26759,-0.42082,0.0055231,-0.37541,-0.018557,-0.21418,-0.033034,0.039285,-0.07613,-0.25147,-0.37774,0.011223,-0.27941,-0.54951,-0.16125
0.012063,-0.56193,-0.39362,-0.37373,0.060603,-0.5734,0,-0.09001,0.43185,0.072286,0.38003,0.16129,0.18863,0.11333,0.083024,-0.24969,-0.31574,-0.62655,-0.40697,-0.17828,-0.18251,-0.50171,0.48291,-0.31241,0.25801,0.29681,0.09895,-0.63006,0.18162,0.30807,0.069938,0.21593,-0.21572,-0.3447,-0.13034,-0.17996,0.17288,0.0063103,0.59836,-0.20726,0.23088,-0.32811,0.20284,0.073585,-0.011925,0.27802,-0.27258,-0.15739,-0.33332,-0.37978,-0.44594,-0.25326,0.3248,-0.29186,-0.36264,-0.28975,-0.27634,-0.065497,-0.078609,0.081738,-0.28178,0.043811,-0.24703,-0.49929,-0.27099,-0.32905,-0.19303,-0.3623,-0.80581,-0.011328,0.11281,0.22888,0.32663,-0.099029,0.14918,-0.10501,-0.28468,-0.44098,-0.27527,-0.010371,-0.28466,-0.28044,-0.21627,-0.47397,-0.31665,-0.4485,-0.21248,-0.31574,-0.29908,-0.39453,-0.11687,-0.035166,-0.45578,0.24601,-0.080853,-0.27321,-0.34775,-0.74741,-0.71105,-0.25415,-0.17805,-0.60028,-0.20956,0.033493,-0.335
-0.44266,0.2729,-0.44092,-0.36924,-0.13915,0.16498,-0.09001,0,-0.31139,0.086664,-0.14927,0.41656,-0.35524,-0.30938,-0.27729,-0.10699,-0.31602,-0.38558,-0.54343,-0.56524,-0.21814,0.0019482,-0.20365,-0.021633,-0.1683,-0.005123,-0.17479,-0.15186,-0.097908,-0.11056,0.050954,-0.045687,-0.52569,-0.73559,-0.66561,-0.2096,-0.38049,0.19874,-0.11856,0.55644,0.1194,0.42714,-0.20596,-0.11515,-0.066986,-0.13317,-0.4924,-0.44674,-0.15814,-0.5647,-0.39087,-0.26425,-0.063608,0.30354,-0.44778,-0.27141,-0.28507,-0.45346,-0.45021,-0.37772,0.013473,-0.35181,-0.0026632,-0.24969,-0.30577,-0.54682,-0.48706,-0.31579,-0.08936,-0.20439,-0.15496,-0.084415,-0.086087,-0.28689,-0.11207,-0.45657,-0.26782,-0.4984,-0.62748,-0.53686,-0.18402,-0.42121,-0.3814,-0.46001,-0.34402,-0.65471,-0.46832,-0.52576,-0.42325,-0.37936,-0.32516,-0.25672,-0.27432,-0.15454,0.19756,-0.37709,-0.12792,-0.38183,-0.52424,-0.4067,-0.48333,-0.48966,-0.13177,-0.40121,-0.32983
0.18716,-0.60012,-0.15289,-0.015356,-0.080977,-0.75139,0.43185,-0.31139,0,0.11357,0.38042,0.0029846,0.34014,0.33318,0.11337,-0.30527,-0.29646,-0.44287,-0.27506,-0.1091,-0.28201,-0.62828,0.46061,-0.30863,0.2414,0.15261,0.065851,-0.91374,0.09834,0.09018,-0.1114,0.1665,-0.1946,-0.26127,0.0093342,-0.14878,0.25896,-0.053454,0.29898,-0.45685,-0.12205,-0.64894,0.15391,0.16793,-0.11395,0.12158,-0.075133,0.059141,-0.22954,-0.36836,-0.50217,-0.20337,0.27814,-0.41048,-0.24645,-0.14844,-0.26575,0.06572,0.13983,0.65353,-0.1251,0.2791,-0.22337,-0.56252,-0.24378,-0.060505,0.051446,-0.41683,-0.75214,0.010797,0.059141,0.068672,0.18289,-0.18332,0.16923,0.059154,-0.12947,-0.24309,-0.012686,0.06673,-0.24924,-0.171,-0.16854,-0.34727,-0.19765,-0.32073,-0.14019,-0.1843,-0.032929,-0.34159,-0.05222,0.041745,-0.43441,0.0068153,-0.32184,-0.003083,-0.21572,-0.54476,-0.44214,-0.17522,-0.17558,-0.44717,-0.24302,0.19856,-0.092909
-0.35198,-0.21083,-0.36846,-0.17147,-0.27097,-0.34222,0.072286,0.086664,0.11357,0,0.23522,0.67399,-0.019193,-0.029997,-0.057297,-0.49516,-0.22387,-0.34375,-0.42098,-0.3648,-0.33875,-0.45685,0.12478,-0.20294,-0.071781,0.028029,-0.13148,-0.41599,0.097639,0.22008,0.13718,0.1328,-0.33096,-0.41004,-0.46616,-0.25224,-0.104,0.28804,0.13166,-0.025622,-0.18048,-0.2335,-0.070443,0.043418,0.16765,0.068659,-0.48933,-0.37726,-0.25107,-0.50866,-0.47946,-0.05201,-0.1773,-0.28648,-0.69866,-0.44284,-0.60064,-0.31963,-0.39741,0.10118,-0.05716,-0.027924,-0.0747,-0.23461,-0.25931,-0.51198,-0.31438,-0.93126,-0.39805,-0.27955,-0.23985,0.079757,0.17133,-0.01918,0.185,-0.36629,-0.46905,-0.44276,-0.34271,-0.23008,-0.38529,-0.30469,-0.23162,-0.50361,-0.31627,-0.63417,-0.48817,-0.61029,-0.42382,-0.44806,-0.34216,-0.28154,-0.67351,-0.050804,0.031446,-0.099797,-0.14218,-0.54555,-0.66637,-0.28239,-0.28117,-0.35097,-0.11747,-0.0061004,-0.13562
-0.16414,-0.56869,-0.38846,-0.20716,-0.26521,-0.66244,0.38003,-0.14927,0.38042,0.23522,0,0.20483,0.30419,0.21539,0.21427,-0.35193,-0.39622,-0.61955,-0.27802,-0.28149,-0.11491,-0.40203,0.38639,-0.20792,0.23477,0.23212,-0.090659,-0.9365,0.12726,0.35303,0.35975,0.61712,-0.14112,-0.27575,-0.039252,0.064913,0.039672,0.070134,0.70069,-0.22674,0.059285,-0.4532,0.59429,0.55894,0.26134,0.58452,-0.2882,-0.091086,-0.25769,-0.59717,-0.70302,-0.18905,-0.06347,-0.50381,-0.47812,-0.20396,-0.27606,-0.12495,-0.15753,0.1672,-0.21895,0.40383,-0.079652,-0.47914,0.033644,-0.25848,-0.090115,-0.59351,-0.62185,0.067858,0.14066,0.51519,0.55402,0.18459,0.41997,-0.26338,-0.39423,-0.27085,-0.33636,-0.058419,-0.59562,-0.33029,-0.29026,-0.43618,-0.19862,-0.53146,-0.47929,-0.38053,-0.17521,-0.39148,-0.034411,-0.11974,-0.70152,0.11889,-0.12748,-0.17568,-0.24962,-0.61812,-0.66314,-0.050167,0.03796,-0.45095,0.05941,0.012575,-0.32966
-0.40584,-0.1039,-0.52527,-0.3374,-0.20642,-0.21526,0.16129,0.41656,0.0029846,0.67399,0.20483,0,-0.12504,-0.1187,-0.12497,-0.34779,-0.35422,-0.51906,-0.51202,-0.46693,-0.25413,-0.3198,0.08673,-0.1547,-0.07979,0.096464,-0.08368,-0.39521,0.11232,0.18646,0.24077,0.18211,-0.45144,-0.58832,-0.55854,-0.1999,-0.19499,0.42748,0.20731,0.23576,0.06307,-0.0019219,-0.044283,0.033053,0.16167,0.12985,-0.6042,-0.48045,-0.29658,-0.65559,-0.57154,-0.18917,-0.091715,-0.091617,-0.701,-0.45917,-0.54826,-0.37053,-0.48692,-0.11086,-0.077258,-0.15269,-0.063155,-0.32208,-0.26917,-0.67341,-0.47561,-0.68176,-0.34832,-0.22394,-0.1514,0.15503,0.25175,-0.066212,0.20523,-0.45301,-0.47361,-0.601,-0.54457,-0.36125,-0.37255,-0.45625,-0.36444,-0.62136,-0.37227,-0.85633,-0.58444,-0.6847,-0.54387,-0.48989,-0.3194,-0.28655,-0.61019,-0.024428,0.19625,-0.33188,-0.24232,-0.66267,-0.82483,-0.42298,-0.39349,-0.52786,-0.11759,-0.18729,-0.32368
0.088265,-0.42006,0.01758,-0.044592,0.013867,-0.49197,0.18863,-0.35524,0.34014,-0.019193,0.30419,-0.12504,0,0.74949,0.38203,-0.46316,0.012785,-0.21908,-0.31728,-0.0046245,-0.38323,-0.51934,0.26684,-0.30771,0.33776,0.15704,0.11661,-0.61777,0.25331,0.1777,0.071505,0.16902,0.265,-0.006553,0.323,0.022598,0.34867,-0.038846,0.20807,-0.4859,-0.2247,-0.65704,0.30924,0.14289,0.18938,0.21271,0.039042,0.12733,-0.31133,-0.18801,-0.29515,-0.33703,-0.010987,-0.52281,-0.19029,-0.19308,-0.16379,0.27343,0.2749,0.21618,-0.40687,0.43496,-0.29412,-0.38364,-0.20023,-0.032253,0.14683,-0.25931,-0.6632,0.024382,0.034346,0.15313,0.13971,0.068022,0.079036,0.12761,-0.080715,-0.022237,0.018052,0.35467,-0.3253,0.0047688,-0.05247,-0.25776,-0.28021,-0.11789,-0.10393,-0.034818,-0.0032535,-0.0034438,0.25303,-0.19576,-0.55399,-0.093073,-0.4041,0.17861,-0.24342,-0.33488,-0.38436,0.071545,-0.027734,-0.23292,-0.32342,0.0032404,-0.1611
0.03941,-0.34916,-0.071604,-0.12031,-0.0096687,-0.37003,0.11333,-0.30938,0.33318,-0.029997,0.21539,-0.1187,0.74949,0,0.33022,-0.27139,-0.115,-0.27546,-0.45529,-0.17556,-0.45448,-0.58649,0.064979,-0.35056,0.092857,-0.028541,0.20069,-0.67239,0.035113,-0.028475,-0.058373,0.021069,0.12764,-0.060977,0.24378,0.050528,0.19162,0.028285,0.10384,-0.52497,-0.32396,-0.64176,0.11008,0.06715,0.036556,0.054903,0.10662,0.24503,-0.22619,-0.14163,-0.25474,-0.35167,0.023962,-0.37636,-0.17433,-0.13872,-0.23359,0.23928,0.24094,0.2597,-0.26774,0.45759,-0.13794,-0.28424,-0.14315,0.037783,0.23347,-0.29686,-0.50632,-0.076937,-0.029479,0.039862,0.07754,0.073991,0.088967,0.0068613,-0.10895,-0.16656,-0.074155,0.2739,-0.31515,-0.18052,-0.21913,-0.4089,-0.43012,-0.24919,-0.2244,-0.006717,0.0027353,-0.039993,0.20567,-0.057947,-0.38912,-0.026002,-0.25003,0.18547,-0.13458,-0.36764,-0.35502,0.04408,-0.058563,-0.18158,-0.29917,0.023247,-0.16647
-0.081574,-0.37278,-0.019567,-0.18603,0.018354,-0.39432,0.083024,-0.27729,0.11337,-0.057297,0.21427,-0.12497,0.38203,0.33022,0,-0.18443,-0.016806,-0.23413,-0.56083,-0.35042,-0.56715,-0.54178,0.04921,-0.38493,0.085753,-0.033683,0.028757,-0.50352,0.098806,0.18499,0.038117,0.0028796,-0.040321,-0.30144,0.012509,-0.040899,0.11335,-0.061791,0.1786,-0.36828,-0.27249,-0.54643,0.19973,0.058472,0.15615,0.13153,0.063444,0.15037,-0.319,-0.14388,-0.18308,-0.46897,-0.044087,-0.32897,-0.042243,-0.298,-0.31988,0.12916,0.1242,0.0094195,-0.3687,0.2791,-0.23104,-0.18961,-0.24598,-0.12064,0.18819,-0.42657,-0.31574,-0.22771,-0.24152,0.015835,-0.056117,0.1527,-0.14181,-0.029078,-0.067963,-0.1532,-0.31074,0.44749,-0.15498,-0.029046,0.017757,-0.47465,-0.52459,-0.23286,-0.28888,-0.026914,-0.067832,0.13084,0.41505,-0.14197,-0.48377,-0.012968,-0.18786,0.083627,-0.086769,-0.44687,-0.53004,0.25063,0.003142,-0.38054,-0.23279,-0.20749,-0.40378
-0.28992,-0.15741,-0.35233,-0.44335,-0.22477,-0.079797,-0.24969,-0.10699,-0.30527,-0.49516,-0.35193,-0.34779,-0.46316,-0.27139,-0.18443,0,-0.4406,-0.33862,-0.52259,-0.73897,-0.16026,-0.1197,-0.45695,-0.21426,-0.4224,-0.45174,-0.12208,-0.24214,-0.56801,-0.55311,-0.39379,-0.44804,-0.57876,-0.52383,-0.36588,-0.27578,-0.55153,-0.39436,-0.36145,-0.15867,-0.11238,-0.0060085,-0.34603,-0.25157,-0.5058,-0.36725,-0.12608,-0.041128,-0.07411,-0.14789,-0.10782,-0.27515,-0.038937,0.14659,-0.041988,-0.003752,-0.17468,-0.40877,-0.22195,-0.29913,0.055343,-0.237,0.16932,-0.060663,-0.14148,-0.10765,-0.096156,-0.12127,0.16706,-0.22175,-0.24026,-0.3721,-0.42433,-0.33869,-0.33828,-0.41568,-0.13138,-0.36989,-0.54634,-0.34531,-0.02574,-0.43172,-0.38014,-0.437,-0.40094,-0.40461,-0.34245,-0.20439,-0.16476,-0.31151,-0.19399,0.27823,0.36107,0.0085864,0.085425,-0.30412,0.10067,-0.29652,-0.21154,-0.16835,-0.19826,-0.3562,-0.06263,-0.26217,-0.42001
-0.080964,-0.0081601,0.33685,-0.045287,0.10938,-0.077783,-0.31574,-0.31602,-0.29646,-0.22387,-0.39622,-0.35422,0.012785,-0.115,-0.016806,-0.4406,0,0.50712,-0.3489,-0.04002,-0.50427,-0.28796,-0.1914,-0.29306,-0.032555,-0.15691,-0.16217,0.064014,0.029774,-0.10501,-0.21582,-0.32947,0.13808,-0.032135,-0.1171,-0.32969,0.012024,-0.29006,-0.41776,-0.31309,-0.43641,-0.25111,-0.28689,-0.37452,-0.014903,-0.25883,-0.012024,-0.15465,-0.25969,0.13669,0.2361,-0.20756,-0.26767,-0.30497,-0.055618,-0.30516,-0.17089,-0.079541,0.046868,-0.21918,-0.43568,-0.27138,-0.46796,-0.057908,-0.56698,-0.16294,-0.061791,-0.091879,-0.22199,-0.27206,-0.39262,-0.34578,-0.42243,-0.25554,-0.46302,0.11783,0.042571,0.073552,0.036963,0.15778,0.081679,0.59095,0.53395,-0.00014431,-0.29633,0.29562,0.19656,-0.048632,-0.16091,0.19493,-0.020899,-0.49161,-0.24337,-0.39783,-0.46128,0.27904,-0.089977,0.018459,-0.16313,-0.053467,-0.24585,-0.022532,-0.55027,-0.22161,0.0063431
-0.23457,0.048278,0.30289,0.06105,-0.060846,-0.023909,-0.62655,-0.38558,-0.44287,-0.34375,-0.61955,-0.51906,-0.21908,-0.27546,-0.23413,-0.33862,0.50712,0,-0.23881,-0.046553,-0.43669,-0.23786,-0.46384,-0.37142,-0.27747,-0.45662,-0.32473,0.15368,-0.25711,-0.44484,-0.46661,-0.55594,-0.030705,0.0028862,-0.2261,-0.4144,-0.17922,-0.39785,-0.74242,-0.38564,-0.63894,-0.23836,-0.5081,-0.49433,-0.26091,-0.55089,-0.014398,-0.16601,-0.22051,0.19521,0.30493,-0.17482,-0.41574,-0.31089,-0.016989,-0.21129,-0.17562,-0.21446,-0.03264,-0.28488,-0.36429,-0.35169,-0.38602,-0.038137,-0.5022,-0.084677,-0.12213,-0.080886,-0.0461,-0.35238,-0.55196,-0.68174,-0.77164,-0.43004,-0.67032,-0.0023418,0.011925,0.11877,0.14135,-0.060026,0.13739,0.36368,0.3539,0.041555,-0.20139,0.33338,0.23247,-0.027878,-0.090745,0.13527,-0.15719,-0.40152,-0.12696,-0.53974,-0.52759,0.195,-0.06574,0.09163,-0.02059,-0.11012,-0.31016,0.073782,-0.51608,-0.28657,0.049374
-0.05981,-0.41628,-0.1313,0.089741,-0.55034,-0.42411,-0.40697,-0.54343,-0.27506,-0.42098,-0.27802,-0.51202,-0.31728,-0.45529,-0.56083,-0.52259,-0.3489,-0.23881,0,0.26831,0.14289,0.09161,-0.16859,0.052837,-0.14075,-0.1304,-0.57172,-0.20953,-0.31326,-0.26164,-0.29812,-0.11935,-0.05287,0.082263,0.02652,-0.1403,-0.20124,-0.52899,-0.30052,-0.3512,-0.21597,-0.37079,-0.12455,-0.1308,-0.37927,-0.264,-0.22469,-0.25205,-0.10087,-0.36002,-0.43488,-0.022683,-0.39297,-0.47279,-0.18962,0.0015415,0.15959,-0.17553,-0.20474,-0.18214,-0.20106,-0.23361,-0.37965,-0.42081,0.0065923,-0.013362,-0.2311,-0.0078321,-0.36082,0.017461,0.016458,-0.19234,-0.21034,-0.33498,-0.21156,-0.081378,-0.18102,0.17099,0.14472,-0.38554,-0.43807,-0.12618,-0.26908,0.47078,0.59252,0.084697,-0.047557,-0.1428,0.026363,-0.32425,-0.38941,-0.32556,-0.2272,-0.49366,-0.72223,-0.28745,-0.39716,0.18702,0.27516,-0.20145,-0.059967,-0.038721,-0.07531,-0.1263,0.034962
0.080131,-0.41208,0.046888,0.051414,-0.10529,-0.43175,-0.17828,-0.56524,-0.1091,-0.3648,-0.28149,-0.46693,-0.0046245,-0.17556,-0.35042,-0.73897,-0.04002,-0.046553,0.26831,0,-0.17681,-0.26283,-0.029472,-0.25256,-0.010312,-0.07653,-0.19242,-0.13124,-0.031833,-0.16276,-0.35422,-0.2132,0.1921,0.24129,0.15181,-0.29684,0.14005,-0.39443,-0.21893,-0.49564,-0.28188,-0.49711,-0.15691,-0.31908,-0.30453,-0.27576,-0.12099,-0.22998,-0.38057,-0.052975,-0.17704,-0.24512,-0.18615,-0.51711,-0.121,-0.23209,-0.00070843,0.13689,0.059692,-0.13355,-0.52506,-0.1978,-0.67963,-0.44131,-0.35042,-0.082204,-0.24235,0.099088,-0.62333,-0.074523,-0.083778,-0.26223,-0.24535,-0.37266,-0.2959,0.26548,-0.055271,0.12886,0.60531,-0.064283,-0.20888,0.076392,-0.063811,0.21052,0.11062,0.26674,0.34463,0.015638,-0.071735,-0.068068,-0.2023,-0.34443,-0.35381,-0.43816,-0.83714,-0.14915,-0.61561,-0.018071,0.038832,-0.24827,-0.23955,-0.099862,-0.52783,-0.11317,0.0017317
-0.33508,-0.40121,-0.55336,-0.32473,-0.5848,-0.39454,-0.18251,-0.21814,-0.28201,-0.33875,-0.11491,-0.25413,-0.38323,-0.45448,-0.56715,-0.16026,-0.50427,-0.43669,0.14289,-0.17681,0,0.20335,-0.13797,0.046868,-0.13134,-0.11022,-0.43159,-0.32893,-0.36091,-0.28089,-0.027366,0.023188,-0.2297,-0.091059,-0.15608,-0.13287,-0.48198,-0.50212,-0.21216,-0.1125,0.25379,-0.0099508,-0.018019,0.059141,-0.20751,-0.02267,-0.52042,-0.38826,-0.082302,-0.50669,-0.51136,0.17321,-0.36046,-0.41744,-0.54942,0.084356,0.11002,-0.6519,-0.4635,-0.29038,-0.11281,-0.20258,0.014339,-0.40289,0.23368,-0.24286,-0.39702,-0.091171,-0.29338,0.33475,0.31585,0.039357,-0.0016202,-0.22915,0.067609,-0.51504,-0.48257,-0.13743,-0.27431,-0.68043,-0.65858,-0.38775,-0.41227,0.030456,0.25806,-0.29455,-0.29742,-0.53997,-0.23866,-0.78697,-0.52003,-0.11031,-0.084231,-0.091538,-0.23392,-0.4755,-0.29997,-0.14785,-0.13901,-0.31722,0.0077665,-0.1793,0.21707,-0.027839,-0.18941
-0.30231,0.088455,-0.21907,-0.13955,-0.51117,0.049879,-0.50171,0.0019482,-0.62828,-0.45685,-0.40203,-0.3198,-0.51934,-0.58649,-0.54178,-0.1197,-0.28796,-0.23786,0.09161,-0.26283,0.20335,0,-0.35002,0.47458,-0.17239,-0.08528,-0.50709,-0.019856,-0.35344,-0.33633,-0.090777,-0.12922,-0.24228,-0.28632,-0.25328,-0.11428,-0.58178,-0.44153,-0.45622,0.15541,0.042099,0.25675,-0.15769,-0.076123,-0.25528,-0.24824,-0.34125,-0.33066,0.051663,-0.49118,-0.37368,-0.060505,-0.36624,0.0067957,-0.24335,0.11625,0.29727,-0.48152,-0.35923,-0.477,0.0392,-0.35899,-0.031276,-0.22574,0.0040931,-0.16702,-0.30603,0.11931,0.046507,0.10363,0.060708,-0.13963,-0.2783,-0.37172,-0.24833,-0.34796,-0.11183,0.069564,-0.32157,-0.69545,-0.3336,-0.20042,-0.34384,0.2316,0.2406,-0.14304,-0.25351,-0.33425,-0.083031,-0.35778,-0.3692,-0.28588,0.035113,-0.42921,-0.29404,-0.31477,-0.085648,0.28104,0.12841,-0.18468,-0.145,-0.1495,0.082768,-0.34295,-0.12725
0.082814,-0.52309,-0.14718,-0.040105,-0.17175,-0.77715,0.48291,-0.20365,0.46061,0.12478,0.38639,0.08673,0.26684,0.064979,0.04921,-0.45695,-0.1914,-0.46384,-0.16859,-0.029472,-0.13797,-0.35002,0,-0.060636,0.46691,0.5548,0.065077,-0.604,0.49131,0.43913,0.18842,0.3887,-0.16066,-0.31272,-0.051873,-0.22917,0.1177,-0.13279,0.39294,-0.16553,0.15006,-0.37273,0.37669,0.24866,0.11585,0.4128,-0.32674,-0.23012,-0.37702,-0.526,-0.63576,-0.19591,0.12003,-0.4005,-0.37915,-0.28928,-0.21165,-0.043877,-0.037153,0.24409,-0.20117,0.12611,-0.29456,-0.57789,-0.31097,-0.30528,-0.18315,-0.31084,-0.70516,0.17291,0.16419,0.37383,0.34191,-0.17164,0.25435,0.032017,-0.13208,-0.10959,-0.090626,-0.070948,-0.30985,-0.048567,-0.1071,-0.19596,-0.031951,-0.29056,-0.13095,-0.39095,-0.20435,-0.38172,-0.082171,-0.15727,-0.53591,-0.094306,-0.35475,-0.12365,-0.33395,-0.43972,-0.46786,-0.23645,-0.20627,-0.58985,-0.23268,0.071341,-0.18963
-0.17551,-0.023044,-0.15555,-0.005018,-0.62426,-0.15655,-0.31241,-0.021633,-0.30863,-0.20294,-0.20792,-0.1547,-0.30771,-0.35056,-0.38493,-0.21426,-0.29306,-0.37142,0.052837,-0.25256,0.046868,0.47458,-0.060636,0,-0.061181,0.11418,-0.24648,-0.16381,-0.12001,-0.11949,0.028973,0.0050049,-0.25857,-0.36979,-0.21754,-0.19545,-0.47991,-0.35431,-0.27346,0.16691,0.015848,0.07186,-0.04267,0.068442,-0.14603,-0.098426,-0.39606,-0.32872,-0.024638,-0.61383,-0.56556,-0.042066,-0.24331,0.00204,-0.34276,-0.014418,0.086297,-0.34123,-0.30478,-0.155,0.25541,-0.16529,0.037829,-0.21187,-0.075533,-0.20517,-0.23346,-0.041568,-0.050312,0.13817,0.10607,0.075172,-0.078255,-0.30734,-0.0021122,-0.25339,-0.055087,0.095015,-0.26967,-0.58816,-0.37305,-0.1868,-0.40743,0.14581,0.24886,-0.26348,-0.31292,-0.45034,-0.10878,-0.44366,-0.34398,-0.20497,-0.059121,-0.39235,-0.28304,-0.16552,-0.024598,0.20028,0.090594,-0.18954,-0.1791,-0.25291,0.038786,-0.1363,-0.052863
0.2443,-0.33008,0.023752,0.04917,0.010705,-0.45437,0.25801,-0.1683,0.2414,-0.071781,0.23477,-0.07979,0.33776,0.092857,0.085753,-0.4224,-0.032555,-0.27747,-0.14075,-0.010312,-0.13134,-0.17239,0.46691,-0.061181,0,0.74575,-0.1644,-0.58743,0.26005,0.26407,0.12925,0.44952,0.021869,-0.21736,0.10243,0.01163,0.29264,-0.13816,0.19636,-0.23664,0.11313,-0.34655,0.44165,0.32081,0.084192,0.28041,-0.046245,0.02431,-0.1161,-0.47191,-0.46891,-0.18449,0.16938,-0.35867,-0.16634,0.007268,0.13426,0.020925,0.21497,0.13559,-0.23319,0.11275,-0.34183,-0.65482,-0.23129,-0.038734,0.040033,-0.13734,-0.72934,0.31488,0.31703,0.20371,0.15383,-0.224,0.01653,0.18117,0.035067,0.047655,-0.027058,0.035251,-0.23729,0.14792,0.071453,0.0018104,0.031243,-0.049118,0.022748,-0.13487,0.095487,-0.20179,0.050476,-0.24867,-0.45055,-0.17366,-0.51426,0.035251,-0.18732,-0.22963,-0.3361,-0.043411,-0.090987,-0.39006,-0.17822,-0.030561,-0.039888
0.13777,-0.25949,-0.11826,-0.043214,-0.092483,-0.38992,0.29681,-0.005123,0.15261,0.028029,0.23212,0.096464,0.15704,-0.028541,-0.033683,-0.45174,-0.15691,-0.45662,-0.1304,-0.07653,-0.11022,-0.08528,0.5548,0.11418,0.74575,0,-0.1294,-0.50429,0.35406,0.41556,0.25732,0.54877,-0.1015,-0.34718,-0.055061,-0.032188,0.1309,-0.038216,0.28405,-0.015723,0.25902,-0.19259,0.38226,0.28327,0.11744,0.34136,-0.23718,-0.17135,-0.15864,-0.6561,-0.63114,-0.19565,0.15151,-0.21141,-0.28989,-0.12207,0.02816,-0.045149,-0.016333,0.047845,-0.14582,-0.011053,-0.30659,-0.60919,-0.24843,-0.22353,-0.14287,-0.17326,-0.65102,0.23436,0.31559,0.3731,0.31114,-0.20844,0.12729,0.046855,-0.047714,-0.077704,-0.17301,-0.13259,-0.30247,-0.024611,-0.11488,-0.055802,0.033736,-0.21921,-0.1328,-0.29199,-0.090266,-0.31265,-0.074884,-0.30832,-0.48014,-0.1858,-0.35808,-0.13078,-0.24267,-0.24767,-0.36091,-0.18566,-0.18936,-0.48573,-0.1462,-0.085917,-0.1117
-0.14328,-0.25146,-0.16055,-0.28306,-0.074884,-0.3502,0.09895,-0.17479,0.065851,-0.13148,-0.090659,-0.08368,0.11661,0.20069,0.028757,-0.12208,-0.16217,-0.32473,-0.57172,-0.19242,-0.43159,-0.50709,0.065077,-0.24648,-0.1644,-0.1294,0,-0.28712,0.1798,-0.11606,-0.11692,-0.23851,-0.20417,-0.30977,-0.11487,-0.41245,-0.17373,-0.13949,-0.041082,-0.17735,-0.14127,-0.24457,-0.12642,-0.23361,-0.086868,-0.060361,-0.28076,-0.25546,-0.65582,-0.10073,-0.22856,-0.53927,0.032614,-0.10389,-0.25786,-0.50424,-0.47313,0.037494,-0.062204,-0.054306,-0.27094,-0.0099377,-0.1668,-0.19365,-0.49011,-0.37599,-0.25578,-0.12343,-0.23997,-0.1616,-0.19678,-0.041627,-0.069413,-0.18328,0.0085667,-0.080754,-0.070646,-0.26802,-0.18057,-0.068711,-0.10941,-0.25614,-0.332,-0.53381,-0.49545,-0.38905,-0.19324,-0.28352,-0.40867,-0.1413,0.031584,0.0093014,-0.20946,-0.1129,-0.10485,-0.16228,-0.34392,-0.45995,-0.39187,-0.34133,-0.44385,-0.4978,-0.59198,-0.15048,-0.44589
-0.47619,0.10745,-0.1423,-0.33439,-0.20447,0.18212,-0.63006,-0.15186,-0.91374,-0.41599,-0.9365,-0.39521,-0.61777,-0.67239,-0.50352,-0.24214,0.064014,0.15368,-0.20953,-0.13124,-0.32893,-0.019856,-0.604,-0.16381,-0.58743,-0.50429,-0.28712,0,-0.34479,-0.39624,-0.44105,-0.78256,-0.21414,-0.1741,-0.50376,-0.64201,-0.48936,-0.4282,-0.73233,-0.031637,-0.38687,0.11972,-0.73275,-0.8508,-0.38972,-0.69492,-0.37127,-0.56414,-0.32499,0.1448,0.2649,-0.21007,-0.48171,0.0030108,-0.18843,-0.44765,-0.26941,-0.37231,-0.44011,-0.71156,-0.30633,-0.7153,-0.3117,0.23792,-0.48649,-0.4335,-0.50853,-0.021338,0.14956,-0.55422,-0.62551,-0.60849,-0.74207,-0.38771,-0.72121,-0.27623,-0.18984,-0.15823,-0.20304,-0.37006,0.02206,-0.090298,-0.12567,-0.071361,-0.26405,-0.027327,-0.056432,-0.24839,-0.45847,-0.056792,-0.45883,-0.38441,0.0037914,-0.40413,-0.16571,-0.2722,-0.23087,0.085989,0.0037324,-0.28605,-0.37986,-0.044133,-0.4227,-0.42443,-0.21078
-0.053887,-0.22363,-0.0028928,-0.04694,-0.050968,-0.44857,0.18162,-0.097908,0.09834,0.097639,0.12726,0.11232,0.25331,0.035113,0.098806,-0.56801,0.029774,-0.25711,-0.31326,-0.031833,-0.36091,-0.35344,0.49131,-0.12001,0.26005,0.35406,0.1798,-0.34479,0,0.38358,0.25313,0.18876,-0.11081,-0.34196,-0.12031,-0.24831,0.06656,0.0029977,0.20083,-0.010462,0.020695,-0.23705,0.1977,0.01161,0.32697,0.31029,-0.35168,-0.3708,-0.62693,-0.41912,-0.46244,-0.46138,-0.043103,-0.28042,-0.30414,-0.55459,-0.35053,0.043647,-0.069105,-0.057461,-0.40249,-0.058577,-0.46468,-0.48284,-0.55004,-0.48512,-0.32353,-0.2261,-0.46942,-0.021227,-0.091151,0.22209,0.15431,-0.15746,0.06633,0.078714,-0.042729,-0.092424,-0.13099,-0.015566,-0.17033,0.059659,-0.010548,-0.26085,-0.21202,-0.22562,-0.12189,-0.34689,-0.35235,-0.09554,0.10887,-0.42689,-0.68144,-0.32447,-0.35201,-0.14316,-0.45334,-0.40012,-0.52121,-0.31623,-0.42558,-0.60613,-0.50526,-0.26103,-0.33599
-0.11595,-0.42624,-0.24118,-0.24051,-0.12737,-0.48701,0.30807,-0.11056,0.09018,0.22008,0.35303,0.18646,0.1777,-0.028475,0.18499,-0.55311,-0.10501,-0.44484,-0.26164,-0.16276,-0.28089,-0.33633,0.43913,-0.11949,0.26407,0.41556,-0.11606,-0.39624,0.38358,0,0.36357,0.33303,-0.071204,-0.30375,-0.16268,-0.13746,0.11851,0.027196,0.49183,-0.078649,0.041082,-0.32251,0.30205,0.11854,0.33069,0.40229,-0.34643,-0.2768,-0.34144,-0.44309,-0.44797,-0.21138,-0.085792,-0.37429,-0.40343,-0.44154,-0.30771,-0.071466,-0.20833,-0.035487,-0.33242,0.014424,-0.3284,-0.3037,-0.25257,-0.43548,-0.20599,-0.49618,-0.5929,-0.13332,-0.065687,0.38441,0.30977,0.11536,0.083542,-0.12319,-0.29849,-0.22611,-0.32804,0.03468,-0.37614,-0.089964,-0.07548,-0.28919,-0.21848,-0.32813,-0.31116,-0.36935,-0.32558,-0.23038,-0.087275,-0.37612,-0.74541,-0.014647,-0.15894,-0.16256,-0.28448,-0.43008,-0.58759,-0.069236,-0.062893,-0.4435,-0.12454,-0.10007,-0.29611
-0.37669,-0.22883,-0.37765,-0.30169,-0.35145,-0.34478,0.069938,0.050954,-0.1114,0.13718,0.35975,0.24077,0.071505,-0.058373,0.038117,-0.39379,-0.21582,-0.46661,-0.29812,-0.35422,-0.027366,-0.090777,0.18842,0.028973,0.12925,0.25732,-0.11692,-0.44105,0.25313,0.36357,0,0.51341,-0.10916,-0.3063,-0.17009,0.023955,-0.22885,0.033126,0.25658,0.14269,0.21064,-0.067366,0.42766,0.34424,0.78649,0.72188,-0.53291,-0.38678,-0.34489,-0.66785,-0.62687,-0.20351,-0.31837,-0.35459,-0.61487,-0.33218,-0.25291,-0.31313,-0.38843,-0.20682,-0.27582,0.04038,-0.074497,-0.33033,-0.033106,-0.52384,-0.33443,-0.4005,-0.33271,0.099803,0.087222,0.75533,0.4488,0.20455,0.35342,-0.40888,-0.41314,-0.18975,-0.52143,-0.25223,-0.62513,-0.25874,-0.26551,-0.31887,-0.16964,-0.49107,-0.55229,-0.60134,-0.39937,-0.34709,-0.067399,-0.40073,-0.63591,-0.090253,-0.059718,-0.27106,-0.27231,-0.38821,-0.59769,-0.15843,-0.072483,-0.40731,0.027602,-0.22687,-0.43259
-0.085858,-0.35587,-0.29642,-0.098485,-0.2785,-0.48752,0.21593,-0.045687,0.1665,0.1328,0.61712,0.18211,0.16902,0.021069,0.0028796,-0.44804,-0.32947,-0.55594,-0.11935,-0.2132,0.023188,-0.12922,0.3887,0.0050049,0.44952,0.54877,-0.23851,-0.78256,0.18876,0.33303,0.51341,0,-0.11756,-0.28722,-0.033637,0.18499,0.013001,0.054175,0.42579,-0.064926,0.22377,-0.2652,0.67366,0.70154,0.31,0.67799,-0.31077,-0.16629,-0.15518,-0.88055,-0.88232,-0.14722,-0.087045,-0.40979,-0.44718,-0.095008,-0.069092,-0.17413,-0.1652,0.041692,-0.17843,0.14385,-0.17137,-0.6612,0.018131,-0.24587,-0.15719,-0.37535,-0.61186,0.28039,0.35345,0.63293,0.6099,0.012293,0.39301,-0.2004,-0.28685,-0.15017,-0.30112,-0.19473,-0.58611,-0.2157,-0.23347,-0.18721,0.011807,-0.38432,-0.38646,-0.39355,-0.11907,-0.40752,-0.062145,-0.31904,-0.66282,-0.1179,-0.26908,-0.21052,-0.26806,-0.37891,-0.49109,-0.15103,-0.051177,-0.42513,0.067412,-0.099351,-0.21822
-0.032024,-0.32414,-0.015257,-0.1748,-0.081069,-0.22502,-0.21572,-0.52569,-0.1946,-0.33096,-0.14112,-0.45144,0.265,0.12764,-0.040321,-0.57876,0.13808,-0.030705,-0.05287,0.1921,-0.2297,-0.24228,-0.16066,-0.25857,0.021869,-0.1015,-0.20417,-0.21414,-0.11081,-0.071204,-0.10916,-0.11756,0,0.55585,0.4816,0.063988,0.13147,-0.27445,-0.18534,-0.58624,-0.37684,-0.53803,-0.01737,-0.16561,0.0074582,-0.10434,0.061404,0.027675,-0.16239,0.059816,-0.017232,-0.16335,-0.35247,-0.60465,-0.16494,-0.099206,0.063909,0.1203,0.075297,-0.16559,-0.55297,0.032824,-0.37001,-0.15235,-0.03207,0.053998,0.07022,-0.034247,-0.50929,-0.075644,-0.027498,-0.075848,-0.11105,0.10878,-0.17835,0.014155,-0.19672,0.093985,0.092502,0.19132,-0.44847,0.026264,-0.069006,0.057114,-0.17254,0.18898,-0.027911,0.093329,-0.010889,0.08082,-0.013532,-0.39549,-0.34054,-0.20499,-0.4894,0.099154,-0.28509,0.058045,-0.032909,0.1451,0.17459,0.256,-0.26241,-0.063549,-0.025425
-0.14921,-0.43777,-0.16038,-0.2184,-0.22582,-0.29401,-0.3447,-0.73559,-0.26127,-0.41004,-0.27575,-0.58832,-0.006553,-0.060977,-0.30144,-0.52383,-0.032135,0.0028862,0.082263,0.24129,-0.091059,-0.28632,-0.31272,-0.36979,-0.21736,-0.34718,-0.30977,-0.1741,-0.34196,-0.30375,-0.3063,-0.28722,0.55585,0,0.28064,-0.071656,-0.034864,-0.3911,-0.33435,-0.7468,-0.4578,-0.55393,-0.23026,-0.31078,-0.2041,-0.27249,-0.051623,-0.080722,-0.17147,0.1332,0.020833,-0.020892,-0.49873,-0.78071,-0.24903,-0.092273,-0.025372,-0.075887,-0.10021,-0.19443,-0.53928,-0.10626,-0.33279,-0.12471,0.029688,0.032994,-0.070312,-0.064369,-0.4725,-0.15165,-0.12229,-0.24629,-0.22008,-0.0080223,-0.21261,-0.13528,-0.37328,0.0022499,0.1782,-0.012463,-0.49755,-0.11848,-0.16189,0.070856,-0.093919,0.17189,-0.0061135,-0.00029518,-0.10312,-0.11312,-0.25052,-0.3357,-0.22947,-0.20256,-0.47866,-0.046068,-0.33839,0.034011,0.054392,-0.046684,0.12858,0.45287,-0.23426,0.0086914,0.014142
0.20857,-0.47435,0.032043,-0.054306,-0.13992,-0.41833,-0.13034,-0.66561,0.0093342,-0.46616,-0.039252,-0.55854,0.323,0.24378,0.012509,-0.36588,-0.1171,-0.2261,0.02652,0.15181,-0.15608,-0.25328,-0.051873,-0.21754,0.10243,-0.055061,-0.11487,-0.50376,-0.12031,-0.16268,-0.17009,-0.033637,0.4816,0.28064,0,0.1881,0.14087,-0.35887,-0.096891,-0.70333,-0.28552,-0.70508,0.14302,-0.007386,-0.1213,-0.025372,0.21601,0.23534,-0.1586,-0.095356,-0.23761,-0.29662,-0.16617,-0.55328,0.009695,0.053106,0.16875,0.2897,0.305,-0.011027,-0.42456,0.18916,-0.35708,-0.39596,0.027366,0.27903,0.23155,0.077875,-0.5201,0.12581,0.16406,-0.021666,-0.04307,-0.013801,-0.080623,0.14659,-0.024028,0.14243,0.1307,0.17962,-0.41139,-0.04202,-0.17126,0.044073,-0.091099,0.13639,-0.039895,0.2194,0.20377,0.032063,0.18037,-0.19569,-0.25316,-0.24477,-0.63898,0.017665,-0.32558,-0.013775,0.027694,0.091079,0.1267,0.0038176,-0.25231,-0.065956,-0.1033
-0.047839,-0.19803,-0.24601,-0.21575,-0.16693,-0.11875,-0.17996,-0.2096,-0.14878,-0.25224,0.064913,-0.1999,0.022598,0.050528,-0.040899,-0.27578,-0.32969,-0.4144,-0.1403,-0.29684,-0.13287,-0.11428,-0.22917,-0.19545,0.01163,-0.032188,-0.41245,-0.64201,-0.24831,-0.13746,0.023955,0.18499,0.063988,-0.071656,0.1881,0,-0.0038964,0.056346,0.0058708,-0.31915,-0.1643,-0.36982,0.12792,0.13212,0.01573,0.076359,0.083372,0.14951,0.074641,-0.44851,-0.42796,-0.28315,-0.23179,-0.31669,-0.10649,0.097927,0.062165,-0.020131,-0.060544,-0.19759,-0.2858,-0.015638,-0.23246,-0.45656,0.2358,0.078662,0.088875,-0.19664,-0.38804,-0.014733,0.11985,0.058295,0.12116,0.12344,-0.0038504,-0.20575,-0.24415,-0.21576,-0.33688,-0.050502,-0.53887,-0.31667,-0.30986,-0.17949,-0.21979,-0.20026,-0.43873,0.038996,0.072857,-0.089196,0.097173,-0.41416,-0.39744,-0.22116,-0.2723,-0.20098,-0.207,-0.16349,-0.21371,-0.019823,0.064139,-0.052194,0.029151,-0.32085,-0.21182
0.37423,-0.41917,0.048363,-0.045805,0.3385,-0.38399,0.17288,-0.38049,0.25896,-0.104,0.039672,-0.19499,0.34867,0.19162,0.11335,-0.55153,0.012024,-0.17922,-0.20124,0.14005,-0.48198,-0.58178,0.1177,-0.47991,0.29264,0.1309,-0.17373,-0.48936,0.06656,0.11851,-0.22885,0.013001,0.13147,-0.034864,0.14087,-0.0038964,0,0.0055756,0.13822,-0.5821,-0.27975,-0.70987,0.0063693,-0.13178,-0.12884,-0.058918,0.21778,0.15515,-0.17456,-0.12564,-0.17191,-0.31945,0.17349,-0.41812,0.025681,-0.17556,-0.11038,0.38186,0.34432,0.11105,-0.46848,-0.030817,-0.65975,-0.50664,-0.36011,0.042578,0.11549,-0.23068,-0.95677,-0.19383,-0.094661,-0.14504,-0.038354,-0.16749,-0.22366,0.38532,-0.03081,-0.17936,0.12435,0.47524,-0.1056,0.079961,0.11181,-0.15776,-0.26649,0.066041,0.11559,0.21321,0.054031,0.054208,0.071866,-0.33751,-0.53757,-0.16553,-0.50565,0.036956,-0.31745,-0.31828,-0.32148,-0.064251,-0.14738,-0.20644,-0.4261,-0.087189,-0.017507
-0.26633,-0.010876,-0.36594,-0.2965,0.0015087,-0.035126,0.0063103,0.19874,-0.053454,0.28804,0.070134,0.42748,-0.038846,0.028285,-0.061791,-0.39436,-0.29006,-0.39785,-0.52899,-0.39443,-0.50212,-0.44153,-0.13279,-0.35431,-0.13816,-0.038216,-0.13949,-0.4282,0.0029977,0.027196,0.033126,0.054175,-0.27445,-0.3911,-0.35887,0.056346,0.0055756,0,0.14695,-0.019574,-0.18805,-0.18353,-0.1418,-0.11924,0.076753,-0.013972,-0.25378,-0.23411,-0.24662,-0.46528,-0.40081,-0.4055,-0.096071,-0.08347,-0.35517,-0.41602,-0.50796,-0.08816,-0.28542,-0.16777,-0.26024,-0.19923,-0.26333,-0.34395,-0.28091,-0.41271,-0.29235,-0.54235,-0.38992,-0.39701,-0.26949,-0.036045,0.119,-0.015612,0.0034897,-0.28193,-0.36505,-0.61551,-0.43609,-0.12687,-0.28439,-0.4347,-0.33232,-0.63112,-0.5312,-0.55486,-0.49302,-0.26568,-0.37464,-0.1676,-0.10338,-0.47257,-0.67951,-0.17143,0.058924,-0.27712,-0.27562,-0.56268,-0.65076,-0.36222,-0.41487,-0.33633,-0.26785,-0.37921,-0.3136
-0.099265,-0.58023,-0.41934,-0.32188,-0.10659,-0.59625,0.59836,-0.11856,0.29898,0.13166,0.70069,0.20731,0.20807,0.10384,0.1786,-0.36145,-0.41776,-0.74242,-0.30052,-0.21893,-0.21216,-0.45622,0.39294,-0.27346,0.19636,0.28405,-0.041082,-0.73233,0.20083,0.49183,0.25658,0.42579,-0.18534,-0.33435,-0.096891,0.0058708,0.13822,0.14695,0,-0.16948,0.14314,-0.40711,0.41618,0.21606,0.15463,0.48272,-0.29595,-0.16338,-0.37317,-0.53765,-0.62661,-0.35043,0.055631,-0.37369,-0.36699,-0.35395,-0.33078,-0.0098983,-0.16802,0.010895,-0.34939,0.12314,-0.26975,-0.50703,-0.13269,-0.36079,-0.19807,-0.49348,-0.71249,-0.077566,0.045766,0.41343,0.50659,0.115,0.22153,-0.18033,-0.36184,-0.39126,-0.37436,-0.00020335,-0.44531,-0.35604,-0.297,-0.49748,-0.28165,-0.50839,-0.40707,-0.30677,-0.28508,-0.30739,-0.012732,-0.20117,-0.74546,0.11067,-0.090049,-0.34348,-0.40058,-0.72904,-0.73613,-0.16313,-0.092634,-0.58634,-0.091728,-0.13432,-0.46398
-0.52073,0.20048,-0.39885,-0.32729,-0.34701,0.026271,-0.20726,0.55644,-0.45685,-0.025622,-0.22674,0.23576,-0.4859,-0.52497,-0.36828,-0.15867,-0.31309,-0.38564,-0.3512,-0.49564,-0.1125,0.15541,-0.16553,0.16691,-0.23664,-0.015723,-0.17735,-0.031637,-0.010462,-0.078649,0.14269,-0.064926,-0.58624,-0.7468,-0.70333,-0.31915,-0.5821,-0.019574,-0.16948,0,0.20253,0.64146,-0.18478,-0.14382,-0.0093604,-0.068377,-0.74695,-0.73612,-0.33629,-0.65707,-0.48549,-0.29466,-0.25058,0.21763,-0.47656,-0.42173,-0.32495,-0.53446,-0.63067,-0.51028,-0.045143,-0.46762,-0.081929,-0.2337,-0.34743,-0.77444,-0.71333,-0.23116,0.048941,-0.16728,-0.20007,-0.013637,-0.095579,-0.30504,-0.096523,-0.48525,-0.26051,-0.34457,-0.64937,-0.69665,-0.21087,-0.35397,-0.3733,-0.32359,-0.18818,-0.57418,-0.47677,-0.71263,-0.57664,-0.40239,-0.33566,-0.37614,-0.27453,-0.32153,0.078695,-0.52329,-0.24381,-0.28251,-0.41867,-0.51163,-0.53765,-0.5791,-0.15198,-0.51564,-0.45368
-0.22014,-0.29154,-0.51111,-0.42086,-0.21282,-0.34843,0.23088,0.1194,-0.12205,-0.18048,0.059285,0.06307,-0.2247,-0.32396,-0.27249,-0.11238,-0.43641,-0.63894,-0.21597,-0.28188,0.25379,0.042099,0.15006,0.015848,0.11313,0.25902,-0.14127,-0.38687,0.020695,0.041082,0.21064,0.22377,-0.37684,-0.4578,-0.28552,-0.1643,-0.27975,-0.18805,0.14314,0.20253,0,0.15606,0.16551,0.10369,-0.033198,0.24933,-0.55031,-0.43231,-0.28916,-0.66906,-0.61287,-0.1989,0.0083175,-0.13212,-0.44577,-0.17313,-0.057947,-0.41687,-0.35634,-0.30601,-0.19406,-0.23352,-0.13837,-0.55574,-0.15273,-0.47713,-0.48376,-0.10617,-0.39404,0.24948,0.28825,0.25727,0.19164,-0.26026,0.099259,-0.33965,-0.30329,-0.31335,-0.46798,-0.47197,-0.36194,-0.34319,-0.33126,-0.24323,-0.04099,-0.4551,-0.29028,-0.55481,-0.38394,-0.57977,-0.25874,-0.15958,-0.2622,-0.020708,-0.080125,-0.58457,-0.37744,-0.44612,-0.5,-0.42226,-0.24994,-0.65513,-0.035723,-0.22739,-0.45064
-0.55042,0.29271,-0.42277,-0.4366,-0.28296,0.20144,-0.32811,0.42714,-0.64894,-0.2335,-0.4532,-0.0019219,-0.65704,-0.64176,-0.54643,-0.0060085,-0.25111,-0.23836,-0.37079,-0.49711,-0.0099508,0.25675,-0.37273,0.07186,-0.34655,-0.19259,-0.24457,0.11972,-0.23705,-0.32251,-0.067366,-0.2652,-0.53803,-0.55393,-0.70508,-0.36982,-0.70987,-0.18353,-0.40711,0.64146,0.15606,0,-0.37726,-0.30549,-0.18802,-0.25865,-0.63867,-0.67004,-0.22192,-0.41969,-0.25203,-0.18184,-0.28121,0.24775,-0.42572,-0.27191,-0.20365,-0.70853,-0.62348,-0.65859,-0.052338,-0.63187,-0.027078,-0.1415,-0.31692,-0.61393,-0.68538,-0.072693,0.13076,-0.16261,-0.20544,-0.21035,-0.27915,-0.42101,-0.24492,-0.54605,-0.27766,-0.35398,-0.58642,-0.79591,-0.14851,-0.34475,-0.33879,-0.24475,-0.19992,-0.4308,-0.34075,-0.61915,-0.54737,-0.42981,-0.45387,-0.30478,-0.017179,-0.28046,0.088016,-0.50626,-0.17061,-0.17785,-0.29236,-0.53524,-0.50205,-0.37578,-0.16043,-0.4691,-0.36104
-0.074339,-0.48456,-0.20397,-0.10398,-0.27076,-0.60417,0.20284,-0.20596,0.15391,-0.070443,0.59429,-0.044283,0.30924,0.11008,0.19973,-0.34603,-0.28689,-0.5081,-0.12455,-0.15691,-0.018019,-0.15769,0.37669,-0.04267,0.44165,0.38226,-0.12642,-0.73275,0.1977,0.30205,0.42766,0.67366,-0.01737,-0.23026,0.14302,0.12792,0.0063693,-0.1418,0.41618,-0.18478,0.16551,-0.37726,0,0.6732,0.27461,0.64815,-0.2136,-0.062486,-0.2707,-0.59755,-0.69185,-0.28203,-0.095526,-0.47253,-0.30152,-0.10195,-0.019318,-0.050495,-0.032883,0.0073729,-0.29135,0.35534,-0.17529,-0.56106,0.027281,-0.16743,-0.055435,-0.26748,-0.52808,0.32104,0.31353,0.56537,0.35199,0.075507,0.22907,-0.12159,-0.18081,0.004021,-0.25466,-0.062309,-0.52744,-0.14548,-0.19958,-0.18539,-0.023608,-0.28953,-0.32158,-0.26566,-0.036996,-0.24659,0.13101,-0.18531,-0.58112,-0.082703,-0.34105,-0.16985,-0.29398,-0.35491,-0.43475,0.038793,0.073473,-0.46239,0.01674,-0.12738,-0.35345
