,,,,,,,,,,,,,,,,,,,,,,,,,,,,,,,,,,,,,,,,,,,,,,,,,,,,,,,,,,,,,,,,,,,,,,,,,,,,,,,,,,,,,,,,,,,,,,,,,,,,,,,,
0,-0.1951,0.3271,0.18396,0.16285,-0.18674,0.05961,-0.30427,0.32364,-0.149,-0.047532,-0.26954,0.21798,0.24407,0.0953,-0.21314,0.040727,-0.031427,-0.034529,0.14362,-0.41636,-0.27922,0.13114,-0.14398,0.29331,0.22705,-0.039906,-0.31511,-0.060222,-0.049625,-0.38977,-0.059849,0.15384,0.030088,0.26101,0.0078881,0.45202,-0.097287,-0.046648,-0.56039,-0.54862,-0.55886,-0.034685,-0.042778,-0.31282,-0.20705,0.7202,0.47943,0.12273,0.029769,-0.045315,-0.12235,0.44161,-0.11522,0.4391,0.17531,0.19352,0.48089,0.82712,0.4787,-0.0016477,0.14126,-0.29173,-0.27161,-0.17842,0.46421,0.43345,0.09223,-0.46017,-0.013752,0.1029,-0.20849,-0.12713,-0.25357,-0.17539,0.61224,0.39451,0.054102,0.30431,0.33916,0.06742,0.1684,0.062859,0.077468,-0.048704,0.26798,0.2348,0.63227,0.40995,0.37264,0.16316,0.1443,-0.054725,-0.13795,-0.45624,0.32483,0.023962,0.022728,0.081888,0.13891,-0.049787,0.023601,-0.24896,0.24992,0.35266
-0.1951,0,-0.011863,-0.028738,-0.12701,0.51003,-0.34148,0.47242,-0.3388,0.099516,-0.36996,0.14657,-0.32525,-0.26957,-0.34757,-0.07121,0.030925,0.029748,-0.25434,-0.32053,-0.26345,0.17788,-0.27412,0.23887,-0.19773,-0.020892,-0.11549,0.13275,-0.05382,-0.25668,-0.07701,-0.18572,-0.36958,-0.51302,-0.47628,-0.20205,-0.31671,0.050153,-0.40139,0.45966,-0.11081,0.42288,-0.40342,-0.20692,-0.092924,-0.27749,-0.24304,-0.30087,0.0047757,-0.29817,-0.12698,-0.080741,-0.10338,0.5083,-0.18454,-0.14146,-0.14864,-0.28315,-0.24583,-0.22005,0.26779,-0.41468,0.013286,-0.01179,-0.31071,-0.24955,-0.24676,-0.038959,0.22716,-0.19567,-0.24667,-0.21281,-0.22141,-0.34711,-0.16262,-0.16905,0.06006,-0.15401,-0.23481,-0.42716,0.071144,-0.068992,-0.13308,-0.074605,-0.13309,-0.22554,-0.17634,-0.30784,-0.19654,-0.17347,-0.30998,-0.41551,0.015959,-0.39899,0.011738,-0.055515,0.077212,0.063172,-0.04793,-0.36001,-0.46582,-0.14789,-0.1879,-0.32058,0.037442
0.3271,-0.011863,0,0.52907,-0.031144,-0.17986,-0.17208,-0.24161,0.10757,-0.12071,-0.22341,-0.28871,0.055572,0.015687,-0.098973,-0.24046,0.29348,0.41493,0.010812,0.1591,-0.29512,-0.09432,0.12625,0.05088,0.21009,0.1399,-0.030794,-0.10545,0.036124,-0.22749,-0.35269,-0.15461,-0.016744,-0.069091,0.019935,-0.27764,0.077766,-0.27155,-0.32655,-0.27722,-0.51731,-0.2555,-0.14434,-0.066937,-0.26976,-0.28899,0.17453,0.095431,0.0033843,-0.027781,-0.048443,-0.0032013,0.14393,-0.088973,0.19072,0.095823,0.14204,0.091257,0.38918,0.36435,0.11843,0.017288,-0.20346,-0.21444,-0.35813,0.20277,0.1462,0.2292,-0.17814,0.097623,-0.042495,-0.31294,-0.3327,-0.5764,-0.23172,0.48979,0.83868,0.36297,0.48137,0.0090859,0.22141,0.64812,0.26491,0.29219,0.16381,0.43424,0.4572,0.094955,0.26382,0.11838,-0.020405,0.054845,0.027629,-0.41231,-0.6634,0.48597,0.095787,0.17429,0.1633,-0.01621,-0.22809,-0.056508,-0.33443,0.18834,0.51479
0.18396,-0.028738,0.52907,0,-0.20991,-0.24803,-0.2572,-0.22217,0.10005,-0.059828,-0.11276,-0.22247,0.012486,-0.035308,-0.19426,-0.36243,0.0061776,0.19974,0.20192,0.16967,-0.1226,-0.0012397,0.10994,0.11604,0.1853,0.14682,-0.17925,-0.22475,0.0024062,-0.28846,-0.24275,0.014327,-0.07961,-0.08087,0.031416,-0.1328,0.010294,-0.20482,-0.25815,-0.22205,-0.41996,-0.27356,-0.016414,0.10039,-0.21634,-0.20206,0.071667,0.042035,0.0010932,-0.28689,-0.3261,-0.026478,-0.0057277,-0.1698,0.073179,0.14512,0.16729,0.040225,0.23227,0.32925,0.1413,0.073587,-0.18022,-0.41434,-0.19574,0.18743,0.061567,0.097293,-0.17359,0.2322,0.066097,-0.21227,-0.22116,-0.50793,-0.1133,0.28962,0.43544,0.42974,0.43711,-0.14741,0.016127,0.28935,0.070919,0.33448,0.39667,0.23745,0.20694,0.019914,0.32729,-0.053767,-0.029162,-0.067962,-0.12799,-0.60617,-0.86473,0.24031,-0.012026,0.1537,0.16293,-0.068445,-0.22169,-0.09746,-0.19998,0.052078,0.39282
0.16285,-0.12701,-0.031144,-0.20991,0,-0.06319,0.43523,0.0065804,0.1688,0.049933,-0.034591,0.055248,0.11122,0.1117,0.22786,-0.12145,0.11133,-0.08372,-0.48118,-0.056331,-0.69117,-0.56167,0.099406,-0.52437,0.12987,0.13259,0.1146,-0.15807,0.099783,0.28084,-0.22424,-0.13275,-0.072072,-0.21569,-0.12381,-0.15852,0.39567,0.13642,0.13938,-0.21857,-0.073692,-0.21542,-0.14311,-0.25584,-0.13747,-0.11518,0.12824,0.046491,-0.15669,0.12856,0.14769,-0.37328,0.60659,0.0077678,0.12353,-0.22018,-0.22021,0.18414,0.17606,-0.003829,-0.29445,-0.12985,-0.43268,-0.19656,-0.44605,-0.10298,-0.013951,-0.17512,-0.44973,-0.32083,-0.20558,-0.21528,-0.096829,-0.17283,-0.25529,0.18686,0.031019,-0.35845,-0.060341,0.38162,0.23331,0.017518,0.16002,-0.35591,-0.484,-0.070427,0.10624,0.15837,-0.11811,0.4594,0.13638,-0.043515,-0.21377,0.1123,-0.038316,-0.023486,-0.14796,-0.3888,-0.37941,-0.12205,-0.24335,-0.31787,-0.42732,-0.08429,-0.1139
-0.18674,0.51003,-0.17986,-0.24803,-0.06319,0,-0.30115,0.383,-0.4575,-0.077883,-0.4357,0.04669,-0.41527,-0.30965,-0.33294,0.0792,-0.071164,-0.13625,-0.28104,-0.39902,-0.26778,0.17152,-0.49137,0.14581,-0.31418,-0.1312,-0.1896,0.19666,-0.25057,-0.2426,-0.16109,-0.29775,-0.29981,-0.41989,-0.44076,-0.13113,-0.2975,0.029999,-0.35428,0.30235,-0.10913,0.37249,-0.51663,-0.33502,-0.2071,-0.36236,-0.16398,-0.22124,0.11054,-0.14771,0.024668,-0.05372,-0.07901,0.73475,-0.10237,-0.11252,-0.10378,-0.26022,-0.29592,-0.35208,0.19921,-0.51747,0.028027,0.16266,-0.19163,-0.20594,-0.18845,-0.033451,0.19872,-0.38116,-0.27329,-0.24882,-0.23318,-0.20042,-0.25926,-0.24778,-0.065658,-0.30997,-0.38369,-0.32905,0.01893,-0.22158,-0.24519,-0.13315,-0.25831,-0.25253,-0.25364,-0.17906,-0.21763,-0.13717,-0.41156,-0.32214,0.13126,-0.17076,0.19337,-0.15011,0.10388,0.060186,-0.025118,-0.22818,-0.26501,-0.016671,-0.079575,-0.31189,-0.031678
0.05961,-0.34148,-0.17208,-0.2572,0.43523,-0.30115,0,-0.10685,0.38245,0.15662,0.32731,0.11988,0.37967,0.35323,0.53503,-0.2134,-0.034026,-0.24663,-0.43862,-0.051408,-0.36493,-0.83748,0.32122,-0.70577,0.22126,0.17775,0.1934,-0.4254,0.2084,0.74531,0.031474,0.12505,0.069109,-0.054604,0.060991,0.026138,0.42963,0.20741,0.56992,-0.31704,0.075559,-0.37485,0.17446,-0.022717,0.11893,0.22927,0.045832,0.062377,-0.26905,-0.0022126,-0.069926,-0.40387,0.26137,-0.28023,-0.092649,-0.23807,-0.28514,0.19459,0.1285,0.060102,-0.49807,0.12397,-0.3343,-0.32552,-0.20324,-0.13094,-0.014568,-0.35955,-0.68673,-0.11937,-0.006821,0.089635,0.20951,0.097738,0.037678,0.04907,-0.18245,-0.35459,-0.096539,0.49721,-0.091784,-0.1168,0.033665,-0.50119,-0.47726,-0.20193,-0.060833,0.051115,-0.15317,0.2109,0.44396,-0.047632,-0.45355,0.25198,-0.029868,-0.082866,-0.28196,-0.63662,-0.58555,-0.080209,-0.095124,-0.32579,-0.29114,-0.025354,-0.2686
-0.30427,0.47242,-0.24161,-0.22217,0.0065804,0.383,-0.10685,0,-0.259,0.28652,-0.15354,0.48749,-0.27017,-0.22117,-0.17476,-0.049991,-0.099269,-0.15814,-0.44604,-0.44929,-0.26464,-0.012993,-0.225,-0.051518,-0.17227,0.00094678,-0.11811,-0.0102,-0.0090702,-0.035643,0.068937,-0.049865,-0.44566,-0.67009,-0.56577,-0.091491,-0.22562,0.29663,-0.11633,0.53127,0.16518,0.39525,-0.25215,-0.15368,0.044519,-0.094904,-0.30351,-0.32614,-0.087173,-0.36799,-0.17527,-0.22626,-0.056168,0.35253,-0.27786,-0.25026,-0.30894,-0.30326,-0.32769,-0.32313,0.021645,-0.39105,-0.046256,-0.11931,-0.26647,-0.40026,-0.3352,-0.31848,0.067613,-0.27062,-0.24871,-0.10148,-0.058469,-0.16704,-0.09698,-0.291,-0.15615,-0.42596,-0.44206,-0.32341,-0.0046816,-0.23876,-0.15569,-0.35452,-0.33706,-0.4864,-0.32577,-0.34869,-0.32722,-0.18203,-0.18854,-0.48309,-0.19351,-0.1693,0.22504,-0.23539,-0.066582,-0.23548,-0.34874,-0.40896,-0.43371,-0.3372,-0.14803,-0.49159,-0.20072
0.32364,-0.3388,0.10757,0.10005,0.1688,-0.4575,0.38245,-0.259,0,0.13577,0.37895,-0.026363,0.63614,0.56448,0.42064,-0.32687,-0.028309,-0.12897,-0.17237,0.084028,-0.30491,-0.56842,0.60523,-0.37498,0.52039,0.34711,0.1037,-0.68704,0.20564,0.25325,-0.053443,0.25874,0.12954,0.012632,0.28479,0.099412,0.55517,0.078248,0.30611,-0.49821,-0.18157,-0.65566,0.32468,0.19217,0.033592,0.17775,0.24471,0.27222,-0.13205,-0.1327,-0.24875,-0.27626,0.28832,-0.37086,0.038091,-0.012596,-0.072484,0.35788,0.46928,0.52018,-0.23645,0.42189,-0.29581,-0.5495,-0.14492,0.13326,0.19854,-0.22883,-0.71644,0.13454,0.19449,0.066452,0.16351,-0.05901,0.10183,0.29073,0.068069,-0.053234,0.17232,0.42906,-0.097136,0.057701,0.08169,-0.18601,-0.15396,-0.015556,0.05632,0.18188,0.14964,0.19672,0.75258,0.053767,-0.4024,-0.033556,-0.3554,0.15378,-0.17461,-0.31645,-0.26588,0.016304,-0.076649,-0.2271,-0.26205,0.15156,0.005304
-0.149,0.099516,-0.12071,-0.059828,0.049933,-0.077883,0.15662,0.28652,0.13577,0,0.21586,0.72256,0.12005,0.13471,0.10179,-0.29417,-0.065958,-0.1705,-0.42841,-0.22926,-0.28743,-0.29972,0.21015,-0.20835,0.10994,0.25934,0.12499,-0.35254,0.38673,0.23284,0.27829,0.28687,-0.20973,-0.36439,-0.19187,0.02777,0.011173,0.49062,0.1719,0.11698,0.14221,-0.027409,0.098114,0.1079,0.35724,0.25577,-0.21479,-0.19015,-0.25535,-0.44892,-0.39665,-0.37989,0.020808,-0.057748,-0.3424,-0.27181,-0.38457,-0.067952,-0.09416,-0.0056807,-0.15045,-0.011937,-0.14401,-0.42915,-0.25209,-0.30848,-0.21845,-0.44221,-0.22419,-0.0073545,-0.028466,0.16033,0.24462,-0.058287,0.22382,-0.11061,-0.1233,-0.2901,-0.19518,-0.085494,-0.11905,-0.14838,-0.079338,-0.43386,-0.30809,-0.445,-0.24976,-0.28783,-0.23236,-0.079809,0.23042,-0.388,-0.52982,-0.16621,-0.011769,-0.10274,-0.21872,-0.43498,-0.53179,-0.38288,-0.40742,-0.47499,-0.27385,-0.26612,-0.20803
-0.047532,-0.36996,-0.22341,-0.11276,-0.034591,-0.4357,0.32731,-0.15354,0.37895,0.21586,0,0.11899,0.38572,0.36981,0.37506,-0.25747,-0.24482,-0.36074,-0.19924,-0.11987,-0.031191,-0.40252,0.31845,-0.35788,0.25641,0.19893,-0.01009,-0.93017,0.1098,0.35119,0.28925,0.66643,0.081946,0.0048333,0.19622,0.33414,0.16645,0.16877,0.56637,-0.29627,0.12263,-0.41798,0.79668,0.43052,0.31832,0.66209,-0.021771,0.090917,-0.16489,-0.33032,-0.43838,-0.22427,-0.031202,-0.49373,-0.25887,-0.055112,-0.15391,0.044357,0.036349,0.14302,-0.30879,0.44705,-0.094643,-0.50055,0.11144,-0.047836,0.02708,-0.50383,-0.51539,0.20205,0.3202,0.42273,0.54068,0.2525,0.39138,-0.11342,-0.28169,-0.18486,-0.12634,0.14364,-0.41928,-0.22201,-0.1331,-0.34451,-0.19885,-0.29952,-0.26702,-0.079882,-0.032321,-0.12896,0.50339,-0.081872,-0.57735,0.099438,-0.1197,-0.084939,-0.24153,-0.4646,-0.44639,-0.0052779,0.05281,-0.22362,-0.013407,-3.6616e-05,-0.23421
-0.26954,0.14657,-0.28871,-0.22247,0.055248,0.04669,0.11988,0.48749,-0.026363,0.72256,0.11899,0,-0.032201,-0.0024846,0.012596,-0.21954,-0.15828,-0.27888,-0.49063,-0.32319,-0.27933,-0.25429,0.021975,-0.23306,-0.052931,0.11015,0.057293,-0.23787,0.22518,0.20892,0.26608,0.16715,-0.29712,-0.45328,-0.3199,0.019861,-0.073287,0.64321,0.16474,0.25929,0.25785,0.09677,-0.015813,-0.019119,0.28975,0.17642,-0.31,-0.29433,-0.2678,-0.43114,-0.33538,-0.43232,-0.03445,0.045131,-0.38895,-0.36481,-0.48207,-0.14452,-0.24815,-0.19562,-0.18753,-0.16625,-0.14661,-0.31644,-0.23545,-0.44834,-0.34013,-0.50075,-0.15023,-0.16562,-0.13241,0.11561,0.21306,-0.0082281,0.13729,-0.24185,-0.25063,-0.48398,-0.36321,-0.16088,-0.13647,-0.30144,-0.18232,-0.58016,-0.42434,-0.64708,-0.37163,-0.33947,-0.37228,-0.115,0.077918,-0.50858,-0.49741,-0.10736,0.16722,-0.26919,-0.26693,-0.49511,-0.61255,-0.47155,-0.42487,-0.49318,-0.23176,-0.43994,-0.34065
0.21798,-0.32525,0.055572,0.012486,0.11122,-0.41527,0.37967,-0.27017,0.63614,0.12005,0.38572,-0.032201,0,0.90778,0.40757,-0.36493,0.050488,-0.12514,-0.19695,0.096179,-0.23331,-0.4887,0.68871,-0.28303,0.49502,0.40085,0.24078,-0.55846,0.28255,0.38894,0.082024,0.27556,0.36355,0.17003,0.4029,0.10093,0.39948,0.057115,0.29253,-0.45256,-0.1201,-0.54288,0.3817,0.19156,0.17738,0.29684,0.1352,0.19272,-0.1718,-0.07741,-0.20282,-0.20508,0.14166,-0.4335,-0.11421,-0.047412,-0.071687,0.30443,0.33648,0.42074,-0.28123,0.51306,-0.19345,-0.36332,-0.093305,0.070391,0.16194,-0.14574,-0.69504,0.21157,0.29336,0.24156,0.28291,0.065563,0.23927,0.18639,-0.024004,-0.01812,0.14148,0.41078,-0.21217,0.032091,0.0096404,-0.17119,-0.16376,-0.023141,0.02357,0.069701,0.050629,0.12406,0.60262,-0.010132,-0.36769,0.023439,-0.28576,0.1887,-0.16418,-0.25922,-0.24663,0.037379,-0.010268,-0.098852,-0.24245,0.25543,-0.011769
0.24407,-0.26957,0.015687,-0.035308,0.1117,-0.30965,0.35323,-0.22117,0.56448,0.13471,0.36981,-0.0024846,0.90778,0,0.4426,-0.28347,0.0097084,-0.20311,-0.24709,-0.004692,-0.27375,-0.46415,0.45976,-0.24738,0.39192,0.37417,0.23931,-0.59514,0.20628,0.34803,0.083489,0.26614,0.33374,0.11575,0.40007,0.18983,0.35764,0.11246,0.28089,-0.42353,-0.15573,-0.50918,0.3191,0.18607,0.17029,0.28424,0.18493,0.24827,-0.097395,-0.093509,-0.20331,-0.2002,0.16259,-0.32872,-0.095488,-0.020228,-0.073185,0.31336,0.30741,0.40822,-0.2051,0.47467,-0.13478,-0.30781,-0.050054,0.097999,0.2232,-0.17474,-0.58981,0.15556,0.30974,0.2692,0.34243,0.12328,0.27956,0.13685,-0.032996,-0.088972,0.049347,0.41228,-0.23518,-0.040146,-0.061255,-0.21372,-0.23595,-0.088954,-0.066467,0.095964,0.054087,0.12543,0.63206,-0.0032797,-0.30841,0.052177,-0.2036,0.1909,-0.1107,-0.2411,-0.23022,0.050075,0.0069256,-0.055101,-0.20174,0.24427,-0.0048019
0.0953,-0.34757,-0.098973,-0.19426,0.22786,-0.33294,0.53503,-0.17476,0.42064,0.10179,0.37506,0.012596,0.40757,0.4426,0,-0.034821,0.021985,-0.18057,-0.44918,-0.19219,-0.2404,-0.5748,0.28967,-0.47718,0.29624,0.14731,0.11328,-0.55461,0.080633,0.37989,0.05995,0.16621,0.081658,-0.055452,0.13564,0.09326,0.26751,0.043112,0.30991,-0.39492,0.0072917,-0.40137,0.26431,0.14041,0.14575,0.28968,0.15522,0.23539,-0.096728,-0.019935,-0.065254,-0.16091,0.20018,-0.32349,-0.066201,-0.047381,-0.15222,0.069695,0.19284,0.20061,-0.26577,0.30726,-0.098848,-0.246,-0.073701,0.01643,0.1944,-0.39681,-0.46557,0.03716,0.10872,0.13148,0.18167,0.13366,0.092319,0.00071139,-0.13009,-0.23005,-0.12861,0.49125,-0.12796,-0.032682,0.11382,-0.37903,-0.39618,-0.16034,-0.10172,0.038023,-0.021472,0.059066,0.54544,0.16846,-0.25617,0.31279,-0.052449,0.09281,-0.0527,-0.44043,-0.44482,0.11121,0.062336,-0.19964,-0.12243,0.16202,-0.15313
-0.21314,-0.07121,-0.24046,-0.36243,-0.12145,0.0792,-0.2134,-0.049991,-0.32687,-0.29417,-0.25747,-0.21954,-0.36493,-0.28347,-0.034821,0,-0.080105,-0.10463,-0.32066,-0.64964,-0.032577,0.023554,-0.46412,-0.092838,-0.27877,-0.38991,-0.31208,-0.0073388,-0.5249,-0.27921,-0.19247,-0.31489,-0.29607,-0.30509,-0.29412,-0.13221,-0.33121,-0.30183,-0.30361,-0.071367,-0.070255,0.065819,-0.28075,-0.17068,-0.22565,-0.22607,-0.038049,-0.0088662,0.18303,0.030313,0.18433,0.20711,-0.13111,0.060358,-0.014971,0.04895,-0.042542,-0.44927,-0.2311,-0.25519,0.10401,-0.228,0.24025,0.26768,0.012951,-0.054306,0.035815,-0.24789,0.209,-0.24482,-0.23604,-0.25305,-0.30549,-0.050435,-0.30462,-0.36625,-0.18639,-0.2493,-0.48394,-0.13863,-0.026944,-0.13671,-0.017319,-0.17321,-0.27849,-0.17722,-0.25931,-0.14137,-0.10933,-0.2831,-0.27334,0.21991,0.3287,0.18283,0.19753,-0.081963,0.31015,-0.06356,-0.10818,0.13316,0.11575,-0.0018988,0.19763,-0.0562,-0.1351
0.040727,0.030925,0.29348,0.0061776,0.11133,-0.071164,-0.034026,-0.099269,-0.028309,-0.065958,-0.24482,-0.15828,0.050488,0.0097084,0.021985,-0.080105,0,0.48686,-0.32661,-0.041402,-0.32111,-0.17024,0.09462,-0.064749,0.1096,0.063115,0.18299,0.056618,0.13312,-0.022053,-0.15586,-0.24768,4.1846e-05,-0.099439,-0.12902,-0.43838,-0.025139,-0.24065,-0.28661,-0.12411,-0.18183,-0.036945,-0.21006,-0.1988,-0.066165,-0.16913,-0.032086,-0.072212,-0.1353,0.18387,0.24084,0.014641,0.081329,-0.050158,-0.054285,-0.11848,-0.077808,-0.092046,0.11807,0.069303,-0.052805,-0.091725,-0.09601,0.044859,-0.46837,-0.084757,-0.0060364,0.11941,-0.10873,-0.03003,-0.17773,-0.20891,-0.28516,-0.32974,-0.21477,0.13683,0.20988,0.08351,0.08713,0.057774,0.24182,0.49,0.3849,0.0030862,-0.13487,0.17724,0.2951,-0.12819,-0.091126,0.066259,-0.058799,0.018784,0.078588,-0.11603,-0.20704,0.3383,0.12303,-0.0059056,-0.08796,-0.058872,-0.21552,-0.092731,-0.37403,0.16143,0.12672
-0.031427,0.029748,0.41493,0.19974,-0.08372,-0.13625,-0.24663,-0.15814,-0.12897,-0.1705,-0.36074,-0.27888,-0.12514,-0.20311,-0.18057,-0.10463,0.48686,0,-0.091109,0.028775,-0.16089,-0.0090075,-0.0089133,0.032457,0.026536,-0.059017,-0.05816,0.12807,0.0031646,-0.25554,-0.27145,-0.30019,-0.15003,-0.14355,-0.21741,-0.59377,-0.14804,-0.42274,-0.47644,-0.091818,-0.23732,-0.0084791,-0.25916,-0.18337,-0.21217,-0.31252,-0.099099,-0.14476,-0.12266,0.053464,0.1103,0.093087,-0.046371,-0.080956,-0.012496,-0.054515,0.0057696,-0.2058,0.052298,0.026295,0.030088,-0.1588,-0.11268,-0.033153,-0.44595,-0.061504,-0.08037,0.17271,0.0048751,0.013046,-0.23703,-0.37901,-0.51708,-0.60454,-0.34736,0.12539,0.2956,0.29435,0.1945,-0.14227,0.29314,0.7144,0.43136,0.2092,0.12166,0.31321,0.40994,-0.17104,-0.0096927,-0.071639,-0.21845,0.018099,0.10283,-0.31564,-0.38917,0.24255,0.10814,0.10917,0.039466,-0.083139,-0.25044,-0.12999,-0.29381,0.066212,0.19026
-0.034529,-0.25434,0.010812,0.20192,-0.48118,-0.28104,-0.43862,-0.44604,-0.17237,-0.42841,-0.19924,-0.49063,-0.19695,-0.24709,-0.44918,-0.32066,-0.32661,-0.091109,0,0.23759,0.16813,0.14339,-0.18751,0.12319,-0.15032,-0.18542,-0.39628,-0.10667,-0.30907,-0.44151,-0.29614,-0.11728,-0.00038185,0.16778,0.087433,-0.073433,-0.16058,-0.37797,-0.25896,-0.28225,-0.37185,-0.29755,-0.069615,-0.041224,-0.36743,-0.28235,-0.064356,-0.066045,-0.030313,-0.20626,-0.30697,0.017408,-0.30411,-0.29082,-0.0020505,0.10149,0.21836,-0.036616,-0.064876,-0.039262,-0.029873,-0.03932,-0.16278,-0.21851,0.087872,0.12381,-0.068869,0.1782,-0.12236,0.057246,0.035972,-0.19502,-0.2273,-0.23491,-0.1626,-0.0086622,-0.018883,0.29951,0.20513,-0.28063,-0.26201,-0.087676,-0.26354,0.40434,0.58127,0.17263,0.0057225,0.018747,0.16061,-0.20994,-0.28455,-0.10312,-0.079206,-0.41211,-0.55688,-0.119,-0.17847,0.23177,0.35887,-0.0090807,0.014714,0.11396,0.019176,-0.045393,0.084603
0.14362,-0.32053,0.1591,0.16967,-0.056331,-0.39902,-0.051408,-0.44929,0.084028,-0.22926,-0.11987,-0.32319,0.096179,-0.004692,-0.19219,-0.64964,-0.041402,0.028775,0.23759,0,-0.18892,-0.24582,0.15349,-0.16268,0.050755,0.025694,0.011775,-0.10491,0.074408,-0.065838,-0.30173,-0.13127,0.16975,0.26068,0.15892,-0.23655,0.17582,-0.20314,-0.053422,-0.3926,-0.34181,-0.44171,-0.051979,-0.17927,-0.25259,-0.19889,-0.017178,-0.076048,-0.30369,0.02787,-0.13209,-0.25973,-0.019019,-0.34247,0.031066,-0.15321,-0.014427,0.30052,0.16193,0.087041,-0.3242,-0.0015483,-0.53904,-0.30779,-0.25709,0.0075951,-0.10734,0.25368,-0.45823,-0.030689,-0.052889,-0.18478,-0.16005,-0.2833,-0.16531,0.35078,0.091173,0.18702,0.61836,0.043233,-0.055091,0.090347,-0.05348,0.14144,0.16052,0.29652,0.34657,0.11964,0.025746,0.17767,-0.046528,-0.13977,-0.25865,-0.31,-0.63431,-0.031866,-0.37298,-0.025322,0.063685,-0.13654,-0.17911,-0.082858,-0.40546,0.018501,0.036684
-0.41636,-0.26345,-0.29512,-0.1226,-0.69117,-0.26778,-0.36493,-0.26464,-0.30491,-0.28743,-0.031191,-0.27933,-0.23331,-0.27375,-0.2404,-0.032577,-0.32111,-0.16089,0.16813,-0.18892,0,0.21732,-0.2474,0.074011,-0.20558,-0.29128,-0.42134,-0.15742,-0.35027,-0.27498,0.096561,0.019997,-0.071113,0.066149,-0.048746,0.002924,-0.44237,-0.3768,-0.1874,-0.10293,0.063225,-0.070009,0.094814,0.15196,-0.0071087,0.030302,-0.2992,-0.17241,-0.047768,-0.29001,-0.29465,0.24537,-0.67443,-0.41195,-0.36934,0.063643,0.058208,-0.46429,-0.35079,-0.22154,-0.074395,0.016634,0.24055,-0.057324,0.38385,-0.095012,-0.14644,-0.16802,0.052057,0.18211,0.085419,0.07354,-0.06421,0.073922,0.029884,-0.46955,-0.39419,0.092193,-0.21272,-0.3904,-0.53676,-0.22705,-0.2514,0.058224,0.20304,-0.14443,-0.30732,-0.34811,-0.079007,-0.79767,-0.2782,-0.070573,-0.077085,-0.085539,-0.13376,-0.20613,-0.060967,0.009745,-0.014055,0.071312,0.24145,0.075779,0.42069,-0.061469,-0.18387
-0.27922,0.17788,-0.09432,-0.0012397,-0.56167,0.17152,-0.83748,-0.012993,-0.56842,-0.29972,-0.40252,-0.25429,-0.4887,-0.46415,-0.5748,0.023554,-0.17024,-0.0090075,0.14339,-0.24582,0.21732,0,-0.51415,0.59681,-0.29301,-0.23482,-0.50199,0.12324,-0.44461,-0.59009,-0.13,-0.19994,-0.21441,-0.16014,-0.25522,-0.11709,-0.56149,-0.33063,-0.60594,0.12777,-0.15912,0.20581,-0.27392,-0.078495,-0.23544,-0.33028,-0.22472,-0.20172,0.18891,-0.28871,-0.16698,0.33123,-0.42863,0.06492,-0.17913,0.14102,0.18675,-0.46725,-0.32661,-0.2592,0.34917,-0.26748,0.25387,0.0962,0.084593,-0.046512,-0.13634,0.079477,0.34434,-0.012156,-0.07015,-0.19675,-0.3136,-0.23242,-0.19461,-0.32054,-0.079494,0.11343,-0.19078,-0.65822,-0.19976,-0.12053,-0.25296,0.27227,0.24439,-0.055185,-0.207,-0.2768,-0.015426,-0.53198,-0.6159,-0.19558,0.20164,-0.34125,-0.13006,-0.084894,0.17681,0.41368,0.27499,-0.036213,-0.028089,0.18744,0.22484,-0.1461,0.097058
0.13114,-0.27412,0.12625,0.10994,0.099406,-0.49137,0.32122,-0.225,0.60523,0.21015,0.31845,0.021975,0.68871,0.45976,0.28967,-0.46412,0.09462,-0.0089133,-0.18751,0.15349,-0.2474,-0.51415,0,-0.3147,0.46939,0.36235,0.25512,-0.47434,0.49266,0.32092,0.070339,0.2473,0.15493,0.053747,0.19874,-0.04419,0.32523,0.049468,0.23319,-0.33853,-0.083078,-0.44443,0.31816,0.15779,0.1865,0.25905,0.014808,0.041109,-0.30446,-0.13149,-0.2497,-0.28204,0.11672,-0.43671,-0.14657,-0.14567,-0.1644,0.21803,0.27885,0.35961,-0.32031,0.34504,-0.28716,-0.48922,-0.23415,-0.040534,0.013093,-0.1669,-0.59918,0.20778,0.13742,0.13806,0.17034,-0.07925,0.17272,0.22412,0.024281,0.020484,0.2152,0.25645,-0.11053,0.12437,0.1165,-0.17115,-0.11186,-0.016697,0.10042,-0.030626,-0.0085367,0.11454,0.53425,-0.077568,-0.4709,-0.10525,-0.36546,0.13735,-0.24572,-0.31743,-0.30838,-0.10418,-0.16904,-0.27168,-0.3653,0.11561,-0.047878
-0.14398,0.23887,0.05088,0.11604,-0.52437,0.14581,-0.70577,-0.051518,-0.37498,-0.20835,-0.35788,-0.23306,-0.28303,-0.24738,-0.47718,-0.092838,-0.064749,0.032457,0.12319,-0.16268,0.074011,0.59681,-0.3147,0,-0.197,-0.10716,-0.2573,0.057816,-0.25767,-0.50128,-0.10085,-0.15563,-0.088404,-0.086189,-0.1236,-0.096824,-0.43242,-0.27155,-0.59146,0.069732,-0.30194,0.10579,-0.23633,-0.044572,-0.16395,-0.27425,-0.16024,-0.14961,0.15691,-0.27346,-0.20334,0.25498,-0.35206,0.059506,-0.17992,0.13137,0.17453,-0.27847,-0.19419,-0.092503,0.43638,-0.15817,0.23573,0.069151,0.022989,0.010085,-0.062084,0.19383,0.24423,0.074842,0.0086047,-0.11382,-0.22069,-0.23264,-0.069301,-0.18155,0.04271,0.21124,-0.069453,-0.49418,-0.2014,-0.047349,-0.26125,0.32647,0.23897,-0.0072761,-0.15406,-0.23537,0.024799,-0.3738,-0.39946,-0.21243,0.1871,-0.45101,-0.21519,0.067943,0.18804,0.58609,0.38392,-0.065328,-0.088793,0.26036,0.064925,-0.035182,0.23444
0.29331,-0.19773,0.21009,0.1853,0.12987,-0.31418,0.22126,-0.17227,0.52039,0.10994,0.25641,-0.052931,0.49502,0.39192,0.29624,-0.27877,0.1096,0.026536,-0.15032,0.050755,-0.20558,-0.29301,0.46939,-0.197,0,0.61198,-0.013082,-0.50829,0.15089,0.19737,-0.019197,0.28696,0.16042,0.0042108,0.20972,0.068053,0.394,-0.0018936,0.12232,-0.38581,-0.1184,-0.42423,0.30921,0.27999,0.040126,0.12362,0.24624,0.3,0.0044462,-0.16164,-0.19753,-0.069758,0.25922,-0.31137,0.011874,0.14461,0.11036,0.16461,0.49831,0.53252,-0.10159,0.39256,-0.15963,-0.44527,-0.12671,0.20036,0.25931,-0.13494,-0.55812,0.29648,0.30757,0.043986,0.065835,-0.14389,0.041486,0.27245,0.15074,0.085806,0.1943,0.26452,-0.066265,0.21442,0.19516,-0.029355,-0.025647,0.08929,0.14021,0.11426,0.26183,0.06821,0.35214,0.04181,-0.28033,-0.063101,-0.39876,0.34264,0.0032431,-0.15944,-0.18482,0.12712,-0.026871,-0.12283,-0.15962,0.24729,0.17854
0.22705,-0.020892,0.1399,0.14682,0.13259,-0.1312,0.17775,0.00094678,0.34711,0.25934,0.19893,0.11015,0.40085,0.37417,0.14731,-0.38991,0.063115,-0.059017,-0.18542,0.025694,-0.29128,-0.23482,0.36235,-0.10716,0.61198,0,0.044933,-0.42001,0.24207,0.23182,0.050184,0.32018,0.13138,-0.06268,0.12207,0.11826,0.32559,0.1965,0.12535,-0.19976,-0.096679,-0.27596,0.19917,0.19665,0.09847,0.11217,0.13068,0.14522,-0.016911,-0.26206,-0.27302,-0.16948,0.23492,-0.15081,-0.075923,0.043934,0.030611,0.19776,0.30131,0.3367,-0.066226,0.21311,-0.17634,-0.43978,-0.16584,0.075674,0.11325,-0.10949,-0.49454,0.18653,0.27744,0.10092,0.15721,-0.13178,0.11387,0.214,0.12497,-0.013359,0.11469,0.13355,-0.099457,0.071767,0.014861,-0.08093,-0.081815,-0.037678,0.032332,0.048322,0.13052,0.085001,0.27328,-0.18201,-0.34294,-0.15505,-0.29457,0.22261,-0.056048,-0.14304,-0.18812,-0.042971,-0.16117,-0.12662,-0.22212,0.075423,0.15718
-0.039906,-0.11549,-0.030794,-0.17925,0.1146,-0.1896,0.1934,-0.11811,0.1037,0.12499,-0.01009,0.057293,0.24078,0.23931,0.11328,-0.31208,0.18299,-0.05816,-0.39628,0.011775,-0.42134,-0.50199,0.25512,-0.2573,-0.013082,0.044933,0,-0.12495,0.45945,0.24639,0.043934,-0.099574,0.096425,0.00046554,0.0010357,-0.2224,0.05394,0.061321,0.05474,-0.13245,-0.11603,-0.17226,-0.073496,-0.20494,0.1715,0.091152,-0.17051,-0.1951,-0.46623,0.080633,-0.018554,-0.37906,-0.0015169,-0.16549,-0.25776,-0.45565,-0.43804,0.12195,-0.012758,0.004012,-0.35494,-0.021969,-0.24912,-0.086553,-0.38049,-0.28848,-0.17602,-0.064358,-0.28164,-0.13018,-0.15463,0.082071,0.09563,-0.0048019,0.10717,0.032724,-0.093204,-0.18433,-0.01745,0.14705,-0.064308,-0.03627,-0.053825,-0.32857,-0.38716,-0.15252,-0.026332,-0.17024,-0.34695,0.16821,0.18229,-0.2002,-0.24995,-0.058915,-0.060101,-0.012559,-0.27797,-0.2879,-0.29359,-0.30502,-0.30191,-0.21096,-0.57717,-0.020594,-0.20483
-0.31511,0.13275,-0.10545,-0.22475,-0.15807,0.19666,-0.4254,-0.0102,-0.68704,-0.35254,-0.93017,-0.23787,-0.55846,-0.59514,-0.55461,-0.0073388,0.056618,0.12807,-0.10667,-0.10491,-0.15742,0.12324,-0.47434,0.057816,-0.50829,-0.42001,-0.12495,0,-0.22534,-0.37376,-0.32864,-0.7812,-0.27902,-0.20099,-0.49494,-0.66005,-0.42481,-0.32735,-0.582,0.17069,-0.15888,0.31736,-0.83136,-0.72203,-0.34675,-0.57684,-0.36046,-0.47859,-0.19658,0.13272,0.25067,-0.046251,-0.25757,0.19643,-0.12552,-0.30988,-0.18554,-0.33304,-0.3741,-0.50874,-0.062645,-0.74981,-0.1326,0.33041,-0.36959,-0.34698,-0.40446,0.20651,0.25566,-0.44806,-0.61251,-0.47257,-0.58087,-0.36063,-0.50617,-0.19642,-0.080372,-0.10161,-0.15943,-0.37869,0.1361,-0.048312,-0.096656,0.0089447,-0.09317,-0.010765,0.01077,-0.27664,-0.36481,-0.13418,-0.74693,-0.23744,0.20504,-0.23685,-0.0018779,-0.22326,-0.073729,0.098883,0.058538,-0.29579,-0.30123,-0.059877,-0.24236,-0.27903,-0.12517
-0.060222,-0.05382,0.036124,0.0024062,0.099783,-0.25057,0.2084,-0.0090702,0.20564,0.38673,0.1098,0.22518,0.28255,0.20628,0.080633,-0.5249,0.13312,0.0031646,-0.30907,0.074408,-0.35027,-0.44461,0.49266,-0.25767,0.15089,0.24207,0.45945,-0.22534,0,0.29632,0.13337,0.09893,-0.01167,-0.10353,-0.058276,-0.18494,0.11003,0.17987,0.12699,-0.05189,0.0023068,-0.15481,0.059997,-0.044122,0.26778,0.17593,-0.21792,-0.23245,-0.50457,-0.16048,-0.2263,-0.44139,0.023319,-0.20998,-0.30366,-0.40676,-0.40032,0.090472,0.019548,0.062215,-0.34318,0.019945,-0.3266,-0.36248,-0.43099,-0.31045,-0.24553,-0.15345,-0.35626,0.0069779,-0.082034,0.098711,0.13193,-0.12887,0.14804,0.085942,-0.036501,-0.11284,0.066175,0.043107,-0.047093,0.031526,0.02618,-0.28492,-0.2236,-0.16603,0.015363,-0.22608,-0.26381,0.0978,0.25022,-0.3337,-0.50066,-0.20869,-0.19245,-0.023999,-0.35169,-0.35861,-0.39164,-0.39949,-0.44309,-0.40547,-0.58562,-0.12221,-0.17002
-0.049625,-0.25668,-0.22749,-0.28846,0.28084,-0.2426,0.74531,-0.035643,0.25325,0.23284,0.35119,0.20892,0.38894,0.34803,0.37989,-0.27921,-0.022053,-0.25554,-0.44151,-0.065838,-0.27498,-0.59009,0.32092,-0.50128,0.19737,0.23182,0.24639,-0.37376,0.29632,0,0.20265,0.1978,0.12509,-0.015713,0.046523,0.045853,0.26816,0.26571,0.53932,-0.19957,0.19325,-0.25902,0.21569,0.011665,0.29328,0.35567,-0.081047,-0.041778,-0.31332,-0.069262,-0.12287,-0.36525,0.10829,-0.28731,-0.26073,-0.28047,-0.30706,0.11021,0.020065,-0.0029763,-0.50656,0.11749,-0.24654,-0.2827,-0.16411,-0.21982,-0.099787,-0.33247,-0.59307,-0.059483,0.045283,0.24251,0.33895,0.17739,0.15879,-0.045503,-0.26514,-0.33311,-0.13974,0.29079,-0.19595,-0.16534,-0.05043,-0.49288,-0.44084,-0.26801,-0.12802,-0.084891,-0.2377,0.086905,0.34543,-0.18127,-0.50874,0.21195,0.020432,-0.10721,-0.3018,-0.57421,-0.60472,-0.13153,-0.10443,-0.27529,-0.26171,-0.051571,-0.29875
-0.38977,-0.07701,-0.35269,-0.24275,-0.22424,-0.16109,0.031474,0.068937,-0.053443,0.27829,0.28925,0.26608,0.082024,0.083489,0.05995,-0.19247,-0.15586,-0.27145,-0.29614,-0.30173,0.096561,-0.13,0.070339,-0.10085,-0.019197,0.050184,0.043934,-0.32864,0.13337,0.20265,0,0.34243,-0.023842,-0.086247,-0.069661,0.12289,-0.20804,0.13766,0.14087,0.073958,0.3623,-0.0011246,0.266,0.23334,0.94508,0.61261,-0.3786,-0.23993,-0.24631,-0.39881,-0.38963,-0.1182,-0.32856,-0.28702,-0.80751,-0.20822,-0.28562,-0.26609,-0.2991,-0.13933,-0.21671,0.096718,0.14091,-0.18757,0.078943,-0.33721,-0.23251,-0.41479,-0.1323,0.15437,0.13091,0.64645,0.44098,0.29436,0.54408,-0.42154,-0.45917,-0.20433,-0.3431,-0.18191,-0.51698,-0.30257,-0.24989,-0.35504,-0.21755,-0.50668,-0.46517,-0.50784,-0.31886,-0.39818,0.081935,-0.33007,-0.39634,0.0056284,0.098852,-0.17567,-0.18647,-0.32582,-0.43038,-0.18781,-0.060688,-0.1721,0.018752,-0.14558,-0.33735
-0.059849,-0.18572,-0.15461,0.014327,-0.13275,-0.29775,0.12505,-0.049865,0.25874,0.28687,0.66643,0.16715,0.27556,0.26614,0.16621,-0.31489,-0.24768,-0.30019,-0.11728,-0.13127,0.019997,-0.19994,0.2473,-0.15563,0.28696,0.32018,-0.099574,-0.7812,0.09893,0.1978,0.34243,0,0.038499,-0.052622,0.13766,0.39957,0.078844,0.19734,0.30522,-0.17271,0.10387,-0.29395,0.67548,0.64708,0.32029,0.49319,-0.051654,0.056822,-0.073843,-0.54616,-0.62431,-0.15007,-0.078257,-0.36927,-0.29414,0.031803,-0.058928,-0.014359,0.012256,0.15576,-0.14413,0.37667,-0.024731,-0.55929,0.13389,-0.022095,0.011435,-0.40958,-0.39034,0.33479,0.45113,0.41854,0.47582,0.12958,0.43648,-0.11954,-0.20003,-0.092883,-0.10339,-0.022534,-0.43836,-0.19439,-0.17301,-0.21005,-0.066572,-0.28773,-0.28191,-0.13239,0.034152,-0.2155,0.31582,-0.19346,-0.53927,-0.071475,-0.17868,-0.039843,-0.16841,-0.29219,-0.31936,-0.037641,-0.0066065,-0.17664,0.035972,-0.038964,-0.11257
0.15384,-0.36958,-0.016744,-0.07961,-0.072072,-0.29981,0.069109,-0.44566,0.12954,-0.20973,0.081946,-0.29712,0.36355,0.33374,0.081658,-0.29607,4.1846e-05,-0.15003,-0.00038185,0.16975,-0.071113,-0.21441,0.15493,-0.088404,0.16042,0.13138,0.096425,-0.27902,-0.01167,0.12509,-0.023842,0.038499,0,0.65534,0.60068,0.068754,0.15315,-0.16444,0.052831,-0.51318,-0.22257,-0.47291,0.16465,0.031625,-0.0008997,0.07172,0.10864,0.1635,-0.073681,0.074513,-0.070446,-0.014944,-0.059181,-0.42224,-0.11009,0.036025,0.1113,0.21983,0.17052,0.18184,-0.23109,0.30873,-0.088469,-0.084286,0.070783,0.14644,0.17479,0.11944,-0.47221,0.14899,0.31111,0.1794,0.12957,0.13338,0.11788,0.077725,-0.096637,0.092486,0.1364,0.22687,-0.3457,-0.044378,-0.1642,0.031353,-0.03672,0.11295,0.018936,0.10118,0.057032,0.021593,0.097795,0.0067425,-0.12515,0.043677,-0.27239,0.1423,-0.10089,0.0024846,0.023983,0.18653,0.20761,0.27245,-0.097414,0.39752,0.04884
0.030088,-0.51302,-0.069091,-0.08087,-0.21569,-0.41989,-0.054604,-0.67009,0.012632,-0.36439,0.0048333,-0.45328,0.17003,0.11575,-0.055452,-0.30509,-0.099439,-0.14355,0.16778,0.26068,0.066149,-0.16014,0.053747,-0.086189,0.0042108,-0.06268,0.00046554,-0.20099,-0.10353,-0.015713,-0.086247,-0.052622,0.65534,0,0.48869,-0.025029,0.023523,-0.31492,-0.0161,-0.5356,-0.23886,-0.48008,0.11414,-0.026818,-0.084699,0.00102,-0.0040486,0.045728,-0.15496,0.091523,-0.087155,0.00050739,-0.21255,-0.56202,-0.13308,-0.010394,0.090896,0.11984,0.046523,0.062043,-0.29456,0.21666,-0.11473,-0.062006,0.11408,0.090263,0.054421,0.15781,-0.3756,0.11461,0.1852,0.096304,0.026123,0.10373,0.045424,0.006481,-0.16911,0.16337,0.16292,0.089818,-0.39628,-0.081797,-0.21008,0.099014,0.077552,0.15212,0.021739,0.04103,0.012366,-0.071047,-0.030883,0.01768,-0.11234,-0.0098287,-0.32789,0.0077207,-0.18948,0.029371,0.090195,0.15046,0.24167,0.26439,-0.060626,0.28739,-0.031824
0.26101,-0.47628,0.019935,0.031416,-0.12381,-0.44076,0.060991,-0.56577,0.28479,-0.19187,0.19622,-0.3199,0.4029,0.40007,0.13564,-0.29412,-0.12902,-0.21741,0.087433,0.15892,-0.048746,-0.25522,0.19874,-0.1236,0.20972,0.12207,0.0010357,-0.49494,-0.058276,0.046523,-0.069661,0.13766,0.60068,0.48869,0,0.1997,0.21094,-0.15773,0.10574,-0.7201,-0.31341,-0.77382,0.29563,0.16936,-0.046455,0.10093,0.23536,0.32038,-0.017832,-0.044509,-0.21445,-0.04668,-0.028189,-0.51053,-0.013145,0.13671,0.15243,0.30044,0.27507,0.35141,-0.17777,0.53917,-0.11168,-0.24043,0.15591,0.3074,0.30671,0.010409,-0.51616,0.23104,0.44067,0.16554,0.16324,0.11503,0.15958,0.12653,-0.048788,0.11557,0.18145,0.25136,-0.37531,-0.059685,-0.16784,0.038038,0.017,0.099291,-0.022173,0.21041,0.21506,0.021729,0.23332,0.099741,-0.17633,-0.013971,-0.38546,0.14692,-0.11467,-0.026745,0.03875,0.23342,0.23975,0.18772,-0.047025,0.39191,0.07342
0.0078881,-0.20205,-0.27764,-0.1328,-0.15852,-0.13113,0.026138,-0.091491,0.099412,0.02777,0.33414,0.019861,0.10093,0.18983,0.09326,-0.13221,-0.43838,-0.59377,-0.073433,-0.23655,0.002924,-0.11709,-0.04419,-0.096824,0.068053,0.11826,-0.2224,-0.66005,-0.18494,0.045853,0.12289,0.39957,0.068754,-0.025029,0.1997,0,0.038059,0.15495,0.21387,-0.24144,-0.052177,-0.32425,0.30078,0.33245,0.063068,0.2051,0.094144,0.20317,0.14881,-0.41332,-0.4573,-0.091029,-0.071422,-0.21376,-0.13795,0.15778,0.051659,0.028832,-0.025537,0.060871,-0.036537,0.23816,0.046193,-0.3132,0.39087,0.11819,0.14941,-0.34041,-0.3048,0.099244,0.44606,0.28733,0.39276,0.27327,0.26981,-0.18695,-0.24621,-0.21066,-0.23397,-0.0077573,-0.53964,-0.39756,-0.38995,-0.198,-0.14531,-0.31398,-0.44432,0.039262,0.097659,-0.18673,0.15635,-0.10971,-0.27845,0.031197,-0.055635,-0.09864,-0.077893,-0.16688,-0.1532,0.092669,0.16804,0.035899,0.21234,-0.030218,-0.088794
0.45202,-0.31671,0.077766,0.010294,0.39567,-0.2975,0.42963,-0.22562,0.55517,0.011173,0.16645,-0.073287,0.39948,0.35764,0.26751,-0.33121,-0.025139,-0.14804,-0.16058,0.17582,-0.44237,-0.56149,0.32523,-0.43242,0.394,0.32559,0.05394,-0.42481,0.11003,0.26816,-0.20804,0.078844,0.15315,0.023523,0.21094,0.038059,0,0.093815,0.28127,-0.51016,-0.21065,-0.60047,0.11293,-0.021776,-0.13316,-0.013548,0.33733,0.27618,-0.10032,-0.0011037,-0.095804,-0.33146,0.52761,-0.23461,0.18438,-0.03808,-0.029784,0.56621,0.51055,0.2961,-0.28739,0.16735,-0.46597,-0.43669,-0.22069,0.1403,0.16878,-0.11242,-0.95533,-0.061468,0.081642,-0.081153,0.042683,-0.12111,-0.090645,0.42571,0.096911,-0.12868,0.19039,0.56344,0.0050163,0.03523,0.062728,-0.16685,-0.19818,0.060871,0.16118,0.40205,0.13627,0.44323,0.35035,0.01394,-0.33841,0.009337,-0.31384,0.08148,-0.20287,-0.28181,-0.2177,0.016372,-0.096512,-0.18463,-0.32524,0.089232,0.024684
-0.097287,0.050153,-0.27155,-0.20482,0.13642,0.029999,0.20741,0.29663,0.078248,0.49062,0.16877,0.64321,0.057115,0.11246,0.043112,-0.30183,-0.24065,-0.42274,-0.37797,-0.20314,-0.3768,-0.33063,0.049468,-0.27155,-0.0018936,0.1965,0.061321,-0.32735,0.17987,0.26571,0.13766,0.19734,-0.16444,-0.31492,-0.15773,0.15495,0.093815,0,0.2989,0.06799,0.092256,-0.077709,0.014484,-0.029497,0.15681,0.13534,-0.14387,-0.14992,-0.20123,-0.3775,-0.3523,-0.54116,0.084488,0.034215,-0.23564,-0.29269,-0.36828,0.064559,-0.12221,-0.10843,-0.21158,-0.10274,-0.2508,-0.38398,-0.18319,-0.28012,-0.21747,-0.40469,-0.30954,-0.19788,-0.046167,0.11987,0.30523,0.033796,0.14077,-0.11816,-0.20392,-0.51262,-0.26626,-0.034733,-0.17143,-0.36376,-0.27424,-0.53243,-0.4315,-0.52735,-0.33442,-0.12224,-0.24858,0.03151,0.15797,-0.46761,-0.54338,-0.085293,0.092428,-0.25199,-0.31765,-0.4556,-0.4754,-0.38047,-0.35006,-0.37029,-0.2512,-0.36346,-0.26834
-0.046648,-0.40139,-0.32655,-0.25815,0.13938,-0.35428,0.56992,-0.11633,0.30611,0.1719,0.56637,0.16474,0.29253,0.28089,0.30991,-0.30361,-0.28661,-0.47644,-0.25896,-0.053422,-0.1874,-0.60594,0.23319,-0.59146,0.12232,0.12535,0.05474,-0.582,0.12699,0.53932,0.14087,0.30522,0.052831,-0.0161,0.10574,0.21387,0.28127,0.2989,0,-0.27994,0.13752,-0.40609,0.33334,0.091288,0.17701,0.36832,-0.046068,0.0067111,-0.28106,-0.19577,-0.29832,-0.45016,0.058878,-0.37061,-0.19907,-0.22615,-0.28546,0.15868,-0.0044357,-0.0048437,-0.52599,0.16868,-0.29859,-0.45626,-0.022937,-0.15512,-0.088586,-0.47051,-0.67051,-0.067293,0.093956,0.24153,0.44192,0.24304,0.18948,-0.080357,-0.33996,-0.37717,-0.15407,0.23104,-0.31286,-0.3227,-0.18216,-0.51489,-0.36082,-0.33915,-0.236,-0.0058742,-0.16109,0.038201,0.39198,-0.16271,-0.69782,0.1709,-0.027708,-0.24034,-0.42726,-0.67328,-0.56332,-0.1217,-0.048171,-0.30964,-0.15501,-0.13115,-0.37067
-0.56039,0.45966,-0.27722,-0.22205,-0.21857,0.30235,-0.31704,0.53127,-0.49821,0.11698,-0.29627,0.25929,-0.45256,-0.42353,-0.39492,-0.071367,-0.12411,-0.091818,-0.28225,-0.3926,-0.10293,0.12777,-0.33853,0.069732,-0.38581,-0.19976,-0.13245,0.17069,-0.05189,-0.19957,0.073958,-0.17271,-0.51318,-0.5356,-0.7201,-0.24144,-0.51016,0.06799,-0.27994,0,0.14716,0.77335,-0.35197,-0.23686,0.029245,-0.15339,-0.60727,-0.64195,-0.21027,-0.35381,-0.18602,-0.17097,-0.31881,0.25837,-0.43878,-0.35802,-0.37377,-0.49576,-0.59899,-0.51402,0.0025893,-0.53472,0.0041271,-0.0084687,-0.25215,-0.59698,-0.58243,-0.21105,0.30104,-0.26959,-0.36667,-0.12654,-0.1511,-0.19131,-0.108,-0.44016,-0.23572,-0.29677,-0.436,-0.62591,-0.069013,-0.26041,-0.23084,-0.25098,-0.20293,-0.46067,-0.35176,-0.62785,-0.48989,-0.34447,-0.37977,-0.5945,-0.12943,-0.29248,0.19059,-0.34371,-0.13223,-0.13746,-0.23606,-0.55301,-0.46888,-0.29495,-0.13892,-0.60097,-0.27558
-0.54862,-0.11081,-0.51731,-0.41996,-0.073692,-0.10913,0.075559,0.16518,-0.18157,0.14221,0.12263,0.25785,-0.1201,-0.15573,0.0072917,-0.070255,-0.18183,-0.23732,-0.37185,-0.34181,0.063225,-0.15912,-0.083078,-0.30194,-0.1184,-0.096679,-0.11603,-0.15888,0.0023068,0.19325,0.3623,0.10387,-0.22257,-0.23886,-0.31341,-0.052177,-0.21065,0.092256,0.13752,0.14716,0,0.11711,0.067797,0.0034576,0.30089,0.24317,-0.45194,-0.34168,-0.29547,-0.27107,-0.19083,-0.17102,-0.25336,-0.20008,-0.55481,-0.30657,-0.35808,-0.40077,-0.41384,-0.37954,-0.35485,-0.14233,-0.018078,-0.15611,-0.050116,-0.49979,-0.3866,-0.52953,-0.11471,-0.099026,-0.11906,0.14287,0.11134,0.13362,0.048212,-0.49176,-0.57315,-0.37458,-0.47391,-0.19811,-0.27196,-0.31077,-0.12223,-0.47231,-0.30403,-0.50733,-0.36869,-0.48593,-0.44036,-0.35634,-0.08304,-0.30721,-0.38605,0.13009,0.23342,-0.37852,-0.24431,-0.51039,-0.66554,-0.22411,-0.10688,-0.35267,0.0070825,-0.33363,-0.53668
-0.55886,0.42288,-0.2555,-0.27356,-0.21542,0.37249,-0.37485,0.39525,-0.65566,-0.027409,-0.41798,0.09677,-0.54288,-0.50918,-0.40137,0.065819,-0.036945,-0.0084791,-0.29755,-0.44171,-0.070009,0.20581,-0.44443,0.10579,-0.42423,-0.27596,-0.17226,0.31736,-0.15481,-0.25902,-0.0011246,-0.29395,-0.47291,-0.48008,-0.77382,-0.32425,-0.60047,-0.077709,-0.40609,0.77335,0.11711,0,-0.45123,-0.30355,-0.047585,-0.23741,-0.53429,-0.56251,-0.13663,-0.20728,-0.02753,-0.035418,-0.32783,0.28804,-0.37026,-0.2865,-0.28178,-0.6294,-0.593,-0.56579,0.046931,-0.6007,0.085121,0.16095,-0.24077,-0.50942,-0.4769,-0.13703,0.43444,-0.29428,-0.41384,-0.2024,-0.26949,-0.21049,-0.21394,-0.46523,-0.21799,-0.24998,-0.45922,-0.58968,-0.016676,-0.18846,-0.15823,-0.1812,-0.19426,-0.33945,-0.28531,-0.59173,-0.45691,-0.3715,-0.51201,-0.40331,0.032562,-0.20997,0.22454,-0.27396,-0.0095044,-0.054829,-0.1669,-0.38115,-0.34335,-0.18967,-0.082749,-0.44679,-0.225
-0.034685,-0.40342,-0.14434,-0.016414,-0.14311,-0.51663,0.17446,-0.25215,0.32468,0.098114,0.79668,-0.015813,0.3817,0.3191,0.26431,-0.28075,-0.21006,-0.25916,-0.069615,-0.051979,0.094814,-0.27392,0.31816,-0.23633,0.30921,0.19917,-0.073496,-0.83136,0.059997,0.21569,0.266,0.67548,0.16465,0.11414,0.29563,0.30078,0.11293,0.014484,0.33334,-0.35197,0.067797,-0.45123,0,0.60968,0.27061,0.55376,-0.010169,0.12119,-0.11766,-0.33025,-0.45534,-0.093977,-0.10626,-0.6431,-0.25786,0.047789,-0.025851,0.010001,0.067038,0.20399,-0.24939,0.63944,-0.034895,-0.47117,0.18822,0.034947,0.077426,-0.35469,-0.47431,0.41247,0.48932,0.41619,0.39727,0.19614,0.38034,-0.092426,-0.23281,-0.018392,-0.035355,0.088531,-0.47506,-0.13732,-0.1083,-0.17098,-0.038593,-0.17282,-0.19767,-0.084242,0.059589,-0.19932,0.36809,-0.037902,-0.46676,0.032849,-0.23766,-0.0075481,-0.18093,-0.29697,-0.29172,0.08657,0.14185,-0.1183,0.053898,0.1019,-0.13537
