,,,,,,,,,,,,,,,,,,,,,,,,,,,,,,,,,,,,,,,,,,,,,,,,,,,,,,,,,,,,,,,,,,,,,,,,,,,,,,,,,,,,,,,,,,,,,,,,,,,,,,,,
0,-0.21928,-0.14891,-0.37287,0.033627,-0.63882,0.11705,-0.24043,0.14591,-0.53832,0.10313,-0.41001,0.14197,0.038916,0.50334,-0.028092,-0.3172,-0.16873,-0.33719,-0.14699,0.14216,-0.067198,0.24279,-0.22425,0.049246,-0.43879,0.29487,-0.10655,-0.25986,-0.25981,-0.28301,-0.44741,-0.20351,-0.3372,0.0090044,-0.1952,0.049725,-0.4861,0.22411,-0.24363,0.30721,-0.2464,0.048491,-0.099905,0.14726,0.2876,-0.11066,-0.090537,0.26249,-0.18405,-0.31248,-0.13917,0.14578,-0.19792,0.20129,0.052263,0.14403,0.067466,0.23997,0.086885,-0.18792,0.19111,-0.17208,-0.14221,0.024454,-0.0148,-0.1194,-0.0022423,-0.18501,0.04725,-0.018495,0.24099,0.17872,-0.0011,0.11891,-0.16684,-0.18463,-0.3667,-0.29403,0.13021,-0.35848,-0.36333,-0.32074,-0.46845,-0.27251,-0.33085,-0.39114,-0.12882,0.015104,0.097842,0.41955,-0.50811,-0.71194,-0.29673,-0.45162,-0.32636,-0.47378,-0.46467,-0.25109,0.12671,-0.15799,0.16167,-0.30939,-0.40458,-0.42959
-0.21928,0,-0.29508,-0.048237,-0.18452,0.36405,-0.1779,0.56233,-0.10385,0.41666,-0.030362,0.40107,-0.48146,-0.49836,-0.10919,-0.12259,-0.31185,-0.39891,-0.23581,-0.54896,-0.52099,-0.20717,-0.24583,-0.17807,-0.26044,0.12687,-0.12671,-0.28865,0.0019038,0.077852,-0.022056,0.13575,-0.47111,-0.40456,-0.31056,0.051939,-0.18815,0.28473,-0.088796,0.31704,-0.25388,-0.00095191,-0.066951,0.10985,-0.07946,-0.2674,0.039508,-0.0013538,-0.053822,-0.33054,-0.32118,-0.28755,0.26647,0.62467,0.070653,-0.26156,-0.20031,0.04474,-0.11151,0.043358,0.25978,-0.41088,-0.33779,-0.32426,0.00063461,-0.053519,-0.053906,-0.39549,-0.13113,-0.086694,-0.15538,-0.092505,-0.050141,0.045685,-0.13533,-0.13519,-0.049852,-0.48873,-0.47199,-0.26958,-0.29124,0.086617,-0.094408,-0.32155,-0.28466,-0.38938,-0.39643,0.0055281,-0.024898,0.0042307,-0.28778,-0.091715,-0.059124,-0.17978,0.16841,-0.45346,-0.39073,-0.24855,-0.28517,-0.30427,-0.014751,-0.33989,-0.22449,-0.20092,0.02518
-0.14891,-0.29508,0,0.38366,-0.18391,-0.31094,-0.42075,-0.49671,-0.05036,-0.27116,-0.1755,-0.27734,0.0258,0.0077352,-0.13941,-0.094831,0.044077,0.079819,0.0076012,0.13229,-0.18146,-0.40794,-0.42286,-0.30082,0.061599,-0.047405,-0.53366,-0.17864,-0.19212,-0.37346,-0.1597,-0.3283,-0.18493,-0.30807,-0.091602,-0.38397,-0.021485,-0.25711,-0.34937,-0.65496,-0.44232,-0.43217,-0.24929,-0.34645,-0.085334,-0.12375,-0.084396,-0.038859,-0.051326,0.041581,0.19909,0.0075377,-0.09211,-0.28767,-0.036582,-0.14584,0.024834,-0.076111,0.034142,0.097194,-0.017127,-0.19729,-0.16533,-0.10698,-0.24947,-0.18666,-0.17252,0.030616,-0.26295,-0.19614,-0.22057,-0.11844,-0.24984,-0.088767,-0.23754,0.56607,0.28843,-0.050289,0.19224,0.085545,0.20903,0.01454,-0.073833,-0.020265,-0.070343,0.10989,0.14427,-0.09516,-0.0064095,-0.050804,-0.089042,-0.027944,-0.23383,-0.28141,-0.47967,0.19279,0.26809,0.048928,0.040636,-0.25886,-0.24965,-0.12262,-0.33903,-0.086039,-0.50135
-0.37287,-0.048237,0.38366,0,-0.3835,-0.064525,-0.43849,-0.23396,-0.07788,0.11477,-0.25842,0.08472,-0.26319,-0.15723,-0.45653,-0.28629,-0.11011,-0.10709,0.069934,-0.031237,-0.52156,-0.50589,-0.53795,-0.2473,-0.24695,0.20078,-0.8333,-0.17501,-0.1211,-0.21074,-0.064525,-0.036701,-0.37976,-0.20546,-0.2206,-0.29387,-0.41815,0.0093569,-0.40747,-0.44817,-0.64252,-0.53342,-0.38557,-0.48095,-0.28112,-0.37637,-0.29255,-0.22892,-0.23633,0.014349,0.048188,-0.21276,-0.1887,-0.079418,-0.098599,-0.58086,-0.37946,-0.19078,-0.31348,0.052334,0.090967,-0.39603,-0.23103,-0.21337,-0.36541,-0.34246,-0.30196,-0.28658,-0.17755,-0.31657,-0.40353,-0.19164,-0.31126,-0.20443,-0.26599,0.38822,0.41971,0.051255,0.25949,-0.18109,0.13371,0.24999,-0.063827,0.23212,0.17033,0.1474,0.18338,-0.24463,-0.27897,-0.23433,-0.34891,0.377,0.21558,-0.18227,-0.174,0.11833,0.37294,0.24845,-0.01179,-0.49314,-0.34809,-0.29391,-0.15404,-0.03613,-0.095275
0.033627,-0.18452,-0.18391,-0.3835,0,-0.049922,0.054435,-0.12811,-0.26094,-0.21927,-0.29831,-0.2449,-0.040107,-0.097119,0.04658,0.041292,0.0020872,0.17663,-0.16173,-0.21956,-0.080341,-0.0017064,0.080567,0.084487,-0.077034,-0.18255,-0.033874,-0.23846,-0.027027,-0.073777,-0.43511,-0.36027,-0.092434,-0.29869,-0.15418,-0.21884,0.26534,-0.14774,0.1103,-0.075561,0.003998,0.041609,-0.23208,-0.18618,-0.22565,-0.23729,0.37042,0.30679,0.052101,0.023079,-0.052214,-0.098708,0.34945,-0.009371,0.072677,-0.047581,-0.1435,0.37735,0.21087,-0.092166,-0.041503,-0.09254,-0.29151,-0.14895,-0.026921,0.24618,0.38064,-0.17357,-0.37173,-0.44549,-0.24889,-0.17326,-0.11528,-0.070702,-0.31674,-0.1328,-0.22984,-0.60836,-0.32365,-0.13682,-0.041546,-0.16485,-0.023748,-0.16087,-0.54666,-0.23624,-0.26754,0.46324,0.34161,0.22688,-0.0066916,-0.30216,-0.28309,0.055204,-0.12322,-0.30817,-0.31231,-0.38652,-0.45965,-0.13021,0.36277,-0.18837,0.010965,-0.21055,-0.4014
-0.63882,0.36405,-0.31094,-0.064525,-0.049922,0,-0.21791,0.36971,-0.3881,0.44063,-0.31322,0.30353,-0.49307,-0.43924,-0.4891,-0.20597,-0.21152,-0.21183,-0.059188,-0.40462,-0.44341,-0.11185,-0.35055,0.05366,-0.42351,0.24545,-0.36228,-0.28917,0.042039,0.14921,-0.097511,0.13895,-0.23682,-0.1791,-0.31398,0.13081,-0.24743,0.30134,-0.30664,0.21964,-0.40488,0.15943,-0.23538,0.023001,-0.37444,-0.56931,0.025758,-0.015569,-0.29485,-0.23742,-0.17471,-0.13832,-0.035185,0.34421,-0.30023,-0.21308,-0.36181,-0.086123,-0.29049,-0.20992,0.23274,-0.52411,-0.32933,-0.32473,-0.10037,-0.090488,-0.018883,-0.37583,-0.30011,-0.31591,-0.24789,-0.39028,-0.30496,-0.17124,-0.38968,-0.24918,-0.24627,-0.3506,-0.40043,-0.51796,-0.18333,0.085319,-0.03613,-0.015195,-0.24834,-0.21844,-0.22576,0.030652,-0.0067268,-0.22293,-0.53272,0.060196,0.32091,-0.04701,0.25841,-0.26787,-0.14437,-0.051735,-0.3618,-0.38373,0.12442,-0.59794,0.032005,-0.13684,0.079185
0.11705,-0.1779,-0.42075,-0.43849,0.054435,-0.21791,0,0.19384,0.065421,-0.095502,0.1572,0.040544,-0.05935,-0.11743,-0.00088845,-0.32749,-0.060936,-0.2436,-0.37786,-0.31443,-0.073904,-0.24834,0.4823,0.071393,-0.19577,-0.20026,0.23477,-0.40423,0.14887,0.16463,-0.19511,0.10687,-0.18184,-0.26329,-0.0095191,0.23875,-0.076929,-0.088507,0.74362,0.070124,0.75885,-0.12235,0.3204,0.19066,-0.16392,-0.05024,0.094944,-0.0045128,-0.022952,-0.29916,-0.45328,-0.24704,-0.071541,-0.3756,-0.23831,-0.016838,-0.01975,0.087886,0.039839,-0.067804,-0.21936,0.041137,-0.29071,0.033162,-0.076139,0.22443,0.14567,-0.21159,-0.21229,0.057651,0.028057,0.024658,0.22753,0.03295,0.11127,-0.3787,-0.29118,-0.39988,-0.43488,-0.35525,-0.4452,-0.34857,-0.1182,-0.36732,-0.45214,-0.56833,-0.54454,0.089839,0.15786,0.09651,0.22286,-0.374,-0.38142,0.21921,-0.042215,-0.34937,-0.45064,-0.60539,-0.25577,0.074602,-0.15515,-0.044423,-0.15735,-0.34721,-0.26609
-0.24043,0.56233,-0.49671,-0.23396,-0.12811,0.36971,0.19384,0,-0.053378,0.46546,0.064751,0.55479,-0.41939,-0.50473,-0.19834,-0.36039,-0.28842,-0.48294,-0.309,-0.63859,-0.43368,-0.25199,-0.037421,-0.077359,-0.2524,0.077951,-0.012685,-0.41812,0.22178,0.20539,-0.017191,0.29464,-0.39812,-0.38791,-0.28448,0.30319,-0.25711,0.27556,0.14421,0.54231,0.052256,0.057347,0.16026,0.30262,-0.10118,-0.22138,0.056952,-0.063186,-0.20766,-0.38259,-0.49403,-0.3262,0.062523,0.22833,-0.14149,-0.20001,-0.15473,0.063968,-0.15187,-0.13734,0.034981,-0.36621,-0.50215,-0.30432,-0.093139,-0.017141,-0.011768,-0.39316,-0.22513,-0.029411,-0.080151,-0.11526,0.048794,0.062114,-0.0077352,-0.33256,-0.2042,-0.49231,-0.62467,-0.40365,-0.36804,-0.094246,-0.12547,-0.28949,-0.37426,-0.5172,-0.50579,0.05476,0.0073896,0.011289,-0.17124,-0.16811,-0.058201,0.024898,0.21563,-0.59789,-0.52746,-0.37577,-0.3658,-0.23191,-0.093605,-0.40582,-0.19844,-0.29605,0.013588
0.14591,-0.10385,-0.05036,-0.07788,-0.26094,-0.3881,0.065421,-0.053378,0,-0.03936,0.57763,0.082626,0.142,0.013813,0.053074,-0.15574,-0.34632,-0.30696,-0.16607,-0.1376,-0.052383,-0.47086,0.21106,-0.20296,0.18499,0.13979,0.11959,-0.079714,0.09517,-0.14911,0.10316,0.0083416,-0.20706,-0.34589,0.16246,0.044817,-0.17903,-0.11252,0.22977,-0.18514,0.054865,-0.52596,0.34197,-0.021175,0.28049,0.31657,-0.091609,-0.17064,-0.26328,-0.11355,-0.15276,-0.42181,-0.14998,-0.29149,0.0010295,-0.31784,-0.025187,0.13442,0.19793,0.22589,-0.0072416,-0.12236,-0.4182,-0.19741,-0.18425,-0.13596,-0.16576,-0.11048,-0.13244,0.13712,0.22541,0.45529,0.43239,0.33399,0.48782,-0.083881,0.19791,-0.19248,-0.18393,0.18868,-0.14051,-0.44911,-0.12876,-0.34459,-0.31498,-0.21717,-0.22187,-0.057792,-0.13997,0.17801,0.23445,-0.067642,-0.30123,0.029326,-0.16367,-0.15442,-0.28086,-0.33918,-0.16551,-0.15869,-0.41264,0.0024256,-0.44966,-0.32876,-0.47849
-0.53832,0.41666,-0.27116,0.11477,-0.21927,0.44063,-0.095502,0.46546,-0.03936,0,-0.049654,0.91123,-0.57158,-0.51396,-0.41558,-0.3314,-0.10935,-0.21818,-0.10084,-0.40379,-0.66281,-0.47412,-0.23712,-0.084776,-0.37807,0.41306,-0.31498,-0.26486,0.15136,0.25482,0.066288,0.44592,-0.49474,-0.38382,-0.32015,0.055225,-0.38296,0.46656,-0.079537,0.18117,-0.3519,-0.19347,-0.14975,-0.09592,-0.23925,-0.43869,-0.019229,-0.075384,-0.36044,-0.18528,-0.21522,-0.359,-0.09483,0.16345,-0.19314,-0.58832,-0.54263,-0.041835,-0.33068,-0.0092723,0.21215,-0.71569,-0.52586,-0.19545,-0.25794,-0.12353,-0.026273,-0.58242,-0.16265,-0.30214,-0.22382,-0.14514,-0.090643,0.012995,-0.18472,-0.11929,0.047264,-0.37789,-0.32149,-0.39704,-0.097024,0.082259,0.12199,-0.056699,-0.26933,-0.21621,-0.20677,-0.01693,-0.1864,-0.10329,-0.46376,0.15399,0.24152,0.13475,0.30891,-0.29968,-0.16537,-0.1641,-0.37206,-0.59351,-0.17008,-0.4826,-0.2065,-0.1321,0.027345
0.10313,-0.030362,-0.1755,-0.25842,-0.29831,-0.31322,0.1572,0.064751,0.57763,-0.049654,0,0.062861,0.18605,0.10054,0.29057,-0.05557,-0.28263,-0.43884,-0.39328,-0.33375,-0.03704,-0.48646,0.1589,-0.30535,0.099788,0.02781,0.36972,-0.26144,0.13943,-0.063101,0.20013,0.14428,-0.058419,-0.22506,0.2426,0.24719,0.034304,0.04804,0.35518,-0.15305,0.12731,-0.46375,0.59272,0.18275,0.30346,0.39509,0.040107,0.023586,-0.20353,-0.42551,-0.41196,-0.18275,-0.10273,-0.25661,0.013059,-0.11281,0.022818,0.14217,0.24951,0.27151,0.02451,0.015964,-0.21378,0.034346,0.16846,0.048258,-0.037491,0.0064025,-0.05641,0.41529,0.51525,0.69151,0.82626,0.60965,0.45991,-0.19412,0.025342,-0.30967,-0.33313,-0.085101,-0.40656,-0.62583,-0.22526,-0.71974,-0.57711,-0.59089,-0.61668,0.029707,0.0025314,0.25212,0.25089,-0.22585,-0.46243,0.017508,-0.064568,-0.21808,-0.34636,-0.68177,-0.33523,0.055662,-0.20537,0.068897,-0.37021,-0.29812,-0.54626
-0.41001,0.40107,-0.27734,0.08472,-0.2449,0.30353,0.040544,0.55479,0.082626,0.91123,0.062861,0,-0.44913,-0.44229,-0.37382,-0.37928,-0.10272,-0.33848,-0.14855,-0.37763,-0.58413,-0.51012,-0.12724,-0.010471,-0.35812,0.37922,-0.26152,-0.34777,0.25692,0.30648,0.015195,0.45841,-0.44651,-0.31932,-0.19609,0.12561,-0.36769,0.37954,0.054738,0.22569,-0.17838,-0.16437,0.044641,0.024094,-0.21487,-0.3466,0.0059794,-0.084212,-0.30384,-0.14551,-0.17568,-0.44268,-0.080003,0.084325,-0.23285,-0.4865,-0.35907,-0.0084614,-0.22788,0.043724,0.19162,-0.53925,-0.55051,-0.23509,-0.26534,-0.063306,0.001509,-0.62815,-0.26165,-0.19648,-0.202,-0.069821,-0.0029615,0.092032,-0.018629,-0.13695,0.095656,-0.26138,-0.23712,-0.29971,-0.089324,0.0050698,0.06662,-0.10676,-0.26621,-0.25455,-0.2064,-0.0071005,-0.11485,-0.047913,-0.30711,0.16279,0.18918,0.23087,0.41324,-0.251,-0.18746,-0.18355,-0.26657,-0.51744,-0.23787,-0.3589,-0.24953,-0.14277,0.038979
0.14197,-0.48146,0.0258,-0.26319,-0.040107,-0.49307,-0.05935,-0.41939,0.142,-0.57158,0.18605,-0.44913,0,0.76668,0.18864,0.083599,-0.29713,-0.20137,-0.18047,-0.03637,0.23508,-0.17455,0.083232,-0.21753,0.39181,-0.14632,0.094338,-0.19674,-0.007714,-0.43923,-0.012424,-0.32662,0.44576,0.068333,0.45255,-0.048505,0.17101,-0.22928,0.053293,-0.53026,0.020653,-0.42998,0.23034,-0.11979,0.20452,0.4352,-0.035073,-0.019863,-0.24815,-0.16192,-0.16644,-0.096188,-0.10934,-0.36338,0.048357,0.021513,0.14476,0.17909,0.35847,-0.047476,-0.18665,0.343,-0.0062756,-0.064067,0.11846,-0.070089,-0.11614,0.27744,-0.18251,0.15215,0.26761,0.25266,0.26063,0.19951,0.18874,-0.081582,-0.012368,-0.09328,-0.058349,0.021436,-0.20487,-0.7069,-0.39566,-0.36381,-0.39504,-0.29605,-0.31132,0.10374,0.030757,0.21343,0.36154,-0.12588,-0.41991,-0.089917,-0.32866,-0.024228,-0.095299,-0.39889,-0.18678,0.27667,-0.027711,0.096615,-0.086116,-0.19208,-0.80058
0.038916,-0.49836,0.0077352,-0.15723,-0.097119,-0.43924,-0.11743,-0.50473,0.013813,-0.51396,0.10054,-0.44229,0.76668,0,0.10758,0.1159,-0.26108,-0.22909,-0.24585,-0.072557,0.074023,-0.23938,-0.077161,-0.22726,0.047955,-0.17473,-0.01021,-0.22065,-0.11733,-0.40898,-0.082908,-0.26889,0.44649,0.26112,0.41575,-0.029474,0.17684,-0.11846,-0.041193,-0.71813,-0.13864,-0.59109,0.051481,-0.20212,-0.030454,0.15568,-0.063827,0.030771,-0.2282,-0.23322,-0.18366,0.066126,-0.16161,-0.36756,-0.024778,-0.013947,-0.053455,0.056022,0.18583,0.081547,-0.093478,0.41252,0.21659,0.049196,0.23929,0.025695,-0.044733,0.1901,-0.15761,0.088076,0.14303,0.202,0.17325,0.13071,0.03178,-0.083063,-0.059026,-0.025998,0.025857,-0.15351,-0.28152,-0.63797,-0.47791,-0.34508,-0.37973,-0.32167,-0.34834,0.026273,0.0095614,0.067748,0.14201,-0.045431,-0.26955,-0.013108,-0.19772,0.12978,0.02568,-0.38445,-0.21531,0.27768,0.039071,0.14884,0.12152,-0.0020731,-0.54016
0.50334,-0.10919,-0.13941,-0.45653,0.04658,-0.4891,-0.00088845,-0.19834,0.053074,-0.41558,0.29057,-0.37382,0.18864,0.10758,0,0.26597,-0.18269,-0.14525,-0.47841,-0.33401,0.091482,-0.15415,0.12027,-0.34729,0.14643,-0.33375,0.45679,-0.17703,-0.159,-0.21148,-0.05275,-0.30879,-0.043534,-0.28916,0.095572,-0.12547,0.4575,-0.22547,0.24112,-0.2688,0.13075,-0.28792,0.1114,-0.028959,0.30152,0.39038,0.13373,0.20847,0.19928,-0.38668,-0.39382,-0.017113,0.30267,-0.10778,0.40746,0.087033,0.07408,0.207,0.41834,0.22064,-0.053201,0.2056,-0.029284,0.094909,0.415,0.14292,0.054611,0.11993,-0.073755,0.15358,0.22873,0.48291,0.38653,0.28839,0.085792,-0.095405,-0.12316,-0.56991,-0.36547,-0.012911,-0.40763,-0.47168,-0.23854,-0.90918,-0.6355,-0.63143,-0.69709,0.10243,0.16445,0.34391,0.33886,-0.56235,-0.95269,-0.25591,-0.31091,-0.352,-0.4404,-0.83596,-0.43715,0.19635,0.12544,0.18533,-0.26084,-0.2764,-0.65767
-0.028092,-0.12259,-0.094831,-0.28629,0.041292,-0.20597,-0.32749,-0.36039,-0.15574,-0.3314,-0.05557,-0.37928,0.083599,0.1159,0.26597,0,-0.11462,0.0046608,-0.43189,-0.33335,0.18139,0.003998,-0.06045,-0.085609,0.0090255,-0.036546,0.061486,0.17104,-0.042526,-0.20515,-0.090333,-0.40002,0.24596,0.022754,0.31862,-0.075307,0.34842,-0.21249,-0.18898,-0.41797,-0.24142,-0.24926,-0.1178,-0.14515,-0.020752,0.0077845,0.20389,0.31586,-0.050338,-0.12536,0.0040262,0.044824,0.15393,-0.085228,0.21693,0.028783,-0.098439,0.10511,0.31529,0.19453,0.18138,0.1949,0.20549,0.15746,0.35728,0.14147,0.10195,0.17851,0.023036,0.041362,0.11149,0.13199,-0.015696,0.0044705,-0.26523,0.024482,0.010062,-0.31881,-0.066472,-0.058715,-0.19757,-0.35123,-0.03735,-0.60659,-0.51974,-0.4519,-0.37639,0.13088,0.10162,0.11651,-0.048547,-0.12645,-0.35053,-0.19836,-0.07513,0.041828,-0.038373,-0.2948,-0.26749,0.072338,0.42351,-0.060873,0.030052,-0.022881,-0.47441
-0.3172,-0.31185,0.044077,-0.11011,0.0020872,-0.21152,-0.060936,-0.28842,-0.34632,-0.10935,-0.28263,-0.10272,-0.29713,-0.26108,-0.18269,-0.11462,0,0.28847,-0.26726,-0.027041,-0.2521,-0.37861,-0.17769,-0.016859,-0.33882,-0.18407,-0.31881,-0.21497,-0.090925,0.18693,-0.35155,-0.14275,-0.19761,-0.27325,-0.15323,-0.3327,0.058976,-0.16396,-0.075349,-0.28745,-0.16836,-0.14767,-0.24913,-0.21793,-0.44115,-0.44423,0.17492,0.15312,0.030482,0.119,0.14822,-0.10564,-0.11253,-0.39509,-0.2606,-0.11127,-0.20063,-0.17464,-0.17973,-0.036666,-0.18386,-0.24578,-0.11348,0.32966,-0.27381,0.14581,0.2642,-0.30715,-0.19764,-0.3756,-0.38477,-0.28688,-0.33313,-0.2266,-0.50282,0.10138,-0.016655,-0.24644,0.046771,-0.18449,0.092483,0.064899,0.34674,-0.17041,-0.35314,-0.15603,-0.011684,0.0043294,0.030461,-0.13097,-0.32926,-0.16733,-0.23001,0.082471,-0.053046,0.11808,0.099683,-0.18109,-0.077838,-0.3375,-0.071929,-0.09544,-0.24308,0.024792,-0.24113
-0.16873,-0.39891,0.079819,-0.10709,0.17663,-0.21183,-0.2436,-0.48294,-0.30696,-0.21818,-0.43884,-0.33848,-0.20137,-0.22909,-0.14525,0.0046608,0.28847,0,0.10389,0.21528,0.023184,-0.016239,-0.03625,0.12079,-0.16039,-0.056572,-0.30919,0.061247,-0.23734,-0.0046467,-0.20331,-0.30887,-0.24125,-0.42211,-0.16667,-0.45409,-0.074193,-0.40226,-0.22308,-0.35496,-0.28055,-0.099231,-0.4987,-0.51453,-0.20843,-0.2561,-0.058758,0.014328,-0.037202,0.1969,0.16764,-0.19277,-0.099048,-0.27606,-0.11986,-0.26907,-0.39819,-0.12185,-0.16154,-0.14349,-0.11929,-0.36902,-0.252,0.053229,-0.28154,-0.16444,-0.029347,-0.20584,-0.24399,-0.55085,-0.29726,-0.20943,-0.31492,-0.32946,-0.45757,0.11938,-0.077732,-0.40448,-0.07231,-0.07188,0.11553,0.10111,0.39015,0.044698,-0.16354,0.10059,0.11386,-0.054203,-0.058497,-0.15963,-0.20397,-0.17531,-0.22377,-0.21347,-0.38772,-0.062121,0.048435,-0.057199,-0.28057,-0.45852,0.0016782,-0.29205,-0.2384,-0.26833,-0.43998
-0.33719,-0.23581,0.0076012,0.069934,-0.16173,-0.059188,-0.37786,-0.309,-0.16607,-0.10084,-0.39328,-0.14855,-0.18047,-0.24585,-0.47841,-0.43189,-0.26726,0.10389,0,0.45993,-0.21582,-0.034657,-0.20516,-0.019955,-0.1306,0.04481,-0.46725,-0.25772,-0.35906,-0.25742,-0.074038,-0.041757,-0.35882,-0.30184,-0.37149,-0.44825,-0.47768,-0.16852,-0.33367,-0.09034,-0.41358,-0.023974,-0.44939,-0.50254,-0.17115,-0.24213,-0.46948,-0.42117,-0.26211,-0.050162,0.019461,-0.43392,-0.33001,-0.12187,-0.3472,-0.51063,-0.38692,-0.25327,-0.33086,-0.3849,-0.16789,-0.61449,-0.44795,-0.50914,-0.46692,-0.55978,-0.45339,-0.38726,-0.32545,-0.54166,-0.27195,-0.32746,-0.28192,-0.26144,-0.1007,-0.16623,-0.16345,-0.072247,-0.13833,-0.12105,0.068904,0.067508,-0.069412,0.4383,0.24255,0.52296,0.24791,-0.26092,-0.31933,-0.28923,-0.2156,-0.030292,0.028769,-0.28559,-0.38472,-0.19616,-0.055613,0.11347,-0.10419,-0.50362,-0.392,-0.30941,-0.35125,-0.40335,-0.22652
-0.14699,-0.54896,0.13229,-0.031237,-0.21956,-0.40462,-0.31443,-0.63859,-0.1376,-0.40379,-0.33375,-0.37763,-0.03637,-0.072557,-0.33401,-0.33335,-0.027041,0.21528,0.45993,0,0.016105,-0.023636,-0.12057,0.03106,-0.17552,-0.19289,-0.35904,-0.18289,-0.44094,-0.26341,-0.29761,-0.23149,-0.25799,-0.25782,-0.19208,-0.50523,-0.34803,-0.45717,-0.29619,-0.32604,-0.28162,-0.10391,-0.35324,-0.44829,-0.19386,-0.16088,-0.44128,-0.33892,-0.16964,0.15661,0.20963,-0.28714,-0.46022,-0.45159,-0.41995,-0.24315,-0.19169,-0.36558,-0.26811,-0.28269,-0.34513,-0.33314,-0.23232,-0.26574,-0.46646,-0.39492,-0.33009,-0.28282,-0.35786,-0.38562,-0.30838,-0.28655,-0.292,-0.32628,-0.14053,-0.062361,-0.1774,0.070089,0.048012,0.10573,0.077831,-0.051424,-0.10014,0.22652,0.19819,0.5282,0.37498,-0.3778,-0.27588,-0.36029,-0.13851,-0.12707,-0.16497,-0.26716,-0.47555,0.078198,-0.0030884,0.1057,0.072183,-0.39895,-0.47083,-0.1526,-0.46211,-0.29293,-0.28414
0.14216,-0.52099,-0.18146,-0.52156,-0.080341,-0.44341,-0.073904,-0.43368,-0.052383,-0.66281,-0.03704,-0.58413,0.23508,0.074023,0.091482,0.18139,-0.2521,0.023184,-0.21582,0.016105,0,0.28067,0.30367,0.1179,0.081498,-0.2032,0.18617,0.13603,-0.080369,-0.24977,-0.14108,-0.42095,0.18779,-0.062199,0.30585,-0.0049217,-0.044373,-0.73775,-0.11163,-0.31667,0.1464,-0.038838,0.052665,-0.065104,0.091405,0.28081,-0.17595,-0.10289,-0.183,-0.082837,-0.074446,-0.092025,-0.28519,-0.50312,-0.17987,0.16858,0.084191,-0.12659,0.14656,-0.20686,-0.24796,0.20955,-0.039564,-0.062058,0.012812,-0.15974,-0.21923,0.27457,-0.18731,0.15428,0.20875,0.056466,0.011825,-0.19181,0.0060429,-0.21997,-0.28,-0.12972,-0.13353,0.06234,-0.2676,-0.51358,-0.15533,-0.35088,-0.19663,-0.22818,-0.21206,-0.17345,-0.025836,-0.12324,0.27579,-0.33553,-0.47154,-0.34843,-0.42732,-0.062107,-0.20076,-0.18439,-0.17465,0.076463,-0.058264,-0.16004,-0.21345,-0.44198,-0.53798
-0.067198,-0.20717,-0.40794,-0.50589,-0.0017064,-0.11185,-0.24834,-0.25199,-0.47086,-0.47412,-0.48646,-0.51012,-0.17455,-0.23938,-0.15415,0.003998,-0.37861,-0.016239,-0.034657,-0.023636,0.28067,0,0.032005,0.23282,-0.17995,-0.3133,-0.052376,-0.066457,-0.26742,-0.29659,-0.31106,-0.38332,-0.11815,-0.14209,-0.19902,-0.15858,-0.22882,-0.53363,-0.30975,0.027302,-0.067085,0.39324,-0.29716,-0.14669,-0.11746,-0.10895,-0.29533,-0.1838,-0.1492,-0.12733,-0.15183,-0.19033,-0.1428,-0.074954,-0.19087,0.031209,-0.12465,-0.21238,-0.15503,-0.5115,-0.3117,-0.049344,-0.080348,-0.4057,-0.064582,-0.26681,-0.26995,-0.094239,-0.28746,-0.15286,-0.1826,-0.35571,-0.28246,-0.44963,-0.21805,-0.30664,-0.54464,-0.21728,-0.30457,-0.12036,-0.2883,-0.14159,-0.2797,-0.094952,0.025991,-0.095638,-0.14525,-0.22263,-0.089141,-0.27045,-0.036701,-0.35806,-0.25197,-0.48806,-0.3267,-0.35505,-0.40948,-0.051565,-0.15414,-0.11431,0.034861,-0.43961,-0.087202,-0.36505,-0.09574
0.24279,-0.24583,-0.42286,-0.53795,0.080567,-0.35055,0.4823,-0.037421,0.21106,-0.23712,0.1589,-0.12724,0.083232,-0.077161,0.12027,-0.06045,-0.17769,-0.03625,-0.20516,-0.12057,0.30367,0.032005,0,0.25148,0.014723,-0.069708,0.4137,-0.091172,0.11707,0.061881,-0.070117,-0.043499,-0.11119,-0.30175,0.16849,0.11771,-0.095159,-0.3194,0.52865,0.026188,0.59879,-0.073029,0.26935,0.045219,0.086892,0.21369,-0.00064166,-0.043506,-0.1047,-0.12468,-0.26082,-0.46339,-0.078487,-0.37151,-0.098844,-0.11391,-0.076449,0.13421,0.17407,-0.086906,-0.20866,0.050423,-0.29704,-0.051417,-0.065752,0.022416,0.00066986,-0.12423,-0.17101,0.074665,0.19798,0.19683,0.33477,0.023121,0.24753,-0.31893,-0.2075,-0.41013,-0.36828,-0.068079,-0.34738,-0.41728,0.0058102,-0.37793,-0.36881,-0.39102,-0.38074,0.060372,0.060831,0.14148,0.40746,-0.34449,-0.47503,0.015527,-0.1764,-0.33942,-0.47403,-0.48342,-0.25511,-0.018813,-0.10994,-0.08967,-0.24806,-0.52113,-0.45317
-0.22425,-0.17807,-0.30082,-0.2473,0.084487,0.05366,0.071393,-0.077359,-0.20296,-0.084776,-0.30535,-0.010471,-0.21753,-0.22726,-0.34729,-0.085609,-0.016859,0.12079,-0.019955,0.03106,0.1179,0.23282,0.25148,0,-0.3786,0.09548,-0.19095,-0.14408,0.11721,0.14167,-0.29085,-0.048103,-0.16066,-0.14967,0.027648,0.066154,-0.25647,-0.27852,-0.048336,0.032386,0.015654,0.2014,-0.10301,-0.081103,-0.31156,-0.29669,-0.029453,0.017445,-0.21608,0.12714,0.12403,-0.32026,-0.17198,-0.24804,-0.40723,-0.13081,-0.25812,-0.071577,-0.087752,-0.17488,-0.024891,-0.17685,-0.27679,-0.20465,-0.20135,0.0021436,0.064462,-0.38163,-0.48643,-0.23108,-0.22814,-0.23937,-0.16513,-0.25763,-0.15306,-0.1559,-0.2264,-0.17668,-0.10784,-0.17427,-0.074214,-0.081314,0.075546,0.014004,-0.12915,-0.095495,-0.036835,-0.014384,0.11231,-0.16041,-0.064124,-0.028332,0.011825,0.068418,0.068791,-0.079375,-0.15679,-0.031618,-0.14594,-0.35407,-0.0012269,-0.46493,-0.08161,-0.23285,-0.090262
0.049246,-0.26044,0.061599,-0.24695,-0.077034,-0.42351,-0.19577,-0.2524,0.18499,-0.37807,0.099788,-0.35812,0.39181,0.047955,0.14643,0.0090255,-0.33882,-0.16039,-0.1306,-0.17552,0.081498,-0.17995,0.014723,-0.3786,0,-0.096231,0.030271,-0.07102,0.021154,-0.51412,0.152,-0.362,0.07671,-0.29942,0.062128,-0.19496,0.049542,-0.27262,-0.036116,-0.28839,-0.031462,-0.32309,0.15257,-0.12078,0.54435,0.52708,-0.054153,-0.15535,-0.28758,-0.13699,-0.17998,-0.31837,-0.0045621,-0.20003,0.24157,-0.1353,0.18877,0.21292,0.28077,-0.20612,-0.2775,-0.0018263,-0.28613,-0.25183,-0.13172,-0.29507,-0.28051,0.25282,-0.082316,0.069884,0.22919,0.12758,0.12445,0.14874,0.17634,0.02506,0.10616,-0.2649,-0.20514,0.19955,-0.041235,-0.44785,-0.20488,-0.32841,-0.33473,-0.2226,-0.20572,0.099859,-0.10316,0.30287,0.28113,-0.22588,-0.52459,-0.27748,-0.50513,-0.31548,-0.25618,-0.31938,-0.13578,0.042709,-0.15399,-0.090622,-0.32672,-0.30972,-0.81021
-0.43879,0.12687,-0.047405,0.20078,-0.18255,0.24545,-0.20026,0.077951,0.13979,0.41306,0.02781,0.37922,-0.14632,-0.17473,-0.33375,-0.036546,-0.18407,-0.056572,0.04481,-0.19289,-0.2032,-0.3133,-0.069708,0.09548,-0.096231,0,-0.29167,-0.033761,0.30728,0.11929,0.24248,0.23502,-0.15333,-0.21422,0.092801,0.13782,-0.28968,0.17338,-0.13695,-0.11464,-0.37043,-0.28193,-0.032302,-0.14018,-0.071323,-0.17227,0.0015583,-0.017156,-0.44104,-0.025892,0.0071852,-0.4082,-0.1285,0.0021929,-0.10875,-0.52585,-0.41455,0.094599,-0.062918,0.076555,0.35808,-0.4128,-0.37672,-0.15755,-0.14952,-0.18079,-0.095769,-0.23168,-0.15118,-0.13881,0.034212,0.059357,0.023868,0.056804,-0.061698,0.049083,0.2992,-0.2412,-0.093456,-0.20515,-0.015231,-0.053173,0.21524,-0.046637,-0.22652,-0.13474,-0.084995,0.087456,-0.084593,-0.0036807,-0.21567,0.38853,0.19986,0.025927,0.10959,-0.037364,0.095508,-0.021393,-0.27634,-0.45821,-0.059209,-0.43077,-0.12293,-0.25249,-0.30625
0.29487,-0.12671,-0.53366,-0.8333,-0.033874,-0.36228,0.23477,-0.012685,0.11959,-0.31498,0.36972,-0.26152,0.094338,-0.01021,0.45679,0.061486,-0.31881,-0.30919,-0.46725,-0.35904,0.18617,-0.052376,0.4137,-0.19095,0.030271,-0.29167,0,-0.12891,-0.10142,-0.043746,-0.072775,-0.089741,-0.024637,-0.23909,0.062967,0.14965,0.14612,-0.17782,0.3949,0.032118,0.38602,-0.11965,0.2938,0.25758,0.15107,0.29326,0.053124,0.015689,-0.013545,-0.45119,-0.53749,-0.19673,-0.016528,-0.21012,0.033923,0.097765,0.03967,0.07977,0.20578,-0.028698,-0.22833,0.17838,-0.052574,0.020738,0.26118,0.11714,0.021069,0.092709,0.047088,0.2901,0.43342,0.27299,0.42712,0.1322,0.16379,-0.52178,-0.39822,-0.53194,-0.64436,-0.12389,-0.69417,-0.61071,-0.22915,-0.88189,-0.61687,-0.68652,-0.76394,0.021344,0.035404,0.12414,0.2323,-0.63024,-0.72323,-0.15248,-0.18297,-0.41049,-0.70357,-0.82139,-0.36007,0.25623,0.00092371,0.12272,-0.21591,-0.46435,-0.45027
-0.10655,-0.28865,-0.17864,-0.17501,-0.23846,-0.28917,-0.40423,-0.41812,-0.079714,-0.26486,-0.26144,-0.34777,-0.19674,-0.22065,-0.17703,0.17104,-0.21497,0.061247,-0.25772,-0.18289,0.13603,-0.066457,-0.091172,-0.14408,-0.07102,-0.033761,-0.12891,0,-0.25087,-0.11473,-0.080461,-0.48091,-0.042765,-0.12754,0.027507,-0.21463,-0.25978,-0.52684,-0.42872,-0.39751,-0.27755,-0.2936,-0.29334,-0.29111,-0.12326,-0.10246,-0.28066,-0.34021,-0.21597,0.10548,0.047335,-0.26962,-0.27233,-0.22819,-0.074397,-0.22672,-0.26477,-0.32807,-0.22429,-0.13678,-0.12741,-0.13418,-0.059886,-0.056861,-0.28459,-0.37541,-0.36107,0.05617,0.11468,-0.16229,-0.094676,-0.1062,-0.3437,-0.45654,-0.35191,-0.13455,-0.046912,-0.13194,-0.028155,0.072916,-0.1125,-0.14217,0.14927,-0.19794,-0.075666,-0.0698,0.051474,-0.38282,-0.44661,-0.39242,-0.31312,-0.042787,-0.090248,-0.38237,-0.28353,0.04749,0.037343,0.13847,-0.11263,-0.21974,-0.14073,-0.15007,-0.084346,-0.233,-0.1924
-0.25986,0.0019038,-0.19212,-0.1211,-0.027027,0.042039,0.14887,0.22178,0.09517,0.15136,0.13943,0.25692,-0.007714,-0.11733,-0.159,-0.042526,-0.090925,-0.23734,-0.35906,-0.44094,-0.080369,-0.26742,0.11707,0.11721,0.021154,0.30728,-0.10142,-0.25087,0,-0.012474,0.0032153,0.075906,-0.0040051,-0.14751,0.20469,0.28258,-0.12215,0.05392,0.14483,-0.043576,0.033669,-0.21003,0.28717,0.04921,-0.013108,-0.035404,0.24002,0.18493,-0.4783,-0.029171,-0.11436,-0.25926,-0.049161,-0.17909,-0.053871,-0.23932,-0.09702,0.35235,0.15819,-0.036857,0.047546,-0.085171,-0.38768,-0.086483,-0.078212,0.085094,0.14182,-0.14407,-0.24246,0.05495,0.019489,0.055916,0.15831,0.18088,0.039395,0.033,0.21532,-0.23628,-0.088478,-0.18514,-0.020702,-0.32254,-0.02243,-0.24384,-0.46118,-0.44499,-0.31554,0.33614,0.1186,0.30332,0.075215,0.15298,-0.064116,0.25298,0.18997,-0.17831,-0.14319,-0.26852,-0.28636,-0.19583,-0.0026654,-0.47085,-0.12861,-0.13973,-0.34638
-0.25981,0.077852,-0.37346,-0.21074,-0.073777,0.14921,0.16463,0.20539,-0.14911,0.25482,-0.063101,0.30648,-0.43923,-0.40898,-0.21148,-0.20515,0.18693,-0.0046467,-0.25742,-0.26341,-0.24977,-0.29659,0.061881,0.14167,-0.51412,0.11929,-0.043746,-0.11473,-0.012474,0,-0.11514,0.22533,-0.31656,-0.32686,-0.12891,0.12518,-0.15511,0.039705,0.10521,0.10724,-0.01222,-0.0015513,-0.0335,0.11929,-0.37147,-0.39119,0.096326,0.0043294,0.0073403,-0.12692,-0.19647,-0.34824,-0.077281,-0.075053,-0.29656,-0.18477,-0.36345,-0.16187,-0.26535,0.016218,0.041334,-0.34835,-0.24085,0.11092,-0.13045,0.072825,0.13816,-0.39017,-0.15757,-0.19932,-0.13149,-0.098461,-0.10521,-0.18356,-0.27505,-0.2826,-0.19862,-0.47414,-0.35701,-0.38116,-0.33248,0.073396,0.39155,-0.26142,-0.36742,-0.3621,-0.2541,-0.055472,0.0094698,-0.24018,-0.35575,-0.16386,-0.048519,0.041101,0.17409,-0.1417,-0.15063,-0.24745,-0.31212,-0.35663,-0.0049288,-0.15487,-0.10664,-0.33136,-0.062974
-0.28301,-0.022056,-0.1597,-0.064525,-0.43511,-0.097511,-0.19511,-0.017191,0.10316,0.066288,0.20013,0.015195,-0.012424,-0.082908,-0.05275,-0.090333,-0.35155,-0.20331,-0.074038,-0.29761,-0.14108,-0.31106,-0.070117,-0.29085,0.152,0.24248,-0.072775,-0.080461,0.0032153,-0.11514,0,0.15267,-0.057933,-0.19192,0.047236,0.067593,-0.20169,0.052877,-0.098097,-0.21437,-0.20568,-0.41331,0.096601,-0.13968,0.34448,0.24867,-0.26185,-0.26799,-0.41833,-0.47997,-0.4381,-0.38308,-0.19221,-0.094855,-0.022994,-0.39815,-0.3269,-0.11178,-0.15338,-0.10035,-0.0030179,-0.25757,-0.23467,-0.076393,-0.011345,-0.43588,-0.43562,-0.041997,-0.01858,0.095311,0.37732,0.27751,0.21814,0.17001,0.20893,-0.097872,0.050529,-0.28454,-0.28494,-0.29925,-0.30665,-0.30838,-0.064822,-0.32917,-0.24846,-0.37343,-0.37631,-0.13548,-0.2808,-0.029178,-0.041708,-0.051587,-0.19175,-0.22404,-0.19462,-0.34421,-0.10444,-0.34308,-0.34766,-0.14278,-0.15237,-0.19618,-0.19,-0.26976,-0.4251
-0.44741,0.13575,-0.3283,-0.036701,-0.36027,0.13895,0.10687,0.29464,0.0083416,0.44592,0.14428,0.45841,-0.32662,-0.26889,-0.30879,-0.40002,-0.14275,-0.30887,-0.041757,-0.23149,-0.42095,-0.38332,-0.043499,-0.048103,-0.362,0.23502,-0.089741,-0.48091,0.075906,0.22533,0.15267,0,-0.37481,-0.26737,-0.2086,0.22503,-0.34489,0.43142,0.13032,0.1651,-0.13065,-0.19894,0.03795,0.051587,-0.20856,-0.25206,-0.10638,-0.093294,-0.3008,-0.4619,-0.43946,-0.37852,-0.27769,-0.13455,-0.32427,-0.4452,-0.43373,-0.098781,-0.27567,-0.057531,-0.021062,-0.38418,-0.2597,-0.058398,-0.076646,-0.070928,-0.064772,-0.37601,-0.049831,-0.019511,0.061458,-0.039176,0.1528,0.063461,0.050226,-0.28412,-0.12709,-0.29916,-0.38607,-0.57434,-0.40586,-0.075455,-0.02396,-0.18225,-0.22966,-0.33179,-0.37622,-0.044387,-0.10325,-0.093308,-0.20009,-0.070152,-0.034607,0.072867,0.11929,-0.26665,-0.23282,-0.34775,-0.23708,-0.28994,-0.25225,-0.25567,-0.19964,-0.32101,-0.11607
-0.20351,-0.47111,-0.18493,-0.37976,-0.092434,-0.23682,-0.18184,-0.39812,-0.20706,-0.49474,-0.058419,-0.44651,0.44576,0.44649,-0.043534,0.24596,-0.19761,-0.24125,-0.35882,-0.25799,0.18779,-0.11815,-0.11119,-0.16066,0.07671,-0.15333,-0.024637,-0.042765,-0.0040051,-0.31656,-0.057933,-0.37481,0,0.53066,0.48343,0.029714,0.17694,-0.18152,-0.20717,-0.51056,-0.11692,-0.2837,0.074961,-0.085298,-0.11851,0.04333,-0.0093287,-0.029255,-0.33953,-0.20298,-0.10569,0.065795,-0.22488,-0.34446,-0.17685,0.14358,0.030927,-0.074383,0.10082,-0.18064,-0.13238,0.35544,0.22177,0.076357,0.1481,-0.030228,-0.087378,0.27055,-0.082696,0.080835,0.15907,-0.032795,-0.070561,-0.042822,-0.14724,-0.25263,-0.16583,0.029312,0.0084262,-0.22093,-0.22961,-0.70218,-0.30109,-0.40249,-0.44104,-0.40981,-0.33421,0.018643,-0.065541,-0.060492,-0.054534,-0.02542,-0.17804,-0.032626,-0.064286,0.13685,0.090375,-0.26126,-0.17189,0.3475,0.16245,0.022098,0.19414,0.048477,-0.4317
-0.3372,-0.40456,-0.30807,-0.20546,-0.29869,-0.1791,-0.26329,-0.38791,-0.34589,-0.38382,-0.22506,-0.31932,0.068333,0.26112,-0.28916,0.022754,-0.27325,-0.42211,-0.30184,-0.25782,-0.062199,-0.14209,-0.30175,-0.14967,-0.29942,-0.21422,-0.23909,-0.12754,-0.14751,-0.32686,-0.19192,-0.26737,0.53066,0,0.20436,-0.057235,-0.12114,-0.12586,-0.35724,-0.45207,-0.25027,-0.28877,-0.14939,-0.2393,-0.41542,-0.2357,-0.26938,-0.21823,-0.34491,-0.25573,-0.11908,0.063665,-0.39334,-0.31941,-0.37554,-0.045678,-0.18533,-0.33782,-0.19788,-0.21387,-0.11894,0.23562,0.29443,-0.03845,0.026301,-0.12086,-0.21651,-0.0385,-0.097046,-0.061,-0.12026,-0.20255,-0.24594,-0.22503,-0.21063,-0.36156,-0.2275,0.35866,0.19121,-0.38951,-0.24102,-0.49709,-0.43263,-0.20558,-0.14096,-0.27424,-0.2414,-0.2541,-0.27657,-0.32419,-0.24937,0.11701,0.089543,-0.017966,0.10137,0.21707,0.18444,-0.078543,-0.0852,0.17544,-0.036885,0.0065717,0.30456,0.18975,-0.028973
0.0090044,-0.31056,-0.091602,-0.2206,-0.15418,-0.31398,-0.0095191,-0.28448,0.16246,-0.32015,0.2426,-0.19609,0.45255,0.41575,0.095572,0.31862,-0.15323,-0.16667,-0.37149,-0.19208,0.30585,-0.19902,0.16849,0.027648,0.062128,0.092801,0.062967,0.027507,0.20469,-0.12891,0.047236,-0.2086,0.48343,0.20436,0,0.18562,0.082584,-0.21687,0.012248,-0.4985,0.015569,-0.41132,0.31458,-0.033987,0.046263,0.22176,0.055831,0.079961,-0.25466,-0.093654,-0.032019,-0.089607,-0.15184,-0.39175,-0.081991,0.0092653,0.018509,0.071288,0.30212,0.16721,0.095762,0.30871,0.042053,0.1565,0.16388,0.061832,-0.015231,0.13129,-0.12499,0.25533,0.27952,0.3456,0.21625,0.15125,0.08936,-0.064222,0.10702,-0.047243,0.073339,-0.064963,-0.20689,-0.61689,-0.12453,-0.48593,-0.44327,-0.44506,-0.33578,0.047955,0.041376,0.099372,0.17916,0.08118,-0.23136,0.045297,-0.010951,0.18789,0.073304,-0.28963,-0.18118,0.14625,0.041341,0.0051121,-0.037054,-0.080863,-0.54186
-0.1952,0.051939,-0.38397,-0.29387,-0.21884,0.13081,0.23875,0.30319,0.044817,0.055225,0.24719,0.12561,-0.048505,-0.029474,-0.12547,-0.075307,-0.3327,-0.45409,-0.44825,-0.50523,-0.0049217,-0.15858,0.11771,0.066154,-0.19496,0.13782,0.14965,-0.21463,0.28258,0.12518,0.067593,0.22503,0.029714,-0.057235,0.18562,0,-0.11064,0.081258,0.099302,0.0070864,0.11308,-0.1478,0.42827,0.5139,-0.08338,-0.03355,0.077464,0.035284,-0.30764,-0.43892,-0.43731,-0.11404,-0.16988,-0.16497,-0.25241,0.055154,-0.051051,0.024263,0.023523,0.00035961,0.056226,0.062199,-0.079608,-0.042688,0.19336,0.10658,0.015484,0.034755,-0.13434,0.42498,0.32425,0.07097,0.20886,0.061225,0.057467,-0.32035,-0.23911,-0.29581,-0.43126,-0.43369,-0.60748,-0.3878,-0.21244,-0.46765,-0.44901,-0.70424,-0.60465,0.045283,0.14802,-0.040848,0.0029403,-0.12587,-0.11861,0.027979,0.12304,-0.17993,-0.28287,-0.37288,-0.26234,0.085806,0.037808,-0.26981,0.053533,-0.26641,-0.19851
0.049725,-0.18815,-0.021485,-0.41815,0.26534,-0.24743,-0.076929,-0.25711,-0.17903,-0.38296,0.034304,-0.36769,0.17101,0.17684,0.4575,0.34842,0.058976,-0.074193,-0.47768,-0.34803,-0.044373,-0.22882,-0.095159,-0.25647,0.049542,-0.28968,0.14612,-0.25978,-0.12215,-0.15511,-0.20169,-0.34489,0.17694,-0.12114,0.082584,-0.11064,0,-0.069743,0.076957,-0.33135,-0.045875,-0.20258,0.01992,0.034389,-0.04376,0.0019955,0.50856,0.4775,0.16247,-0.28893,-0.15531,0.14817,0.34011,-0.12557,0.15817,0.26938,0.10827,0.22398,0.44921,0.1929,0.012121,0.21131,0.10711,0.16489,0.38611,0.41584,0.36944,0.13947,-0.17873,-0.020124,0.089388,0.096785,0.069835,0.20614,-0.19383,-0.054527,-0.16277,-0.48418,-0.265,-0.12441,-0.2434,-0.41057,-0.15983,-0.72333,-0.91235,-0.57999,-0.53949,0.36523,0.4371,0.29751,0.044444,-0.44567,-0.60384,-0.041024,-0.12804,-0.11104,-0.21311,-0.67255,-0.32597,0.21139,0.42883,0.19009,-0.020188,-0.0074249,-0.58426
-0.4861,0.28473,-0.25711,0.0093569,-0.14774,0.30134,-0.088507,0.27556,-0.11252,0.46656,0.04804,0.37954,-0.22928,-0.11846,-0.22547,-0.21249,-0.16396,-0.40226,-0.16852,-0.45717,-0.73775,-0.53363,-0.3194,-0.27852,-0.27262,0.17338,-0.17782,-0.52684,0.05392,0.039705,0.052877,0.43142,-0.18152,-0.12586,-0.21687,0.081258,-0.069743,0,0.015788,0.031159,-0.35313,-0.30762,-0.065971,-0.027838,-0.25118,-0.35671,0.11809,0.079312,-0.28135,-0.42773,-0.37513,-0.18401,0.014272,0.18043,-0.086222,-0.38671,-0.39437,0.09474,-0.15812,0.038873,0.15487,-0.32784,-0.17561,-0.083063,0.054611,0.072825,0.11278,-0.3535,-0.056332,-0.16718,-0.069081,-0.085573,0.052475,0.21063,-0.14728,-0.20261,-0.041165,-0.36184,-0.36006,-0.56795,-0.286,-0.13483,-0.1644,-0.24639,-0.47653,-0.41176,-0.45992,0.19248,-0.042349,0.066295,-0.36818,0.057418,0.065245,0.20733,0.32565,-0.24201,-0.16612,-0.42426,-0.34989,-0.18112,0.022155,-0.17726,0.013411,0.0063743,-0.11488
0.22411,-0.088796,-0.34937,-0.40747,0.1103,-0.30664,0.74362,0.14421,0.22977,-0.079537,0.35518,0.054738,0.053293,-0.041193,0.24112,-0.18898,-0.075349,-0.22308,-0.33367,-0.29619,-0.11163,-0.30975,0.52865,-0.048336,-0.036116,-0.13695,0.3949,-0.42872,0.14483,0.10521,-0.098097,0.13032,-0.20717,-0.35724,0.012248,0.099302,0.076957,0.015788,0,0.060344,0.54358,-0.21959,0.3486,0.1165,0.023572,0.10743,0.19658,0.11749,0.014533,-0.29222,-0.43818,-0.35538,0.11199,-0.24558,0.024461,-0.14156,-0.059378,0.31292,0.21923,0.085305,-0.15691,0.034107,-0.29583,0.030369,0.038295,0.2551,0.22077,-0.21105,-0.15836,0.058821,0.13033,0.26319,0.5353,0.28706,0.25797,-0.26495,-0.13094,-0.53064,-0.43861,-0.20648,-0.39071,-0.38579,-0.09848,-0.49675,-0.59094,-0.58464,-0.60216,0.25293,0.19229,0.37765,0.33593,-0.39226,-0.53471,0.20059,-0.051262,-0.41399,-0.52694,-0.84617,-0.33304,0.032238,-0.08821,0.070836,-0.23498,-0.36802,-0.43674
-0.24363,0.31704,-0.65496,-0.44817,-0.075561,0.21964,0.070124,0.54231,-0.18514,0.18117,-0.15305,0.22569,-0.53026,-0.71813,-0.2688,-0.41797,-0.28745,-0.35496,-0.09034,-0.32604,-0.31667,0.027302,0.026188,0.032386,-0.28839,-0.11464,0.032118,-0.39751,-0.043576,0.10724,-0.21437,0.1651,-0.51056,-0.45207,-0.4985,0.0070864,-0.33135,0.031159,0.060344,0,0.067247,0.44675,-0.040544,0.19412,-0.17636,-0.28533,-0.087971,-0.19336,-0.15226,-0.28425,-0.35078,-0.48024,-0.048124,0.14857,-0.27173,-0.19571,-0.15712,-0.088739,-0.23238,-0.3818,-0.20561,-0.45157,-0.51175,-0.48734,-0.24451,-0.12488,-0.091193,-0.49999,-0.24248,-0.19298,-0.18639,-0.33102,-0.11247,-0.14272,-0.048082,-0.53551,-0.44273,-0.42458,-0.68325,-0.25362,-0.30628,-0.039755,-0.10694,-0.17412,-0.20219,-0.24742,-0.29915,-0.071083,-0.094091,-0.12254,-0.20203,-0.36203,-0.14833,-0.10868,0.063708,-0.67595,-0.7619,-0.27865,-0.21883,-0.31613,-0.19689,-0.38073,-0.33468,-0.42762,0.093499
0.30721,-0.25388,-0.44232,-0.64252,0.003998,-0.40488,0.75885,0.052256,0.054865,-0.3519,0.12731,-0.17838,0.020653,-0.13864,0.13075,-0.24142,-0.16836,-0.28055,-0.41358,-0.28162,0.1464,-0.067085,0.59879,0.015654,-0.031462,-0.37043,0.38602,-0.27755,0.033669,-0.01222,-0.20568,-0.13065,-0.11692,-0.25027,0.015569,0.11308,-0.045875,-0.35313,0.54358,0.067247,0,-0.0090467,0.38235,0.21925,-0.0061063,0.15477,-0.026456,-0.12993,0.031963,-0.28941,-0.4284,-0.29621,-0.066507,-0.41005,-0.17882,0.13017,0.18766,0.0020942,0.10867,-0.18662,-0.37288,0.17984,-0.24714,-0.075328,-0.088154,0.06217,-0.040023,-0.079241,-0.20997,0.16915,0.090601,0.037075,0.18734,-0.036737,0.2138,-0.41798,-0.35776,-0.31805,-0.40958,-0.1561,-0.44901,-0.44473,-0.19556,-0.46991,-0.35719,-0.54123,-0.50163,-0.037992,0.082189,0.060993,0.41179,-0.56144,-0.60319,-0.030419,-0.21545,-0.41384,-0.56789,-0.55585,-0.15552,0.18881,-0.19769,0.029213,-0.24894,-0.43167,-0.30419
-0.2464,-0.00095191,-0.43217,-0.53342,0.041609,0.15943,-0.12235,0.057347,-0.52596,-0.19347,-0.46375,-0.16437,-0.42998,-0.59109,-0.28792,-0.24926,-0.14767,-0.099231,-0.023974,-0.10391,-0.038838,0.39324,-0.073029,0.2014,-0.32309,-0.28193,-0.11965,-0.2936,-0.21003,-0.0015513,-0.41331,-0.19894,-0.2837,-0.28877,-0.41132,-0.1478,-0.20258,-0.30762,-0.21959,0.44675,-0.0090467,0,-0.21755,0.079058,-0.29088,-0.34706,-0.12256,-0.15659,-0.030983,-0.14363,-0.10534,-0.23263,-0.087808,0.022733,-0.40465,0.10732,-0.021534,-0.24919,-0.21792,-0.53356,-0.25325,-0.3247,-0.31594,-0.44872,-0.22149,-0.15257,-0.12455,-0.324,-0.41928,-0.28714,-0.30246,-0.54756,-0.39511,-0.39299,-0.28483,-0.44286,-0.62464,-0.28126,-0.44137,-0.18786,-0.19653,0.0047525,-0.10047,-0.085037,-0.09022,-0.097616,-0.12449,-0.15322,0.010231,-0.29818,-0.223,-0.43893,-0.18524,-0.31094,-0.12296,-0.4056,-0.46588,-0.077486,-0.13637,-0.25949,-0.047074,-0.40696,-0.26615,-0.38354,0.032696
0.048491,-0.066951,-0.24929,-0.38557,-0.23208,-0.23538,0.3204,0.16026,0.34197,-0.14975,0.59272,0.044641,0.23034,0.051481,0.1114,-0.1178,-0.24913,-0.4987,-0.44939,-0.35324,0.052665,-0.29716,0.26935,-0.10301,0.15257,-0.032302,0.2938,-0.29334,0.28717,-0.0335,0.096601,0.03795,0.074961,-0.14939,0.31458,0.42827,0.01992,-0.065971,0.3486,-0.040544,0.38235,-0.21755,0,0.48931,0.23126,0.34744,0.092716,-0.034036,-0.23197,-0.31699,-0.34028,-0.27674,-0.089212,-0.28655,-0.12135,0.098956,0.28296,0.12378,0.25813,0.01308,-0.12449,0.14358,-0.21441,-0.081977,0.0511,0.052249,-0.032182,0.020836,-0.20114,0.53473,0.39823,0.28277,0.44303,0.34006,0.43901,-0.23308,-0.073008,-0.22025,-0.32274,-0.072775,-0.38302,-0.60453,-0.24714,-0.63126,-0.53108,-0.64234,-0.52146,0.077006,0.10968,0.20159,0.30618,-0.22675,-0.41369,0.064786,-0.018516,-0.22779,-0.37711,-0.53776,-0.13445,0.15924,-0.16064,-0.014638,-0.26384,-0.2544,-0.41803
