,,,,,,,,,,,,,,,,,,,,,,,,,,,,,,,,,,,,,,,,,,,,,,,,,,,,,,,,,,,,,,,,,,,,,,,,,,,,,,,,,,,,,,,,,,,,,,,,,,,,,,,,
0,-0.026318,-0.34012,-0.26469,0.058349,-0.38147,0.18397,-0.034223,0.12848,-0.32095,0.24418,-0.28566,-0.13026,-0.34712,0.63976,-0.085208,-0.35165,-0.13573,-0.26344,-0.17076,0.040596,-0.21039,0.43645,-0.066817,0.12725,-0.059145,0.15013,-0.099133,0.041692,-0.15247,-0.14335,-0.11113,-0.26782,-0.39767,0.089104,-0.029419,0.20026,-0.079953,0.45987,-0.072627,0.24412,-0.31639,0.099621,-0.14733,-0.010945,0.12254,0.19007,0.19449,0.26255,-0.22644,-0.31003,-0.089802,0.27356,-0.20227,0.087941,0.10551,0.030432,0.27199,0.57235,0.12737,0.021792,-0.01078,-0.50352,-0.039245,0.055572,0.2404,0.22537,-0.13829,-0.26757,0.086694,0.053275,0.20107,0.31951,0.085711,0.14478,-0.11078,-0.0027775,-0.63654,-0.57333,0.094449,-0.31032,-0.48903,-0.17237,-0.64583,-0.36449,-0.54308,-0.59152,0.15473,0.11451,0.23824,0.40072,-0.76292,-0.80916,-0.27327,-0.54087,-0.49277,-0.35448,-0.30394,-0.3705,0.19125,-0.11323,-0.12648,-0.18655,-0.42484,-0.50134
-0.026318,0,-0.49119,0.15444,-0.43355,0.24293,-0.41585,0.27076,0.26442,0.21299,0.069729,0.14298,-0.64511,-0.63905,-0.086507,-0.2003,-0.73943,-0.34193,0.10847,-0.40583,-0.7352,0.039785,-0.0538,0.094892,0.19851,0.39315,-0.58922,-0.23768,0.098225,-0.27687,0.18538,0.15162,-0.45967,-0.5202,-0.066727,0.26028,-0.22268,0.078475,-0.26005,0.37445,-0.30951,0.05037,-0.16287,0.091063,0.023451,0.063717,-0.13407,-0.20377,0.018962,-0.60088,-0.74095,-0.30376,-0.12865,0.24897,-0.3271,-0.32902,0.024209,0.14441,0.17614,0.21572,0.37575,-0.58228,-0.56696,-0.55922,-0.21063,-0.11436,-0.22033,-0.79017,-0.85252,-0.045881,0.0046091,0.057463,-0.0012987,0.015028,0.0020793,-0.041947,-0.072529,-0.51939,-0.68584,-0.15155,-0.21339,-0.23105,-0.23981,-0.13311,0.23005,-0.17905,-0.23997,-0.063033,-0.052359,0.036212,0.0027399,-0.29774,-0.13447,-0.5002,-0.30166,-1,-0.55213,0.065548,-0.18928,-0.26662,-0.11236,-0.27749,-0.12387,-0.38683,-0.10174
-0.34012,-0.49119,0,0.24784,0.093586,-0.29166,-0.40037,-0.56013,-0.3442,-0.30909,-0.46748,-0.3233,0.01168,-0.048478,-0.1426,0.055257,0.21937,0.11716,-0.030222,-0.025815,-0.023781,-0.21846,-0.30571,-0.077694,-0.19467,-0.17168,-0.25026,-0.39375,-0.40708,-0.27371,-0.24321,-0.4873,-0.1949,-0.43864,-0.51089,-0.75865,-0.19898,-0.55684,-0.22956,-0.36302,-0.19925,-0.23079,-0.57457,-0.77298,-0.19904,-0.28603,-0.2355,-0.095117,-0.37658,0.17291,0.25414,-0.088151,-0.0028225,-0.11591,0.25147,-0.51917,-0.51778,-0.37506,-0.3329,-0.09628,-0.047885,-0.3572,-0.21272,-0.19007,-0.53925,-0.5096,-0.26989,-0.12742,-0.0016665,-0.57043,-0.47325,-0.21818,-0.30421,-0.12866,-0.35727,0.37589,0.18925,0.14504,0.30997,-0.088248,0.29123,0.13021,0.13779,0.19559,-0.066899,0.20282,0.19079,-0.2631,-0.35731,-0.17197,-0.17181,0.0044665,-0.098075,-0.009616,-0.15899,0.20239,0.32029,-0.17358,-0.051308,-0.55348,-0.014623,-0.22873,-0.24248,-0.047953,-0.38617
-0.26469,0.15444,0.24784,0,-0.24688,0.032879,-0.71249,-0.27838,0.019652,-0.025297,-0.22689,-0.069707,-0.41122,-0.3503,-0.2579,-0.061344,-0.2664,-0.17059,0.26659,-0.18562,-0.51652,-0.12231,-0.26475,0.22157,0.04462,0.41819,-0.68573,-0.43539,-0.22054,-0.2732,0.063139,-0.077168,-0.3149,-0.50741,-0.48031,-0.28627,-0.36897,-0.15477,-0.38758,0.026724,-0.35272,-0.087055,-0.51204,-0.37497,-0.17617,-0.15622,-0.37581,-0.31319,-0.23297,-0.21611,-0.24466,-0.059746,-0.14089,0.12321,-0.085779,-0.73521,-0.43487,-0.37527,-0.22015,0.19031,0.41432,-0.70028,-0.34567,-0.62455,-0.58092,-0.54548,-0.40342,-0.67335,-0.36939,-0.32492,-0.20037,-0.0099163,-0.18651,-0.066652,-0.26338,0.44679,0.14198,-0.054694,-0.14575,-0.19251,0.10223,0.035942,0.078572,0.3205,0.55618,0.24429,0.17445,-0.43476,-0.43022,-0.2173,-0.20282,-0.066509,0.088203,-0.30865,-0.2288,-0.27169,0.032511,0.14522,0.12224,-0.66101,0.021424,-0.27778,-0.086319,-0.17252,-0.13401
0.058349,-0.43355,0.093586,-0.24688,0,-0.023398,0.064632,-0.0043238,-0.34206,-0.32503,-0.30888,-0.15727,0.10611,-0.16959,0.22563,0.069437,0.17339,0.25713,-0.1522,0.24908,0.26472,-0.11183,0.040123,-0.084142,-0.19179,-0.25486,0.19116,-0.14816,-0.29392,-0.26383,-0.66658,-0.5257,-0.27362,-0.38955,-0.48656,-0.63097,-0.023631,-0.21983,0.11385,0.034178,0.3456,0.12583,-0.3,-0.39297,-0.40495,-0.42664,0.073573,0.16497,-0.20245,0.34902,0.35613,-0.37833,0.14019,-0.09526,0.078505,0.032722,-0.062508,-0.050625,0.0087227,-0.19991,-0.17779,-0.22436,-0.44989,0.17136,-0.37009,-0.036332,0.056885,0.22642,-0.078565,-0.66108,-0.5811,-0.40167,-0.32538,-0.36042,-0.38103,-0.1221,0.079976,-0.18751,-0.0044289,-0.015591,0.16665,-0.19166,-0.21509,-0.13354,-0.32908,0.011808,-0.013362,0.071959,0.07015,-0.075292,0.0018692,-0.60212,-0.44663,-0.11568,-0.17105,0.022392,0.064467,-0.26986,-0.19688,-0.13531,-0.20004,0.039628,-0.32448,-0.55314,-0.48389
-0.38147,0.24293,-0.29166,0.032879,-0.023398,0,-0.4235,0.43849,-0.11608,0.2552,-0.26637,0.31165,-0.29175,-0.32414,-0.27385,-0.093856,-0.42783,-0.19564,0.20035,-0.14821,-0.40046,0.27193,-0.25136,0.11891,-0.089502,0.14438,-0.48376,-0.17148,-0.17897,-0.31803,-0.21498,-0.16454,-0.22987,-0.31944,-0.42151,-0.13319,-0.45008,-0.002845,-0.45045,0.55841,-0.14361,0.6598,-0.31987,0.021792,-0.2732,-0.32189,-0.27393,-0.37483,-0.31799,-0.133,-0.17278,-0.44312,-0.30238,0.34381,-0.38968,-0.27305,0.058394,-0.12078,-0.1903,-0.196,0.15032,-0.78393,-0.47459,-0.43361,-0.462,-0.34112,-0.45923,-0.40193,-0.6181,-0.51753,-0.35179,-0.34884,-0.42765,-0.28166,-0.32595,-0.25411,-0.16665,-0.13657,-0.2433,-0.26929,0.062643,-0.14312,-0.41819,0.23914,0.24707,0.26225,0.064745,-0.16796,-0.11989,-0.2193,-0.26395,-0.1981,0.11448,-0.41392,-0.025943,-0.42393,-0.24254,0.11108,-0.12116,-0.46679,-0.27636,-0.099613,-0.23134,-0.56222,-0.19067
0.18397,-0.41585,-0.40037,-0.71249,0.064632,-0.4235,0,0.036017,-0.060436,-0.21159,0.2693,-0.097076,0.034065,-0.045423,0.10906,-0.27477,0.041152,-0.042991,-0.43682,-0.16199,0.055219,-0.37997,0.33668,-0.11078,-0.2661,-0.37659,0.4278,-0.32246,0.10508,0.14895,-0.37912,-0.016612,-0.236,-0.27261,0.051271,-0.015576,0.03613,-0.15674,0.55836,-0.21662,0.51041,-0.24317,0.37871,0.080922,-0.21847,-0.1249,0.28763,0.32815,0.0644,-0.26523,-0.28277,-0.18506,-0.1119,-0.75121,-0.30443,0.23235,0.0042037,0.12794,0.04561,-0.21987,-0.43066,0.16096,-0.19662,0.10283,0.056653,0.36386,0.36581,0.043283,-0.048328,-0.021079,0.0059002,-0.11994,0.058852,-0.12135,-0.074308,-0.47992,-0.35749,-0.54137,-0.36866,-0.27283,-0.4604,-0.28976,-0.076981,-0.6077,-0.7364,-0.66358,-0.64015,0.19255,0.32639,0.020035,0.12512,-0.57829,-0.77256,0.027392,-0.24367,-0.22913,-0.38921,-0.75056,-0.31758,0.058702,-0.29261,-0.22747,-0.4783,-0.44035,-0.42561
-0.034223,0.27076,-0.56013,-0.27838,-0.0043238,0.43849,0.036017,0,0.071358,0.29528,0.099456,0.50427,-0.25259,-0.35659,0.032932,-0.23457,-0.39554,-0.19517,-0.096873,-0.29202,-0.40256,0.045836,-0.0090831,0.02848,-0.02833,0.0030927,-0.13013,-0.16021,0.05344,-0.14359,-0.21175,0.012649,-0.31853,-0.37594,-0.08445,0.066149,-0.16274,0.094111,-0.094111,0.45787,0.1192,0.3436,0.10186,0.32917,-0.1381,-0.097211,0.022925,-0.02481,-0.11375,-0.29603,-0.32655,-0.45065,-0.12563,0.058154,-0.39012,0.072717,0.37479,0.22028,0.13019,-0.11694,-0.0059152,-0.50963,-0.61308,-0.23416,-0.23234,0.068476,-0.10284,-0.25553,-0.49396,-0.272,-0.13823,-0.20606,-0.18794,-0.18874,-0.1283,-0.3074,-0.11055,-0.51353,-0.4132,-0.18551,-0.082491,-0.21106,-0.36223,-0.22538,-0.099546,-0.18609,-0.28615,0.11737,0.22883,-0.000563,0.052532,-0.5431,-0.37007,-0.40565,-0.13906,-0.66162,-0.54084,-0.12121,-0.14946,-0.16164,-0.4499,-0.28025,-0.52767,-0.63741,-0.25974
0.12848,0.26442,-0.3442,0.019652,-0.34206,-0.11608,-0.060436,0.071358,0,0.17771,0.86083,0.11725,-0.22109,-0.25199,0.014931,-0.20313,-0.46122,-0.18444,0.093616,-0.32351,-0.50875,-0.27143,0.29866,0.24039,0.32982,0.34746,-0.22341,-0.31437,0.16148,-0.12259,0.31693,0.27971,-0.2835,-0.5212,0.081049,0.34852,-0.11039,0.067034,0.02812,0.10223,-0.074856,-0.23209,0.23714,0.12463,0.13041,0.31725,-0.061998,-0.0083174,-0.10701,-0.72716,-0.67949,-0.17429,-0.22072,-0.25247,-0.48492,-0.18029,-0.048486,0.10498,0.33389,0.48269,0.29767,-0.39856,-0.60896,-0.42296,-0.27164,-0.034486,-0.03137,-0.60233,-0.65442,-0.018054,0.29356,0.21897,0.24731,0.3423,0.21174,-0.0051946,-0.17739,-0.58742,-0.7708,-0.051286,-0.29624,-0.32135,0.011057,-0.28347,-0.12489,-0.30373,-0.40327,-0.036505,0.035311,0.051984,0.24271,-0.35186,-0.31349,-0.052517,-0.24445,-0.74242,-0.59255,-0.35909,-0.127,-0.2147,-0.31588,-0.48105,-0.35618,-0.21784,-0.26644
-0.32095,0.21299,-0.30909,-0.025297,-0.32503,0.2552,-0.21159,0.29528,0.17771,0,0.081147,0.79064,-0.45381,-0.41035,-0.25944,-0.2286,-0.24962,-0.080044,0.17954,-0.31681,-0.63563,-0.019104,-0.11746,0.22883,0.018992,0.25309,-0.47045,-0.30685,0.21055,0.16416,0.11651,0.31333,-0.42735,-0.45235,-0.31141,0.049987,-0.31664,0.19936,-0.25444,0.19252,-0.21198,0.087235,-0.029396,0.17258,-0.15054,-0.18488,-0.15109,-0.1099,-0.11562,-0.50084,-0.36572,-0.35513,-0.11784,0.036505,-0.39754,-0.28958,-0.093953,-0.10467,-0.14118,-0.037819,0.077641,-0.62732,-0.44225,-0.40854,-0.39231,-0.26056,-0.33409,-0.58449,-0.5281,-0.24962,-0.0048568,-0.23039,-0.2484,-0.093518,-0.22765,-0.14184,-0.15932,-0.39725,-0.3094,-0.42744,-0.070743,0.13501,0.055797,0.028968,0.10852,-0.076906,-0.15234,-0.076313,0.0075817,-0.13857,-0.25084,-0.1266,-0.1806,-0.25364,-0.060414,-0.67461,-0.32353,-0.2473,-0.073625,-0.47455,-0.36145,-0.56319,-0.50122,-0.28561,-0.19603
0.24418,0.069729,-0.46748,-0.22689,-0.30888,-0.26637,0.2693,0.099456,0.86083,0.081147,0,0.089585,-0.12244,-0.1721,0.058747,-0.33507,-0.39196,-0.19154,-0.068678,-0.31647,-0.36226,-0.4011,0.39938,0.11459,0.12571,0.12327,-0.024404,-0.34402,0.22429,0.042705,0.19337,0.34994,-0.24221,-0.43357,0.22953,0.36739,-0.052186,0.047037,0.26069,-0.044762,0.080306,-0.31092,0.51597,0.19487,0.11506,0.32429,0.010412,0.063619,-0.0053447,-0.67693,-0.70537,-0.10343,-0.20624,-0.45896,-0.50476,-0.051406,-0.046526,0.14355,0.28049,0.22407,0.052186,-0.22481,-0.49868,-0.3062,-0.084848,0.086845,0.078294,-0.44819,-0.4574,0.10213,0.44138,0.28477,0.39329,0.3378,0.27625,-0.20088,-0.28413,-0.71725,-0.80921,-0.1453,-0.45267,-0.40521,-0.010021,-0.45571,-0.32586,-0.50659,-0.63016,0.0064182,0.11539,0.052449,0.26337,-0.44825,-0.49719,-0.041684,-0.31126,-0.66941,-0.62918,-0.519,-0.2564,-0.11443,-0.32655,-0.45905,-0.45053,-0.31679,-0.34257
-0.28566,0.14298,-0.3233,-0.069707,-0.15727,0.31165,-0.097076,0.50427,0.11725,0.79064,0.089585,0,-0.44522,-0.43096,-0.20513,-0.37765,-0.18949,-0.15118,0.052179,-0.2715,-0.59005,-0.15958,-0.19849,0.11494,-0.15008,0.17085,-0.36399,-0.37504,0.1254,0.1086,-0.12036,0.2081,-0.46959,-0.40586,-0.3335,-0.072942,-0.25438,0.18795,-0.22713,0.22343,-0.099666,0.17205,-0.026566,0.19282,-0.28221,-0.26023,-0.10912,-0.063116,-0.2511,-0.40787,-0.31171,-0.31591,-0.12204,-0.0076042,-0.4673,-0.20403,-0.068776,-0.12894,-0.1324,-0.038382,0.033307,-0.71493,-0.52336,-0.34749,-0.38786,-0.14697,-0.23052,-0.42693,-0.42361,-0.33848,-0.080546,-0.2665,-0.28957,-0.18622,-0.28319,-0.13056,-0.10692,-0.34661,-0.22403,-0.4697,0.03119,0.071223,-0.096843,0.025192,0.086672,-0.021942,-0.075014,-0.10075,0.026821,-0.19836,-0.22444,-0.26388,-0.18667,-0.19691,0.045423,-0.4796,-0.28204,-0.25056,-0.055114,-0.40275,-0.34002,-0.39149,-0.49882,-0.40814,-0.096761
-0.13026,-0.64511,0.01168,-0.41122,0.10611,-0.29175,0.034065,-0.25259,-0.22109,-0.45381,-0.12244,-0.44522,0,0.59066,-0.049499,0.024915,-0.11609,0.026446,-0.22476,-0.053868,0.16428,-0.16826,-0.045896,-0.22563,-0.26467,-0.55922,0.27378,-0.019405,-0.50507,-0.31337,-0.30539,-0.51906,0.45604,-0.027437,-0.036302,-0.33261,-0.20471,-0.56036,0.0076418,-0.30361,0.12934,-0.16315,-0.075134,-0.33447,-0.064512,-0.068701,-0.27127,-0.17594,-0.26899,0.24138,0.1052,-0.12216,-0.30314,-0.3592,-0.12415,0.024584,-0.082401,-0.17518,-0.1456,-0.33569,-0.29447,-0.031025,-0.13268,0.054911,-0.26493,-0.29538,-0.20863,0.13197,0.025755,-0.43845,-0.3047,-0.1865,-0.13743,-0.059911,-0.075074,-0.33038,-0.30394,-0.031746,-0.03679,0.00098337,-0.23343,-0.41805,-0.25346,-0.25204,-0.4736,-0.16314,-0.3807,-0.18884,-0.22638,-0.19635,-0.021221,-0.24546,-0.29886,-0.010742,-0.17086,0.076215,-0.13671,-0.34625,-0.28695,-0.22449,-0.50208,-0.18604,-0.44024,-0.21108,-0.59817
-0.34712,-0.63905,-0.048478,-0.3503,-0.16959,-0.32414,-0.045423,-0.35659,-0.25199,-0.41035,-0.1721,-0.43096,0.59066,0,-0.27414,-0.040971,-0.18485,-0.18701,-0.29407,-0.19249,-0.085328,-0.080374,-0.20079,-0.094164,-0.46456,-0.5754,0.075187,-0.17697,-0.60562,-0.35398,-0.20325,-0.34073,0.52893,0.11064,0.029741,-0.17709,-0.33583,-0.58184,-0.21381,-0.46117,-0.042758,-0.31921,-0.058514,-0.20911,-0.062463,-0.068829,-0.32556,-0.27095,-0.35871,0.009631,-0.063416,0.047239,-0.54067,-0.53366,-0.27337,-0.09583,-0.24476,-0.33954,-0.35758,-0.36401,-0.3108,0.026769,0.21242,-0.17963,-0.13271,-0.31841,-0.22425,-0.050205,0.057276,-0.24305,-0.15284,-0.13026,-0.11256,-0.040303,-0.036693,-0.33082,-0.48621,0.087092,0.0071163,-0.20499,-0.38877,-0.30857,-0.28997,-0.22872,-0.38481,-0.21492,-0.4115,-0.33637,-0.32798,-0.25645,-0.11627,-0.10097,-0.1265,0.012153,-0.072484,0.13148,-0.1874,-0.37137,-0.12146,-0.37262,-0.39722,-0.22178,-0.25543,0.044545,-0.3198
0.63976,-0.086507,-0.1426,-0.2579,0.22563,-0.27385,0.10906,0.032932,0.014931,-0.25944,0.058747,-0.20513,-0.049499,-0.27414,0,0.068033,-0.21977,0.023976,-0.30979,-0.21748,0.057396,-0.062868,0.27035,-0.073648,0.070623,-0.20515,0.099523,-0.063506,-0.10757,-0.22614,-0.20187,-0.26866,-0.3024,-0.54386,-0.010802,-0.18586,0.41968,-0.20234,0.36605,-0.07373,0.2733,-0.16218,-0.0031678,-0.17002,0.042863,0.092467,0.198,0.33538,0.092024,-0.10352,-0.1207,-0.25383,0.43838,-0.10421,0.2432,0.20632,0.12803,0.29717,0.52499,0.18343,0.0038659,-0.12842,-0.5368,0.15379,-0.019577,0.20429,0.1724,-0.033818,-0.33355,-0.15095,-0.1689,0.05684,0.12896,0.065608,0.083039,0.074549,0.13395,-0.55842,-0.32434,0.14957,-0.12267,-0.39442,-0.27179,-0.60064,-0.38598,-0.44442,-0.48441,0.26837,0.3007,0.25409,0.4868,-0.79875,-0.92698,-0.17115,-0.38898,-0.4089,-0.37425,-0.34761,-0.30451,0.080314,-0.12097,-0.086522,-0.26241,-0.30546,-0.55022
-0.085208,-0.2003,0.055257,-0.061344,0.069437,-0.093856,-0.27477,-0.23457,-0.20313,-0.2286,-0.33507,-0.37765,0.024915,-0.040971,0.068033,0,-0.073745,0.024096,-0.14031,-0.21587,-0.042172,0.32472,0.11662,0.088143,0.0045265,-0.21137,-0.098915,-0.025065,-0.30857,-0.46432,-0.25044,-0.58443,-0.079143,-0.33785,-0.37711,-0.37126,-0.21325,-0.45941,-0.096783,0.0071013,0.095079,0.0093833,-0.40659,-0.43956,-0.16796,-0.28239,-0.22715,-0.12013,-0.11124,-0.049446,-0.0075967,-0.38424,0.021904,0.017025,0.10612,-0.1192,-0.09315,-0.17007,-0.11193,0.040176,0.071884,-0.069594,-0.10584,-0.037391,-0.51011,-0.31647,-0.29036,-0.20231,-0.17617,-0.43218,-0.62386,-0.3562,-0.33991,-0.26118,-0.32347,-0.055947,-0.10658,-0.04751,-0.078527,-0.0058627,-0.17953,-0.20898,-0.14602,-0.22646,-0.11842,-0.18042,-0.1797,-0.19702,-0.20558,-0.1553,-0.12701,-0.15673,-0.23212,-0.032376,0.040011,-0.12579,-0.040326,-0.19815,0.0063581,-0.21287,-0.21237,-0.035146,-0.14922,-0.0087753,-0.24697
-0.35165,-0.73943,0.21937,-0.2664,0.17339,-0.42783,0.041152,-0.39554,-0.46122,-0.24962,-0.39196,-0.18949,-0.11609,-0.18485,-0.21977,-0.073745,0,0.30494,-0.33858,0.12231,0.05359,-0.49012,-0.16551,-0.26858,-0.3121,-0.37066,0.083136,-0.26794,-0.15235,0.026866,-0.5629,-0.36993,-0.45228,-0.26729,-0.66566,-0.66688,-0.18511,-0.2135,-0.051098,-0.31635,0.0041437,-0.20903,-0.30132,-0.4281,-0.59108,-0.65908,-0.030004,0.14259,-0.25512,0.031633,0.26367,-0.41824,-0.068964,-0.47113,-0.07578,-0.19937,-0.34578,-0.37551,-0.39896,-0.30004,-0.56333,0.010674,-0.048786,0.2612,-0.46699,-0.12867,-0.0012011,0.20543,0.27468,-0.49711,-0.5834,-0.67084,-0.59147,-0.59198,-0.72589,-0.12884,-0.0093458,-0.066922,0.24645,-0.26707,0.040679,0.24319,0.25051,-0.16269,-0.42675,-0.16586,0.093976,-0.14328,-0.085448,-0.30173,-0.3575,-0.19165,-0.36401,0.086702,-0.0089404,0.2501,0.23012,-0.51435,0.049416,-0.17059,-0.25943,-0.2484,-0.45632,-0.14055,-0.19058
-0.13573,-0.34193,0.11716,-0.17059,0.25713,-0.19564,-0.042991,-0.19517,-0.18444,-0.080044,-0.19154,-0.15118,0.026446,-0.18701,0.023976,0.024096,0.30494,0,0.017536,0.30756,-0.052472,-0.30505,0.077957,-0.045738,-0.075307,-0.17249,-0.055512,-0.090508,-0.10412,-0.033765,-0.2187,-0.21551,-0.42824,-0.52956,-0.5609,-0.40511,-0.18275,-0.062208,0.066134,-0.066629,-0.022452,-0.046496,-0.26105,-0.36331,-0.2815,-0.36482,-0.017693,0.27423,0.025553,0.10852,0.086319,-0.4739,0.059303,-0.20995,-0.073273,-0.20481,-0.24824,-0.11332,-0.029111,-0.15258,-0.27218,-0.15233,-0.31095,0.25325,-0.36464,-0.18423,-0.0057201,-0.019029,-0.15854,-0.58787,-0.4142,-0.40691,-0.31168,-0.24761,-0.39715,-0.12655,-0.0086252,-0.39371,-0.13217,-0.14686,-0.059618,-0.01686,0.19749,-0.14598,-0.36884,-0.15413,-0.15728,0.049116,0.12376,-0.094854,-0.13525,-0.39089,-0.50972,-0.13669,-0.3227,-0.20103,-0.05037,-0.52453,-0.22019,-0.37683,-0.25415,-0.37503,-0.51061,-0.3644,-0.53878
-0.26344,0.10847,-0.030222,0.26659,-0.1522,0.20035,-0.43682,-0.096873,0.093616,0.17954,-0.068678,0.052179,-0.22476,-0.29407,-0.30979,-0.14031,-0.33858,0.017536,0,0.076928,-0.49952,-0.051511,-0.044387,0.25848,-0.0088504,0.32712,-0.46981,-0.52387,-0.24698,-0.09899,0.127,0.096858,-0.27537,-0.58975,-0.36238,-0.20657,-0.30084,-0.067552,-0.1591,0.16668,-0.31516,0.059273,-0.43058,-0.33453,-0.10404,-0.14902,-0.37858,-0.30847,-0.13664,-0.29929,-0.34228,-0.28918,-0.14456,0.18062,-0.32879,-0.49228,-0.42476,-0.20198,-0.14192,0.05862,0.36491,-0.86544,-0.57811,-0.59294,-0.59066,-0.54805,-0.36837,-0.79811,-0.63467,-0.53868,-0.1277,-0.068303,-0.052397,0.013144,-0.077949,-0.0089479,-0.21768,-0.25845,-0.41296,-0.26737,-0.10016,-0.11697,0.050828,0.46889,0.286,0.40948,0.075952,-0.23428,-0.30049,-0.24549,-0.22486,-0.16375,0.052562,-0.18804,-0.23306,-0.43626,-0.11151,-0.018271,-0.25429,-0.70052,-0.20872,-0.22846,-0.20976,-0.42397,-0.28024
-0.17076,-0.40583,-0.025815,-0.18562,0.24908,-0.14821,-0.16199,-0.29202,-0.32351,-0.31681,-0.31647,-0.2715,-0.053868,-0.19249,-0.21748,-0.21587,0.12231,0.30756,0.076928,0,0.0093983,-0.37504,-0.081477,-0.17288,-0.19574,-0.074421,0.087498,-0.17297,-0.35745,-0.24123,-0.30554,-0.26312,-0.39118,-0.22595,-0.47515,-0.46239,-0.29067,0.03122,-0.11357,-0.083084,-0.18984,-0.20232,-0.39366,-0.54031,-0.40438,-0.4502,-0.092017,-0.081913,-0.21348,0.083151,0.15245,-0.46848,-0.16403,-0.16833,-0.16919,-0.37843,-0.44114,-0.20295,-0.16155,-0.30787,-0.2608,-0.20108,-0.32113,-0.022648,-0.31776,-0.16274,0.0018842,0.014938,-0.12358,-0.49692,-0.35632,-0.35455,-0.26302,-0.312,-0.32231,-0.27712,-0.032204,-0.17691,-0.18371,-0.094254,0.021537,-0.082874,-0.047217,-0.044184,-0.29745,0.097444,0.15077,-0.10208,-0.20911,-0.1361,-0.22431,-0.4229,-0.19806,-0.23941,-0.29942,-0.03339,0.21624,-0.3275,-0.3058,-0.16948,-0.23966,-0.061547,-0.2008,-0.48318,-0.34198
0.040596,-0.7352,-0.023781,-0.51652,0.26472,-0.40046,0.055219,-0.40256,-0.50875,-0.63563,-0.36226,-0.59005,0.16428,-0.085328,0.057396,-0.042172,0.05359,-0.052472,-0.49952,0.0093983,0,-0.23678,-0.060504,-0.44144,-0.18676,-0.45963,0.1922,0.089419,-0.19682,-0.22329,-0.51744,-0.669,-0.059746,-0.071141,-0.24273,-0.47169,-0.071373,-0.34147,0.034381,-0.42582,0.12872,-0.26256,-0.12555,-0.41505,-0.25128,-0.28215,-0.0451,-0.13923,-0.21465,0.28898,0.34117,-0.1732,-0.058237,-0.35835,0.18806,-0.0079721,-0.10831,-0.14866,-0.20888,-0.51414,-0.49387,0.20483,-0.13759,0.21718,-0.0030327,-0.11387,-0.13964,0.48907,0.0737,-0.16582,-0.34119,-0.2489,-0.23181,-0.23908,-0.26262,-0.39503,-0.1157,-0.10087,-0.041895,0.048313,-0.088886,-0.39526,-0.31035,-0.40997,-0.67798,-0.32447,-0.26602,-0.059543,-0.10249,-0.089855,-0.11942,-0.22937,-0.38842,-0.14016,-0.35258,0.12279,0.02767,-0.3373,-0.44429,0.1367,-0.066224,0.048561,-0.17744,-0.31397,-0.61973
-0.21039,0.039785,-0.21846,-0.12231,-0.11183,0.27193,-0.37997,0.045836,-0.27143,-0.019104,-0.4011,-0.15958,-0.16826,-0.080374,-0.062868,0.32472,-0.49012,-0.30505,-0.051511,-0.37504,-0.23678,0,-0.13133,0.1648,-0.13703,-0.18367,-0.32421,-0.1366,-0.34113,-0.40128,-0.19442,-0.31506,0.01183,-0.23735,-0.17852,-0.10909,-0.20034,-0.37093,-0.29311,0.11895,-0.067552,0.17599,-0.36314,-0.11708,-0.097752,-0.20382,-0.17084,-0.27856,-0.095485,-0.13917,-0.15129,-0.28609,-0.096904,0.24257,0.006163,-0.098075,0.059896,-0.026131,-0.13798,-0.15808,0.13421,-0.32396,-0.15414,-0.34704,-0.2424,-0.25764,-0.35504,-0.37841,-0.4771,-0.27615,-0.34829,-0.24055,-0.24311,-0.17466,-0.14332,-0.18118,-0.26001,-0.053883,-0.14678,-0.18071,-0.18335,-0.16607,-0.44311,-0.056983,0.091431,-0.040251,-0.21199,-0.055564,-0.13401,-0.044837,-0.11786,-0.17411,-0.083444,-0.3115,-0.056337,-0.349,-0.25862,0.04465,-0.157,-0.3131,-0.18498,0.0060203,0.0021844,-0.18207,-0.27395
0.43645,-0.0538,-0.30571,-0.26475,0.040123,-0.25136,0.33668,-0.0090831,0.29866,-0.11746,0.39938,-0.19849,-0.045896,-0.20079,0.27035,0.11662,-0.16551,0.077957,-0.044387,-0.081477,-0.060504,-0.13133,0,0.2378,0.23726,0.041234,0.1734,-0.28528,0.14059,-0.066456,-0.049176,0.013039,-0.32759,-0.61139,-0.012536,0.099261,0.010262,-0.077807,0.61799,0.094606,0.38867,-0.17151,0.15864,-0.07843,-0.020861,0.049942,0.19335,0.24079,0.21425,-0.42284,-0.41848,-0.35983,-0.003393,-0.36603,-0.21168,0.012341,-0.0028675,0.29329,0.35476,0.18591,0.037443,-0.028871,-0.43509,-0.091506,-0.18732,0.16435,0.22479,-0.30308,-0.42145,-0.066344,-0.0058026,0.041835,0.22097,0.082866,0.065308,-0.23503,-0.21859,-0.68615,-0.74139,-0.0092257,-0.43672,-0.36618,0.059911,-0.47883,-0.41724,-0.48977,-0.51918,0.21439,0.26125,0.17924,0.31969,-0.59398,-0.65272,-0.034816,-0.34719,-0.55422,-0.41025,-0.52222,-0.26291,-0.012439,-0.23483,-0.21717,-0.33931,-0.42201,-0.50838
-0.066817,0.094892,-0.077694,0.22157,-0.084142,0.11891,-0.11078,0.02848,0.24039,0.22883,0.11459,0.11494,-0.22563,-0.094164,-0.073648,0.088143,-0.26858,-0.045738,0.25848,-0.17288,-0.44144,0.1648,0.2378,0,0.0054949,0.30987,-0.31083,-0.53938,-0.019315,-0.076418,0.027955,0.18422,-0.24868,-0.58126,-0.27179,0.055812,-0.28722,-0.088939,-0.012221,0.21596,0.10564,0.006771,-0.12195,-0.029006,-0.1507,-0.11831,-0.0038059,0.029584,0.015193,-0.37244,-0.3886,-0.11996,-0.14265,-0.15083,-0.26263,-0.33785,-0.22211,-0.056593,0.0019667,0.19789,0.39389,-0.42988,-0.28599,-0.51793,-0.36199,-0.16991,-0.068829,-0.68965,-0.5141,-0.20734,0.0031378,0.0051721,0.022085,0.073685,-0.10016,0.0082798,-0.20749,-0.29771,-0.38068,-0.34669,-0.22533,-0.01978,0.091048,0.046339,0.13637,-0.067973,-0.23408,-0.050843,0.0041437,0.029554,0.039695,-0.31734,-0.20266,-0.12953,-0.15751,-0.47397,-0.22197,-0.29256,-0.0029276,-0.58571,-0.11114,-0.29309,-0.18657,-0.31792,-0.33766
0.12725,0.19851,-0.19467,0.04462,-0.19179,-0.089502,-0.2661,-0.02833,0.32982,0.018992,0.12571,-0.15008,-0.26467,-0.46456,0.070623,0.0045265,-0.3121,-0.075307,-0.0088504,-0.19574,-0.18676,-0.13703,0.23726,0.0054949,0,0.35,-0.16418,-0.038419,0.15403,-0.25499,0.25023,-0.047142,-0.40763,-0.57415,-0.071523,0.075097,-0.099321,0.1316,-0.08165,0.11237,-0.14694,-0.20308,0.078092,-0.076703,0.17617,0.23358,-0.04206,-0.097504,-0.10739,-0.42867,-0.24765,-0.49988,-0.076711,-0.036205,-0.087558,-0.22137,0.11755,0.19767,0.2378,0.12303,0.091664,-0.31761,-0.69254,-0.28413,-0.34408,-0.10058,-0.15633,-0.29446,-0.54547,-0.035904,-0.0032129,0.048358,-0.0078595,0.075652,0.029261,0.031123,0.21038,-0.59027,-0.61941,0.43262,0.011891,-0.2101,0.039147,-0.32636,-0.20883,-0.25468,-0.1735,0.06425,0.041872,0.18748,0.22666,-0.34011,-0.40372,-0.39344,-0.50167,-0.79261,-0.41252,-0.063334,-0.045265,-0.0010885,-0.33657,-0.52601,-0.45755,-0.25459,-0.45086
-0.059145,0.39315,-0.17168,0.41819,-0.25486,0.14438,-0.37659,0.0030927,0.34746,0.25309,0.12327,0.17085,-0.55922,-0.5754,-0.20515,-0.21137,-0.37066,-0.17249,0.32712,-0.074421,-0.45963,-0.18367,0.041234,0.30987,0.35,0,-0.47056,-0.38448,0.18198,-0.15841,0.25893,0.20662,-0.57867,-0.6048,-0.29208,0.031078,-0.36515,0.25821,-0.22674,0.2235,-0.26988,-0.13082,-0.14258,-0.13358,-0.068926,-0.030575,-0.14082,-0.21088,-0.16824,-0.51397,-0.41928,-0.25242,-0.14802,0.05329,-0.28588,-0.64234,-0.29595,-0.067065,-0.003348,0.17974,0.42657,-0.63019,-0.62351,-0.68668,-0.38413,-0.26065,-0.23871,-0.69712,-0.61919,-0.091026,0.093188,0.10127,0.00080321,0.090786,-0.087648,0.050602,0.08975,-0.41406,-0.5927,-0.11777,0.025883,-0.077724,0.074549,0.047307,0.18291,0.0043088,0.015539,-0.17189,-0.17797,0.013565,-0.062178,-0.20456,-0.060631,-0.36661,-0.3246,-0.67062,-0.16417,-0.080366,-0.10173,-0.35175,-0.044199,-0.37123,-0.20532,-0.39725,-0.21843
0.15013,-0.58922,-0.25026,-0.68573,0.19116,-0.48376,0.4278,-0.13013,-0.22341,-0.47045,-0.024404,-0.36399,0.27378,0.075187,0.099523,-0.098915,0.083136,-0.055512,-0.46981,0.087498,0.1922,-0.32421,0.1734,-0.31083,-0.16418,-0.47056,0,-0.10141,-0.27254,-0.22533,-0.42194,-0.3627,-0.097639,-0.075022,0.066156,-0.26809,0.036205,-0.24364,0.25724,-0.25949,0.26213,-0.37909,0.10054,-0.26008,-0.17541,-0.13036,0.11709,0.11463,-0.16887,-0.075389,0.054701,-0.38068,-0.10148,-0.49019,-0.081635,0.18388,-0.014645,0.075142,0.03137,-0.27336,-0.44189,0.19405,-0.23178,0.18511,-0.14345,0.22659,0.25252,0.31892,0.13185,-0.18348,-0.24089,-0.22884,-0.072845,-0.22666,-0.077101,-0.37434,-0.10816,-0.29282,-0.19611,0.1168,-0.20018,-0.27284,-0.16802,-0.63955,-0.76228,-0.41928,-0.31387,0.081057,-0.018857,0.022287,0.13504,-0.60814,-0.6484,-0.05338,-0.18494,-0.044267,-0.13036,-0.47876,-0.20995,0.34118,-0.53282,-0.14028,-0.45651,-0.26862,-0.37555
-0.099133,-0.23768,-0.39375,-0.43539,-0.14816,-0.17148,-0.32246,-0.16021,-0.31437,-0.30685,-0.34402,-0.37504,-0.019405,-0.17697,-0.063506,-0.025065,-0.26794,-0.090508,-0.52387,-0.17297,0.089419,-0.1366,-0.28528,-0.53938,-0.038419,-0.38448,-0.10141,0,-0.19433,-0.39595,-0.25365,-0.53574,0.0043238,0.20607,-0.24119,-0.19226,-0.29994,-0.028278,-0.39894,-0.18235,-0.22552,-0.1517,-0.097827,-0.12236,-0.21046,-0.23463,-0.29226,-0.30694,-0.17653,0.12966,0.11286,-0.32665,-0.2015,-0.069669,-0.062125,0.029862,0.15748,-0.22257,-0.11344,-0.43591,-0.45005,0.11999,-0.093128,0.25347,-0.060496,-0.19909,-0.38126,0.27869,-0.050084,-0.1458,-0.3535,-0.41771,-0.47554,-0.3814,-0.33493,-0.45017,-0.10154,-0.16893,-0.12033,0.076193,-0.17344,-0.40163,-0.46709,-0.55552,-0.39847,-0.41767,-0.35809,-0.23736,-0.19068,-0.21991,-0.28141,-0.19901,-0.30223,-0.4765,-0.27245,-0.21147,-0.23972,-0.14838,-0.20388,0.13339,-0.41156,-0.23342,-0.25608,-0.11516,-0.2924
0.041692,0.098225,-0.40708,-0.22054,-0.29392,-0.17897,0.10508,0.05344,0.16148,0.21055,0.22429,0.1254,-0.50507,-0.60562,-0.10757,-0.30857,-0.15235,-0.10412,-0.24698,-0.35745,-0.19682,-0.34113,0.14059,-0.019315,0.15403,0.18198,-0.27254,-0.19433,0,0.18012,-0.046744,0.167,-0.584,-0.44072,-0.18685,0.21672,-0.27227,0.1493,0.0099463,0.0035131,-0.019863,-0.17184,0.20912,0.16894,-0.19342,-0.13781,0.2216,0.12975,0.12584,-0.47918,-0.46369,-0.19148,-0.10403,-0.33194,-0.28792,-0.26223,-0.010795,0.12821,0.058192,-0.10002,-0.16358,-0.085786,-0.35091,-0.20515,-0.052907,0.096265,-0.0058177,-0.29295,-0.3469,0.17707,0.11577,-0.10942,-0.098345,-0.066824,-0.24893,-0.31855,-0.12907,-0.60414,-0.52516,-0.28606,-0.24947,-0.065263,0.14384,-0.36515,-0.3031,-0.58168,-0.44213,0.13018,0.22511,0.12179,-0.070698,-0.17338,-0.41501,-0.272,-0.35718,-0.63867,-0.38769,-0.47056,-0.28534,-0.097789,-0.065406,-0.53554,-0.39479,-0.43411,-0.37129
-0.15247,-0.27687,-0.27371,-0.2732,-0.26383,-0.31803,0.14895,-0.14359,-0.12259,0.16416,0.042705,0.1086,-0.31337,-0.35398,-0.22614,-0.46432,0.026866,-0.033765,-0.09899,-0.24123,-0.22329,-0.40128,-0.066456,-0.076418,-0.25499,-0.15841,-0.22533,-0.39595,0.18012,0,-0.19673,0.34721,-0.29961,-0.2782,-0.32532,-0.10752,-0.06997,0.077214,0.16806,-0.21145,-0.0092257,-0.14673,0.038306,0.08704,-0.40997,-0.32566,-0.083677,-0.011988,0.20935,-0.2997,-0.28829,-0.11186,-0.055091,-0.43025,-0.28425,-0.073888,-0.21094,-0.27092,-0.27353,-0.26893,-0.3849,-0.20152,-0.16898,-0.074113,-0.1575,-0.12652,-0.12437,-0.28351,-0.15272,-0.090771,0.061262,-0.22335,-0.16176,-0.25805,-0.3135,-0.29095,-0.36504,-0.40674,-0.20506,-0.65435,-0.365,0.048425,0.24243,-0.13459,-0.16285,-0.30614,-0.34722,-0.097594,0.044409,-0.30328,-0.35173,-0.26959,-0.47263,-0.14876,-0.30234,-0.31931,-0.21575,-0.3856,-0.20783,-0.28109,-0.26296,-0.39604,-0.42856,-0.38461,-0.35229
-0.14335,0.18538,-0.24321,0.063139,-0.66658,-0.21498,-0.37912,-0.21175,0.31693,0.11651,0.19337,-0.12036,-0.30539,-0.20325,-0.20187,-0.25044,-0.5629,-0.2187,0.127,-0.30554,-0.51744,-0.19442,-0.049176,0.027955,0.25023,0.25893,-0.42194,-0.25365,-0.046744,-0.19673,0,0.26842,-0.27966,-0.46189,0.15953,0.20132,-0.20725,0.029133,-0.24653,-0.27271,-0.54844,-0.50752,0.065345,-0.10959,0.58383,0.50805,-0.34665,-0.31407,-0.1752,-0.6594,-0.56177,-0.16283,-0.21163,-0.12279,-0.25427,-0.45551,-0.34407,-0.071403,-0.075532,0.055474,0.12672,-0.39156,-0.37069,-0.62085,-0.078189,-0.38476,-0.35016,-0.68026,-0.55229,0.12503,0.40568,0.43704,0.31252,0.49958,0.40131,0.0076042,-0.10792,-0.56415,-0.66801,0.0083549,-0.27167,-0.28796,-0.038374,-0.24427,-0.13217,-0.28401,-0.35365,-0.23267,-0.2332,-0.0041587,0.018241,-0.084818,-0.19854,-0.33449,-0.49672,-0.77871,-0.47985,-0.1621,-0.22899,-0.3554,-0.16026,-0.63089,-0.30119,0.018992,-0.25885
-0.11113,0.15162,-0.4873,-0.077168,-0.5257,-0.16454,-0.016612,0.012649,0.27971,0.31333,0.34994,0.2081,-0.51906,-0.34073,-0.26866,-0.58443,-0.36993,-0.21551,0.096858,-0.26312,-0.669,-0.31506,0.013039,0.18422,-0.047142,0.20662,-0.3627,-0.53574,0.167,0.34721,0.26842,0,-0.41353,-0.41818,-0.016387,0.35464,-0.13411,0.31463,-0.017521,-0.084728,-0.24669,-0.28913,0.20026,0.30225,-0.062868,0.058807,-0.071974,-0.066697,0.097204,-0.75672,-0.73083,-0.11318,-0.24042,-0.36364,-0.53916,-0.23507,-0.2409,-0.078888,-0.072529,-0.022175,-0.077041,-0.38358,-0.3123,-0.50791,-0.039763,-0.049687,-0.028863,-0.68221,-0.50157,0.14406,0.56236,0.14925,0.19301,0.071966,0.083827,-0.1738,-0.3344,-0.68913,-0.65433,-0.44314,-0.43431,-0.077762,0.1088,-0.16789,-0.062433,-0.31196,-0.38745,-0.07364,0.05046,-0.095432,-0.083181,-0.36859,-0.3482,-0.30358,-0.43809,-0.76548,-0.54163,-0.27619,-0.14054,-0.35504,-0.22579,-0.56421,-0.3231,-0.31264,-0.189
-0.26782,-0.45967,-0.1949,-0.3149,-0.27362,-0.22987,-0.236,-0.31853,-0.2835,-0.42735,-0.24221,-0.46959,0.45604,0.52893,-0.3024,-0.079143,-0.45228,-0.42824,-0.27537,-0.39118,-0.059746,0.01183,-0.32759,-0.24868,-0.40763,-0.57867,-0.097639,0.0043238,-0.584,-0.29961,-0.27966,-0.41353,0,0.34068,0.011147,-0.17509,-0.32074,-0.58752,-0.28281,-0.3501,-0.093713,-0.16736,-0.15153,-0.16444,-0.14863,-0.10298,-0.50536,-0.53773,-0.25777,0.088871,-0.09526,0.16932,-0.48608,-0.26843,-0.21425,0.0050069,-0.074909,-0.40357,-0.34146,-0.41243,-0.24937,-0.064295,0.11361,-0.21299,-0.1777,-0.4425,-0.46743,-0.095823,-0.0031003,-0.21753,-0.18317,-0.16495,-0.19293,-0.14812,-0.095087,-0.38714,-0.56157,0.20333,0.0071088,-0.22213,-0.42226,-0.44116,-0.43264,-0.15108,-0.15512,-0.13699,-0.42592,-0.4541,-0.49446,-0.40427,-0.26251,-0.022475,-0.016237,-0.14328,-0.10142,0.065526,-0.20817,-0.050129,-0.1945,-0.2785,-0.44464,-0.11759,-0.1381,-0.053883,-0.31504
-0.39767,-0.5202,-0.43864,-0.50741,-0.38955,-0.31944,-0.27261,-0.37594,-0.5212,-0.45235,-0.43357,-0.40586,-0.027437,0.11064,-0.54386,-0.33785,-0.26729,-0.52956,-0.58975,-0.22595,-0.071141,-0.23735,-0.61139,-0.58126,-0.57415,-0.6048,-0.075022,0.20607,-0.44072,-0.2782,-0.46189,-0.41818,0.34068,0,-0.15781,-0.2052,-0.46564,-0.25331,-0.55236,-0.42525,-0.31513,-0.32786,-0.19355,-0.13364,-0.48302,-0.43154,-0.41451,-0.57036,-0.33878,0.017003,-0.014638,0.020193,-0.57906,-0.34119,-0.31123,-0.091319,-0.15877,-0.55901,-0.5145,-0.67459,-0.59746,0.16375,0.33929,-0.072147,-0.04278,-0.24887,-0.38033,0.1355,0.23846,-0.063146,-0.24695,-0.45807,-0.48487,-0.5112,-0.3872,-0.63842,-0.48578,0.28982,0.10854,-0.34501,-0.36127,-0.24931,-0.48317,-0.30739,-0.24979,-0.25892,-0.24855,-0.52416,-0.57887,-0.49009,-0.58043,0.018639,0.055114,-0.26837,-0.00081823,0.1994,-0.040731,-0.13823,-0.15735,0.022355,-0.42447,-0.063777,-0.015051,-0.0092332,0.0079721
0.089104,-0.066727,-0.51089,-0.48031,-0.48656,-0.42151,0.051271,-0.08445,0.081049,-0.31141,0.22953,-0.3335,-0.036302,0.029741,-0.010802,-0.37711,-0.66566,-0.5609,-0.36238,-0.47515,-0.24273,-0.17852,-0.012536,-0.27179,-0.071523,-0.29208,0.066156,-0.24119,-0.18685,-0.32532,0.15953,-0.016387,0.011147,-0.15781,0,0.30762,0.068423,-0.31827,-0.014878,-0.3921,-0.20053,-0.56759,0.30702,0.028052,0.50504,0.66836,-0.052149,-0.17165,-0.16078,-0.53977,-0.56777,-0.055895,-0.2808,-0.36777,-0.23454,0.012033,-0.0031678,0.26493,0.11337,-0.11917,-0.15395,-0.060811,-0.28165,-0.37906,0.26201,0.084277,0.012574,-0.25684,-0.33904,0.31341,0.35194,0.42229,0.52337,0.37352,0.76084,-0.26105,-0.29437,-0.48427,-0.59421,0.093976,-0.46212,-0.52662,-0.39911,-0.62714,-0.4991,-0.5619,-0.67327,0.0305,-0.082633,0.17609,0.35494,-0.32698,-0.392,-0.22297,-0.42069,-0.49154,-0.72339,-0.23695,-0.41906,0.079818,-0.27934,-0.3114,-0.23504,-0.092917,-0.30262
-0.029419,0.26028,-0.75865,-0.28627,-0.63097,-0.13319,-0.015576,0.066149,0.34852,0.049987,0.36739,-0.072942,-0.33261,-0.17709,-0.18586,-0.37126,-0.66688,-0.40511,-0.20657,-0.46239,-0.47169,-0.10909,0.099261,0.055812,0.075097,0.031078,-0.26809,-0.19226,0.21672,-0.10752,0.20132,0.35464,-0.17509,-0.2052,0.30762,0,-0.23679,0.046932,-0.13162,-0.0073866,-0.16774,-0.26634,0.37016,0.5309,0.071066,0.22723,0.074053,-0.10701,0.066847,-0.75137,-0.86305,-0.13491,-0.50274,-0.40616,-0.57918,-0.13563,0.12192,0.21712,0.14322,-0.0504,-0.091469,-0.093773,-0.20489,-0.42168,0.16196,0.16595,0.020148,-0.48887,-0.63494,0.41326,0.46453,0.14116,0.1892,0.16845,0.18927,-0.41149,-0.45844,-0.56286,-0.83166,-0.21439,-0.61005,-0.30596,-0.20254,-0.45108,-0.26598,-0.59016,-0.68367,0.089134,0.14178,0.16119,0.12806,-0.28044,-0.27313,-0.32323,-0.39451,-0.83446,-0.90548,-0.33403,-0.2649,-0.10261,-0.25997,-0.44019,-0.18013,-0.26515,-0.28103
0.20026,-0.22268,-0.19898,-0.36897,-0.023631,-0.45008,0.03613,-0.16274,-0.11039,-0.31664,-0.052186,-0.25438,-0.20471,-0.33583,0.41968,-0.21325,-0.18511,-0.18275,-0.30084,-0.29067,-0.071373,-0.20034,0.010262,-0.28722,-0.099321,-0.36515,0.036205,-0.29994,-0.27227,-0.06997,-0.20725,-0.13411,-0.32074,-0.46564,0.068423,-0.23679,0,-0.21157,0.30041,-0.31463,-0.047465,-0.32132,-0.069857,-0.16676,0.020959,0.084472,0.036775,0.14684,-0.091063,-0.3071,-0.19519,-0.29494,0.31988,-0.21199,0.080501,0.33914,-0.036175,0.10606,0.1802,0.12056,-0.19595,-0.20825,-0.49413,0.067943,-0.028976,0.16718,0.16305,-0.089479,-0.35624,-0.14408,-0.11403,0.012123,0.1414,-0.032256,0.1693,0.14122,-0.057681,-0.52732,-0.29107,0.06196,-0.17947,-0.3628,-0.29647,-0.48562,-0.39646,-0.3353,-0.29934,0.16464,0.17116,-0.027272,0.20948,-0.69573,-0.73514,0.017701,-0.30527,-0.29873,-0.44232,-0.23021,-0.28674,0.15175,-0.14457,-0.043636,-0.16134,-0.10184,-0.26093
-0.079953,0.078475,-0.55684,-0.15477,-0.21983,-0.002845,-0.15674,0.094111,0.067034,0.19936,0.047037,0.18795,-0.56036,-0.58184,-0.20234,-0.45941,-0.2135,-0.062208,-0.067552,0.03122,-0.34147,-0.37093,-0.077807,-0.088939,0.1316,0.25821,-0.24364,-0.028278,0.1493,0.077214,0.029133,0.31463,-0.58752,-0.25331,-0.31827,0.046932,-0.21157,0,-0.20903,0.059168,-0.26552,-0.17021,0.12012,0.18798,-0.26092,-0.18045,-0.12293,-0.14659,-0.10421,-0.40285,-0.24511,-0.44298,-0.17683,-0.17774,-0.42724,-0.16133,-0.089202,-0.16618,-0.079713,-0.18979,-0.24787,-0.30997,-0.42329,-0.18585,-0.13339,-0.037991,-0.13266,-0.21735,-0.37044,-0.019637,0.10111,-0.18199,-0.19917,-0.26376,-0.20919,-0.28085,-0.049191,-0.64424,-0.53319,-0.16616,-0.12103,-0.14381,-0.093571,-0.29767,-0.17598,-0.26096,-0.14021,-0.13109,0.038697,-0.17899,-0.22434,-0.48839,-0.37302,-0.51795,-0.41359,-0.64367,-0.33726,-0.17749,-0.041452,-0.047742,-0.33279,-0.44743,-0.37379,-0.38355,-0.13876
0.45987,-0.26005,-0.22956,-0.38758,0.11385,-0.45045,0.55836,-0.094111,0.02812,-0.25444,0.26069,-0.22713,0.0076418,-0.21381,0.36605,-0.096783,-0.051098,0.066134,-0.1591,-0.11357,0.034381,-0.29311,0.61799,-0.012221,-0.08165,-0.22674,0.25724,-0.39894,0.0099463,0.16806,-0.24653,-0.017521,-0.28281,-0.55236,-0.014878,-0.13162,0.30041,-0.20903,0,-0.12957,0.44403,-0.2096,0.076095,-0.1635,-0.12088,-0.036535,0.16876,0.32348,0.28898,-0.2585,-0.32727,-0.22137,0.19661,-0.43021,-0.078617,0.16634,-0.090605,0.17328,0.22697,0.065165,-0.1512,-0.026686,-0.39882,0.080059,-0.096468,0.18256,0.29133,-0.17682,-0.23918,-0.13117,-0.056315,0.029509,0.24216,-0.0031753,0.034763,-0.18527,-0.23478,-0.63659,-0.47717,-0.15691,-0.44018,-0.36469,0.024337,-0.47048,-0.45713,-0.48377,-0.54467,0.19174,0.24518,0.031948,0.21211,-0.71364,-0.8809,0.040041,-0.36724,-0.3396,-0.32212,-0.52454,-0.39002,0.0051496,-0.16946,-0.10756,-0.33864,-0.46367,-0.52704
-0.072627,0.37445,-0.36302,0.026724,0.034178,0.55841,-0.21662,0.45787,0.10223,0.19252,-0.044762,0.22343,-0.30361,-0.46117,-0.07373,0.0071013,-0.31635,-0.066629,0.16668,-0.083084,-0.42582,0.11895,0.094606,0.21596,0.11237,0.2235,-0.25949,-0.18235,0.0035131,-0.21145,-0.27271,-0.084728,-0.3501,-0.42525,-0.3921,-0.0073866,-0.31463,0.059168,-0.12957,0,0.089585,0.56116,-0.24992,0.048493,-0.38377,-0.3257,-0.011448,-0.078317,-0.003363,-0.25449,-0.30901,-0.55868,-0.1867,0.18696,-0.38028,-0.17396,0.21459,0.09875,0.14987,0.071418,0.21086,-0.53806,-0.57575,-0.24663,-0.55796,-0.03706,-0.12378,-0.41764,-0.62958,-0.44322,-0.3569,-0.37035,-0.33973,-0.31947,-0.35814,-0.21738,-0.11569,-0.29175,-0.40399,-0.20585,-0.076636,-0.084405,-0.16099,0.018684,0.18153,0.042075,-0.042345,0.042578,0.061532,-0.052682,-0.077979,-0.45333,-0.15339,-0.33733,-0.067853,-0.55145,-0.27995,-0.055925,-0.067725,-0.23574,-0.38706,-0.11129,-0.26911,-0.70142,-0.24624
0.24412,-0.30951,-0.19925,-0.35272,0.3456,-0.14361,0.51041,0.1192,-0.074856,-0.21198,0.080306,-0.099666,0.12934,-0.042758,0.2733,0.095079,0.0041437,-0.022452,-0.31516,-0.18984,0.12872,-0.067552,0.38867,0.10564,-0.14694,-0.26988,0.26213,-0.22552,-0.019863,-0.0092257,-0.54844,-0.24669,-0.093713,-0.31513,-0.20053,-0.16774,-0.047465,-0.26552,0.44403,0.089585,0,0.1045,0.083294,-0.0020193,-0.35925,-0.25356,0.18484,0.20635,0.085951,-0.041489,-0.10543,-0.21213,-0.046068,-0.40009,-0.13311,0.21594,0.18919,0.052517,0.080021,-0.095605,-0.16284,-0.016455,-0.24747,0.10394,-0.23629,0.16448,0.12908,0.0049694,-0.1109,-0.24559,-0.26842,-0.23141,-0.14224,-0.23839,-0.26627,-0.30953,-0.22537,-0.28927,-0.2029,-0.22008,-0.28248,-0.25363,-0.12157,-0.37537,-0.34715,-0.37554,-0.44995,0.10099,0.23344,-0.019652,0.12302,-0.59339,-0.61296,-0.035604,-0.13279,-0.16959,-0.22964,-0.44262,-0.12079,-0.051901,-0.30885,-0.047472,-0.3942,-0.54161,-0.5216
-0.31639,0.05037,-0.23079,-0.087055,0.12583,0.6598,-0.24317,0.3436,-0.23209,0.087235,-0.31092,0.17205,-0.16315,-0.31921,-0.16218,0.0093833,-0.20903,-0.046496,0.059273,-0.20232,-0.26256,0.17599,-0.17151,0.006771,-0.20308,-0.13082,-0.37909,-0.1517,-0.17184,-0.14673,-0.50752,-0.28913,-0.16736,-0.32786,-0.56759,-0.26634,-0.32132,-0.17021,-0.2096,0.56116,0.1045,0,-0.37803,0.0014563,-0.48953,-0.50665,-0.22735,-0.2233,-0.1214,0.022873,-0.12437,-0.45747,-0.20958,0.17812,-0.33914,-0.060361,0.19051,-0.15339,-0.17772,-0.20188,-0.035807,-0.55688,-0.37611,-0.11615,-0.55055,-0.27138,-0.36717,-0.25797,-0.44454,-0.70159,-0.59668,-0.56376,-0.58129,-0.49907,-0.54447,-0.29762,-0.26688,-0.10952,-0.1095,-0.38055,-0.073115,-0.14553,-0.32488,0.17502,0.15459,0.14166,-0.038779,-0.12492,-0.0031078,-0.33911,-0.31724,-0.27194,-0.066884,-0.26373,0.024937,-0.26432,-0.23174,0.016702,-0.11391,-0.42474,-0.32658,0.00091581,-0.29377,-0.65828,-0.25773
0.099621,-0.16287,-0.57457,-0.51204,-0.3,-0.31987,0.37871,0.10186,0.23714,-0.029396,0.51597,-0.026566,-0.075134,-0.058514,-0.0031678,-0.40659,-0.30132,-0.26105,-0.43058,-0.39366,-0.12555,-0.36314,0.15864,-0.12195,0.078092,-0.14258,0.10054,-0.097827,0.20912,0.038306,0.065345,0.20026,-0.15153,-0.19355,0.30702,0.37016,-0.069857,0.12012,0.076095,-0.24992,0.083294,-0.37803,0,0.46716,0.12442,0.30344,0.044552,-0.011328,-0.11438,-0.48281,-0.39354,-0.15453,-0.32596,-0.65931,-0.41984,0.1435,0.16948,0.10057,0.043974,-0.21795,-0.36115,0.0079796,-0.27442,-0.16014,0.15805,0.16388,0.025155,-0.073453,-0.23554,0.31637,0.45057,0.14049,0.16125,0.11399,0.18334,-0.40449,-0.26212,-0.70506,-0.58496,-0.042765,-0.39502,-0.38909,-0.16775,-0.7171,-0.64241,-0.74633,-0.73318,0.039568,0.23386,0.052997,0.20507,-0.42862,-0.63431,-0.24787,-0.44182,-0.57397,-0.7471,-0.45017,-0.15482,0.062508,-0.42958,-0.59812,-0.61202,-0.23979,-0.4104
