,,,,,,,,,,,,,,,,,,,,,,,,,,,,,,,,,,,,,,,,,,,,,,,,,,,,,,,,,,,,,,,,,,,,,,,,,,,,,,,,,,,,,,,,,,,,,,,,,,,,,,,,
0,-0.047641,-0.53764,-0.33205,-0.15797,-0.33455,-0.11621,-0.19179,-0.064843,-0.27025,-0.060018,-0.32686,-0.51186,-0.58581,0.18377,-0.20704,-0.47673,-0.2165,-0.074238,-0.087653,-0.26269,-0.16668,0.25469,-0.11999,0.050126,-0.048583,-0.23375,-0.087274,-0.17673,-0.23744,-0.053905,-0.06262,-0.50786,-0.52649,-0.15189,-0.12887,-0.059521,0.053369,0.16835,-0.11289,-0.17911,-0.36711,-0.1299,-0.20116,-0.12447,-0.08528,-0.14608,-0.1694,0.080422,-0.45062,-0.43119,-0.31014,0.00076493,-0.14273,-0.25531,-0.10003,-0.22989,-0.044314,0.11131,-0.071243,-0.098316,-0.21081,-0.58515,-0.2423,-0.091432,-0.075284,-0.053669,-0.35897,-0.38462,-0.12093,-0.036645,-0.03129,0.09055,-0.24531,-0.025798,-0.28835,-0.31395,-0.72546,-0.7031,-0.073342,-0.46746,-0.49777,-0.26016,-0.51401,-0.31423,-0.40269,-0.43664,-0.15123,-0.19653,-0.04685,0.053669,-0.70178,-0.74536,-0.52368,-0.6164,-0.64151,-0.47027,-0.1612,-0.29178,-0.018646,-0.26598,-0.2384,-0.17435,-0.40348,-0.38849
-0.047641,0,-0.59461,-0.011245,-0.521,0.06513,-0.30459,0.17847,0.28353,-0.019064,0.27143,-0.011003,-0.5392,-0.52984,-0.13588,-0.39213,-0.76932,-0.49707,-0.12867,-0.47664,-0.88809,-0.22827,-0.075199,-0.010794,0.042025,0.31248,-0.61315,-0.18955,0.072616,-0.21463,0.19213,0.17618,-0.39899,-0.53262,-0.057141,0.35977,-0.20736,0.099951,-0.24563,0.32666,-0.39546,-0.031964,-0.028688,0.18865,0.026557,0.093851,-0.39423,-0.48157,-0.1422,-0.66682,-0.72019,-0.42899,-0.37905,0.096532,-0.63368,-0.37953,-0.11758,-0.082155,-0.057723,0.074257,0.16566,-0.62721,-0.59892,-0.5119,-0.24181,-0.25762,-0.37135,-0.78313,-0.78118,-0.13358,-0.12368,0.030643,0.018927,-0.052512,-0.07074,-0.23038,-0.33855,-0.56099,-0.73304,-0.1419,-0.42607,-0.40724,-0.33038,-0.34615,0.0011049,-0.38403,-0.37166,-0.37461,-0.30688,-0.15737,-0.13959,-0.57199,-0.27198,-0.52466,-0.33311,-1,-0.53749,-0.14763,-0.34444,-0.22339,-0.17854,-0.34094,-0.18101,-0.57833,-0.19248
-0.53764,-0.59461,0,0.16532,-0.13555,-0.44912,-0.67368,-0.72893,-0.47679,-0.6925,-0.64513,-0.63036,0.030395,-0.008205,-0.38283,-0.051983,0.15867,0.00080416,-0.20748,-0.055003,-0.073996,-0.40078,-0.54233,-0.32479,-0.27333,-0.42883,-0.22571,-0.3589,-0.64691,-0.36974,-0.41557,-0.5705,0.059063,-0.16494,-0.47637,-0.68806,-0.15948,-0.62949,-0.38473,-0.53437,-0.29691,-0.32399,-0.61338,-0.66624,-0.39792,-0.3758,-0.37904,-0.29695,-0.37899,-0.019091,0.10272,-0.26753,-0.19191,-0.3154,0.18881,-0.38851,-0.40273,-0.57112,-0.41519,-0.32676,-0.34708,-0.31679,-0.18027,-0.26491,-0.62147,-0.55323,-0.3625,-0.033376,-0.092406,-0.48157,-0.5222,-0.35926,-0.43227,-0.35419,-0.50551,0.27703,0.079219,0.44768,0.46723,-0.19035,0.082887,0.083914,0.065647,0.21784,-0.04804,0.21553,0.26926,-0.35503,-0.40643,-0.34763,-0.29283,-0.13231,-0.052166,-0.10646,-0.28316,0.20443,0.19813,-0.13745,-0.084103,-0.51216,-0.24322,-0.28405,-0.25312,-0.22598,-0.43723
-0.33205,-0.011245,0.16532,0,-0.32123,-0.13515,-0.74391,-0.33724,-0.026988,-0.33286,-0.18671,-0.2908,-0.22797,-0.22243,-0.28893,-0.20215,-0.2765,-0.25325,-0.076892,-0.27243,-0.50743,-0.37648,-0.36149,-0.0030793,-0.0396,0.14256,-0.55237,-0.37364,-0.27704,-0.29182,-0.067262,-0.16371,-0.11537,-0.42015,-0.3866,-0.23995,-0.24243,-0.24771,-0.40409,-0.11303,-0.3795,-0.17672,-0.37865,-0.29274,-0.19767,-0.12112,-0.50298,-0.47592,-0.31069,-0.27177,-0.24157,-0.24102,-0.27132,-0.036416,-0.15943,-0.57678,-0.35034,-0.49203,-0.28427,-0.0082573,0.09695,-0.64153,-0.3772,-0.55948,-0.57035,-0.5958,-0.47579,-0.48688,-0.39427,-0.31289,-0.31067,-0.056324,-0.18386,-0.10258,-0.3227,0.35474,0.044183,-0.012193,-0.12654,-0.13638,-0.03928,-0.086535,-0.0093688,0.10705,0.26453,0.03605,0.065523,-0.52364,-0.48876,-0.30512,-0.24995,-0.30549,0.0061325,-0.31103,-0.29573,-0.29422,-0.01201,-0.0038508,-0.096179,-0.54516,-0.071851,-0.36134,-0.14972,-0.39334,-0.32255
-0.15797,-0.521,-0.13555,-0.32123,0,0.0061194,-0.18555,-0.15282,-0.51577,-0.29234,-0.65735,-0.20459,-0.10298,-0.19523,0.093577,0.008375,0.06498,0.05112,-0.22068,0.10466,0.073191,-0.023857,-0.15322,-0.20814,-0.33968,-0.36275,0.00049034,-0.32875,-0.50678,-0.49477,-0.82363,-0.6167,-0.33217,-0.32966,-0.72833,-0.71933,-0.34013,-0.32989,-0.20596,-0.13717,0.37491,-0.025635,-0.50383,-0.43376,-0.62451,-0.64256,0.0061064,0.063509,-0.32701,0.19255,0.23096,-0.2467,0.13743,-0.03505,0.042117,0.11379,-0.021438,-0.1986,-0.1033,-0.24402,-0.19657,-0.18045,-0.27856,0.026217,-0.35334,-0.070975,-0.019522,0.12255,-0.065523,-0.64423,-0.54554,-0.67862,-0.60467,-0.60978,-0.46403,-0.23309,-0.041777,-0.13194,-0.050917,-0.20764,-0.0081527,-0.19493,-0.341,-0.14806,-0.37133,-0.017155,-0.065869,-0.0015168,0.0017456,-0.24835,-0.21267,-0.26481,-0.2353,-0.072616,-0.088111,0.020222,-0.072865,-0.10177,-0.049067,-0.2364,-0.21041,0.12719,-0.17654,-0.19128,-0.30175
-0.33455,0.06513,-0.44912,-0.13515,0.0061194,0,-0.23429,0.43918,-0.1836,0.15857,-0.23384,0.28122,-0.25187,-0.23004,-0.039103,-0.22934,-0.41557,-0.39129,-0.27854,-0.41731,-0.48012,0.068876,-0.22915,0.027145,-0.28916,0.023046,-0.40074,-0.34642,-0.13531,-0.34487,-0.38436,-0.22582,-0.283,-0.35773,-0.46543,-0.12921,-0.4847,-0.10728,-0.44934,0.4131,0.067026,0.36514,-0.22958,0.075336,-0.33186,-0.33662,-0.22103,-0.2971,-0.37108,-0.11674,-0.17066,-0.25634,-0.21532,0.33624,-0.36684,-0.14451,0.13586,-0.15295,-0.1878,-0.11583,0.14547,-0.50352,-0.2774,-0.28758,-0.27591,-0.19596,-0.33505,-0.38267,-0.41866,-0.42779,-0.40959,-0.41276,-0.44755,-0.27174,-0.31413,-0.3312,-0.21495,-0.26905,-0.33527,-0.25992,-0.14416,-0.27213,-0.53171,-0.20675,-0.14502,-0.21807,-0.28197,-0.22615,-0.12002,-0.26215,-0.33435,-0.27227,0.00039881,-0.24735,0.082514,-0.39534,-0.27381,-0.069053,-0.19533,-0.32281,-0.08071,-0.022732,-0.12075,-0.3433,-0.193
-0.11621,-0.30459,-0.67368,-0.74391,-0.18555,-0.23429,0,0.045785,-0.29154,-0.020712,-0.035801,-0.027348,-0.31121,-0.25364,-0.19815,-0.36186,-0.17157,-0.23721,-0.42822,-0.29005,-0.36874,-0.27741,0.016842,-0.27757,-0.33733,-0.31404,-0.0281,-0.19391,-0.031133,-0.057697,-0.2014,-0.074512,-0.42873,-0.24101,-0.14101,-0.13101,-0.33516,-0.026086,-0.00035958,-0.19615,-0.053846,-0.29342,0.17741,0.0073093,-0.15844,-0.21486,-0.19701,-0.16709,-0.21241,-0.39561,-0.32429,-0.34784,-0.24411,-0.35696,-0.53369,-0.0048249,-0.15726,-0.16806,-0.3208,-0.40418,-0.41668,-0.0031382,-0.16186,-0.094551,-0.080115,-0.10939,-0.14451,-0.1962,0.04213,-0.23681,-0.18543,-0.36249,-0.23661,-0.39108,-0.21005,-0.70504,-0.50574,-0.64285,-0.49793,-0.24232,-0.52612,-0.33341,-0.26089,-0.64693,-0.70844,-0.67734,-0.58568,-0.22832,-0.18369,-0.30335,-0.31272,-0.38773,-0.60467,-0.29131,-0.23704,-0.4015,-0.43498,-0.51793,-0.25528,-0.075427,-0.39714,-0.415,-0.53212,-0.26499,-0.20027
-0.19179,0.17847,-0.72893,-0.33724,-0.15282,0.43918,0.045785,0,-0.056036,0.23054,0.0372,0.39113,-0.33851,-0.33169,-0.023889,-0.39587,-0.48841,-0.41617,-0.3157,-0.44694,-0.64835,-0.082763,-0.14241,-0.08428,-0.22365,-0.023085,-0.29045,-0.21869,-0.046354,-0.20972,-0.2092,-0.028172,-0.37435,-0.35479,-0.21159,0.028904,-0.33274,0.08496,-0.27773,0.40532,-0.024439,0.19958,0.058612,0.32465,-0.17085,-0.16048,-0.25014,-0.28606,-0.32073,-0.34321,-0.34819,-0.41008,-0.27365,0.13709,-0.59174,-0.051388,0.16102,-0.04772,-0.13273,-0.1491,-0.031604,-0.52336,-0.45451,-0.24289,-0.22452,-0.10047,-0.28109,-0.39323,-0.40311,-0.36203,-0.27656,-0.3225,-0.30704,-0.28592,-0.19493,-0.44301,-0.30598,-0.54655,-0.51242,-0.20506,-0.2631,-0.34527,-0.51726,-0.42443,-0.25642,-0.38684,-0.41168,-0.23218,-0.10935,-0.25223,-0.22661,-0.52115,-0.33509,-0.39427,-0.072139,-0.63413,-0.49725,-0.17561,-0.2082,-0.16661,-0.3306,-0.25137,-0.38737,-0.4424,-0.1529
-0.064843,0.28353,-0.47679,-0.026988,-0.51577,-0.1836,-0.29154,-0.056036,0,0.045216,0.49737,-0.019372,-0.46225,-0.44839,-0.18913,-0.32958,-0.51528,-0.33248,-0.041084,-0.44999,-0.75175,-0.33714,0.030584,0.051146,0.12965,0.22538,-0.43027,-0.34827,0.048844,-0.18675,0.10872,0.22852,-0.46942,-0.70355,-0.134,0.17582,-0.25733,0.020509,-0.15903,0.066444,-0.35292,-0.2684,-0.0372,0.0032232,-0.097166,0.014109,-0.25288,-0.1603,-0.15178,-0.63419,-0.69647,-0.29396,-0.33234,-0.2227,-0.60617,-0.32939,-0.19916,-0.09729,0.088,0.35127,0.11042,-0.50416,-0.58209,-0.47932,-0.40865,-0.15502,-0.14821,-0.75461,-0.60839,-0.14858,0.0034389,-0.031944,-0.011121,-0.0105,-0.04857,-0.083462,-0.26155,-0.64945,-0.69427,-0.19884,-0.38838,-0.30144,-0.11229,-0.35456,-0.096519,-0.38581,-0.38539,-0.27044,-0.1979,-0.16989,-0.026871,-0.4178,-0.34868,-0.27777,-0.26381,-0.78564,-0.56889,-0.2643,-0.082122,-0.28581,-0.36378,-0.54985,-0.35656,-0.2301,-0.065908
-0.27025,-0.019064,-0.6925,-0.33286,-0.29234,0.15857,-0.020712,0.23054,0.045216,0,0.081377,0.76791,-0.44471,-0.35508,-0.17728,-0.3611,-0.43207,-0.50811,-0.29481,-0.65683,-0.59153,-0.10227,-0.12865,0.070151,-0.30171,0.087647,-0.39589,-0.3758,0.18341,0.031244,-0.21328,0.07801,-0.46252,-0.38486,-0.36198,0.015266,-0.49029,0.097009,-0.30345,0.14174,-0.11362,-0.089974,-0.032075,0.15388,-0.29572,-0.30582,-0.18078,-0.17841,-0.28813,-0.33764,-0.33971,-0.13371,-0.24345,-0.076336,-0.58142,-0.21728,-0.13741,-0.23452,-0.23394,-0.047301,0.042084,-0.38793,-0.23684,-0.30084,-0.2431,-0.14913,-0.27279,-0.59446,-0.32671,-0.25003,-0.16034,-0.34795,-0.33698,-0.13369,-0.22897,-0.43904,-0.39942,-0.55367,-0.54073,-0.44457,-0.29404,-0.24218,-0.36855,-0.44122,-0.2831,-0.50004,-0.54398,-0.26738,-0.18409,-0.31704,-0.43701,-0.18334,-0.20714,-0.17804,0.1149,-0.47915,-0.36478,-0.38661,-0.17927,-0.24968,-0.25246,-0.3241,-0.27394,-0.10454,-0.027113
-0.060018,0.27143,-0.64513,-0.18671,-0.65735,-0.23384,-0.035801,0.0372,0.49737,0.081377,0,0.036337,-0.40492,-0.37231,-0.21237,-0.49868,-0.58957,-0.44131,-0.26217,-0.56287,-0.9881,-0.47295,-0.031617,-0.10136,-0.017927,0.15176,-0.35463,-0.21727,0.14545,-0.059115,0.34921,0.3319,-0.39083,-0.47209,0.075918,0.29985,-0.22998,0.14492,-0.081508,-0.0013141,-0.46589,-0.34683,0.23533,0.12611,0.14689,0.21771,-0.44848,-0.34966,-0.20314,-0.68381,-0.71887,-0.32425,-0.40074,-0.23867,-0.75521,-0.37807,-0.28629,-0.18288,-0.13021,0.053388,-0.046693,-0.40986,-0.46091,-0.41088,-0.25538,-0.27521,-0.29724,-0.72863,-0.38993,-0.082135,-0.0045961,0.094113,0.12506,0.07395,0.037965,-0.26764,-0.35794,-0.82994,-0.82473,-0.13359,-0.48926,-0.43976,-0.20505,-0.59973,-0.26196,-0.65957,-0.57652,-0.47507,-0.38913,-0.274,-0.1711,-0.54022,-0.49442,-0.40922,-0.29147,-0.84782,-0.53844,-0.39908,-0.28193,-0.17066,-0.34942,-0.68661,-0.46847,-0.31454,-0.094498
-0.32686,-0.011003,-0.63036,-0.2908,-0.20459,0.28122,-0.027348,0.39113,-0.019372,0.76791,0.036337,0,-0.41168,-0.35235,-0.15699,-0.48168,-0.38768,-0.51693,-0.34762,-0.58955,-0.63448,-0.19159,-0.26416,-0.041025,-0.38766,0.066758,-0.37319,-0.40843,0.080945,-0.058056,-0.28893,0.0071524,-0.47663,-0.35081,-0.38861,-0.089582,-0.45447,0.082331,-0.37525,0.16059,-0.12829,-0.021706,-0.067164,0.13821,-0.3211,-0.31973,-0.21962,-0.19623,-0.43334,-0.27802,-0.28233,-0.14935,-0.21243,0.013828,-0.57523,-0.19995,-0.11696,-0.26078,-0.24724,-0.051368,0.039208,-0.50203,-0.31184,-0.28365,-0.25938,-0.14683,-0.27181,-0.49592,-0.27903,-0.34336,-0.2353,-0.37208,-0.3816,-0.18483,-0.26191,-0.36636,-0.29056,-0.47951,-0.44339,-0.40729,-0.16721,-0.246,-0.4452,-0.3847,-0.25838,-0.4035,-0.40958,-0.30445,-0.20199,-0.3816,-0.45531,-0.23722,-0.15184,-0.15765,0.1959,-0.4012,-0.30712,-0.33119,-0.18806,-0.24791,-0.20105,-0.25688,-0.27837,-0.16725,0.077958
-0.51186,-0.5392,0.030395,-0.22797,-0.10298,-0.25187,-0.31121,-0.33851,-0.46225,-0.44471,-0.40492,-0.41168,0,0.5702,-0.14608,-0.13835,-0.14324,-0.075016,-0.52426,-0.25521,-0.2037,-0.31147,-0.4452,-0.45598,-0.38718,-0.58836,0.15126,-0.25435,-0.64217,-0.52285,-0.41498,-0.67749,0.38718,0.021065,-0.21115,-0.47802,-0.30423,-0.64678,-0.23452,-0.36981,-0.18656,-0.26039,-0.36375,-0.48277,-0.16675,-0.20068,-0.41548,-0.24227,-0.42139,0.3042,0.12811,-0.21372,-0.22684,-0.18471,0.053754,-0.2178,-0.15622,-0.25929,-0.26679,-0.35146,-0.34034,-0.096401,-0.0029224,0.010199,-0.37137,-0.40877,-0.31718,0.014736,0.049524,-0.49154,-0.59162,-0.32906,-0.33291,-0.12044,-0.20572,-0.15427,-0.0049296,-0.017868,0.035481,-0.014874,-0.098866,-0.30878,-0.33898,-0.29362,-0.41995,-0.25973,-0.29418,-0.32491,-0.35311,-0.30326,-0.23878,-0.21545,-0.20856,-0.10566,-0.060129,0.029414,-0.010984,-0.25115,-0.34403,-0.27698,-0.30033,-0.26073,-0.39351,-0.091818,-0.48907
-0.58581,-0.52984,-0.008205,-0.22243,-0.19523,-0.23004,-0.25364,-0.33169,-0.44839,-0.35508,-0.37231,-0.35235,0.5702,0,-0.26752,-0.1523,-0.21362,-0.21965,-0.51328,-0.36109,-0.29514,-0.20969,-0.45346,-0.27002,-0.48729,-0.53066,-0.0053218,-0.32907,-0.60413,-0.49469,-0.31629,-0.51356,0.44252,0.053944,-0.14877,-0.34775,-0.40425,-0.62996,-0.38587,-0.4107,-0.2162,-0.31846,-0.27523,-0.36351,-0.10072,-0.15339,-0.41495,-0.30308,-0.46211,0.12543,0.021222,-0.086777,-0.36819,-0.27868,-0.078226,-0.28842,-0.24524,-0.33796,-0.40236,-0.39937,-0.29227,-0.090425,0.2245,-0.20685,-0.2725,-0.45963,-0.34611,-0.12485,0.07563,-0.38117,-0.43491,-0.24397,-0.25976,-0.038841,-0.15019,-0.20464,-0.17892,0.0024975,-0.0013664,-0.11675,-0.19461,-0.25685,-0.33526,-0.27203,-0.40468,-0.29277,-0.37771,-0.38405,-0.41406,-0.27759,-0.24647,-0.14605,-0.12734,-0.13471,-0.069145,0.018993,-0.069027,-0.30814,-0.28419,-0.43244,-0.25109,-0.33591,-0.33595,-0.0298,-0.43987
0.18377,-0.13588,-0.38283,-0.28893,0.093577,-0.039103,-0.19815,-0.023889,-0.18913,-0.17728,-0.21237,-0.15699,-0.14608,-0.26752,0,-0.14829,-0.39759,-0.23264,-0.3859,-0.28987,-0.2984,-0.095616,-0.068504,-0.24615,-0.095335,-0.19571,-0.1213,-0.11115,-0.34202,-0.3913,-0.27482,-0.34166,-0.2442,-0.38291,-0.24772,-0.25945,0.037887,-0.097741,-0.023079,-0.018273,-0.089785,-0.16494,-0.19629,-0.16303,-0.10689,-0.096675,-0.21929,-0.14532,-0.25005,-0.094806,-0.051237,-0.31587,0.19976,0.22835,-0.058481,0.1375,0.054415,-0.055487,0.13973,0.0034585,-0.028211,-0.24988,-0.47547,0.052074,-0.16109,-0.093158,-0.13433,-0.16436,-0.31981,-0.37401,-0.38471,-0.24151,-0.15545,-0.162,-0.021935,-0.11834,-0.078677,-0.48621,-0.4046,0.14731,-0.17121,-0.50789,-0.5084,-0.54449,-0.42358,-0.38141,-0.387,-0.15535,-0.13368,-0.14763,-0.024831,-0.61086,-0.51044,-0.24679,-0.2015,-0.39996,-0.32254,-0.099179,-0.3131,0.076853,-0.1644,-0.075865,-0.10952,-0.18029,-0.36481
-0.20704,-0.39213,-0.051983,-0.20215,0.008375,-0.22934,-0.36186,-0.39587,-0.32958,-0.3611,-0.49868,-0.48168,-0.13835,-0.1523,-0.14829,0,-0.080481,0.050623,-0.0014645,-0.087333,-0.065712,0.14147,0.095087,0.038443,-0.096309,-0.32724,-0.18783,-0.1893,-0.48449,-0.42445,-0.3642,-0.5473,-0.16316,-0.47381,-0.5127,-0.46094,-0.27802,-0.44663,-0.097689,-0.13006,0.12344,-0.046805,-0.52103,-0.46975,-0.36522,-0.4344,-0.26475,-0.21778,-0.15593,-0.20846,-0.13082,-0.47162,-0.19169,-0.21087,-0.11985,-0.17571,-0.22805,-0.29997,-0.25898,-0.16874,-0.15171,-0.1866,-0.20436,-0.16165,-0.63967,-0.39383,-0.31885,-0.25048,-0.31253,-0.59653,-0.60231,-0.5042,-0.46074,-0.4796,-0.46556,-0.22108,-0.34538,-0.096466,-0.17331,-0.21053,-0.30341,-0.22028,-0.1429,-0.12587,-0.17096,-0.059835,-0.13052,-0.21604,-0.2335,-0.29252,-0.21965,-0.26371,-0.28866,-0.13569,-0.22167,-0.1617,-0.17127,-0.24257,-0.033494,-0.37614,-0.39592,-0.10553,-0.24575,-0.22232,-0.41322
-0.47673,-0.76932,0.15867,-0.2765,0.06498,-0.41557,-0.17157,-0.48841,-0.51528,-0.43207,-0.58957,-0.38768,-0.14324,-0.21362,-0.39759,-0.080481,0,0.25618,-0.29086,0.10391,0.052989,-0.43058,-0.29922,-0.39992,-0.2804,-0.474,-0.030702,-0.30153,-0.32435,-0.21328,-0.60467,-0.51305,-0.33541,-0.20002,-0.69572,-0.72602,-0.31505,-0.3856,-0.25941,-0.45144,-0.036004,-0.28408,-0.40428,-0.50803,-0.64476,-0.66044,-0.12682,-0.017894,-0.34256,-0.089778,0.13104,-0.40745,-0.12365,-0.46648,-0.052153,-0.14932,-0.25584,-0.44771,-0.39659,-0.41731,-0.57584,-0.054918,-0.15533,0.019633,-0.56098,-0.25233,-0.15067,0.21996,0.1314,-0.52049,-0.52428,-0.81047,-0.76838,-0.76596,-0.79428,-0.17448,-0.055912,0.051139,0.2333,-0.29313,-0.029603,0.18278,0.15539,-0.048864,-0.38316,-0.061489,0.13968,-0.15312,-0.14033,-0.38147,-0.42354,-0.080422,-0.24865,0.0085646,-0.18239,0.16021,0.053375,-0.40949,0.047086,-0.29887,-0.38544,-0.3088,-0.46516,-0.17749,-0.28432
-0.2165,-0.49707,0.00080416,-0.25325,0.05112,-0.39129,-0.23721,-0.41617,-0.33248,-0.50811,-0.44131,-0.51693,-0.075016,-0.21965,-0.23264,0.050623,0.25618,0,-0.09712,0.29095,-0.0083227,-0.34034,-0.10718,-0.29345,-0.15144,-0.46422,-0.079416,-0.087333,-0.35933,-0.2701,-0.47675,-0.43,-0.23063,-0.23791,-0.61749,-0.51803,-0.2949,-0.32107,-0.089791,-0.28903,0.013037,-0.15778,-0.40042,-0.44626,-0.58566,-0.55677,-0.14553,0.054506,0.0091269,-0.082541,-0.072165,-0.45632,-0.10712,-0.38557,-0.10196,-0.070197,-0.16193,-0.30344,-0.10972,-0.33624,-0.49609,-0.039796,-0.25391,0.11374,-0.50228,-0.22833,-0.10631,0.1007,-0.12106,-0.53222,-0.45754,-0.67273,-0.57489,-0.71622,-0.67044,-0.2399,-0.16224,-0.12992,0.0024648,-0.27677,-0.28322,-0.058887,0.1168,-0.091785,-0.27813,-0.10685,-0.10475,-0.094577,-0.031957,-0.30283,-0.26917,-0.31501,-0.4354,-0.19989,-0.38666,-0.14214,-0.16109,-0.38607,-0.061083,-0.37429,-0.48514,-0.34329,-0.46309,-0.36895,-0.47984
-0.074238,-0.12867,-0.20748,-0.076892,-0.22068,-0.27854,-0.42822,-0.3157,-0.041084,-0.29481,-0.26217,-0.34762,-0.52426,-0.51328,-0.3859,-0.0014645,-0.29086,-0.09712,0,-0.028453,-0.22245,-0.017051,0.045504,0.1678,-0.14742,-0.13929,-0.44854,-0.49538,-0.35622,-0.21578,-0.29295,-0.084587,-0.41697,-0.73751,-0.43085,-0.32702,-0.30886,-0.34732,-0.053166,-0.13509,-0.030002,-0.093439,-0.54064,-0.39604,-0.52153,-0.45554,-0.11545,-0.11116,0.1321,-0.47928,-0.59429,-0.25213,-0.18529,-0.28732,-0.31465,-0.25336,-0.34277,-0.20774,-0.08987,-0.032317,-0.016678,-0.5541,-0.52302,-0.61005,-0.55119,-0.25182,-0.14611,-0.58031,-0.58401,-0.37732,-0.10231,-0.25844,-0.21711,-0.46295,-0.35308,-0.15646,-0.42654,-0.24652,-0.31999,-0.59548,-0.45381,-0.12916,0.014919,0.21396,0.28312,0.18532,-0.10141,-0.093191,-0.13183,-0.25132,-0.12073,-0.26223,-0.24109,-0.26535,-0.43205,-0.40352,-0.39288,-0.043287,0.0082443,-0.67422,-0.4165,-0.18234,-0.23843,-0.42852,-0.21538
-0.087653,-0.47664,-0.055003,-0.27243,0.10466,-0.41731,-0.29005,-0.44694,-0.44999,-0.65683,-0.56287,-0.58955,-0.25521,-0.36109,-0.28987,-0.087333,0.10391,0.29095,-0.028453,0,0.11665,-0.2905,-0.12946,-0.29566,-0.18917,-0.35541,0.016619,-0.21233,-0.45247,-0.46466,-0.51724,-0.46231,-0.42726,-0.24778,-0.50254,-0.58938,-0.31694,-0.32505,-0.1622,-0.32803,-0.069007,-0.30491,-0.52544,-0.63122,-0.61232,-0.58875,0.017535,0.020039,-0.084175,-0.14524,-0.11273,-0.42233,-0.10881,-0.36345,-0.021019,-0.24526,-0.31077,-0.16226,-0.093289,-0.38568,-0.42103,-0.11012,-0.37711,-0.16144,-0.37142,-0.076663,0.059455,0.084188,-0.15493,-0.37659,-0.339,-0.47768,-0.40931,-0.68314,-0.53574,-0.2637,-0.059501,-0.10509,-0.075715,-0.26796,-0.15627,-0.056736,-0.028557,-0.060129,-0.23193,0.040443,0.094871,-0.0080285,-0.11256,-0.062044,-0.1254,-0.37342,-0.36611,-0.33878,-0.48385,-0.12055,-0.064038,-0.27279,-0.15163,-0.25122,-0.37094,-0.14561,-0.29114,-0.48227,-0.40148
-0.26269,-0.88809,-0.073996,-0.50743,0.073191,-0.48012,-0.36874,-0.64835,-0.75175,-0.59153,-0.9881,-0.63448,-0.2037,-0.29514,-0.2984,-0.065712,0.052989,-0.0083227,-0.22245,0.11665,0,-0.13538,-0.29075,-0.47305,-0.33805,-0.65715,-0.039469,-0.28344,-0.51873,-0.38756,-0.79997,-0.67583,-0.31087,-0.17748,-0.54685,-0.75917,-0.30049,-0.51581,-0.2436,-0.63683,-0.034971,-0.35617,-0.5773,-0.68113,-0.692,-0.7146,0.054225,-0.017933,-0.17898,0.070276,0.058775,-0.19562,-0.085541,-0.51154,0.18228,-0.069027,-0.24933,-0.23395,-0.26855,-0.57705,-0.62424,0.054474,-0.15192,-0.071747,-0.20062,-0.098428,-0.074741,0.23749,-0.13773,-0.26398,-0.30477,-0.53761,-0.53202,-0.59934,-0.4566,-0.36849,-0.17816,-0.087745,0.0010395,-0.39234,-0.15707,-0.20199,-0.2637,-0.12867,-0.42338,-0.068733,-0.11425,0.079546,0.014429,-0.19924,-0.24956,-0.02827,-0.27832,-0.18325,-0.38844,0.09321,-0.16362,-0.15547,-0.19763,-0.21897,-0.30361,0.0038312,-0.20752,-0.15037,-0.43209
-0.16668,-0.22827,-0.40078,-0.37648,-0.023857,0.068876,-0.27741,-0.082763,-0.33714,-0.10227,-0.47295,-0.19159,-0.31147,-0.20969,-0.095616,0.14147,-0.43058,-0.34034,-0.017051,-0.2905,-0.13538,0,-0.014096,0.16332,-0.28236,-0.28785,-0.30651,-0.36679,-0.40227,-0.38534,-0.4292,-0.32608,-0.21571,-0.40196,-0.36519,-0.25129,-0.36891,-0.39514,-0.25686,-0.031434,0.21838,0.0592,-0.4032,-0.19334,-0.38136,-0.42545,-0.036337,-0.1818,-0.11966,-0.22682,-0.26634,-0.20099,-0.16385,-0.049171,-0.1761,-0.024635,-0.017404,-0.043516,-0.17057,-0.20974,-0.0024386,-0.30663,-0.18386,-0.38036,-0.23959,-0.13958,-0.21966,-0.37948,-0.48131,-0.33409,-0.25636,-0.38443,-0.3385,-0.36592,-0.23206,-0.40849,-0.49303,-0.2116,-0.31023,-0.39558,-0.37819,-0.25508,-0.45217,-0.14425,-0.13239,-0.099912,-0.34051,0.011494,-0.038979,-0.10378,-0.14302,-0.20249,-0.20279,-0.23596,-0.16997,-0.34505,-0.40864,-0.057174,-0.14552,-0.38621,-0.2744,0.085888,-0.070053,-0.20528,-0.36318
0.25469,-0.075199,-0.54233,-0.36149,-0.15322,-0.22915,0.016842,-0.14241,0.030584,-0.12865,-0.031617,-0.26416,-0.4452,-0.45346,-0.068504,0.095087,-0.29922,-0.10718,0.045504,-0.12946,-0.29075,-0.014096,0,0.091752,0.13885,-0.029362,-0.18413,-0.23223,-0.073571,-0.26696,-0.098029,-0.08919,-0.55105,-0.76199,-0.26109,-0.082416,-0.33364,-0.081717,0.20398,0.035873,0.077408,-0.22094,-0.133,-0.18444,-0.20228,-0.20957,-0.085895,-0.094904,0.073499,-0.53436,-0.5108,-0.4221,-0.17856,-0.24887,-0.41873,-0.10842,-0.1426,0.015541,0.0056095,-0.0020856,-0.048655,-0.11655,-0.39397,-0.28258,-0.32733,-0.090144,-0.055108,-0.46051,-0.3771,-0.23679,-0.15206,-0.2519,-0.12375,-0.35391,-0.17527,-0.42924,-0.45775,-0.66872,-0.74936,-0.16372,-0.6187,-0.36574,-0.097022,-0.43814,-0.34984,-0.4217,-0.43421,-0.088235,-0.10401,-0.092674,-0.021915,-0.41535,-0.55076,-0.30234,-0.39161,-0.62953,-0.51455,-0.27269,-0.075911,-0.1602,-0.38069,-0.27652,-0.31606,-0.28347,-0.29624
-0.11999,-0.010794,-0.32479,-0.0030793,-0.20814,0.027145,-0.27757,-0.08428,0.051146,0.070151,-0.10136,-0.041025,-0.45598,-0.27002,-0.24615,0.038443,-0.39992,-0.29345,0.1678,-0.29566,-0.47305,0.16332,0.091752,0,-0.13023,0.16768,-0.48585,-0.41727,-0.14702,-0.18695,-0.12302,0.043274,-0.32593,-0.569,-0.42112,-0.077539,-0.47082,-0.10848,-0.26349,0.10839,0.014207,-0.065104,-0.25218,-0.092164,-0.31166,-0.30075,-0.20484,-0.23897,-0.085947,-0.43419,-0.42218,-0.17481,-0.27135,-0.13083,-0.404,-0.33538,-0.28046,-0.29756,-0.22144,-0.0090484,0.24108,-0.46394,-0.24644,-0.63961,-0.42447,-0.32204,-0.27862,-0.72206,-0.4462,-0.27994,-0.12223,-0.20703,-0.20474,-0.23029,-0.28275,-0.22091,-0.42351,-0.31011,-0.42754,-0.41666,-0.37741,-0.12664,-0.12108,-0.085032,0.086274,-0.13231,-0.29217,-0.27982,-0.25451,-0.19931,-0.21416,-0.29934,-0.18526,-0.3166,-0.22227,-0.48887,-0.29807,-0.19365,0.041993,-0.59397,-0.258,-0.29334,-0.17122,-0.29554,-0.23616
0.050126,0.042025,-0.27333,-0.0396,-0.33968,-0.28916,-0.33733,-0.22365,0.12965,-0.30171,-0.017927,-0.38766,-0.38718,-0.48729,-0.095335,-0.096309,-0.2804,-0.15144,-0.14742,-0.18917,-0.33805,-0.28236,0.13885,-0.13023,0,0.075519,-0.26448,-0.068288,-0.046648,-0.26433,0.079461,-0.084763,-0.40668,-0.58037,-0.1707,-0.0035697,-0.11923,0.0058318,-0.10325,-0.028518,-0.22682,-0.26828,-0.0032036,-0.10033,-0.062116,0.029845,-0.23571,-0.297,-0.10425,-0.5474,-0.36991,-0.6351,-0.2955,-0.23162,-0.27212,-0.25365,-0.022824,-0.052041,-0.014239,-0.059625,-0.17833,-0.3025,-0.60724,-0.2981,-0.4292,-0.18772,-0.23647,-0.31246,-0.50073,-0.094374,-0.1546,-0.11647,-0.14459,-0.26811,-0.20377,-0.089301,-0.062639,-0.48701,-0.49803,0.15242,-0.24395,-0.21273,0.010755,-0.36705,-0.20986,-0.32347,-0.16358,-0.1913,-0.15167,-0.00028767,0.10633,-0.54218,-0.55076,-0.51433,-0.57081,-0.73492,-0.44599,-0.078768,0.010402,-0.038874,-0.43602,-0.52547,-0.44771,-0.40513,-0.48229
-0.048583,0.31248,-0.42883,0.14256,-0.36275,0.023046,-0.31404,-0.023085,0.22538,0.087647,0.15176,0.066758,-0.58836,-0.53066,-0.19571,-0.32724,-0.474,-0.46422,-0.13929,-0.35541,-0.65715,-0.28785,-0.029362,0.16768,0.075519,0,-0.52345,-0.31466,0.19812,-0.17495,0.087098,0.13767,-0.56668,-0.57863,-0.3144,0.073139,-0.3955,0.23284,-0.30418,0.19872,-0.31967,-0.2189,-0.091073,-0.022837,-0.13843,-0.093995,-0.31515,-0.39852,-0.25872,-0.51617,-0.44732,-0.27519,-0.29153,-0.0089373,-0.47824,-0.55815,-0.30998,-0.26975,-0.18809,0.091609,0.25978,-0.50439,-0.45387,-0.57342,-0.32235,-0.29264,-0.32418,-0.71726,-0.45673,-0.093269,-0.10806,-0.018195,-0.085692,-0.056853,-0.20131,-0.15412,-0.15371,-0.49305,-0.64573,-0.16228,-0.21277,-0.25414,-0.17682,-0.31872,-0.052035,-0.3525,-0.23696,-0.43589,-0.39532,-0.16598,-0.25571,-0.39772,-0.17829,-0.43138,-0.2465,-0.64274,-0.22501,-0.20009,-0.16657,-0.2267,-0.051858,-0.35712,-0.13843,-0.38694,-0.13311
-0.23375,-0.61315,-0.22571,-0.55237,0.00049034,-0.40074,-0.0281,-0.29045,-0.43027,-0.39589,-0.35463,-0.37319,0.15126,-0.0053218,-0.1213,-0.18783,-0.030702,-0.079416,-0.44854,0.016619,-0.039469,-0.30651,-0.18413,-0.48585,-0.26448,-0.52345,0,-0.30275,-0.51,-0.5076,-0.47944,-0.55328,-0.22309,-0.14567,-0.1562,-0.51452,-0.23727,-0.41521,-0.026576,-0.38899,-0.10441,-0.47201,-0.27887,-0.55216,-0.26902,-0.30527,-0.079076,0.033932,-0.37984,-0.00079108,0.040737,-0.38636,-0.10242,-0.34496,0.0034455,-0.11932,-0.19278,0.017077,-0.1074,-0.35186,-0.45204,0.023072,-0.25781,0.007342,-0.31503,-0.0037004,0.062685,0.12272,0.055108,-0.34859,-0.40603,-0.38598,-0.28622,-0.28562,-0.15362,-0.31553,0.039443,-0.29722,-0.18095,-0.016796,-0.063169,-0.25334,-0.3012,-0.48695,-0.64843,-0.31765,-0.21382,-0.049851,-0.17157,-0.063502,-0.048328,-0.3519,-0.48183,-0.14907,-0.14407,-0.094381,-0.10626,-0.35393,-0.26557,0.092354,-0.48759,-0.23236,-0.50162,-0.093093,-0.30847
-0.087274,-0.18955,-0.3589,-0.37364,-0.32875,-0.34642,-0.19391,-0.21869,-0.34827,-0.3758,-0.21727,-0.40843,-0.25435,-0.32907,-0.11115,-0.1893,-0.30153,-0.087333,-0.49538,-0.21233,-0.28344,-0.36679,-0.23223,-0.41727,-0.068288,-0.31466,-0.30275,0,-0.16764,-0.18567,-0.031264,-0.3339,-0.1629,0.017548,-0.19102,-0.1218,-0.11883,0.030368,-0.28365,-0.16619,-0.36422,-0.17653,-0.0048969,-0.058109,-0.064418,-0.097839,-0.50801,-0.52132,-0.18891,-0.32273,-0.18973,-0.63881,-0.43961,-0.26306,-0.37897,-0.27116,-0.19,-0.38072,-0.3375,-0.51052,-0.54136,-0.13212,-0.30455,0.13246,-0.2015,-0.4134,-0.53071,-0.054506,-0.22527,-0.30247,-0.44887,-0.30457,-0.35289,-0.40275,-0.43088,-0.44945,-0.34224,-0.36319,-0.31695,-0.0094799,-0.31539,-0.41625,-0.32112,-0.57783,-0.39417,-0.49632,-0.38196,-0.47236,-0.38665,-0.30114,-0.31807,-0.68012,-0.68698,-0.72123,-0.56101,-0.41759,-0.32872,-0.44543,-0.38147,-0.036592,-0.45335,-0.47912,-0.44989,-0.5956,-0.63432
-0.17673,0.072616,-0.64691,-0.27704,-0.50678,-0.13531,-0.031133,-0.046354,0.048844,0.18341,0.14545,0.080945,-0.64217,-0.60413,-0.34202,-0.48449,-0.32435,-0.35933,-0.35622,-0.45247,-0.51873,-0.40227,-0.073571,-0.14702,-0.046648,0.19812,-0.51,-0.16764,0,0.14313,-0.0022686,0.21868,-0.62704,-0.3348,-0.31329,0.2153,-0.4426,0.3125,-0.28624,-0.01673,-0.34214,-0.26247,0.14358,0.19066,-0.2353,-0.21473,-0.21766,-0.29968,-0.11219,-0.55778,-0.48502,-0.30771,-0.35757,-0.27112,-0.6161,-0.36862,-0.19355,-0.25156,-0.27475,-0.20626,-0.21903,-0.17252,-0.24358,-0.28422,-0.11512,-0.17095,-0.30343,-0.48002,-0.34559,0.06734,-0.031316,-0.25955,-0.26188,-0.22957,-0.34058,-0.50802,-0.386,-0.61167,-0.62528,-0.32465,-0.4443,-0.20919,-0.11853,-0.49188,-0.34813,-0.69666,-0.48098,-0.31015,-0.20087,-0.23566,-0.47581,-0.23172,-0.30988,-0.38666,-0.27122,-0.66361,-0.39305,-0.49752,-0.29191,-0.11941,-0.15963,-0.50859,-0.28993,-0.34272,-0.18778
-0.23744,-0.21463,-0.36974,-0.29182,-0.49477,-0.34487,-0.057697,-0.20972,-0.18675,0.031244,-0.059115,-0.058056,-0.52285,-0.49469,-0.3913,-0.42445,-0.21328,-0.2701,-0.21578,-0.46466,-0.38756,-0.38534,-0.26696,-0.18695,-0.26433,-0.17495,-0.5076,-0.18567,0.14313,0,-0.10162,0.2198,-0.31731,-0.21418,-0.3348,-0.11692,-0.17129,0.072806,-0.11773,-0.28813,-0.29755,-0.25329,0.0024386,0.031768,-0.31697,-0.29705,-0.36284,-0.34137,0.024641,-0.46861,-0.35717,-0.2605,-0.19271,-0.35592,-0.40292,-0.21787,-0.32896,-0.53565,-0.46188,-0.40541,-0.40822,-0.32877,-0.25634,-0.26054,-0.24505,-0.40145,-0.46675,-0.40212,-0.23805,-0.12955,-0.060338,-0.29237,-0.29203,-0.3534,-0.41312,-0.35555,-0.46012,-0.41189,-0.27098,-0.54466,-0.42037,-0.081318,0.016096,-0.25191,-0.15956,-0.40016,-0.40935,-0.38069,-0.26967,-0.49398,-0.59674,-0.27634,-0.46429,-0.39048,-0.37797,-0.44578,-0.30902,-0.38254,-0.23108,-0.34607,-0.38,-0.60506,-0.44276,-0.38928,-0.31894
-0.053905,0.19213,-0.41557,-0.067262,-0.82363,-0.38436,-0.2014,-0.2092,0.10872,-0.21328,0.34921,-0.28893,-0.41498,-0.31629,-0.27482,-0.3642,-0.60467,-0.47675,-0.29295,-0.51724,-0.79997,-0.4292,-0.098029,-0.12302,0.079461,0.087098,-0.47944,-0.031264,-0.0022686,-0.10162,0,0.17689,-0.21627,-0.34682,0.21473,0.29296,-0.11289,0.043189,-0.16936,-0.16732,-0.63036,-0.43716,0.21319,0.045968,0.4892,0.5211,-0.65555,-0.69643,-0.19394,-0.80005,-0.65315,-0.40635,-0.51356,-0.26944,-0.56201,-0.53291,-0.40156,-0.32972,-0.34685,-0.15723,-0.14145,-0.36009,-0.35038,-0.50576,-0.20044,-0.53094,-0.5393,-0.65656,-0.3714,0.027466,-0.038253,0.33694,0.25768,0.076166,0.017914,-0.20277,-0.39033,-0.55599,-0.65154,0.010618,-0.51295,-0.42265,-0.14606,-0.52895,-0.19553,-0.59012,-0.4705,-0.66095,-0.6232,-0.2324,-0.162,-0.59523,-0.51333,-0.63846,-0.56228,-0.77697,-0.44191,-0.32008,-0.32958,-0.20214,-0.27295,-0.73167,-0.37788,-0.43607,-0.34965
-0.06262,0.17618,-0.5705,-0.16371,-0.6167,-0.22582,-0.074512,-0.028172,0.22852,0.07801,0.3319,0.0071524,-0.67749,-0.51356,-0.34166,-0.5473,-0.51305,-0.43,-0.084587,-0.46231,-0.67583,-0.32608,-0.08919,0.043274,-0.084763,0.13767,-0.55328,-0.3339,0.21868,0.2198,0.17689,0,-0.45589,-0.44712,-0.082698,0.29269,-0.22713,0.21295,-0.16283,-0.12267,-0.3771,-0.32638,0.19198,0.23483,-0.11293,-0.026328,-0.25707,-0.29267,0.031231,-0.75042,-0.71251,-0.21886,-0.30478,-0.31019,-0.59588,-0.28431,-0.27149,-0.23677,-0.1942,-0.15343,-0.13378,-0.44186,-0.40635,-0.61905,-0.11741,-0.21015,-0.2508,-0.69838,-0.48429,0.12381,0.34871,0.038848,0.069838,-0.11024,-0.075624,-0.28671,-0.432,-0.6733,-0.61219,-0.40177,-0.53954,-0.19336,-0.054676,-0.312,-0.10104,-0.45643,-0.48786,-0.29681,-0.19981,-0.20374,-0.21314,-0.42128,-0.43132,-0.50852,-0.47158,-0.88808,-0.57252,-0.26553,-0.17941,-0.35588,-0.30177,-0.66646,-0.35263,-0.4125,-0.18548
-0.50786,-0.39899,0.059063,-0.11537,-0.33217,-0.283,-0.42873,-0.37435,-0.46942,-0.46252,-0.39083,-0.47663,0.38718,0.44252,-0.2442,-0.16316,-0.33541,-0.23063,-0.41697,-0.42726,-0.31087,-0.21571,-0.55105,-0.32593,-0.40668,-0.56668,-0.22309,-0.1629,-0.62704,-0.31731,-0.21627,-0.45589,0,0.1054,-0.1039,-0.3065,-0.19185,-0.6074,-0.33086,-0.40128,-0.31302,-0.20188,-0.30043,-0.30479,-0.049982,-0.073884,-0.59499,-0.50657,-0.28374,0.032748,-0.058187,-0.17799,-0.35535,-0.18826,-0.029067,-0.28949,-0.22413,-0.42215,-0.42841,-0.462,-0.33289,-0.26143,0.026864,-0.20445,-0.29943,-0.65225,-0.57901,-0.17691,-0.12659,-0.37746,-0.44114,-0.16466,-0.222,-0.077251,-0.1944,-0.12538,-0.23393,0.06749,0.064535,-0.13864,-0.24197,-0.27448,-0.30597,-0.16468,-0.18115,-0.19936,-0.35159,-0.46804,-0.47745,-0.35288,-0.28507,-0.27055,-0.21277,-0.3195,-0.27257,-0.10435,-0.1251,-0.16244,-0.37985,-0.48144,-0.2989,-0.36524,-0.32757,-0.26723,-0.67277
-0.52649,-0.53262,-0.16494,-0.42015,-0.32966,-0.35773,-0.24101,-0.35479,-0.70355,-0.38486,-0.47209,-0.35081,0.021065,0.053944,-0.38291,-0.47381,-0.20002,-0.23791,-0.73751,-0.24778,-0.17748,-0.40196,-0.76199,-0.569,-0.58037,-0.57863,-0.14567,0.017548,-0.3348,-0.21418,-0.34682,-0.44712,0.1054,0,-0.20013,-0.30157,-0.32532,-0.33311,-0.56771,-0.49675,-0.45362,-0.36464,-0.21093,-0.25893,-0.26407,-0.31063,-0.34886,-0.38287,-0.34734,0.034906,0.051773,-0.19933,-0.40536,-0.34474,-0.11609,-0.38466,-0.30932,-0.41408,-0.50368,-0.8378,-0.66382,-0.0264,0.11519,-0.023726,-0.027976,-0.35623,-0.40793,0.095747,0.056428,-0.2035,-0.37415,-0.36072,-0.41108,-0.25247,-0.4025,-0.44248,-0.21756,0.011219,0.077703,-0.27325,-0.13416,-0.1541,-0.3727,-0.35089,-0.42308,-0.37152,-0.33962,-0.36893,-0.41162,-0.23516,-0.49164,-0.23863,-0.26106,-0.43175,-0.27344,-0.023294,-0.015194,-0.51779,-0.56305,-0.21301,-0.26993,-0.37016,-0.30975,-0.33575,-0.56507
-0.15189,-0.057141,-0.47637,-0.3866,-0.72833,-0.46543,-0.14101,-0.21159,-0.134,-0.36198,0.075918,-0.38861,-0.21115,-0.14877,-0.24772,-0.5127,-0.69572,-0.61749,-0.43085,-0.50254,-0.54685,-0.36519,-0.26109,-0.42112,-0.1707,-0.3144,-0.1562,-0.19102,-0.31329,-0.3348,0.21473,-0.082698,-0.1039,-0.20013,0,0.12638,-0.020418,-0.27356,-0.14965,-0.36399,-0.63908,-0.55209,0.076173,-0.11663,0.48161,0.48691,-0.42325,-0.48967,-0.28472,-0.5595,-0.57472,-0.34753,-0.49146,-0.3349,-0.40466,-0.33909,-0.2869,-0.014168,-0.21361,-0.28925,-0.30748,-0.27058,-0.35325,-0.44172,-0.025145,-0.25071,-0.28144,-0.42213,-0.35746,0.043464,-0.029898,0.30609,0.37583,0.16323,0.39525,-0.2943,-0.35277,-0.5224,-0.5569,0.021497,-0.46219,-0.51073,-0.40364,-0.60769,-0.40456,-0.55887,-0.53128,-0.35282,-0.44312,-0.047269,0.081534,-0.52464,-0.50059,-0.5123,-0.47936,-0.57158,-0.55733,-0.24487,-0.5094,-0.044242,-0.37454,-0.49955,-0.38179,-0.31028,-0.32853
-0.12887,0.35977,-0.68806,-0.23995,-0.71933,-0.12921,-0.13101,0.028904,0.17582,0.015266,0.29985,-0.089582,-0.47802,-0.34775,-0.25945,-0.46094,-0.72602,-0.51803,-0.32702,-0.58938,-0.75917,-0.25129,-0.082416,-0.077539,-0.0035697,0.073139,-0.51452,-0.1218,0.2153,-0.11692,0.29296,0.29269,-0.3065,-0.30157,0.12638,0,-0.30028,0.10068,-0.31955,0.020993,-0.46571,-0.26831,0.26655,0.38604,0.11916,0.17519,-0.2854,-0.41568,-0.068203,-0.67536,-0.68912,-0.33741,-0.56755,-0.22518,-0.6774,-0.35865,-0.10436,-0.046693,-0.13355,-0.17946,-0.12746,-0.27506,-0.28977,-0.46298,-0.0075709,-0.17404,-0.29522,-0.63334,-0.58068,0.14836,0.070021,0.037384,0.059298,0.045379,0.014991,-0.43444,-0.47736,-0.64233,-0.7632,-0.16662,-0.58968,-0.34335,-0.26793,-0.53591,-0.28522,-0.68984,-0.65917,-0.29616,-0.24179,-0.0062633,-0.11167,-0.42869,-0.35471,-0.58248,-0.42306,-0.98431,-0.6699,-0.34416,-0.36776,-0.18177,-0.26858,-0.59482,-0.26887,-0.41534,-0.33795
-0.059521,-0.20736,-0.15948,-0.24243,-0.34013,-0.4847,-0.33516,-0.33274,-0.25733,-0.49029,-0.22998,-0.45447,-0.30423,-0.40425,0.037887,-0.27802,-0.31505,-0.2949,-0.30886,-0.31694,-0.30049,-0.36891,-0.33364,-0.47082,-0.11923,-0.3955,-0.23727,-0.11883,-0.4426,-0.17129,-0.11289,-0.22713,-0.19185,-0.32532,-0.020418,-0.30028,0,-0.21167,-0.0018371,-0.40026,-0.48353,-0.35821,-0.20888,-0.25913,-0.020156,0.0090092,-0.43442,-0.35897,-0.24441,-0.43474,-0.25156,-0.5446,0.012128,-0.16162,-0.08528,-0.042993,-0.2578,-0.26738,-0.15899,-0.19941,-0.36496,-0.42955,-0.65204,-0.16123,-0.27992,-0.29328,-0.314,-0.19427,-0.44668,-0.26349,-0.30285,-0.10192,-0.038645,-0.2209,-0.06464,0.081952,-0.15097,-0.33641,-0.20348,-0.0064594,-0.19375,-0.35356,-0.28388,-0.33476,-0.21565,-0.22048,-0.14423,-0.30319,-0.28461,-0.29862,-0.087437,-0.68832,-0.60826,-0.31867,-0.45372,-0.37814,-0.35124,-0.14253,-0.36255,-0.013161,-0.35254,-0.30171,-0.27119,-0.3491,-0.29172
0.053369,0.099951,-0.62949,-0.24771,-0.32989,-0.10728,-0.026086,0.08496,0.020509,0.097009,0.14492,0.082331,-0.64678,-0.62996,-0.097741,-0.44663,-0.3856,-0.32107,-0.34732,-0.32505,-0.51581,-0.39514,-0.081717,-0.10848,0.0058318,0.23284,-0.41521,0.030368,0.3125,0.072806,0.043189,0.21295,-0.6074,-0.33311,-0.27356,0.10068,-0.21167,0,-0.23874,0.045693,-0.31654,-0.23217,0.24339,0.23842,-0.15031,-0.11622,-0.2995,-0.33957,-0.17515,-0.51241,-0.34034,-0.44182,-0.26184,-0.17767,-0.55977,-0.26795,-0.20991,-0.31474,-0.21616,-0.23976,-0.22761,-0.33281,-0.48191,-0.22667,-0.1294,-0.18524,-0.31038,-0.37174,-0.35312,-0.067811,-0.090497,-0.1751,-0.19594,-0.25433,-0.27066,-0.38433,-0.24956,-0.75589,-0.62271,-0.17578,-0.26919,-0.31723,-0.24892,-0.57775,-0.31857,-0.57797,-0.40456,-0.38696,-0.23361,-0.24362,-0.31165,-0.6379,-0.56137,-0.63526,-0.40816,-0.7187,-0.3886,-0.3661,-0.21435,-0.030113,-0.28493,-0.53951,-0.35955,-0.49858,-0.23134
0.16835,-0.24563,-0.38473,-0.40409,-0.20596,-0.44934,-0.00035958,-0.27773,-0.15903,-0.30345,-0.081508,-0.37525,-0.23452,-0.38587,-0.023079,-0.097689,-0.25941,-0.089791,-0.053166,-0.1622,-0.2436,-0.25686,0.20398,-0.26349,-0.10325,-0.30418,-0.026576,-0.28365,-0.28624,-0.11773,-0.16936,-0.16283,-0.33086,-0.56771,-0.14965,-0.31955,-0.0018371,-0.23874,0,-0.25293,-0.1098,-0.34081,-0.23901,-0.38556,-0.15947,-0.17136,-0.27996,-0.13561,0.080128,-0.37859,-0.40484,-0.39196,0.10227,-0.22281,-0.19531,-0.019025,-0.27943,-0.10688,-0.054212,-0.098689,-0.22434,-0.17939,-0.46912,-0.14725,-0.33299,-0.22323,-0.1397,-0.3497,-0.26358,-0.31003,-0.22779,-0.17867,-0.0039162,-0.28515,-0.071864,-0.27437,-0.33963,-0.59401,-0.49404,-0.1751,-0.54704,-0.45203,-0.12759,-0.41303,-0.33724,-0.37741,-0.40649,-0.18711,-0.22061,-0.30912,-0.14197,-0.48559,-0.68954,-0.20987,-0.37988,-0.45278,-0.36237,-0.23312,-0.31459,-0.10099,-0.38977,-0.25375,-0.37322,-0.2792,-0.28634
-0.11289,0.32666,-0.53437,-0.11303,-0.13717,0.4131,-0.19615,0.40532,0.066444,0.14174,-0.0013141,0.16059,-0.36981,-0.4107,-0.018273,-0.13006,-0.45144,-0.28903,-0.13509,-0.32803,-0.63683,-0.031434,0.035873,0.10839,-0.028518,0.19872,-0.38899,-0.16619,-0.01673,-0.28813,-0.16732,-0.12267,-0.40128,-0.49675,-0.36399,0.020993,-0.40026,0.045693,-0.25293,0,-0.0039619,0.29165,-0.1666,0.091059,-0.23633,-0.22558,-0.25121,-0.29993,-0.2111,-0.37025,-0.36449,-0.49231,-0.29773,0.25503,-0.54362,-0.24778,0.057684,-0.075427,-0.048969,0.048171,0.20629,-0.53248,-0.50296,-0.25975,-0.44426,-0.1864,-0.30287,-0.52089,-0.53061,-0.46331,-0.42172,-0.36527,-0.35649,-0.30064,-0.33599,-0.33377,-0.278,-0.41672,-0.53445,-0.16533,-0.25295,-0.27643,-0.344,-0.30858,-0.088222,-0.27216,-0.2798,-0.26027,-0.20387,-0.18275,-0.21881,-0.49416,-0.23254,-0.37234,-0.090144,-0.62009,-0.35221,-0.19565,-0.17007,-0.21641,-0.29378,-0.19268,-0.25245,-0.5058,-0.24181
-0.17911,-0.39546,-0.29691,-0.3795,0.37491,0.067026,-0.053846,-0.024439,-0.35292,-0.11362,-0.46589,-0.12829,-0.18656,-0.2162,-0.089785,0.12344,-0.036004,0.013037,-0.030002,-0.069007,-0.034971,0.21838,0.077408,0.014207,-0.22682,-0.31967,-0.10441,-0.36422,-0.34214,-0.29755,-0.63036,-0.3771,-0.31302,-0.45362,-0.63908,-0.46571,-0.48353,-0.31654,-0.1098,-0.0039619,0,0.15069,-0.33966,-0.23462,-0.59414,-0.60163,0.019169,0.018208,-0.1305,-0.062652,-0.077814,-0.27878,-0.064104,-0.13912,-0.17766,0.16885,0.12189,-0.12426,-0.15554,-0.25349,-0.17045,-0.22422,-0.23584,-0.13546,-0.43151,-0.10438,-0.11339,-0.11825,-0.17727,-0.55948,-0.37707,-0.6727,-0.60232,-0.68617,-0.47718,-0.4073,-0.30321,-0.24171,-0.19543,-0.35549,-0.26708,-0.1375,-0.2159,-0.1082,-0.27117,-0.070949,-0.22552,0.052708,0.10674,-0.26376,-0.2078,-0.20078,-0.30579,-0.14996,-0.14581,-0.22248,-0.30826,-0.064731,0.13548,-0.38551,-0.41175,-0.06092,-0.37288,-0.23983,-0.36951
-0.36711,-0.031964,-0.32399,-0.17672,-0.025635,0.36514,-0.29342,0.19958,-0.2684,-0.089974,-0.34683,-0.021706,-0.26039,-0.31846,-0.16494,-0.046805,-0.28408,-0.15778,-0.093439,-0.30491,-0.35617,0.0592,-0.22094,-0.065104,-0.26828,-0.2189,-0.47201,-0.17653,-0.26247,-0.25329,-0.43716,-0.32638,-0.20188,-0.36464,-0.55209,-0.26831,-0.35821,-0.23217,-0.34081,0.29165,0.15069,0,-0.34209,-0.016704,-0.44505,-0.44895,-0.33037,-0.35156,-0.22411,-0.19961,-0.24312,-0.46751,-0.28407,0.11897,-0.41145,-0.069432,0.11933,-0.27037,-0.26631,-0.22805,-0.10019,-0.58434,-0.37783,-0.17505,-0.50463,-0.34195,-0.47822,-0.30491,-0.48356,-0.6811,-0.57235,-0.59433,-0.64521,-0.58817,-0.57927,-0.3508,-0.37493,-0.1516,-0.1867,-0.37404,-0.24867,-0.23625,-0.38469,-0.025576,0.020117,-0.02876,-0.17021,-0.2504,-0.10549,-0.45943,-0.40075,-0.33341,-0.14304,-0.29011,-0.10323,-0.3529,-0.34956,-0.070812,-0.12916,-0.46506,-0.34154,-0.065549,-0.30641,-0.55707,-0.30131
