,,,,,,,,,,,,,,,,,,,,,,,,,,,,,,,,,,,,,,,,,,,,,,,,,,,,,,,,,,,,,,,,,,,,,,,,,,,,,,,,,,,,,,,,,,,,,,,,,,,,,,,,
0,-0.09961,-0.049757,-0.0053243,0.10715,-0.35094,0.27546,-0.23583,0.063605,-0.003874,0.098226,-0.062223,-0.14826,-0.11183,-0.34067,-0.38194,-0.049981,0.13219,0.12468,0.13505,-0.36457,-0.26038,-0.082397,-0.18239,-0.038958,0.096415,-0.20443,-0.24081,-0.064177,-0.29315,-0.25423,-0.15237,-0.19592,-0.16464,-0.1675,-0.14923,-0.0088579,-0.0080136,0.090151,0.10383,-0.046019,-0.1464,0.031428,-0.19442,-0.15758,-0.032688,0.035268,-0.14722,-0.3563,-0.26788,-0.37487,-0.022495,0.079939,-0.3267,-0.33938,-0.58373,-0.42909,-0.27833,-0.40505,-0.074941,-0.10968,-0.067847,-0.31018,0.10236,-0.11629,0.042934,-0.031217,-0.089076,-0.2943,-0.22026,-0.19118,-0.053529,-0.038809,-0.10155,-0.067554,0.015156,-0.17028,0.018458,0.027506,0.026376,-0.026969,0.027384,0.088245,-0.17344,0.044861,0.082894,0.058397,-0.22796,-0.34894,-0.14166,-0.0076936,-0.060902,-0.2657,0.073232,-0.37993,0.044344,-0.088218,-0.098862,-0.18152,-0.16182,-0.29319,-0.18159,-0.31886,-0.34148,-0.34732
-0.09961,0,-0.074567,-0.092827,-0.01568,0.18892,-0.026962,0.24685,0.098465,0.2919,-0.12391,0.27799,-0.093556,-0.019799,0.4893,0.27862,0.16346,-0.01598,0.14663,0.0047796,0.0048272,-0.21269,0.2681,0.37631,0.074553,0.05297,-0.29067,-0.17718,-0.020262,-0.20915,-0.12355,-0.12697,-0.2459,-0.18522,-0.26851,-0.27281,-0.25584,-0.13332,-0.11689,0.14815,0.019316,0.32719,-0.22292,-0.040123,0.15513,0.14309,0.013283,-0.090097,-0.16155,-0.23843,-0.14197,-0.48858,-0.19843,-0.13645,-0.18009,-0.24668,-0.30871,-0.22131,-0.36368,0.027493,-0.0049226,-0.40829,-0.46781,-0.14366,-0.29819,0.0941,-0.12971,-0.38763,-0.28012,-0.22675,-0.39883,0.088109,-0.01713,0.23491,0.11156,0.0056443,0.098043,-0.14296,-0.18862,-0.20023,-0.133,-0.077209,-0.14236,-0.025797,-0.14337,-0.075438,-0.071054,-0.20933,-0.24996,0.31193,0.15823,-0.54008,-0.32941,-0.48521,-0.18515,-0.26476,-0.36207,-0.32074,-0.46663,-0.23143,-0.42765,-0.47529,-0.40949,-0.50308,-0.40879
-0.049757,-0.074567,0,0.77294,0.020991,-0.32873,-0.021283,-0.19328,0.097014,0.053814,0.12722,0.22286,0.18668,0.29946,-0.30725,-0.2152,0.1938,0.53464,0.44775,0.60531,-0.42484,-0.408,0.11349,-0.11309,0.23683,0.39921,-0.59763,-0.66636,-0.28298,-0.57863,-0.18599,-0.31888,-0.065396,0.035894,-0.32599,-0.24812,-0.0075779,-0.015237,0.022046,0.25104,-0.39043,-0.22762,-0.60856,-0.60112,-0.041171,-0.10921,-0.14314,-0.085617,-0.55315,0.22132,0.069372,-0.070747,0.023088,-0.28513,-0.087503,-0.59658,-0.87146,-0.37435,-0.50629,0.55452,-0.014311,-0.4459,-0.39004,0.11158,-0.077379,0.060555,0.006114,-0.34102,-0.61533,-0.2947,-0.42542,0.055877,-0.12974,0.059935,-0.059908,0.38234,0.33259,0.34516,0.51905,0.17929,0.37716,0.69239,0.43809,0.51248,0.46429,0.48707,0.69546,-0.24761,-0.39227,-0.097799,-0.045923,0.084623,-0.0627,0.050894,-0.049614,0.44517,0.29132,0.37469,0.31109,0.10683,-0.16698,-0.062945,-0.15348,-0.2855,-0.18417
-0.0053243,-0.092827,0.77294,0,0.19503,-0.35549,0.11056,-0.12045,0.039816,0.1298,0.34917,0.29383,0.027425,0.18905,-0.31811,-0.29126,0.14604,0.57569,0.43404,0.65093,-0.51911,-0.58706,0.099813,-0.13746,0.3112,0.54764,-0.67636,-0.71033,-0.19458,-0.56205,-0.18958,-0.34135,-0.11517,-0.058015,-0.26184,-0.19553,0.13208,0.10151,0.17478,0.36952,-0.36178,-0.25614,-0.48435,-0.61995,-0.21108,-0.19883,-0.16368,-0.073954,-0.76174,0.086005,-0.0017634,-0.0090689,0.17373,-0.21328,-0.11049,-0.6782,-0.80563,-0.51847,-0.55983,0.69226,-0.051765,-0.32901,-0.37238,0.26332,0.083574,0.061671,-0.0050723,-0.45681,-0.76882,-0.32477,-0.40643,-0.0043166,-0.16435,0.0084289,-0.062339,0.56249,0.55098,0.24669,0.45065,0.29838,0.38943,0.92749,0.50856,0.19468,0.28028,0.50377,0.43874,-0.38598,-0.45379,-0.18067,-0.098658,0.11163,-0.17484,0.17793,0.011214,0.31619,0.28982,0.29512,0.22516,0.10718,-0.19968,-0.050519,-0.12993,-0.24959,-0.12585
0.10715,-0.01568,0.020991,0.19503,0,0.098335,0.49584,0.13929,0.20709,0.18115,0.31438,0.18924,-0.0055898,0.09726,-0.19251,-0.13658,0.17435,0.17569,0.20538,0.15214,-0.322,-0.3606,0.36795,0.08305,0.38939,0.23225,-0.23754,-0.25046,-0.11596,-0.33255,-0.094182,-0.17323,-0.10654,-0.07298,-0.021576,0.012589,0.2916,0.093161,0.69777,0.36266,0.063687,-0.041804,-0.22011,-0.33537,-0.37653,-0.27122,-0.33619,-0.32048,-0.47466,-0.0081702,-0.048327,-0.042233,0.44298,0.085386,0.11054,-0.40708,-0.45989,-0.84144,-0.72236,0.22025,-0.02353,-0.10976,-0.16677,-0.050383,-0.012793,-0.2529,-0.41557,-0.1133,-0.30391,-0.21128,-0.28046,-0.21009,-0.22396,-0.19231,-0.27459,0.45307,0.21951,-0.11019,-0.04258,-0.015033,-0.10278,0.051881,-0.018458,-0.30631,-0.016817,0.057491,-0.065661,-0.67914,-0.65682,-0.41487,-0.3607,0.23615,-0.18864,0.26514,0.10135,0.079734,0.10727,0.0060119,-0.030386,-0.19495,-0.24601,-0.30719,-0.23615,-0.093494,-0.1034
-0.35094,0.18892,-0.32873,-0.35549,0.098335,0,-0.070468,0.4194,0.072742,0.065518,-0.31632,-0.02033,0.053569,0.028071,0.29388,0.32059,0.019888,-0.26779,-0.12934,-0.31258,0.1537,0.1752,0.39796,0.49453,-0.027391,-0.27827,0.16059,0.2555,-0.094849,0.084514,0.053392,0.068848,-0.041729,0.011595,-0.049886,0.046802,-0.13104,-0.16069,-0.0031523,-0.066839,0.20737,0.3959,-0.22661,0.098056,-0.2131,-0.22208,-0.41388,-0.37395,0.17435,0.020044,0.1115,-0.20015,-0.073382,0.33019,0.24769,0.18087,-0.010996,-0.32699,-0.29221,-0.13699,0.098989,-0.13104,0.068037,-0.49791,-0.35045,-0.49418,-0.66566,0.06494,0.15194,0.082723,-0.090274,-0.29851,-0.22862,-0.27826,-0.36392,-0.16393,-0.15227,-0.39403,-0.45631,-0.48323,-0.48788,-0.38345,-0.53258,-0.33347,-0.28649,-0.40577,-0.39391,-0.31483,-0.29513,-0.24857,-0.3742,-0.17067,-0.023639,-0.33281,0.11726,-0.32456,-0.19962,-0.39226,-0.24876,-0.40018,-0.15059,-0.50203,-0.19309,0.0018655,-0.019915
0.27546,-0.026962,-0.021283,0.11056,0.49584,-0.070468,0,0.25328,0.091438,0.18557,0.37163,0.30467,-0.061501,0.04081,-0.29612,-0.38117,0.14886,0.20162,0.23691,0.17517,-0.53097,-0.38958,0.19092,0.14818,0.14377,0.13261,-0.33819,-0.24138,-0.047251,-0.22867,-0.18003,-0.23114,-0.066383,-0.112,0.06208,-0.12321,0.23341,0.054863,0.71949,0.49431,0.16341,-0.026022,-0.12343,-0.33664,-0.22004,-0.32295,-0.23128,-0.40353,-0.5269,-0.10831,-0.096457,-0.20167,0.22394,-0.14009,-0.13264,-0.47709,-0.40659,-0.53695,-0.61255,0.040463,-0.14314,-0.024626,-0.15604,-0.024865,-0.071503,-0.23803,-0.41916,-0.14527,-0.41169,-0.39907,-0.39095,-0.3119,-0.40051,-0.22764,-0.2879,0.40321,0.23214,-0.011009,0.017573,0.11021,-0.0065974,0.01278,0.0059779,-0.20901,-0.059751,0.17563,-0.018274,-0.43582,-0.57787,-0.16899,-0.25273,0.11484,-0.24189,0.13509,-0.074165,0.011159,-0.023217,-0.037597,-0.13447,-0.23025,-0.33227,-0.38657,-0.37984,-0.20172,-0.17502
-0.23583,0.24685,-0.19328,-0.12045,0.13929,0.4194,0.25328,0,0.022495,0.29693,-0.046448,0.30584,-0.011466,0.075574,0.089477,-0.0045209,0.10431,-0.050791,0.077372,-0.076398,-0.1751,-0.12942,0.36364,0.55071,0.0688,-0.091139,-0.16754,0.013637,0.027084,0.036249,-0.017021,-0.052766,-0.053991,-0.044085,-0.0099881,-0.05935,0.0080477,-0.013821,0.2038,0.25127,0.18192,0.36251,-0.24223,-0.048477,-0.1843,-0.28861,-0.36408,-0.38912,-0.14934,-0.079265,0.076807,-0.30728,-0.039237,0.11776,0.024157,-0.098004,-0.14533,-0.35985,-0.38446,-0.056191,-0.012718,-0.12211,-0.036283,-0.28161,-0.20515,-0.37884,-0.58365,-0.21462,-0.23424,-0.17215,-0.27786,-0.33846,-0.39989,-0.25943,-0.31939,0.082676,0.17461,-0.24738,-0.23378,-0.20868,-0.23446,-0.16173,-0.26909,-0.23449,-0.25053,-0.14253,-0.22327,-0.32313,-0.37529,-0.086209,-0.30657,-0.16916,-0.12486,-0.29935,0.088654,-0.29773,-0.16281,-0.29339,-0.26199,-0.38176,-0.28373,-0.61002,-0.3087,-0.18416,-0.072511
0.063605,0.098465,0.097014,0.039816,0.20709,0.072742,0.091438,0.022495,0,0.22353,-0.014346,0.15267,-0.044289,0.10643,-0.09926,0.044337,-0.0042213,0.11495,0.26301,0.19481,-0.25294,-0.15303,0.36901,0.087646,0.15607,0.23589,-0.13409,-0.16832,-0.2171,-0.41593,-0.31985,-0.17236,-0.36174,-0.10315,-0.37478,-0.29217,-0.16542,-0.19738,0.14717,0.25051,-0.069896,0.078679,-0.37089,-0.33019,0.032797,-0.068174,-0.13064,-0.27963,-0.15816,-0.090451,-0.18376,0.05982,0.14647,-0.097117,0.093828,-0.3259,-0.5343,-0.38759,-0.6017,0.19174,0.23292,-0.33422,-0.17839,-0.1731,-0.24084,-0.043643,-0.24974,-0.093351,-0.33342,-0.24021,-0.36049,0.067826,-0.0039762,0.13427,0.10913,0.24647,0.13887,-0.2713,-0.14554,-0.29818,-0.18819,-0.044841,0.063666,0.021624,0.14187,-0.07247,0.058628,-0.30352,-0.4043,-0.079129,0.04034,-0.044725,-0.070809,-0.13313,-0.065988,0.1438,0.053079,0.010301,-0.0027166,-0.26548,-0.19245,-0.45466,-0.24588,-0.15933,-0.1802
-0.003874,0.2919,0.053814,0.1298,0.18115,0.065518,0.18557,0.29693,0.22353,0,0.28223,0.49953,0.1362,0.39134,0.068834,0.059745,0.18926,0.28709,0.21403,0.18398,-0.26465,-0.21264,0.36805,0.31186,0.22331,0.29459,-0.29697,-0.19312,0.27181,-0.12197,0.14514,0.12379,-0.048974,0.15114,-0.086114,0.0085583,0.16167,0.35157,0.24406,0.47949,-0.10607,0.11976,-0.13329,-0.111,-0.037726,0.070604,-0.23914,-0.3376,-0.36887,-0.06402,0.08879,-0.1744,0.13212,0.056123,0.044895,-0.42082,-0.45116,-0.51113,-0.52501,0.20496,0.062761,-0.14867,-0.14702,-0.060991,-0.025191,-0.096505,-0.28583,-0.19515,-0.39123,-0.1255,-0.22696,-0.11975,-0.045883,0.15017,0.018063,0.27867,0.37329,-0.08655,0.027636,-0.051214,0.038917,0.025586,-0.075956,-0.18464,-0.17082,0.084909,-0.03791,-0.42642,-0.46902,-0.019588,-0.093372,-0.175,-0.089825,-0.30179,-0.057314,-0.13217,-0.089852,-0.12346,-0.15145,-0.14354,-0.15526,-0.34815,-0.14828,-0.44364,-0.14061
0.098226,-0.12391,0.12722,0.34917,0.31438,-0.31632,0.37163,-0.046448,-0.014346,0.28223,0,0.23883,-0.018744,0.16426,-0.32949,-0.27874,0.1812,0.46647,0.2376,0.36154,-0.64765,-0.64252,0.02818,-0.09376,0.28658,0.50611,-0.59706,-0.52118,0.070393,-0.27329,0.019922,-0.15575,-0.021692,-0.044657,0.039285,-0.060882,0.5311,0.3857,0.5518,0.50974,-0.29318,-0.3688,-0.083663,-0.49863,-0.21475,-0.1737,-0.28912,-0.42109,-0.9249,-0.076106,-0.021563,-0.19723,0.10589,-0.2721,-0.17733,-0.76165,-0.58339,-0.69567,-0.68756,0.15029,-0.24426,-0.12021,-0.24654,0.11902,0.11705,-0.11933,-0.22344,-0.25019,-0.62015,-0.44832,-0.41479,-0.25945,-0.26713,0.0097362,-0.10862,0.47879,0.4353,0.16784,0.3157,0.43532,0.40144,0.17706,0.19367,-0.18954,-0.046298,0.47715,0.13153,-0.63406,-0.69307,-0.16114,-0.19309,0.16085,-0.2541,0.09024,-0.14119,0.046659,-0.0022536,0.045358,-0.09265,-0.01969,-0.21007,-0.14223,-0.10111,-0.39758,-0.20683
-0.062223,0.27799,0.22286,0.29383,0.18924,-0.02033,0.30467,0.30584,0.15267,0.49953,0.23883,0,0.02306,0.28189,0.021338,-0.1045,0.19354,0.29216,0.43861,0.29327,-0.38051,-0.36803,0.37623,0.4039,0.18932,0.25932,-0.42638,-0.34038,-0.014597,-0.3403,-0.13183,-0.23231,-0.1434,-0.05297,-0.20094,-0.29046,0.033471,0.046951,0.26207,0.6785,-0.02654,0.12782,-0.47989,-0.43463,-0.008783,-0.11634,-0.19991,-0.28501,-0.48857,-0.090383,0.016953,-0.23365,0.14281,-0.064551,0.031183,-0.52925,-0.66835,-0.55524,-0.67922,0.42299,0.12443,-0.17488,-0.23756,0.052916,0.017797,-0.036446,-0.23703,-0.28711,-0.48976,-0.36893,-0.44772,-0.12054,-0.2209,0.12054,-0.05666,0.43241,0.59251,-0.015067,0.069338,0.012112,0.0829,0.18516,0.084909,0.0032272,-0.090172,0.22261,0.10319,-0.40839,-0.51711,0.073437,-0.074444,-0.16804,-0.14579,-0.086938,0.13455,0.074444,0.10756,0.057546,-0.016014,-0.0046094,-0.15612,-0.26349,-0.21893,-0.32562,-0.10122
-0.14826,-0.093556,0.18668,0.027425,-0.0055898,0.053569,-0.061501,-0.011466,-0.044289,0.1362,-0.018744,0.02306,0,0.73045,-0.10406,0.083561,0.33106,0.26082,0.038666,0.042267,-0.097708,0.059282,0.20534,0.12145,0.07744,-0.039612,-0.18165,-0.16309,-0.10198,-0.058138,0.45886,0.078965,0.62512,0.95397,0.14107,0.32044,0.24393,0.27967,0.046761,0.061052,-0.24071,-0.092623,-0.25315,-0.087632,-0.15853,-0.022986,-0.47289,-0.37105,-0.2092,0.74189,0.5522,-0.14256,-0.052889,0.042124,0.22209,-0.26834,-0.37231,-0.44622,-0.36321,0.027282,-0.078979,-0.17689,-0.055346,-0.30453,-0.24398,-0.37023,-0.40449,0.037794,-0.074567,0.017355,-0.1427,-0.25913,-0.23366,-0.14088,-0.43282,0.021869,-0.060024,0.31137,0.24867,0.065341,0.16524,0.026424,-0.13736,-0.033586,-0.012031,0.17578,0.10359,-0.35363,-0.39828,-0.25187,-0.35461,0.085222,0.068541,-0.12794,-0.15198,0.069828,0.063067,-0.012024,0.10211,-0.1305,-0.051111,-0.17964,-0.11541,-0.28732,-0.16766
-0.11183,-0.019799,0.29946,0.18905,0.09726,0.028071,0.04081,0.075574,0.10643,0.39134,0.16426,0.28189,0.73045,0,-0.11493,0.042097,0.30915,0.48547,0.25635,0.25584,-0.26367,-0.072565,0.36305,0.23914,0.23505,0.19267,-0.25366,-0.22451,0.029066,-0.12678,0.32272,0.08544,0.26282,0.56718,-0.043384,0.12626,0.27921,0.37511,0.17132,0.32759,-0.27166,-0.038604,-0.37228,-0.2593,-0.15629,-0.048483,-0.42115,-0.41215,-0.34448,0.38256,0.51687,-0.055312,0.046631,0.031591,0.23705,-0.44298,-0.61647,-0.57306,-0.57893,0.23258,0.074213,-0.11954,-0.049709,-0.14233,-0.085774,-0.27058,-0.36968,-0.00021787,-0.24694,-0.060746,-0.18402,-0.24899,-0.17755,-0.030597,-0.26565,0.17496,0.15774,0.1989,0.33099,0.027057,0.19979,0.11339,-0.012657,-0.026226,0.028391,0.24865,0.20712,-0.41991,-0.55271,-0.21544,-0.31037,0.095803,0.15745,-0.13381,0.032415,0.10974,0.19029,0.043404,0.16169,-0.027847,0.037944,-0.1329,0.0028596,-0.3151,-0.062822
-0.34067,0.4893,-0.30725,-0.31811,-0.19251,0.29388,-0.29612,0.089477,-0.09926,0.068834,-0.32949,0.021338,-0.10406,-0.11493,0,0.4703,-0.010683,-0.27553,-0.19437,-0.31107,0.38331,0.037937,0.1068,0.30698,-0.19061,-0.26107,-0.046264,0.0042962,-0.10806,-0.058832,-0.013712,-0.056967,-0.13568,-0.10049,-0.13626,-0.13518,-0.33868,-0.17431,-0.30476,-0.16897,0.024286,0.23356,-0.14732,0.14459,0.070264,0.12897,-0.13272,-0.097885,0.10698,-0.18148,-0.07678,-0.34288,-0.21447,0.089695,-0.015728,0.064688,-0.033675,-0.21466,-0.15926,-0.10318,-0.0059643,-0.18967,-0.18227,-0.25521,-0.2475,-0.057382,-0.1686,-0.20574,0.068099,-0.021631,-0.14498,0.022999,0.030652,0.16017,0.0067472,-0.24421,-0.14062,-0.28389,-0.43068,-0.3089,-0.27561,-0.29415,-0.38503,-0.25566,-0.45396,-0.29511,-0.37147,-0.23757,-0.10938,0.15547,0.013644,-0.72163,-0.37147,-0.51782,-0.16958,-0.38221,-0.39626,-0.39702,-0.45851,-0.16838,-0.19827,-0.32464,-0.21697,-0.23455,-0.20804
-0.38194,0.27862,-0.2152,-0.29126,-0.13658,0.32059,-0.38117,-0.0045209,0.044337,0.059745,-0.27874,-0.1045,0.083561,0.042097,0.4703,0,-0.028303,-0.1467,-0.12615,-0.24225,0.33435,0.12046,0.1379,0.14315,-0.022305,-0.12734,0.048763,0.064143,-0.12606,-0.0074213,0.13237,0.019826,-0.055489,0.046965,-0.10911,0.025423,-0.17502,-0.090281,-0.23461,-0.13784,-0.14823,0.10873,-0.22047,0.058329,-0.023877,0.16521,-0.31966,-0.23594,0.12347,-0.020446,-0.027901,-0.26151,-0.28998,0.028085,0.13118,-0.062468,-0.15683,-0.27836,-0.253,-0.13783,0.093038,-0.32142,-0.17391,-0.3351,-0.29634,-0.23831,-0.32414,-0.12636,0.060854,0.033049,-0.16526,-0.025069,-0.038448,0.12614,-0.088157,-0.21947,-0.18469,-0.24884,-0.30277,-0.31711,-0.19661,-0.29486,-0.26558,-0.19194,-0.28319,-0.24643,-0.20835,-0.30672,-0.17879,-0.06398,-0.10728,-0.34544,-0.15411,-0.47644,-0.21603,-0.30844,-0.28722,-0.41387,-0.32768,-0.21949,-0.10288,-0.31607,-0.11921,-0.32131,-0.21944
-0.049981,0.16346,0.1938,0.14604,0.17435,0.019888,0.14886,0.10431,-0.0042213,0.18926,0.1812,0.19354,0.33106,0.30915,-0.010683,-0.028303,0,0.35956,0.27245,0.31382,-0.21775,-0.31216,0.22267,0.12838,0.14586,0.12318,-0.56389,-0.53275,-0.19017,-0.29599,0.12754,-0.091731,0.17183,0.17632,-0.031612,-0.045678,0.15239,0.1429,0.16356,0.20716,-0.23524,-0.17695,-0.2197,-0.24497,0.021474,-0.027459,-0.30677,-0.27279,-0.42809,0.25132,0.1967,-0.33714,0.0026349,-0.1419,-0.13568,-0.38371,-0.43952,-0.53304,-0.55573,0.11601,-0.23831,-0.27527,-0.25955,-0.10883,-0.14777,-0.072797,-0.15112,-0.1643,-0.36822,-0.28142,-0.3742,-0.078924,-0.1384,0.018621,-0.18502,0.22339,0.19184,0.37763,0.28491,0.21824,0.23981,0.17886,0.031939,0.012766,0.141,0.40466,0.19842,-0.47728,-0.54725,-0.012453,-0.11346,-0.058465,-0.30803,-0.086897,-0.17525,0.13937,-0.047714,0.078516,-0.08783,-0.069188,-0.29504,-0.27486,-0.18781,-0.31983,-0.37571
0.13219,-0.01598,0.53464,0.57569,0.17569,-0.26779,0.20162,-0.050791,0.11495,0.28709,0.46647,0.29216,0.26082,0.48547,-0.27553,-0.1467,0.35956,0,0.5902,0.88854,-0.49617,-0.38465,0.15888,-0.0089804,0.28739,0.55997,-0.57625,-0.53896,-0.079455,-0.32847,0.021154,-0.15028,0.0493,0.15465,-0.15254,-0.079292,0.27815,0.29419,0.23796,0.50516,-0.39199,-0.23036,-0.33619,-0.47664,-0.12453,-0.069665,-0.22799,-0.24573,-0.64786,0.16408,0.11189,-0.060133,0.05103,-0.27629,-0.13345,-0.8526,-0.86962,-0.5333,-0.68142,0.33608,-0.041464,-0.21901,-0.27784,0.19104,0.015837,-0.024225,-0.11392,-0.26625,-0.65323,-0.29427,-0.37175,-0.079414,-0.16599,0.065906,-0.090621,0.39118,0.35194,0.41695,0.72323,0.34743,0.57671,0.49543,0.48368,0.13467,0.29441,0.77593,0.61328,-0.39891,-0.55195,-0.11147,-0.08305,0.11686,-0.1221,0.012065,-0.16054,0.22787,0.1609,0.10749,0.091711,0.065913,-0.14467,-0.085808,-0.071156,-0.40447,-0.22317
0.12468,0.14663,0.44775,0.43404,0.20538,-0.12934,0.23691,0.077372,0.26301,0.21403,0.2376,0.43861,0.038666,0.25635,-0.19437,-0.12615,0.27245,0.5902,0,0.82107,-0.45171,-0.40987,0.32425,0.12168,0.33407,0.52742,-0.46437,-0.45797,-0.16739,-0.43313,-0.22287,-0.28232,-0.19302,-0.12749,-0.3499,-0.32738,0.060487,0.00025872,0.23943,0.66659,-0.21753,-0.024967,-0.57211,-0.63415,-0.047877,-0.14516,-0.21426,-0.2696,-0.49561,-0.028718,-0.091847,-0.10728,0.016715,-0.32918,-0.15424,-0.76494,-0.99632,-0.51803,-0.9633,0.38791,0.15082,-0.32334,-0.33871,0.17024,-0.055414,-0.02257,-0.1359,-0.23897,-0.60672,-0.36702,-0.50439,-0.032293,-0.20058,0.033811,-0.066342,0.39926,0.34658,0.15253,0.29289,0.1012,0.23498,0.4335,0.44484,0.23088,0.36852,0.4423,0.62471,-0.39751,-0.65142,-0.043295,-0.047585,0.059391,-0.13048,0.010975,-0.010424,0.28396,0.23137,0.094012,0.049702,0.0092528,-0.19666,-0.23841,-0.15257,-0.3531,-0.20771
0.13505,0.0047796,0.60531,0.65093,0.15214,-0.31258,0.17517,-0.076398,0.19481,0.18398,0.36154,0.29327,0.042267,0.25584,-0.31107,-0.24225,0.31382,0.88854,0.82107,0,-0.57901,-0.52671,0.1422,-0.071775,0.28166,0.66114,-0.68916,-0.70499,-0.17437,-0.50651,-0.20481,-0.26151,-0.17455,-0.073151,-0.36845,-0.30495,0.083125,0.073008,0.17642,0.47909,-0.40717,-0.24411,-0.44555,-0.64114,-0.061903,-0.1362,-0.13025,-0.17668,-0.65104,0.019561,-0.045576,-0.045304,0.04655,-0.37929,-0.24744,-0.82141,-0.96936,-0.46337,-0.73978,0.42234,-0.038318,-0.32761,-0.36521,0.2414,0.0029889,0.11766,0.01969,-0.33296,-0.85164,-0.40835,-0.47207,0.017797,-0.11534,0.086679,0.030468,0.42531,0.41983,0.28591,0.56099,0.23611,0.4104,0.62621,0.65576,0.26489,0.51736,0.63704,0.76374,-0.35445,-0.56027,-0.043023,0.026621,0.07409,-0.17076,0.027888,-0.10064,0.34468,0.20308,0.21405,0.11122,0.068746,-0.21153,-0.12294,-0.096114,-0.34498,-0.25434
-0.36457,0.0048272,-0.42484,-0.51911,-0.322,0.1537,-0.53097,-0.1751,-0.25294,-0.26465,-0.64765,-0.38051,-0.097708,-0.26367,0.38331,0.33435,-0.21775,-0.49617,-0.45171,-0.57901,0,0.38112,-0.1459,-0.085576,-0.36259,-0.55667,0.29408,0.16228,-0.28976,-0.010512,-0.029712,-0.017083,-0.082206,-0.056102,-0.048524,0.051704,-0.40519,-0.26273,-0.49266,-0.55418,0.048238,0.071544,-0.094892,0.33578,-0.042819,0.17398,-0.27925,-0.0018791,0.42495,-0.12099,-0.19836,-0.16158,-0.21197,0.1805,0.022768,0.26149,0.18495,-0.099312,0.092487,-0.33479,-0.011724,-0.079728,-0.0089872,-0.27767,-0.1906,-0.26181,-0.16651,-0.00066043,0.46237,0.3445,0.19563,0.072912,0.095864,-0.10002,-0.18106,-0.46009,-0.54129,-0.39092,-0.60015,-0.46573,-0.46417,-0.46415,-0.4864,-0.34017,-0.47841,-0.5223,-0.49085,-0.13287,0.10509,-0.21626,-0.22467,-0.49819,-0.29874,-0.37524,-0.28682,-0.37088,-0.32942,-0.3461,-0.31705,-0.14334,-0.033559,-0.20961,-0.14215,-0.050172,-0.089083
-0.26038,-0.21269,-0.408,-0.58706,-0.3606,0.1752,-0.38958,-0.12942,-0.15303,-0.21264,-0.64252,-0.36803,0.059282,-0.072565,0.037937,0.12046,-0.31216,-0.38465,-0.40987,-0.52671,0.38112,0,-0.12686,0.0034655,-0.4906,-0.63526,0.63391,0.5249,-0.16006,0.22882,0.034574,0.16697,0.028895,0.15303,-0.042322,0.12578,-0.31896,-0.21675,-0.39385,-0.47026,0.060214,0.13102,-0.1106,0.30316,-0.13883,-0.032483,-0.34852,-0.20229,0.60143,0.00093277,-0.038693,0.059745,-0.17416,0.22478,0.1262,0.24189,0.14241,-0.0054196,0.093855,-0.38505,0.16001,0.14785,0.36468,-0.33831,-0.23353,-0.51203,-0.39296,0.34729,0.52218,0.52524,0.39135,-0.19483,-0.053719,-0.31306,-0.34813,-0.54834,-0.63155,-0.39063,-0.47258,-0.5804,-0.5019,-0.53916,-0.52966,-0.31367,-0.3795,-0.5416,-0.42605,0.032953,0.093072,-0.36016,-0.34615,-0.2546,0.085209,-0.38227,-0.19438,-0.35101,-0.19732,-0.39217,-0.11591,-0.1756,0.2104,-0.13944,0.0017294,0.085386,0.12647
-0.082397,0.2681,0.11349,0.099813,0.36795,0.39796,0.19092,0.36364,0.36901,0.36805,0.02818,0.37623,0.20534,0.36305,0.1068,0.1379,0.22267,0.15888,0.32425,0.1422,-0.1459,-0.12686,0,0.5729,0.43432,0.20377,-0.13925,-0.11107,-0.014461,-0.18142,-0.0024306,-0.021814,-0.030836,0.092507,-0.15625,-0.039455,0.084773,0.060943,0.30802,0.43198,0.10736,0.27551,-0.42291,-0.23835,-0.19658,-0.21606,-0.37773,-0.44313,-0.17578,0.14941,0.19092,-0.11492,0.11495,0.11412,0.23233,-0.23578,-0.48436,-0.65394,-0.76365,0.33435,0.16405,-0.26909,-0.15362,-0.22506,-0.21071,-0.27621,-0.5113,-0.07454,-0.20473,-0.12352,-0.34271,-0.21919,-0.25057,-0.095094,-0.25245,0.26069,0.21082,-0.11347,-0.077542,-0.17284,-0.12088,0.035615,-0.12572,-0.069426,-0.005297,0.0013413,0.0061617,-0.55205,-0.69652,-0.16599,-0.28945,0.013174,0.020174,-0.14223,0.17285,0.063952,0.11722,-0.025695,0.0036834,-0.19578,-0.17035,-0.41571,-0.23013,-0.21321,-0.059391
-0.18239,0.37631,-0.11309,-0.13746,0.08305,0.49453,0.14818,0.55071,0.087646,0.31186,-0.09376,0.4039,0.12145,0.23914,0.30698,0.14315,0.12838,-0.0089804,0.12168,-0.071775,-0.085576,0.0034655,0.5729,0,0.047408,-0.082594,-0.075799,0.075711,0.046836,0.020262,0.034444,-0.018934,0.0066996,0.050281,-0.064272,-0.098584,-0.054849,-0.02895,0.10681,0.26461,0.20396,0.48696,-0.31517,-0.091922,-0.091779,-0.18817,-0.28187,-0.41804,-0.082669,-0.0014706,0.20624,-0.28496,-0.069229,0.10763,0.13384,-0.12404,-0.27537,-0.389,-0.47465,0.052664,0.13343,-0.086836,-0.051397,-0.27637,-0.26752,-0.31422,-0.55837,-0.047278,-0.076902,-0.12083,-0.26629,-0.3135,-0.3021,-0.10697,-0.26776,0.008926,0.07902,-0.16175,-0.19538,-0.23433,-0.18995,-0.17717,-0.3107,-0.16122,-0.2507,-0.10589,-0.1614,-0.31135,-0.43084,0.0071285,-0.23091,-0.24031,-0.035717,-0.33613,0.11301,-0.21872,-0.13024,-0.28648,-0.21951,-0.2275,-0.1558,-0.41447,-0.24294,-0.20515,-0.050723
-0.038958,0.074553,0.23683,0.3112,0.38939,-0.027391,0.14377,0.0688,0.15607,0.22331,0.28658,0.18932,0.07744,0.23505,-0.19061,-0.022305,0.14586,0.28739,0.33407,0.28166,-0.36259,-0.4906,0.43432,0.047408,0,0.63282,-0.38195,-0.37831,0.055728,-0.27411,-0.0023762,-0.085685,-0.091963,-0.046352,-0.1741,-0.031353,0.28521,0.21068,0.35387,0.46089,-0.14389,-0.095684,-0.34237,-0.40665,-0.34067,-0.22442,-0.33343,-0.39896,-0.49592,0.037249,0.071803,-0.21736,-0.016633,-0.1582,-0.0092255,-0.50045,-0.64193,-0.67918,-0.79281,0.29978,-0.10062,-0.44988,-0.4354,-0.10317,-0.1126,-0.18182,-0.35361,-0.3054,-0.45936,-0.28827,-0.47628,-0.23538,-0.29694,-0.09983,-0.2176,0.36801,0.28722,0.019214,0.149,0.035786,0.087033,0.19156,0.072892,-0.035091,0.1112,0.16837,0.17299,-0.65818,-0.82166,-0.24657,-0.32754,0.20547,-0.0068698,-0.035615,0.065035,0.088415,0.10143,0.054393,-0.017723,-0.155,-0.27948,-0.27625,-0.22637,-0.45662,-0.20066
0.096415,0.05297,0.39921,0.54764,0.23225,-0.27827,0.13261,-0.091139,0.23589,0.29459,0.50611,0.25932,-0.039612,0.19267,-0.26107,-0.12734,0.12318,0.55997,0.52742,0.66114,-0.55667,-0.63526,0.20377,-0.082594,0.63282,0,-0.58346,-0.57834,0.031401,-0.41394,-0.13634,-0.16832,-0.22802,-0.13216,-0.31911,-0.21965,0.18653,0.18156,0.26327,0.56889,-0.34804,-0.22993,-0.32345,-0.57577,-0.16187,-0.12159,-0.15617,-0.28682,-0.67619,-0.084718,-0.082662,-0.1319,-0.001886,-0.3556,-0.18883,-0.79451,-0.89338,-0.55148,-0.80221,0.41076,-0.069801,-0.4379,-0.48026,0.13473,-0.013522,0.059084,-0.099289,-0.38947,-0.78974,-0.40839,-0.52974,-0.065457,-0.14592,0.1307,0.061045,0.46109,0.4662,0.10256,0.3318,0.17211,0.31065,0.39314,0.3899,0.10097,0.24465,0.38811,0.40144,-0.50496,-0.68009,-0.080933,-0.043077,0.09743,-0.11447,-0.04834,-0.08226,0.1695,0.09246,0.10803,-0.0059438,-0.017055,-0.25207,-0.17118,-0.13974,-0.51338,-0.25543
-0.20443,-0.29067,-0.59763,-0.67636,-0.23754,0.16059,-0.33819,-0.16754,-0.13409,-0.29697,-0.59706,-0.42638,-0.18165,-0.25366,-0.046264,0.048763,-0.56389,-0.57625,-0.46437,-0.68916,0.29408,0.63391,-0.13925,-0.075799,-0.38195,-0.58346,0,0.78226,-0.12096,0.18653,-0.10533,0.077903,-0.16497,-0.10144,-0.076126,0.064116,-0.29093,-0.28073,-0.28881,-0.44735,0.19455,0.13264,-0.09749,0.17864,-0.32315,-0.15785,-0.36707,-0.27742,0.53546,-0.22457,-0.24379,0.1011,-0.13281,0.21195,0.16099,0.21031,0.14371,-0.098998,0.00071489,-0.42337,0.19379,0.16374,0.28562,-0.3531,-0.19301,-0.59168,-0.48824,0.36662,0.66311,0.38518,0.33051,-0.29147,-0.12592,-0.41718,-0.38876,-0.5459,-0.71321,-0.67653,-0.74212,-0.73633,-0.75412,-0.68953,-0.60223,-0.52671,-0.51031,-0.78324,-0.60273,-0.10148,-0.013488,-0.51598,-0.47054,-0.16862,0.091595,-0.23445,-0.078761,-0.38385,-0.16302,-0.44055,-0.1703,-0.25797,0.18151,-0.1657,-0.037386,0.11372,0.184
-0.24081,-0.17718,-0.66636,-0.71033,-0.25046,0.2555,-0.24138,0.013637,-0.16832,-0.19312,-0.52118,-0.34038,-0.16309,-0.22451,0.0042962,0.064143,-0.53275,-0.53896,-0.45797,-0.70499,0.16228,0.5249,-0.11107,0.075711,-0.37831,-0.57834,0.78226,0,-0.004017,0.35169,-0.045324,0.062373,-0.10353,-0.091472,0.026839,0.0848,-0.24757,-0.23695,-0.24892,-0.33859,0.20336,0.30701,-0.021814,0.26797,-0.31007,-0.19742,-0.27773,-0.30143,0.38496,-0.23867,-0.15168,-0.063237,-0.24364,0.15493,0.10893,0.21456,0.20884,-0.0051404,0.041219,-0.52006,0.098921,0.1254,0.21733,-0.4719,-0.35525,-0.64368,-0.64676,0.19484,0.47364,0.26266,0.18743,-0.40254,-0.24932,-0.43538,-0.40066,-0.52211,-0.57731,-0.61162,-0.68273,-0.6343,-0.66207,-0.75589,-0.70797,-0.52218,-0.58122,-0.7426,-0.62681,-0.0025736,0.023877,-0.36345,-0.41021,-0.2283,0.0739,-0.38651,-0.12108,-0.62704,-0.3477,-0.72291,-0.36035,-0.45216,-0.014284,-0.33202,-0.1797,-0.00036766,0.072225
-0.064177,-0.020262,-0.28298,-0.19458,-0.11596,-0.094849,-0.047251,0.027084,-0.2171,0.27181,0.070393,-0.014597,-0.10198,0.029066,-0.10806,-0.12606,-0.19017,-0.079455,-0.16739,-0.17437,-0.28976,-0.16006,-0.014461,0.046836,0.055728,0.031401,-0.12096,-0.004017,0,0.301,0.23311,0.45579,-0.050853,-0.013733,-0.080906,0.098009,0.13561,0.35757,-0.012017,0.040306,-0.068296,-0.055666,0.1433,0.045345,-0.35051,-0.17026,-0.23687,-0.45966,-0.21238,-0.25165,0.035656,-0.28098,-0.21944,-0.075554,-0.21807,-0.22098,-0.14632,-0.23739,-0.22809,-0.15083,-0.20092,-0.058431,-0.13977,-0.14948,-0.054066,-0.28595,-0.37042,-0.11489,-0.20948,-0.031932,-0.06161,-0.51724,-0.23436,-0.22064,-0.20714,-0.20573,-0.080824,-0.20933,-0.11112,-0.16721,-0.1414,-0.23304,-0.37797,-0.38561,-0.37557,-0.19239,-0.28899,-0.29307,-0.37922,-0.17575,-0.32759,-0.15117,0.14561,-0.47172,-0.088415,-0.44696,-0.29379,-0.35299,-0.28378,-0.13399,-0.072361,-0.099229,-0.042601,-0.51381,-0.056531
-0.29315,-0.20915,-0.57863,-0.56205,-0.33255,0.084514,-0.22867,0.036249,-0.41593,-0.12197,-0.27329,-0.3403,-0.058138,-0.12678,-0.058832,-0.0074213,-0.29599,-0.32847,-0.43313,-0.50651,-0.010512,0.22882,-0.18142,0.020262,-0.27411,-0.41394,0.18653,0.35169,0.301,0,0.28635,0.42993,0.14229,0.055094,0.12574,0.25413,-0.014414,0.061883,-0.20239,-0.29959,0.023387,-0.07185,0.18485,0.29351,-0.40837,-0.30605,-0.4625,-0.52671,0.20339,-0.11115,0.074049,-0.25718,-0.44155,-0.0022536,-0.17739,0.14323,0.27473,-0.049757,0.035295,-0.50327,-0.20445,0.098179,0.18638,-0.33841,-0.18441,-0.6781,-0.5998,0.06754,0.13996,0.13753,0.12193,-0.69852,-0.42808,-0.52194,-0.53123,-0.56881,-0.43142,-0.28737,-0.33149,-0.28947,-0.30156,-0.51552,-0.57588,-0.46138,-0.52029,-0.39073,-0.48566,-0.14824,-0.14242,-0.30141,-0.51788,-0.16226,0.11548,-0.53003,-0.19417,-0.66843,-0.3984,-0.61837,-0.33053,-0.22444,0.0493,-0.11596,0.036494,-0.19248,0.076766
-0.25423,-0.12355,-0.18599,-0.18958,-0.094182,0.053392,-0.18003,-0.017021,-0.31985,0.14514,0.019922,-0.13183,0.45886,0.32272,-0.013712,0.13237,0.12754,0.021154,-0.22287,-0.20481,-0.029712,0.034574,-0.0024306,0.034444,-0.0023762,-0.13634,-0.10533,-0.045324,0.23311,0.28635,0,0.4031,0.58386,0.56841,0.28152,0.62826,0.37468,0.58169,-0.023442,-0.090063,-0.25635,-0.18512,0.066819,0.13323,-0.32654,-0.028058,-0.56131,-0.46006,-0.17072,0.24405,0.42573,-0.25738,-0.18652,0.10389,0.069011,-0.15691,-0.10776,-0.41531,-0.21179,-0.19431,-0.23743,-0.030475,0.011248,-0.30994,-0.11284,-0.47355,-0.44505,0.03409,0.023333,0.12025,0.029474,-0.45878,-0.23355,-0.22202,-0.45776,-0.2069,-0.17764,0.09022,0.045855,0.02142,0.04783,-0.19379,-0.37597,-0.39682,-0.34778,-0.032858,-0.21519,-0.44307,-0.36389,-0.31904,-0.48859,-0.038114,0.029671,-0.29291,-0.17768,-0.28618,-0.18537,-0.27643,-0.16076,-0.13204,0.0064953,-0.08271,0.046809,-0.37255,-0.11518
-0.15237,-0.12697,-0.31888,-0.34135,-0.17323,0.068848,-0.23114,-0.052766,-0.17236,0.12379,-0.15575,-0.23231,0.078965,0.08544,-0.056967,0.019826,-0.091731,-0.15028,-0.28232,-0.26151,-0.017083,0.16697,-0.021814,-0.018934,-0.085685,-0.16832,0.077903,0.062373,0.45579,0.42993,0.4031,0,0.065117,0.21503,-0.080354,0.2919,0.030611,0.25602,-0.14039,-0.21496,-0.078986,-0.13777,0.16658,0.26576,-0.30072,-0.098218,-0.43169,-0.45665,0.10018,-0.037059,0.13987,-0.11384,-0.16817,0.13217,-0.10868,0.022005,0.022257,-0.21316,-0.11261,-0.21134,-0.12423,0.022141,0.13307,-0.22168,-0.026424,-0.39378,-0.35427,0.162,0.020337,0.28624,0.23785,-0.40716,-0.06914,-0.29172,-0.28393,-0.37061,-0.2907,-0.24551,-0.19203,-0.33593,-0.27366,-0.32614,-0.46884,-0.39793,-0.29901,-0.30324,-0.34995,-0.28004,-0.28389,-0.34767,-0.42911,-0.11505,0.22513,-0.4903,-0.11052,-0.3556,-0.21852,-0.27289,-0.12024,-0.062434,0.15515,-0.020412,0.19649,-0.23947,0.073879
-0.19592,-0.2459,-0.065396,-0.11517,-0.10654,-0.041729,-0.066383,-0.053991,-0.36174,-0.048974,-0.021692,-0.1434,0.62512,0.26282,-0.13568,-0.055489,0.17183,0.0493,-0.19302,-0.17455,-0.082206,0.028895,-0.030836,0.0066996,-0.091963,-0.22802,-0.16497,-0.10353,-0.050853,0.14229,0.58386,0.065117,0,0.65917,0.50585,0.51857,0.35347,0.32374,0.020569,-0.093535,-0.17863,-0.22307,-0.028664,0.015312,-0.29966,-0.16634,-0.56078,-0.43687,-0.19556,0.56466,0.45523,-0.25581,-0.16395,-0.00075574,0.050308,-0.14513,-0.11103,-0.38591,-0.19585,-0.18398,-0.31781,-0.058941,-0.00057191,-0.33738,-0.229,-0.53577,-0.4807,0.016776,0.024797,-0.012106,-0.10701,-0.47428,-0.4408,-0.33236,-0.67812,-0.12339,-0.18449,0.32686,0.12892,0.22349,0.16952,-0.087687,-0.27923,-0.21603,-0.24001,0.1125,-0.10872,-0.37634,-0.33418,-0.29285,-0.49033,0.061324,-0.074342,-0.10371,-0.27002,-0.11287,-0.10153,-0.14214,-0.054039,-0.15356,-0.095156,-0.13613,-0.14369,-0.25754,-0.15482
-0.16464,-0.18522,0.035894,-0.058015,-0.07298,0.011595,-0.112,-0.044085,-0.10315,0.15114,-0.044657,-0.05297,0.95397,0.56718,-0.10049,0.046965,0.17632,0.15465,-0.12749,-0.073151,-0.056102,0.15303,0.092507,0.050281,-0.046352,-0.13216,-0.10144,-0.091472,-0.013733,0.055094,0.56841,0.21503,0.65917,0,0.20109,0.47964,0.23164,0.36662,-0.0072647,-0.048409,-0.22632,-0.14295,-0.11215,0.052051,-0.21884,-0.02255,-0.49019,-0.36678,-0.13051,0.59197,0.52483,-0.050233,-0.0065362,0.16101,0.23151,-0.17345,-0.22794,-0.40502,-0.22774,-0.039278,-0.11491,-0.042805,0.077767,-0.30222,-0.15872,-0.39029,-0.39495,0.06479,-0.019159,0.11148,0.0019132,-0.29934,-0.19105,-0.16753,-0.41971,-0.072422,-0.11991,0.1699,0.1361,0.011472,0.080592,-0.066649,-0.22003,-0.18177,-0.16218,0.053535,-0.069324,-0.33567,-0.30058,-0.29966,-0.38252,0.015374,0.076609,-0.17502,-0.18753,-0.030026,0.013168,-0.050444,0.098628,-0.11324,0.044569,-0.11361,-0.039231,-0.23016,-0.080041
-0.1675,-0.26851,-0.32599,-0.26184,-0.021576,-0.049886,0.06208,-0.0099881,-0.37478,-0.086114,0.039285,-0.20094,0.14107,-0.043384,-0.13626,-0.10911,-0.031612,-0.15254,-0.3499,-0.36845,-0.048524,-0.042322,-0.15625,-0.064272,-0.1741,-0.31911,-0.076126,0.026839,-0.080906,0.12574,0.28152,-0.080354,0.50585,0.20109,0,0.43821,0.30798,0.18859,0.12769,-0.12303,0.00097362,-0.18358,0.19436,0.072912,-0.25811,-0.13121,-0.4953,-0.41733,-0.22985,0.10636,0.0768,-0.33149,-0.097897,0.0092664,0.016143,-0.10049,0.068044,-0.37386,-0.12664,-0.3888,-0.37777,0.069869,0.042165,-0.34498,-0.19278,-0.60408,-0.57405,-0.0087217,0.09438,-0.077529,-0.095169,-0.42879,-0.43579,-0.3151,-0.55489,-0.068943,-0.19986,0.0094638,-0.15783,0.15329,-0.0073123,-0.33582,-0.389,-0.48246,-0.52498,-0.061821,-0.3617,-0.38646,-0.23506,-0.30945,-0.49061,-0.008926,-0.31756,-0.064803,-0.37404,-0.32358,-0.31056,-0.29555,-0.31625,-0.31227,-0.21918,-0.32807,-0.29802,-0.19825,-0.17037
-0.14923,-0.27281,-0.24812,-0.19553,0.012589,0.046802,-0.12321,-0.05935,-0.29217,0.0085583,-0.060882,-0.29046,0.32044,0.12626,-0.13518,0.025423,-0.045678,-0.079292,-0.32738,-0.30495,0.051704,0.12578,-0.039455,-0.098584,-0.031353,-0.21965,0.064116,0.0848,0.098009,0.25413,0.62826,0.2919,0.51857,0.47964,0.43821,0,0.35686,0.43538,0.020364,-0.18402,-0.10283,-0.1506,0.15318,0.25514,-0.50556,-0.10699,-0.57049,-0.34794,-0.090873,0.24834,0.23265,-0.0675,-0.03087,0.24756,0.12734,-0.058124,0.021651,-0.39712,-0.11065,-0.23638,-0.21423,0.042703,0.090608,-0.30096,-0.11551,-0.59894,-0.51485,0.049893,0.12947,0.29524,0.17234,-0.41652,-0.24473,-0.40708,-0.5794,-0.18444,-0.28357,-0.042274,-0.099273,-0.03663,-0.09824,-0.22169,-0.39478,-0.50973,-0.36246,-0.16198,-0.32624,-0.40834,-0.25479,-0.58606,-0.63813,0.078604,-0.02238,-0.13079,-0.22385,-0.29924,-0.1577,-0.28865,-0.12681,-0.23453,-0.040306,-0.15106,-0.065838,-0.18787,-0.03087
-0.0088579,-0.25584,-0.0075779,0.13208,0.2916,-0.13104,0.23341,0.0080477,-0.16542,0.16167,0.5311,0.033471,0.24393,0.27921,-0.33868,-0.17502,0.15239,0.27815,0.060487,0.083125,-0.40519,-0.31896,0.084773,-0.054849,0.28521,0.18653,-0.29093,-0.24757,0.13561,-0.014414,0.37468,0.030611,0.35347,0.23164,0.30798,0.35686,0,0.69035,0.53627,0.27909,-0.21743,-0.30004,-0.052609,-0.2789,-0.48372,-0.26734,-0.62338,-0.6056,-0.55045,0.18246,0.19056,-0.15313,0.049157,-0.074805,0.019568,-0.48786,-0.38514,-0.80084,-0.58181,-0.0018315,-0.24377,-0.050826,-0.085651,-0.1125,0.016592,-0.48629,-0.51367,-0.051724,-0.26666,-0.18032,-0.23137,-0.53025,-0.45369,-0.29509,-0.51487,0.197,0.095026,0.18395,0.22985,0.34256,0.24949,0.050165,-0.063428,-0.34441,-0.15404,0.25952,-0.0095183,-0.77493,-0.75396,-0.443,-0.56473,0.39325,-0.064082,0.11631,-0.096239,-0.015871,0.064388,-0.054039,-0.024116,-0.12018,-0.10758,-0.14213,-0.061991,-0.34209,-0.10838
-0.0080136,-0.13332,-0.015237,0.10151,0.093161,-0.16069,0.054863,-0.013821,-0.19738,0.35157,0.3857,0.046951,0.27967,0.37511,-0.17431,-0.090281,0.1429,0.29419,0.00025872,0.073008,-0.26273,-0.21675,0.060943,-0.02895,0.21068,0.18156,-0.28073,-0.23695,0.35757,0.061883,0.58169,0.25602,0.32374,0.36662,0.18859,0.43538,0.69035,0,0.21266,0.18586,-0.27457,-0.2353,0.042662,-0.079973,-0.37264,-0.053181,-0.46732,-0.42988,-0.44897,0.11156,0.24852,-0.12806,0.011799,-0.0030502,-0.034186,-0.44377,-0.34192,-0.61497,-0.41928,0.013889,-0.21729,-0.0061549,-0.089702,-0.040531,0.087408,-0.30546,-0.32141,-0.10139,-0.25369,-0.017525,-0.069651,-0.3722,-0.20639,-0.14484,-0.3087,0.070134,0.058117,0.15466,0.23282,0.22753,0.24132,0.042363,-0.1077,-0.35463,-0.22609,0.18766,-0.045535,-0.59597,-0.55574,-0.32114,-0.4229,0.070734,-0.049981,-0.1296,-0.16343,-0.13369,-0.039142,-0.10415,-0.085059,-0.033859,-0.043568,-0.068071,0.017491,-0.46613,-0.10362
0.090151,-0.11689,0.022046,0.17478,0.69777,-0.0031523,0.71949,0.2038,0.14717,0.24406,0.5518,0.26207,0.046761,0.17132,-0.30476,-0.23461,0.16356,0.23796,0.23943,0.17642,-0.49266,-0.39385,0.30802,0.10681,0.35387,0.26327,-0.28881,-0.24892,-0.012017,-0.20239,-0.023442,-0.14039,0.020569,-0.0072647,0.12769,0.020364,0.53627,0.21266,0,0.56923,0.03631,-0.12686,-0.17593,-0.41885,-0.32072,-0.35064,-0.49155,-0.6189,-0.53279,0.029719,0.01265,-0.1334,0.2688,-0.055564,0.052541,-0.46765,-0.46137,-0.88092,-0.82871,0.13187,-0.096967,-0.080517,-0.082757,-0.089852,-0.0069243,-0.3935,-0.56423,-0.05617,-0.36031,-0.33656,-0.3839,-0.39526,-0.43903,-0.22775,-0.36227,0.53246,0.30725,-0.027595,0.037331,0.13926,0.047694,0.028398,-0.0067677,-0.2649,-0.076902,0.19291,-0.018921,-0.76349,-0.86329,-0.33185,-0.42175,0.35805,-0.1374,0.20018,0.031135,0.093644,0.12051,0.043929,-0.0096953,-0.18868,-0.19878,-0.34736,-0.21241,-0.18965,-0.072953
0.10383,0.14815,0.25104,0.36952,0.36266,-0.066839,0.49431,0.25127,0.25051,0.47949,0.50974,0.6785,0.061052,0.32759,-0.16897,-0.13784,0.20716,0.50516,0.66659,0.47909,-0.55418,-0.47026,0.43198,0.26461,0.46089,0.56889,-0.44735,-0.33859,0.040306,-0.29959,-0.090063,-0.21496,-0.093535,-0.048409,-0.12303,-0.18402,0.27909,0.18586,0.56923,0,-0.10882,0.028494,-0.3729,-0.52076,-0.1435,-0.19707,-0.25727,-0.43781,-0.62196,-0.046679,0.012732,-0.19204,0.088259,-0.21375,-0.029351,-0.72042,-0.80349,-0.66599,-1,0.32388,0.038271,-0.24206,-0.29478,0.0131,-0.074471,-0.13524,-0.34857,-0.25763,-0.57531,-0.43033,-0.55622,-0.22421,-0.33297,0.015367,-0.13046,0.59203,0.55077,0.077004,0.2094,0.15722,0.21802,0.23332,0.19154,-0.01026,0.051289,0.37043,0.2562,-0.53377,-0.7822,-0.043779,-0.14736,0.080197,-0.11604,-0.01135,0.023054,0.10738,0.11386,0.0072238,-0.056231,-0.13794,-0.25866,-0.35425,-0.25486,-0.42747,-0.19063
-0.046019,0.019316,-0.39043,-0.36178,0.063687,0.20737,0.16341,0.18192,-0.069896,-0.10607,-0.29318,-0.02654,-0.24071,-0.27166,0.024286,-0.14823,-0.23524,-0.39199,-0.21753,-0.40717,0.048238,0.060214,0.10736,0.20396,-0.14389,-0.34804,0.19455,0.20336,-0.068296,0.023387,-0.25635,-0.078986,-0.17863,-0.22632,0.00097362,-0.10283,-0.21743,-0.27457,0.03631,-0.10882,0,0.25345,-0.090996,0.04721,-0.21609,-0.29561,-0.27173,-0.3211,0.11483,-0.2405,-0.22212,-0.24583,0.019268,0.13355,-0.040075,0.093229,0.045828,-0.23914,-0.18526,-0.18266,-0.011009,0.028344,-0.00013617,-0.21626,-0.14881,-0.41593,-0.53084,0.018104,0.11262,-0.036112,-0.086053,-0.29665,-0.32864,-0.37627,-0.38864,-0.13363,-0.22589,-0.4754,-0.60763,-0.41984,-0.57017,-0.41213,-0.46467,-0.34819,-0.42623,-0.4171,-0.49993,-0.23498,-0.21587,-0.2367,-0.39316,-0.19751,-0.14183,-0.15202,-0.025532,-0.27613,-0.20391,-0.2326,-0.22922,-0.22317,-0.15137,-0.35015,-0.37585,-0.0004766,0.062706
-0.1464,0.32719,-0.22762,-0.25614,-0.041804,0.3959,-0.026022,0.36251,0.078679,0.11976,-0.3688,0.12782,-0.092623,-0.038604,0.23356,0.10873,-0.17695,-0.23036,-0.024967,-0.24411,0.071544,0.13102,0.27551,0.48696,-0.095684,-0.22993,0.13264,0.30701,-0.055666,-0.07185,-0.18512,-0.13777,-0.22307,-0.14295,-0.18358,-0.1506,-0.30004,-0.2353,-0.12686,0.028494,0.25345,0,-0.31835,0.060895,-0.085951,-0.068242,-0.079367,-0.10582,0.055598,-0.21593,-0.10892,-0.17479,-0.082628,0.13486,0.11216,-0.037494,-0.16253,-0.13339,-0.22431,-0.10665,0.26207,-0.13334,-0.11958,-0.30457,-0.38009,-0.25305,-0.41818,-0.12205,0.029944,0.062645,-0.11371,-0.10653,-0.1302,-0.15373,-0.16184,-0.12278,-0.13402,-0.40539,-0.42598,-0.4922,-0.45194,-0.28395,-0.38445,-0.19127,-0.28578,-0.39188,-0.27194,-0.039387,-0.1152,-0.073627,-0.15219,-0.36714,-0.072511,-0.37862,0.018662,-0.37179,-0.23088,-0.452,-0.33716,-0.42391,-0.26606,-0.56867,-0.42104,-0.16534,-0.10192
0.031428,-0.22292,-0.60856,-0.48435,-0.22011,-0.22661,-0.12343,-0.24223,-0.37089,-0.13329,-0.083663,-0.47989,-0.25315,-0.37228,-0.14732,-0.22047,-0.2197,-0.33619,-0.57211,-0.44555,-0.094892,-0.1106,-0.42291,-0.31517,-0.34237,-0.32345,-0.09749,-0.021814,0.1433,0.18485,0.066819,0.16658,-0.028664,-0.11215,0.19436,0.15318,-0.052609,0.042662,-0.17593,-0.3729,-0.090996,-0.31835,0,0.35645,-0.19383,-0.03136,-0.087081,-0.21808,-0.11168,-0.31671,-0.23342,-0.31594,-0.23857,-0.16258,-0.42414,-0.006577,0.30305,-0.020146,0.1307,-0.59784,-0.57138,0.014468,-0.1023,-0.26522,-0.20699,-0.19993,-0.17803,-0.092725,-0.022992,-0.05679,0.047278,-0.27543,-0.078311,-0.22303,-0.14046,-0.37274,-0.39572,-0.20909,-0.30186,-0.09563,-0.22361,-0.48509,-0.47404,-0.58459,-0.4785,-0.30325,-0.54102,-0.13618,-0.037031,-0.15646,-0.15391,-0.28797,-0.35691,-0.35628,-0.60519,-0.58462,-0.72386,-0.47943,-0.59713,-0.34198,-0.31194,-0.22526,-0.22924,-0.28484,-0.31894
