,,,,,,,,,,,,,,,,,,,,,,,,,,,,,,,,,,,,,,,,,,,,,,,,,,,,,,,,,,,,,,,,,,,,,,,,,,,,,,,,,,,,,,,,,,,,,,,,,,,,,,,,
0,0.011634,0.021479,0.074606,0.012132,-0.56752,0.16147,-0.28214,0.14705,0.19058,0.20678,-0.075479,-0.02451,-0.1161,-0.12249,-0.46884,-0.021219,0.25407,0.059428,0.14839,-0.2692,-0.50724,-0.12147,-0.18389,0.042503,0.26275,-0.43036,-0.38331,-0.1127,-0.0076937,-0.0443,0.13053,-0.26665,-0.32926,-0.11852,-0.19278,-0.14835,0.066428,0.078005,0.2239,-0.21419,-0.30879,0.47734,0.057739,0.21624,0.40083,0.08925,-0.15703,-0.33053,-0.25347,-0.39642,-0.16462,-0.25624,-0.65782,-0.60766,-0.63682,-0.41686,-0.17487,-0.36064,-0.042445,-0.051669,-0.037732,-0.19972,0.24243,0.017105,0.38008,0.15465,-0.068825,-0.26079,0.11196,0.17265,0.38629,0.49512,0.32394,0.45912,-0.028386,-0.23223,-0.040821,-0.067951,0.044914,-0.031208,0.047339,0.31764,-0.26647,-0.10515,0.15107,0.083916,-0.31107,-0.44707,0.19346,0.30156,-0.3824,-0.70849,-0.016362,-0.61642,0.049836,-0.29015,-0.063318,-0.3842,-0.21343,-0.45107,-0.20811,-0.31143,-0.53053,-0.3784
0.011634,0,0.033683,0.0007073,0.0013641,0.16226,-0.13379,0.19916,0.13727,0.35127,-0.14687,0.38899,0.13666,0.15121,0.60983,0.34774,0.38442,0.16729,0.38741,0.15608,0.13459,-0.14842,0.54255,0.53533,0.17675,0.13802,-0.26841,-0.16306,0.016456,-0.045188,-0.010653,0.021262,-0.087648,-0.068644,-0.20999,-0.30047,-0.27033,-0.15515,-0.11812,0.23181,-0.050305,0.31012,-0.17188,-0.073184,0.25959,0.24576,-0.049699,-0.13335,-0.024626,0.0020858,-0.096959,-0.46741,-0.26668,-0.17122,-0.27925,-0.33264,-0.43375,-0.21756,-0.46215,0.27895,0.2835,-0.2067,-0.35139,-0.010812,-0.13931,0.10921,-0.091414,-0.32154,-0.21838,-0.079636,-0.221,0.15181,0.024488,0.28407,0.12365,0.0007506,0.055335,-0.05312,-0.18242,-0.14213,-0.083389,0.094641,0.011858,-0.029887,-0.13567,0.089964,0.043463,-0.29973,-0.31965,0.43218,0.2278,-0.60652,-0.41819,-0.4827,-0.28538,-0.25287,-0.35012,-0.33456,-0.53834,-0.041875,-0.31619,-0.30182,-0.24443,-0.43123,-0.24572
0.021479,0.033683,0,0.90466,0.010306,-0.33945,-0.033431,-0.13864,0.18959,0.13717,0.090722,0.30276,0.10237,0.28475,-0.15258,-0.30102,0.15207,0.45643,0.46465,0.67262,-0.38978,-0.50096,0.13656,-0.021926,0.24667,0.40709,-0.73749,-0.70075,-0.29022,-0.46201,-0.22642,-0.27445,-0.15194,-0.086911,-0.38977,-0.36376,-0.13847,-0.092864,-0.028819,0.29419,-0.3817,-0.15479,-0.36752,-0.44978,0.026408,-0.049749,0.11017,0.031626,-0.52166,0.095558,0.041529,-0.013143,-0.022229,-0.31116,-0.2172,-0.54645,-0.80577,-0.25344,-0.46646,0.62318,0.059457,-0.37152,-0.41595,0.1375,-0.075161,0.23451,0.12236,-0.49673,-0.65188,-0.23535,-0.29966,0.12884,-0.0037097,0.13218,0.094569,0.35798,0.36471,0.33279,0.41974,0.18471,0.34536,0.9362,0.45974,0.47064,0.46369,0.50078,0.74653,-0.1469,-0.34001,0.095413,0.10792,-0.087958,-0.19039,0.012962,-0.044343,0.32543,0.26767,0.28234,0.18544,-0.018209,-0.32986,-0.1252,-0.18959,-0.2373,-0.15019
0.074606,0.0007073,0.90466,0,0.21711,-0.39075,0.099975,-0.097185,0.21296,0.22518,0.35833,0.29326,-0.01712,0.20323,-0.19642,-0.33706,0.10784,0.56357,0.44229,0.78824,-0.45489,-0.70448,0.081585,-0.11129,0.39625,0.661,-0.8552,-0.81537,-0.21572,-0.45434,-0.19137,-0.25797,-0.21952,-0.1588,-0.31133,-0.25427,0.042972,0.081578,0.15273,0.41052,-0.36987,-0.23941,-0.25088,-0.42728,-0.084602,-0.054137,0.032298,-0.0026776,-0.74909,-0.037992,-0.038468,0.026192,0.11897,-0.28132,-0.21804,-0.66149,-0.78289,-0.44732,-0.57336,0.55455,-0.036686,-0.30575,-0.40704,0.30569,0.10464,0.23056,0.11355,-0.62063,-0.82059,-0.23431,-0.26859,0.13412,0.027332,0.16733,0.13884,0.58637,0.53859,0.24169,0.42761,0.33266,0.44427,0.93014,0.62398,0.17991,0.31792,0.57266,0.56061,-0.33363,-0.4469,-0.016715,0.044481,-0.043189,-0.30332,0.11984,-0.042893,0.27642,0.24984,0.26265,0.1056,-0.015525,-0.36565,-0.13935,-0.1552,-0.27622,-0.15318
0.012132,0.0013641,0.010306,0.21711,0,-0.038079,0.52449,0.16121,0.1273,0.060734,0.35799,0.17473,-0.12013,-0.034485,-0.19537,-0.20044,0.091235,0.13106,0.097514,0.09664,-0.3392,-0.54945,0.13657,-0.02822,0.30262,0.1511,-0.4388,-0.33725,-0.15127,-0.30834,-0.1413,-0.30441,-0.12907,-0.19846,0.087792,-0.042149,0.2764,0.067374,0.68374,0.31553,0.10514,-0.10697,-0.11766,-0.31074,-0.24518,-0.23219,-0.32891,-0.26746,-0.59968,-0.10383,-0.10264,-0.31821,0.29811,-0.095814,-0.0084587,-0.39999,-0.39867,-0.83226,-0.65814,0.064097,-0.28878,-0.18103,-0.29585,-0.040193,-0.05566,-0.21165,-0.37031,-0.32968,-0.39944,-0.29388,-0.33058,-0.14525,-0.21502,-0.092878,-0.19001,0.5409,0.26566,-0.055956,-0.020028,0.17758,-0.01027,0.022706,0.034773,-0.27774,-0.094105,0.14035,-0.07449,-0.70504,-0.59218,-0.26944,-0.23782,0.11536,-0.41974,0.30299,-0.062011,0.045693,-0.019768,0.0041428,-0.13848,-0.19727,-0.47256,-0.32934,-0.46959,-0.1955,-0.266
-0.56752,0.16226,-0.33945,-0.39075,-0.038079,0,-0.22816,0.40087,-0.15221,-0.17891,-0.46207,-0.058316,-0.0049222,-0.040266,0.28274,0.52017,0.011021,-0.37199,-0.15058,-0.41074,0.30699,0.27497,0.32053,0.38539,-0.047786,-0.39132,0.22948,0.27804,-0.13212,0.018224,-0.037877,-0.14885,0.12727,0.093241,0.056129,0.025643,-0.14127,-0.28456,-0.13339,-0.21874,0.28898,0.45084,-0.41096,-0.031598,-0.26589,-0.34036,-0.54406,-0.36346,0.24859,0.09703,0.16336,-0.4122,-0.12161,0.38039,0.2552,0.3439,0.10435,-0.29922,-0.2067,-0.14244,-0.048436,-0.18042,-0.039486,-0.51318,-0.4003,-0.58627,-0.65927,-0.11042,0.17763,-0.13401,-0.31761,-0.41365,-0.51645,-0.40315,-0.56744,-0.17735,-0.12776,-0.27922,-0.4736,-0.36139,-0.3639,-0.36827,-0.60586,-0.18687,-0.35903,-0.36106,-0.44102,-0.29745,-0.1758,-0.2462,-0.46265,-0.18255,-0.035069,-0.41018,0.093414,-0.4377,-0.23021,-0.43638,-0.29466,-0.2164,-0.1077,-0.42717,-0.22311,0.064126,0.035978
0.16147,-0.13379,-0.033431,0.099975,0.52449,-0.22816,0,0.22763,0.1576,0.094013,0.47764,0.15185,-0.22852,-0.093092,-0.42632,-0.50322,-0.094704,0.086283,0.037465,0.061535,-0.59652,-0.57035,-0.086442,-0.16352,0.095659,0.088874,-0.46567,-0.32064,-0.074671,-0.25087,-0.19103,-0.25362,-0.20021,-0.27765,0.085324,-0.064725,0.28113,0.18169,0.85219,0.38656,0.17195,-0.13389,0.0058821,-0.23148,-0.19035,-0.25305,-0.32368,-0.40404,-0.66362,-0.31211,-0.20734,-0.36531,0.18445,-0.29442,-0.13669,-0.45118,-0.33532,-0.64929,-0.60382,-0.17491,-0.47252,-0.19672,-0.22805,-0.034845,-0.1025,-0.23811,-0.36108,-0.20037,-0.46508,-0.32884,-0.31302,-0.20419,-0.22613,-0.12222,-0.18105,0.43675,0.18292,-0.052679,0.026762,0.20205,0.0318,-0.07986,0.019292,-0.19779,-0.11591,0.14183,-0.029923,-0.52425,-0.63936,-0.16254,-0.24796,0.079853,-0.33968,0.21994,-0.15406,0.13084,-0.019386,0.099433,-0.077731,-0.30942,-0.5022,-0.46871,-0.61882,-0.37527,-0.34263
-0.28214,0.19916,-0.13864,-0.097185,0.16121,0.40087,0.22763,0,0.10711,0.21995,-0.021443,0.28044,-0.087691,0.084595,0.01206,0.10718,-0.0090217,-0.09823,0.069958,-0.10493,-0.11998,-0.10909,0.27307,0.23124,0.14179,-0.078279,-0.12896,0.023557,0.034355,-0.078979,-0.055198,-0.12921,-0.039999,-0.039291,0.088867,0.029295,0.099513,0.063065,0.25526,0.22145,0.25339,0.41065,-0.27362,-0.083166,-0.16818,-0.25298,-0.56754,-0.42189,-0.14948,-0.1302,0.030493,-0.40302,0.010285,0.09008,0.090571,-0.077334,-0.12455,-0.51744,-0.45801,-0.09658,-0.15423,-0.25985,-0.097138,-0.27357,-0.19928,-0.45501,-0.5683,-0.26046,-0.23254,-0.21395,-0.36319,-0.30416,-0.40179,-0.21919,-0.34296,0.21163,0.23604,-0.23409,-0.23933,-0.12962,-0.13479,-0.17166,-0.28127,-0.11936,-0.29712,-0.10686,-0.19599,-0.42597,-0.41221,-0.11807,-0.38157,-0.11726,-0.11378,-0.32006,0.014615,-0.25377,-0.10761,-0.19529,-0.21064,-0.32616,-0.28851,-0.74133,-0.40808,-0.27616,-0.068197
0.14705,0.13727,0.18959,0.21296,0.1273,-0.15221,0.1576,0.10711,0,0.18353,0.052968,0.2079,-0.14897,-0.064769,-0.047223,-0.17572,-0.045289,0.13783,0.29661,0.25346,-0.25667,-0.42154,0.23259,0.042922,0.23516,0.32845,-0.35548,-0.33452,-0.28185,-0.27983,-0.40665,-0.22962,-0.39669,-0.27703,-0.30527,-0.41721,-0.25025,-0.22299,0.17868,0.34811,-0.0077514,-0.0042655,-0.16632,-0.24696,0.10724,-0.035711,-0.053784,-0.24897,-0.21197,-0.18025,-0.30825,-0.07431,0.0076504,-0.29362,-0.1737,-0.34611,-0.44578,-0.31318,-0.55563,0.23438,0.060994,-0.32594,-0.25258,-0.00085165,-0.13304,0.1244,-0.093689,-0.44109,-0.50765,-0.282,-0.33097,0.17267,-0.017213,0.2148,0.20651,0.35981,0.24025,-0.22397,-0.1865,-0.094905,-0.059659,0.14064,0.33465,0.089849,0.048089,0.094576,0.11003,-0.34763,-0.41959,0.21437,0.16385,-0.26243,-0.41163,-0.092037,-0.192,0.15269,0.032579,0.082415,-0.11984,-0.27793,-0.43719,-0.54601,-0.4037,-0.21918,-0.16693
0.19058,0.35127,0.13717,0.22518,0.060734,-0.17891,0.094013,0.21995,0.18353,0,0.32116,0.48826,0.17776,0.3852,0.13549,-0.025217,0.21806,0.43243,0.24428,0.29033,-0.2258,-0.38395,0.23802,0.17755,0.24805,0.38848,-0.50438,-0.29628,0.20895,0.0010032,0.2073,0.21426,-0.046047,-0.002591,0.025809,-0.068067,0.063888,0.32238,0.15844,0.58356,-0.27282,-0.038115,0.10978,-0.032132,0.23966,0.32843,-0.14177,-0.22276,-0.33504,-0.059962,-0.018664,-0.22964,-0.16653,-0.26601,-0.31351,-0.58013,-0.47081,-0.36417,-0.4616,0.24887,0.12678,-0.095842,-0.13571,0.073032,0.11974,0.13904,-0.06186,-0.28052,-0.42828,-0.036303,-0.065122,0.12552,0.15273,0.39615,0.28007,0.22453,0.28443,-0.017971,0.020274,0.09065,0.13946,0.16621,0.13893,-0.18271,-0.26366,0.26961,0.063939,-0.39995,-0.44144,0.3053,0.16273,-0.36168,-0.38518,-0.35857,-0.368,-0.20014,-0.26431,-0.14105,-0.35792,-0.17414,-0.27704,-0.34144,-0.1618,-0.61671,-0.15335
0.20678,-0.14687,0.090722,0.35833,0.35799,-0.46207,0.47764,-0.021443,0.052968,0.32116,0,0.19126,-0.10888,0.08248,-0.33512,-0.4669,0.01551,0.41607,0.12291,0.32185,-0.6838,-0.85918,-0.11222,-0.20342,0.21923,0.45322,-0.79018,-0.57672,0.065988,-0.1795,0.028566,-0.093188,-0.14403,-0.20753,0.052391,-0.061838,0.49279,0.45709,0.64224,0.54049,-0.27766,-0.43032,0.12212,-0.31292,-0.13737,-0.090804,-0.23583,-0.37956,-1,-0.21933,-0.11057,-0.22735,0.043254,-0.40987,-0.2807,-0.75971,-0.52892,-0.67957,-0.67562,0.014796,-0.32629,-0.1077,-0.21057,0.17252,0.14971,-0.012767,-0.14809,-0.28546,-0.66135,-0.28187,-0.21713,-0.11236,-0.055335,0.11852,0.057385,0.45467,0.3498,0.098344,0.2813,0.53715,0.38388,0.13435,0.26841,-0.28353,-0.11584,0.44744,0.11393,-0.64245,-0.73428,-0.064862,-0.07929,0.043672,-0.41534,0.1312,-0.23296,0.080524,-0.06357,0.071315,-0.14575,-0.13586,-0.36023,-0.20641,-0.20472,-0.49754,-0.29368
-0.075479,0.38899,0.30276,0.29326,0.17473,-0.058316,0.15185,0.28044,0.2079,0.48826,0.19126,0,0.095753,0.42256,0.077399,-0.014788,0.28548,0.33927,0.50373,0.36632,-0.30447,-0.39973,0.39287,0.35305,0.21835,0.25729,-0.54199,-0.35762,0.0044531,-0.30337,-0.093191,-0.21311,-0.1039,-0.054866,-0.15335,-0.37577,-0.015698,-0.009563,0.1956,0.65097,-0.12355,0.11684,-0.35631,-0.45396,0.16954,0.012075,-0.15728,-0.23448,-0.44402,-0.02101,0.026314,-0.38457,-0.0062286,-0.19783,-0.0851,-0.58768,-0.7886,-0.496,-0.72881,0.42147,0.10733,-0.20266,-0.30218,-0.0090866,-0.010083,-0.0029519,-0.19077,-0.3327,-0.50237,-0.35987,-0.41605,-0.036982,-0.1382,0.26994,0.034362,0.44006,0.56407,0.053466,0.10144,0.067634,0.14202,0.20917,0.12006,0.071134,-0.093681,0.34565,0.21262,-0.38815,-0.48846,0.27561,0.063195,-0.23016,-0.24036,-0.16909,-0.049424,0.023031,0.02459,0.029216,-0.11725,-0.011346,-0.21098,-0.26273,-0.26584,-0.41225,-0.16861
-0.02451,0.13666,0.10237,-0.01712,-0.12013,-0.0049222,-0.22852,-0.087691,-0.14897,0.17776,-0.10888,0.095753,0,0.70813,0.20715,0.070376,0.50418,0.33661,0.061788,0.049157,0.054505,0.039284,0.2888,0.3489,-0.040966,-0.059435,-0.26618,-0.11634,-0.02106,0.15913,0.48477,0.1328,0.66786,0.59756,0.19326,0.052593,0.0061492,0.030176,-0.093127,0.062091,-0.28512,-0.017062,-0.06217,-0.018029,0.13552,0.18168,-0.23944,-0.28631,-0.11801,0.84208,0.48729,-0.37153,-0.25919,-0.086529,-0.040792,-0.27108,-0.38969,-0.17579,-0.24963,0.098647,0.081123,0.035683,-0.0044242,-0.22809,-0.29339,-0.097763,-0.28271,0.020237,-0.011216,0.11925,-0.013164,-0.042633,-0.040489,0.086139,-0.094635,-0.064465,-0.11501,0.30929,0.12869,0.086413,0.1223,0.00093104,-0.094142,-0.1443,-0.14163,0.21351,0.04718,-0.24403,-0.26589,0.09013,0.047873,-0.25906,-0.31444,-0.32721,-0.39689,-0.14712,-0.28497,-0.25003,-0.25303,-0.019184,-0.12998,-0.093805,-0.15442,-0.28882,-0.24787
-0.1161,0.15121,0.28475,0.20323,-0.034485,-0.040266,-0.093092,0.084595,-0.064769,0.3852,0.08248,0.42256,0.70813,0,0.11082,0.025304,0.38819,0.47432,0.24131,0.23048,-0.13841,-0.11498,0.38276,0.39612,0.14138,0.12443,-0.38336,-0.21059,0.12847,0.00056295,0.35061,0.03901,0.42954,0.50477,0.092627,0.0013496,0.15896,0.20189,0.049193,0.30945,-0.26688,0.04661,-0.22687,-0.20566,0.033496,0.049439,-0.27534,-0.32314,-0.31817,0.45299,0.58291,-0.2952,-0.10963,-0.047396,0.044293,-0.4048,-0.57892,-0.3743,-0.44719,0.27592,0.065461,-0.016145,-0.078301,-0.13038,-0.13651,-0.12558,-0.29569,-0.14747,-0.23758,-0.064408,-0.17197,-0.14741,-0.14744,0.10101,-0.11499,0.16259,0.19905,0.32231,0.30197,0.18768,0.32104,0.15221,-0.017971,-0.0457,-0.12955,0.37251,0.17659,-0.3332,-0.40556,0.077745,-0.060287,-0.17029,-0.16041,-0.30021,-0.16304,-0.090078,-0.054224,-0.11245,-0.10042,0.039089,-0.057977,-0.10923,-0.097454,-0.36199,-0.12009
-0.12249,0.60983,-0.15258,-0.19642,-0.19537,0.28274,-0.42632,0.01206,-0.047223,0.13549,-0.33512,0.077399,0.20715,0.11082,0,0.53113,0.29806,-0.031244,0.074295,-0.098671,0.57237,0.10463,0.4272,0.54287,0.0033922,-0.075847,-0.010905,-0.035408,-0.089442,0.10802,0.11348,0.1392,0.044625,0.079059,-0.11628,-0.17755,-0.34978,-0.21809,-0.30861,-0.078915,-0.084804,0.19329,-0.13102,0.083469,0.18566,0.27627,-0.15477,-0.17568,0.24706,0.10526,0.013179,-0.28576,-0.27765,0.054108,-0.1364,-0.059644,-0.18396,-0.18138,-0.26502,0.17594,0.3837,0.03504,-0.057089,-0.082083,-0.06951,0.050969,-0.084609,-0.10718,0.11815,0.1035,-0.013229,0.11727,0.072982,0.20517,0.05924,-0.22718,-0.17147,-0.1484,-0.37433,-0.25905,-0.18423,-0.10038,-0.17134,-0.24251,-0.36561,-0.090182,-0.21507,-0.31889,-0.20538,0.24526,0.093963,-0.77366,-0.4304,-0.55059,-0.23796,-0.36103,-0.36632,-0.40448,-0.56166,0.046891,-0.039298,-0.16596,0.048587,-0.15116,-0.0256
-0.46884,0.34774,-0.30102,-0.33706,-0.20044,0.52017,-0.50322,0.10718,-0.17572,-0.025217,-0.4669,-0.014788,0.070376,0.025304,0.53113,0,0.067006,-0.24071,-0.10592,-0.29933,0.35893,0.20221,0.26262,0.33356,-0.10179,-0.27661,0.10613,0.20979,-0.051185,-0.011122,0.061723,-0.085093,0.074425,0.10306,-0.063534,-0.06855,-0.25044,-0.26236,-0.36461,-0.20161,-0.12419,0.29644,-0.34059,-0.041918,-0.079376,-0.039219,-0.27959,-0.13329,0.25225,0.087655,0.031359,-0.31522,-0.31309,0.1537,0.068168,0.044603,-0.078655,-0.15748,-0.14016,-0.021659,0.16422,-0.21837,-0.1911,-0.44736,-0.35431,-0.28081,-0.33923,-0.2459,0.094309,-0.10847,-0.26032,-0.19469,-0.26234,-0.088391,-0.24498,-0.30511,-0.15723,-0.23788,-0.39651,-0.34221,-0.28405,-0.22865,-0.41015,-0.21244,-0.39108,-0.29715,-0.33475,-0.2093,-0.02962,-0.021847,-0.10457,-0.41547,-0.1326,-0.57541,-0.15809,-0.57575,-0.39731,-0.65061,-0.49291,-0.20019,-0.10297,-0.27026,-0.11087,-0.16101,-0.12089
-0.021219,0.38442,0.15207,0.10784,0.091235,0.011021,-0.094704,-0.0090217,-0.045289,0.21806,0.01551,0.28548,0.50418,0.38819,0.29806,0.067006,0,0.41532,0.33299,0.3109,0.013042,-0.18017,0.4269,0.3986,0.038339,0.074411,-0.49956,-0.37337,-0.082617,-0.094458,0.15475,-0.02088,0.29519,0.23347,0.039934,-0.1889,-0.027469,-0.059969,0.020093,0.17659,-0.21979,-0.068962,-0.12222,-0.21754,0.2639,0.14139,-0.18731,-0.22448,-0.22495,0.47608,0.19697,-0.46511,-0.099869,-0.15204,-0.23254,-0.35212,-0.48422,-0.33089,-0.47937,0.28545,0.050817,-0.042885,-0.17008,-0.054513,-0.14648,0.017928,-0.13943,-0.11647,-0.2386,-0.12325,-0.21216,0.055299,-0.034535,0.19776,0.0039118,0.14682,0.11356,0.3546,0.1348,0.23109,0.19334,0.17356,0.04391,-0.060373,0.016145,0.44258,0.14794,-0.40304,-0.39822,0.23966,0.17548,-0.28826,-0.53711,-0.24906,-0.38701,-0.047974,-0.27948,-0.12041,-0.32933,0.12633,-0.26198,-0.13448,-0.15512,-0.24591,-0.32139
0.25407,0.16729,0.45643,0.56357,0.13106,-0.37199,0.086283,-0.09823,0.13783,0.43243,0.41607,0.33927,0.33661,0.47432,-0.031244,-0.24071,0.41532,0,0.52546,0.81285,-0.3181,-0.47112,0.19415,0.10426,0.24476,0.57649,-0.7705,-0.55405,0.028739,-0.10107,0.11393,-0.018693,0.059572,0.0837,-0.087005,-0.17503,0.13688,0.20474,0.19693,0.54547,-0.36979,-0.18397,-0.026661,-0.26452,0.12923,0.18531,-0.045108,-0.22117,-0.60256,0.17272,0.07519,-0.26089,-0.067987,-0.36385,-0.28719,-0.80429,-0.85312,-0.3565,-0.60543,0.32775,0.0020858,-0.069539,-0.25508,0.26851,0.0043521,0.19662,-0.03242,-0.3394,-0.58515,-0.085836,-0.14515,0.15476,0.090903,0.37145,0.22459,0.3879,0.28803,0.39267,0.50393,0.47967,0.5858,0.44184,0.55541,-0.019393,0.13986,0.90841,0.52251,-0.38632,-0.5128,0.20174,0.24351,-0.20709,-0.50936,-0.1213,-0.38295,0.093508,-0.1129,-0.02451,-0.20188,0.090571,-0.31594,-0.097579,-0.1654,-0.49188,-0.34134
0.059428,0.38741,0.46465,0.44229,0.097514,-0.15058,0.037465,0.069958,0.29661,0.24428,0.12291,0.50373,0.061788,0.24131,0.074295,-0.10592,0.33299,0.52546,0,0.82072,-0.22473,-0.42343,0.44094,0.28698,0.37081,0.52378,-0.54289,-0.4571,-0.11387,-0.29015,-0.23295,-0.2535,-0.16458,-0.14704,-0.31541,-0.47558,-0.091149,-0.11969,0.10455,0.5684,-0.19096,0.097405,-0.35014,-0.48028,0.14017,0.017141,-0.0090289,-0.19777,-0.40121,0.0012053,-0.0952,-0.25669,-0.095844,-0.35198,-0.28477,-0.6296,-0.90184,-0.3464,-0.86554,0.46914,0.19092,-0.23331,-0.41043,0.19784,-0.08606,0.13299,-0.043044,-0.41115,-0.56484,-0.28921,-0.40567,0.10334,-0.088593,0.2116,0.11427,0.4122,0.35623,0.19215,0.19226,0.19106,0.31785,0.47788,0.44784,0.23639,0.26306,0.56119,0.65465,-0.33262,-0.54087,0.28318,0.16865,-0.21641,-0.3829,-0.16982,-0.15988,0.092714,0.025564,-0.032918,-0.23239,0.040396,-0.36777,-0.29087,-0.22361,-0.35846,-0.22822
0.14839,0.15608,0.67262,0.78824,0.09664,-0.41074,0.061535,-0.10493,0.25346,0.29033,0.32185,0.36632,0.049157,0.23048,-0.098671,-0.29933,0.3109,0.81285,0.82072,0,-0.39852,-0.6198,0.17723,0.016925,0.30622,0.7326,-0.89629,-0.77629,-0.11429,-0.35735,-0.19418,-0.20074,-0.17907,-0.12992,-0.32765,-0.40512,-0.019097,0.013323,0.11764,0.5053,-0.38639,-0.20277,-0.20634,-0.46421,0.11314,0.041305,0.079564,-0.10667,-0.61074,0.0031035,-0.094454,-0.13065,-0.026329,-0.43197,-0.39665,-0.77273,-0.92371,-0.33433,-0.68611,0.49829,0.030587,-0.2493,-0.41933,0.32501,0.030067,0.29537,0.12742,-0.50518,-0.8457,-0.28855,-0.32863,0.17522,0.028393,0.29107,0.24281,0.4945,0.45673,0.32093,0.4468,0.39182,0.53714,0.78391,0.75641,0.2225,0.39415,0.86352,0.82058,-0.31564,-0.49657,0.23673,0.2529,-0.15829,-0.42108,-0.076879,-0.25133,0.2151,0.041991,0.13856,-0.10478,0.069056,-0.39321,-0.16719,-0.16183,-0.39099,-0.28661
-0.2692,0.13459,-0.38978,-0.45489,-0.3392,0.30699,-0.59652,-0.11998,-0.25667,-0.2258,-0.6838,-0.30447,0.054505,-0.13841,0.57237,0.35893,0.013042,-0.3181,-0.22473,-0.39852,0,0.5119,0.10137,0.19105,-0.25028,-0.41681,0.38181,0.18734,-0.22876,0.1178,-0.0042943,0.059745,0.036397,0.10464,-0.089243,-0.024077,-0.4596,-0.34076,-0.51364,-0.4711,0.043275,0.21721,-0.16421,0.27072,-0.051084,0.11411,-0.23311,-0.07374,0.55089,0.043441,-0.068536,-0.12734,-0.17524,0.3104,-0.0052326,0.26226,0.12767,-0.031432,0.04775,-0.14854,0.1807,0.1691,0.11114,-0.16566,-0.13045,-0.16543,-0.1514,0.0088557,0.46077,0.30065,0.16868,0.029497,-0.0060337,-0.13194,-0.1645,-0.45207,-0.49839,-0.32267,-0.57957,-0.47959,-0.42759,-0.35142,-0.3831,-0.36898,-0.42139,-0.41103,-0.45477,-0.14155,0.068002,-0.14995,-0.1593,-0.66385,-0.34156,-0.49577,-0.21873,-0.46744,-0.35942,-0.47208,-0.47299,0.016629,0.082422,-0.13943,0.047945,0.11001,0.048638
-0.50724,-0.14842,-0.50096,-0.70448,-0.54945,0.27497,-0.57035,-0.10909,-0.42154,-0.38395,-0.85918,-0.39973,0.039284,-0.11498,0.10463,0.20221,-0.18017,-0.47112,-0.42343,-0.6198,0.5119,0,-0.092278,0.096453,-0.53693,-0.7699,0.62809,0.54442,-0.11922,0.15824,-0.025679,-0.029584,0.1882,0.28809,0.011432,0.051243,-0.37798,-0.36745,-0.5661,-0.64389,0.083721,0.24745,-0.27214,0.18277,-0.18758,-0.1547,-0.31275,-0.18227,0.55711,0.080279,0.063917,-0.18536,-0.20766,0.35885,0.14196,0.44049,0.28102,0.16594,0.29469,-0.41166,-0.029122,0.14588,0.22206,-0.44471,-0.37677,-0.51228,-0.41815,0.12991,0.48144,0.1284,0.034138,-0.31675,-0.31937,-0.42482,-0.46743,-0.58616,-0.56868,-0.30252,-0.46895,-0.53317,-0.4455,-0.59922,-0.69105,-0.26418,-0.43202,-0.55518,-0.53229,0.13953,0.28916,-0.30508,-0.35169,-0.36819,0.0092093,-0.60052,-0.18499,-0.60261,-0.38074,-0.56829,-0.29782,-0.086377,0.20741,-0.13726,-0.040489,0.14874,0.051965
-0.12147,0.54255,0.13656,0.081585,0.13657,0.32053,-0.086442,0.27307,0.23259,0.23802,-0.11222,0.39287,0.2888,0.38276,0.4272,0.26262,0.4269,0.19415,0.44094,0.17723,0.10137,-0.092278,0,0.90141,0.39216,0.16269,-0.18578,-0.10595,-0.0089279,-0.033315,-0.0081773,-0.036015,0.097405,0.12902,-0.0754,-0.20741,-0.10009,-0.1432,0.071091,0.29619,0.059319,0.32065,-0.30988,-0.21757,0.071842,-0.029555,-0.265,-0.36453,-0.034376,0.26791,0.20279,-0.34426,-0.10205,0.002923,-0.015914,-0.19639,-0.44776,-0.39519,-0.62634,0.42755,0.25583,-0.12207,-0.17405,-0.14996,-0.19856,-0.11835,-0.34048,-0.21041,-0.1651,-0.13901,-0.30707,-0.075862,-0.19259,0.04653,-0.098539,0.18123,0.16803,-0.0063729,-0.12643,-0.07724,-0.020071,0.08746,-0.050002,-0.006308,-0.085136,0.14377,0.047764,-0.45562,-0.49849,0.14283,-0.04098,-0.25422,-0.27342,-0.34964,-0.079044,-0.14689,-0.10368,-0.19316,-0.29283,-0.024315,-0.2003,-0.32673,-0.19048,-0.17897,-0.02923
-0.18389,0.53533,-0.021926,-0.11129,-0.02822,0.38539,-0.16352,0.23124,0.042922,0.17755,-0.20342,0.35305,0.3489,0.39612,0.54287,0.33356,0.3986,0.10426,0.28698,0.016925,0.19105,0.096453,0.90141,0,0.11732,-0.023781,-0.060034,0.053286,0.061521,0.10716,0.077781,0.013374,0.20533,0.21686,-0.0037097,-0.21176,-0.14388,-0.19156,-0.038259,0.16132,0.094085,0.40346,-0.29368,-0.1635,0.12972,0.0081051,-0.27673,-0.42225,0.059341,0.27396,0.24931,-0.47676,-0.18524,0.042214,0.0071019,-0.13837,-0.3569,-0.27001,-0.47576,0.22758,0.29286,0.036808,-0.048732,-0.18888,-0.21894,-0.19952,-0.41194,-0.045072,-0.016391,-0.093683,-0.23961,-0.15115,-0.22709,0.032428,-0.15024,0.0017683,0.02822,-0.021154,-0.18202,-0.14211,-0.064848,-0.10025,-0.19752,-0.082422,-0.24178,0.062885,-0.067728,-0.32907,-0.36954,0.18125,-0.050904,-0.35741,-0.23055,-0.48281,-0.10871,-0.29538,-0.24239,-0.35366,-0.39371,0.05623,-0.04225,-0.22945,-0.11125,-0.15724,0.00073617
0.042503,0.17675,0.24667,0.39625,0.30262,-0.047786,0.095659,0.14179,0.23516,0.24805,0.21923,0.21835,-0.040966,0.14138,0.0033922,-0.10179,0.038339,0.24476,0.37081,0.30622,-0.25028,-0.53693,0.39216,0.11732,0,0.65898,-0.39786,-0.38918,0.01346,-0.14728,-0.082711,-0.058648,-0.1747,-0.18287,-0.19818,-0.11363,0.12742,0.11083,0.2475,0.45636,-0.095773,-0.016824,-0.18206,-0.24628,-0.24741,-0.15499,-0.14559,-0.30402,-0.39498,-0.093605,0.0031179,-0.13237,-0.085511,-0.18661,-0.18175,-0.42062,-0.51452,-0.55818,-0.75628,0.37082,0.025477,-0.30316,-0.41227,0.072296,-0.0058749,0.027043,-0.1673,-0.49652,-0.44963,-0.20353,-0.31413,-0.10418,-0.15318,-0.039349,-0.055256,0.31919,0.28379,-0.012277,0.029295,0.081044,0.1214,0.30862,0.17197,-0.057732,0.019855,0.20888,0.16274,-0.57247,-0.73352,-0.058504,-0.18026,-0.03748,-0.19141,-0.088712,0.049684,-0.013691,0.073018,-0.029259,-0.1742,-0.17201,-0.40577,-0.325,-0.20299,-0.36507,-0.050853
0.26275,0.13802,0.40709,0.661,0.1511,-0.39132,0.088874,-0.078279,0.32845,0.38848,0.45322,0.25729,-0.059435,0.12443,-0.075847,-0.27661,0.074411,0.57649,0.52378,0.7326,-0.41681,-0.7699,0.16269,-0.023781,0.65898,0,-0.70755,-0.65234,0.0036015,-0.19003,-0.12279,-0.042106,-0.28931,-0.25927,-0.31738,-0.29617,0.04819,0.1261,0.19788,0.6016,-0.34242,-0.24102,-0.050146,-0.31919,-0.025629,0.035293,0.050226,-0.22008,-0.57121,-0.15898,-0.15511,-0.080423,-0.13004,-0.45512,-0.42139,-0.74516,-0.73925,-0.40068,-0.72849,0.43626,0.054145,-0.25666,-0.40964,0.34983,0.12928,0.33076,0.088239,-0.54257,-0.75537,-0.21534,-0.24308,0.12294,0.071668,0.27298,0.2988,0.37288,0.36776,0.081765,0.2107,0.25054,0.35205,0.5364,0.6452,0.0094186,0.13994,0.49242,0.41934,-0.45264,-0.65005,0.16949,0.14439,-0.16138,-0.37034,-0.09022,-0.17619,0.087958,0.0018982,0.039219,-0.19443,-0.062574,-0.39973,-0.20103,-0.10825,-0.48327,-0.17217
-0.43036,-0.26841,-0.73749,-0.8552,-0.4388,0.22948,-0.46567,-0.12896,-0.35548,-0.50438,-0.79018,-0.54199,-0.26618,-0.38336,-0.010905,0.10613,-0.49956,-0.7705,-0.54289,-0.89629,0.38181,0.62809,-0.18578,-0.060034,-0.39786,-0.70755,0,0.74927,-0.16719,0.10651,-0.19848,-0.10156,-0.11218,-0.078352,-0.04744,0.018253,-0.38304,-0.40634,-0.4659,-0.64299,0.20836,0.20274,-0.22898,0.15385,-0.35872,-0.25662,-0.31852,-0.22742,0.54117,-0.24879,-0.19563,-0.062257,-0.22379,0.26016,0.12856,0.43923,0.38552,0.048638,0.19291,-0.52824,-0.048991,0.10488,0.15565,-0.44278,-0.3029,-0.54018,-0.43493,0.13234,0.62275,0.063975,0.028465,-0.37597,-0.33575,-0.54632,-0.48594,-0.64654,-0.71109,-0.62861,-0.82309,-0.75151,-0.71192,-0.81382,-0.756,-0.44231,-0.61024,-0.89058,-0.76493,0.015734,0.15327,-0.46202,-0.51589,-0.27826,0.045845,-0.3982,-0.053603,-0.63214,-0.30034,-0.58538,-0.34793,-0.26796,0.14236,-0.23048,-0.081989,0.16374,0.15444
-0.38331,-0.16306,-0.70075,-0.81537,-0.33725,0.27804,-0.32064,0.023557,-0.33452,-0.29628,-0.57672,-0.35762,-0.11634,-0.21059,-0.035408,0.20979,-0.37337,-0.55405,-0.4571,-0.77629,0.18734,0.54442,-0.10595,0.053286,-0.38918,-0.65234,0.74927,0,0.020966,0.22247,-0.03499,-0.049641,0.024972,0.0014651,0.14081,0.085338,-0.22843,-0.27435,-0.30671,-0.39764,0.15215,0.30683,-0.15894,0.11516,-0.23679,-0.20862,-0.40969,-0.31435,0.37628,-0.14247,-0.098396,-0.27245,-0.33683,0.10959,0.11172,0.225,0.23975,0.044531,0.11663,-0.54785,-0.063419,0.040706,0.14168,-0.59874,-0.46269,-0.6982,-0.66894,0.18054,0.45532,0.041752,-0.032947,-0.44125,-0.38496,-0.47472,-0.47892,-0.54287,-0.564,-0.52236,-0.63656,-0.59952,-0.60604,-0.83182,-0.79268,-0.42439,-0.64053,-0.70708,-0.64964,0.0083866,0.092685,-0.36305,-0.41584,-0.18892,0.047541,-0.49613,-0.2016,-0.81695,-0.48433,-0.83944,-0.45968,-0.38219,0.030277,-0.32359,-0.22497,-0.055776,-0.0017971
-0.1127,0.016456,-0.29022,-0.21572,-0.15127,-0.13212,-0.074671,0.034355,-0.28185,0.20895,0.065988,0.0044531,-0.02106,0.12847,-0.089442,-0.051185,-0.082617,0.028739,-0.11387,-0.11429,-0.22876,-0.11922,-0.0089279,0.061521,0.01346,0.0036015,-0.16719,0.020966,0,0.33903,0.28374,0.37782,0.035553,0.056562,-0.013836,0.075349,0.16328,0.3204,-0.017733,0.051445,-0.091251,-0.075667,0.0727,-0.0083793,-0.20091,-0.11487,-0.33075,-0.49401,-0.18589,-0.15143,0.086947,-0.45219,-0.31837,-0.16264,-0.25414,-0.26952,-0.19261,-0.20959,-0.24242,-0.18736,-0.22067,0.0059976,-0.10075,-0.12058,-0.051171,-0.30288,-0.39625,-0.10659,-0.23537,-0.054534,-0.082595,-0.40658,-0.22772,-0.1432,-0.17196,-0.2155,-0.087056,-0.14597,-0.027736,-0.096903,-0.051193,-0.26327,-0.289,-0.35951,-0.38592,-0.10061,-0.22125,-0.30787,-0.36762,-0.10163,-0.22421,-0.18859,-0.011216,-0.60593,-0.24641,-0.52561,-0.43826,-0.43522,-0.3754,-0.0097867,0.023731,-0.016816,-0.0054996,-0.57947,-0.11915
-0.0076937,-0.045188,-0.46201,-0.45434,-0.30834,0.018224,-0.25087,-0.078979,-0.27983,0.0010032,-0.1795,-0.30337,0.15913,0.00056295,0.10802,-0.011122,-0.094458,-0.10107,-0.29015,-0.35735,0.1178,0.15824,-0.033315,0.10716,-0.14728,-0.19003,0.10651,0.22247,0.33903,0,0.45558,0.67197,0.17057,0.11167,0.12285,0.17498,-0.045643,0.074353,-0.14018,-0.17818,-0.023074,-0.066667,0.29325,0.3684,-0.10125,0.022987,-0.43,-0.62753,0.1562,0.023709,0.10278,-0.4397,-0.49134,-0.10285,-0.20042,0.019826,0.079441,-0.034773,-0.064408,-0.35656,-0.10429,0.20208,0.27113,-0.17373,-0.1613,-0.2978,-0.4372,0.21184,0.17867,0.3752,0.2673,-0.23365,-0.064826,-0.14867,-0.13449,-0.44759,-0.44743,-0.25548,-0.31183,-0.25689,-0.23429,-0.50055,-0.36233,-0.52579,-0.51846,-0.26793,-0.41158,-0.27051,-0.27522,-0.11383,-0.19807,-0.36152,-0.22681,-0.64552,-0.36508,-0.55094,-0.60955,-0.58666,-0.5167,-0.060727,0.07553,-0.083656,0.057472,-0.29521,-0.039587
-0.0443,-0.010653,-0.22642,-0.19137,-0.1413,-0.037877,-0.19103,-0.055198,-0.40665,0.2073,0.028566,-0.093191,0.48477,0.35061,0.11348,0.061723,0.15475,0.11393,-0.23295,-0.19418,-0.0042943,-0.025679,-0.0081773,0.077781,-0.082711,-0.12279,-0.19848,-0.03499,0.28374,0.45558,0,0.45291,0.53354,0.37707,0.3548,0.41861,0.24954,0.42888,-0.054116,-0.037234,-0.2861,-0.17246,0.21945,0.22626,-0.10326,0.12188,-0.45102,-0.40751,-0.15912,0.24303,0.37672,-0.41295,-0.33971,-0.062885,-0.09345,-0.207,-0.13029,-0.29289,-0.15784,-0.18436,-0.17222,0.092815,0.086514,-0.21763,-0.12647,-0.22925,-0.34165,0.073848,0.056779,0.2482,0.16014,-0.21193,-0.032897,-0.025499,-0.16211,-0.25047,-0.22592,0.087734,0.012197,0.066443,0.043542,-0.21731,-0.29285,-0.51835,-0.48171,-0.0015734,-0.24971,-0.41202,-0.33336,-0.10526,-0.17157,-0.26531,-0.26322,-0.39294,-0.37716,-0.37446,-0.44491,-0.40279,-0.37061,-0.086233,-0.037379,-0.038873,-0.0071668,-0.45397,-0.21355
0.13053,0.021262,-0.27445,-0.25797,-0.30441,-0.14885,-0.25362,-0.12921,-0.22962,0.21426,-0.093188,-0.21311,0.1328,0.03901,0.1392,-0.085093,-0.02088,-0.018693,-0.2535,-0.20074,0.059745,-0.029584,-0.036015,0.013374,-0.058648,-0.042106,-0.10156,-0.049641,0.37782,0.67197,0.45291,0,0.045902,0.051272,0.00044026,0.14145,-0.11699,0.20058,-0.19354,-0.1228,-0.1643,-0.2164,0.46802,0.45243,0.027845,0.20779,-0.26229,-0.3678,0.093963,-0.040439,0.04884,-0.25758,-0.43576,-0.16156,-0.41051,-0.07955,0.022937,-0.043246,-0.02861,-0.14128,-0.046501,0.12907,0.17073,-0.028732,0.071076,-0.031294,-0.12115,0.091718,0.011266,0.42938,0.41163,-0.0408,0.19867,0.0079824,0.090253,-0.38926,-0.33145,-0.21238,-0.24841,-0.23417,-0.20347,-0.24989,-0.24413,-0.44486,-0.44792,-0.18335,-0.33354,-0.26965,-0.27457,0.00166,-0.061781,-0.46519,-0.26338,-0.64068,-0.41094,-0.44963,-0.53582,-0.33222,-0.4181,-0.034347,0.042402,-0.020728,0.15702,-0.3722,0.016311
-0.26665,-0.087648,-0.15194,-0.21952,-0.12907,0.12727,-0.20021,-0.039999,-0.39669,-0.046047,-0.14403,-0.1039,0.66786,0.42954,0.044625,0.074425,0.29519,0.059572,-0.16458,-0.17907,0.036397,0.1882,0.097405,0.20533,-0.1747,-0.28931,-0.11218,0.024972,0.035553,0.17057,0.53354,0.045902,0,0.88402,0.46577,0.3276,0.23176,0.10761,-0.07296,-0.13939,-0.17049,-0.046732,-0.096491,0.010631,-0.18001,-0.12328,-0.42577,-0.40043,-0.11689,0.6496,0.67161,-0.39361,-0.16492,0.10224,0.10197,-0.064545,-0.12018,-0.25601,-0.1527,-0.17829,-0.20008,0.066024,0.048587,-0.41824,-0.40149,-0.41915,-0.50512,0.084696,0.10207,-0.016318,-0.12605,-0.39305,-0.34454,-0.25064,-0.46047,-0.16148,-0.19243,0.32764,0.10923,0.15657,0.12311,-0.20271,-0.38484,-0.27515,-0.25494,0.06606,-0.16626,-0.26563,-0.22255,-0.18453,-0.27897,-0.072087,-0.14589,-0.30326,-0.30036,-0.28283,-0.31903,-0.3577,-0.24828,-0.093983,-0.096513,-0.1256,-0.15356,-0.17978,-0.23786
-0.32926,-0.068644,-0.086911,-0.1588,-0.19846,0.093241,-0.27765,-0.039291,-0.27703,-0.002591,-0.20753,-0.054866,0.59756,0.50477,0.079059,0.10306,0.23347,0.0837,-0.14704,-0.12992,0.10464,0.28809,0.12902,0.21686,-0.18287,-0.25927,-0.078352,0.0014651,0.056562,0.11167,0.37707,0.051272,0.88402,0,0.24261,0.25937,0.097297,0.074808,-0.15926,-0.17563,-0.14416,0.010148,-0.18578,0.033027,-0.1746,-0.091961,-0.35783,-0.31332,-0.061008,0.59857,0.65184,-0.25071,-0.028588,0.27103,0.20326,-0.025326,-0.13906,-0.21249,-0.083707,-0.083837,-0.13955,0.1029,0.076829,-0.32859,-0.29072,-0.34435,-0.41711,-0.067915,0.012161,0.000498,-0.10512,-0.31169,-0.30073,-0.17452,-0.37527,-0.12235,-0.11359,0.21272,0.099563,0.053841,0.11187,-0.15624,-0.30861,-0.21182,-0.23987,0.03229,-0.16706,-0.19967,-0.10758,-0.16561,-0.23594,-0.194,-0.10515,-0.39237,-0.247,-0.26363,-0.21991,-0.27521,-0.13733,0.018664,0.038468,-0.068897,-0.079514,-0.12149,-0.14054
-0.11852,-0.20999,-0.38977,-0.31133,0.087792,0.056129,0.085324,0.088867,-0.30527,0.025809,0.052391,-0.15335,0.19326,0.092627,-0.11628,-0.063534,0.039934,-0.087005,-0.31541,-0.32765,-0.089243,0.011432,-0.0754,-0.0037097,-0.19818,-0.31738,-0.04744,0.14081,-0.013836,0.12285,0.3548,0.00044026,0.46577,0.24261,0,0.47152,0.37436,0.2127,0.19173,-0.058201,-0.065894,-0.10204,0.16041,0.090282,-0.17673,-0.086594,-0.52007,-0.40564,-0.20821,0.10866,0.14243,-0.29803,-0.058359,0.029562,0.040807,-0.12692,0.035733,-0.39685,-0.16315,-0.38183,-0.26797,0.1667,0.19529,-0.40559,-0.2494,-0.49389,-0.56549,0.19586,0.13142,-0.021876,-0.029007,-0.35127,-0.26198,-0.26965,-0.3853,-0.066219,-0.20454,-0.030125,-0.15646,0.095081,-0.077846,-0.41226,-0.43454,-0.62634,-0.55351,-0.091694,-0.40903,-0.37999,-0.2529,-0.3116,-0.35921,0.024034,-0.29533,-0.1167,-0.39531,-0.39703,-0.43028,-0.39948,-0.41376,-0.39092,-0.2356,-0.39408,-0.30266,-0.18572,-0.21019
-0.19278,-0.30047,-0.36376,-0.25427,-0.042149,0.025643,-0.064725,0.029295,-0.41721,-0.068067,-0.061838,-0.37577,0.052593,0.0013496,-0.17755,-0.06855,-0.1889,-0.17503,-0.47558,-0.40512,-0.024077,0.051243,-0.20741,-0.21176,-0.11363,-0.29617,0.018253,0.085338,0.075349,0.17498,0.41861,0.14145,0.3276,0.25937,0.47152,0,0.35039,0.43706,-0.016189,-0.24832,-0.065541,-0.11512,0.14137,0.38646,-0.51679,-0.17869,-0.50853,-0.26718,-0.16065,-0.0076432,0.18793,-0.11998,-0.042222,0.20297,0.086449,0.031186,0.20616,-0.3522,0.019761,-0.43051,-0.43524,0.0040562,0.065086,-0.30599,-0.19036,-0.47364,-0.43281,-0.081368,0.088203,0.17589,0.098914,-0.37785,-0.23531,-0.42511,-0.46965,-0.21697,-0.28908,-0.074808,-0.11282,-0.00064234,-0.088275,-0.31891,-0.45295,-0.57916,-0.46732,-0.24003,-0.44516,-0.33001,-0.16917,-0.55678,-0.56977,-0.03818,-0.11738,-0.19344,-0.23256,-0.41353,-0.29471,-0.36522,-0.23398,-0.35239,-0.1801,-0.27074,-0.19476,-0.22504,-0.13827
-0.14835,-0.27033,-0.13847,0.042972,0.2764,-0.14127,0.28113,0.099513,-0.25025,0.063888,0.49279,-0.015698,0.0061492,0.15896,-0.34978,-0.25044,-0.027469,0.13688,-0.091149,-0.019097,-0.4596,-0.37798,-0.10009,-0.14388,0.12742,0.04819,-0.38304,-0.22843,0.16328,-0.045643,0.24954,-0.11699,0.23176,0.097297,0.37436,0.35039,0,0.59684,0.49272,0.18424,-0.15913,-0.24898,-0.029613,-0.20763,-0.48521,-0.34216,-0.53489,-0.52764,-0.69259,-0.032594,0.18822,-0.30855,0.041788,-0.095501,0.027087,-0.37926,-0.26247,-0.75032,-0.49849,-0.23193,-0.51191,-0.089273,-0.14505,-0.1799,-0.13031,-0.44158,-0.51991,-0.19264,-0.32315,-0.26427,-0.29507,-0.51748,-0.42714,-0.28575,-0.42924,0.20075,0.13051,0.16278,0.25971,0.49679,0.31824,-0.10268,-0.152,-0.40787,-0.24059,0.18585,-0.0944,-0.63662,-0.60725,-0.38375,-0.47804,0.27089,-0.15432,0.038476,-0.12217,-0.13007,-0.094492,-0.16077,-0.14981,-0.22673,-0.28646,-0.25563,-0.24753,-0.39674,-0.28493
0.066428,-0.15515,-0.092864,0.081578,0.067374,-0.28456,0.18169,0.063065,-0.22299,0.32238,0.45709,-0.009563,0.030176,0.20189,-0.21809,-0.26236,-0.059969,0.20474,-0.11969,0.013323,-0.34076,-0.36745,-0.1432,-0.19156,0.11083,0.1261,-0.40634,-0.27435,0.3204,0.074353,0.42888,0.20058,0.10761,0.074808,0.2127,0.43706,0.59684,0,0.24409,0.19006,-0.22783,-0.24923,0.2086,0.080769,-0.29267,-0.030421,-0.4174,-0.35603,-0.53886,-0.15096,0.10134,-0.19341,-0.047952,-0.14615,-0.14355,-0.42227,-0.23597,-0.5845,-0.35624,-0.18048,-0.40746,-0.030991,-0.083541,0.012053,0.078236,-0.18478,-0.22889,-0.19125,-0.30211,0.029165,0.017408,-0.21887,-0.059543,-0.061145,-0.13341,0.059081,0.030833,0.075566,0.19551,0.30508,0.25012,-0.031056,-0.070449,-0.44845,-0.3382,0.13819,-0.095027,-0.56653,-0.53413,-0.22096,-0.2935,-0.10254,-0.25515,-0.14659,-0.26039,-0.16288,-0.15409,-0.12004,-0.1871,-0.17351,-0.20312,-0.19412,-0.13287,-0.60696,-0.23559
0.078005,-0.11812,-0.028819,0.15273,0.68374,-0.13339,0.85219,0.25526,0.17868,0.15844,0.64224,0.1956,-0.093127,0.049193,-0.30861,-0.36461,0.020093,0.19693,0.10455,0.11764,-0.51364,-0.5661,0.071091,-0.038259,0.2475,0.19788,-0.4659,-0.30671,-0.017733,-0.14018,-0.054116,-0.19354,-0.07296,-0.15926,0.19173,-0.016189,0.49272,0.24409,0,0.51074,0.085793,-0.16456,-0.014038,-0.2999,-0.20721,-0.26986,-0.49401,-0.59988,-0.65787,-0.13583,-0.045938,-0.37326,0.16685,-0.22258,-0.035134,-0.43674,-0.38928,-0.86475,-0.79913,-0.078222,-0.37999,-0.11603,-0.11701,-0.061239,-0.067482,-0.29456,-0.4906,-0.17024,-0.43674,-0.30582,-0.32076,-0.25349,-0.26915,-0.089701,-0.18696,0.57952,0.29435,-0.040944,0.046805,0.29455,0.11976,-0.072787,0.044163,-0.29039,-0.15947,0.22467,-0.037328,-0.79555,-0.85976,-0.18841,-0.27412,0.16181,-0.37972,0.17566,-0.11468,0.091133,-0.0073256,0.047389,-0.11364,-0.2304,-0.39153,-0.42766,-0.42523,-0.31402,-0.25207
0.2239,0.23181,0.29419,0.41052,0.31553,-0.21874,0.38656,0.22145,0.34811,0.58356,0.54049,0.65097,0.062091,0.30945,-0.078915,-0.20161,0.17659,0.54547,0.5684,0.5053,-0.4711,-0.64389,0.29619,0.16132,0.45636,0.6016,-0.64299,-0.39764,0.051445,-0.17818,-0.037234,-0.1228,-0.13939,-0.17563,-0.058201,-0.24832,0.18424,0.19006,0.51074,0,-0.17344,-0.028494,-0.094861,-0.36801,0.098178,0.030573,-0.17999,-0.37161,-0.60264,-0.098494,-0.071206,-0.32931,-0.099191,-0.43735,-0.23525,-0.80761,-0.81696,-0.56883,-0.98737,0.26887,0.00036808,-0.22721,-0.3117,0.069857,-0.042229,0.036289,-0.20017,-0.3095,-0.58287,-0.27769,-0.33251,-0.00083721,-0.060691,0.25744,0.12447,0.557,0.4433,0.083786,0.16928,0.26488,0.27051,0.25634,0.31865,-0.035791,-0.035329,0.49872,0.33192,-0.54659,-0.79457,0.2196,0.07527,-0.099076,-0.37894,-0.061939,-0.20595,0.07532,-0.027072,-0.0057234,-0.22084,-0.18752,-0.4329,-0.40097,-0.35657,-0.5959,-0.27372
-0.21419,-0.050305,-0.3817,-0.36987,0.10514,0.28898,0.17195,0.25339,-0.0077514,-0.27282,-0.27766,-0.12355,-0.28512,-0.26688,-0.084804,-0.12419,-0.21979,-0.36979,-0.19096,-0.38639,0.043275,0.083721,0.059319,0.094085,-0.095773,-0.34242,0.20836,0.15215,-0.091251,-0.023074,-0.2861,-0.1643,-0.17049,-0.14416,-0.065894,-0.065541,-0.15913,-0.22783,0.085793,-0.17344,0,0.28413,-0.22387,0.0056368,-0.32809,-0.38878,-0.45537,-0.44771,0.044091,-0.26141,-0.133,-0.39186,0.15594,0.20735,0.14343,0.19357,0.072931,-0.35678,-0.26065,-0.30152,-0.30865,-0.010371,-0.011793,-0.20575,-0.20567,-0.51218,-0.58435,-0.039674,0.045282,-0.11957,-0.19078,-0.34619,-0.39047,-0.40711,-0.45866,-0.083678,-0.20619,-0.41361,-0.47511,-0.3746,-0.44395,-0.48482,-0.42629,-0.26733,-0.32822,-0.37597,-0.45828,-0.33989,-0.29613,-0.33664,-0.51174,-0.19337,-0.14583,-0.15279,0.086226,-0.19042,-0.09581,-0.17072,-0.14692,-0.10957,-0.087893,-0.33431,-0.36956,0.042229,-0.00068565
-0.30879,0.31012,-0.15479,-0.23941,-0.10697,0.45084,-0.13389,0.41065,-0.0042655,-0.038115,-0.43032,0.11684,-0.017062,0.04661,0.19329,0.29644,-0.068962,-0.18397,0.097405,-0.20277,0.21721,0.24745,0.32065,0.40346,-0.016824,-0.24102,0.20274,0.30683,-0.075667,-0.066667,-0.17246,-0.2164,-0.046732,0.010148,-0.10204,-0.11512,-0.24898,-0.24923,-0.16456,-0.028494,0.28413,0,-0.46375,-0.050687,-0.11819,-0.11746,-0.27254,-0.1818,0.1237,-0.080026,-0.041413,-0.31967,-0.11282,0.15595,0.14788,-0.025225,-0.1779,-0.17523,-0.26594,-0.093648,0.12417,-0.14019,-0.16403,-0.25651,-0.34982,-0.37994,-0.45464,-0.20829,0.038216,-0.056036,-0.2487,-0.18441,-0.33363,-0.22547,-0.33582,-0.089877,-0.11893,-0.25668,-0.34305,-0.37601,-0.28306,-0.22522,-0.31104,-0.038938,-0.25078,-0.25554,-0.15397,-0.10328,-0.11352,-0.10498,-0.26989,-0.33459,-0.07584,-0.43625,-0.02451,-0.38312,-0.15848,-0.44503,-0.33133,-0.20444,-0.16243,-0.48604,-0.37731,-0.16801,-0.051481
0.47734,-0.17188,-0.36752,-0.25088,-0.11766,-0.41096,0.0058821,-0.27362,-0.16632,0.10978,0.12212,-0.35631,-0.06217,-0.22687,-0.13102,-0.34059,-0.12222,-0.026661,-0.35014,-0.20634,-0.16421,-0.27214,-0.30988,-0.29368,-0.18206,-0.050146,-0.22898,-0.15894,0.0727,0.29325,0.21945,0.46802,-0.096491,-0.18578,0.16041,0.14137,-0.029613,0.2086,-0.014038,-0.094861,-0.22387,-0.46375,0,0.39079,0.035978,0.25148,-0.143,-0.26392,-0.15179,-0.23921,-0.27889,-0.18821,-0.32415,-0.40175,-0.56907,-0.27266,0.0311,-0.10565,-0.045419,-0.3409,-0.23687,0.10183,0.073054,0.0033416,0.025766,0.048443,-0.028436,0.1009,-0.065151,0.24071,0.37672,0.071228,0.3163,0.051272,0.18653,-0.28472,-0.40058,-0.19772,-0.24285,-0.050399,-0.18018,-0.28444,-0.10776,-0.62982,-0.42298,-0.12984,-0.33862,-0.30152,-0.27102,-0.045051,0.04111,-0.33466,-0.55509,-0.22501,-0.74217,-0.31227,-0.6491,-0.29405,-0.5339,-0.28487,-0.28133,-0.17282,-0.12944,-0.41426,-0.26916
