,,,,,,,,,,,,,,,,,,,,,,,,,,,,,,,,,,,,,,,,,,,,,,,,,,,,,,,,,,,,,,,,,,,,,,,,,,,,,,,,,,,,,,,,,,,,,,,,,,,,,,,,
0,-0.062659,0.16883,0.23068,-0.13273,-0.62768,-0.05383,-0.44282,0.096716,-0.0032383,0.17235,-0.24298,0.029759,-0.086568,-0.10224,-0.52022,0.022688,0.24591,0.10755,0.18625,-0.27194,-0.58698,-0.10598,-0.16371,0.10544,0.36495,-0.50913,-0.41452,-0.14852,0.020742,-0.1023,-0.034277,-0.1976,-0.19175,-0.19657,-0.33593,-0.2251,-0.05734,0.025267,0.19612,-0.29219,-0.32548,0.32211,-0.072678,0.26184,0.39675,-1.2927e-05,-0.247,-0.33722,-0.18209,-0.34015,-0.187,-0.36334,-0.77683,-0.48885,-0.59263,-0.54618,-0.0082735,-0.35695,0.0069549,0.02581,-0.089522,-0.24427,0.15054,-0.042673,0.14872,-0.0093918,-0.12311,-0.36568,-0.03005,0.01943,0.30362,0.28008,0.26097,0.34241,-0.055148,-0.35799,0.029578,0.04056,0.089458,0.057075,0.22878,0.43856,-0.1714,0.095281,0.21329,0.23282,-0.21463,-0.41255,0.19443,0.33631,-0.26655,-0.66821,-0.11837,-0.51109,-0.021964,-0.35245,-0.08419,-0.40837,-0.22109,-0.44137,-0.15902,-0.26814,-0.55171,-0.42347
-0.062659,0,-0.08271,-0.02133,0.1267,0.045711,-0.012443,0.14772,0.091332,0.21248,-0.17569,0.36751,-0.14817,-0.041348,0.23059,0.13408,0.163,-0.0242,0.35061,0.098959,-0.12913,-0.3058,0.50126,0.43733,0.073357,0.062827,-0.42867,-0.23291,-0.0096245,-0.16043,-0.15117,-0.1342,-0.24028,-0.22132,-0.2939,-0.40118,-0.26448,-0.22686,-0.054347,0.26677,-0.051981,0.18513,-0.2677,-0.26563,0.089548,-0.031549,-0.15083,-0.30763,-0.1995,-0.089671,-0.22187,-0.49765,-0.2045,-0.27735,-0.37934,-0.41237,-0.51493,-0.36718,-0.70552,0.23901,0.038595,-0.32251,-0.41679,-0.14344,-0.22574,-0.021311,-0.21063,-0.48845,-0.50219,-0.31752,-0.3905,0.0059919,-0.14938,0.22376,0.039358,0.10101,0.20209,-0.21659,-0.28955,-0.17378,-0.171,-0.015345,-0.11348,-0.093329,-0.24329,-0.025803,-0.089671,-0.4276,-0.5184,0.2993,0.025099,-0.50522,-0.40348,-0.30914,-0.18186,-0.23698,-0.24645,-0.31783,-0.38789,-0.16904,-0.4186,-0.38294,-0.38484,-0.36888,-0.25919
0.16883,-0.08271,0,0.72523,-0.30148,-0.55722,-0.19687,-0.41194,0.10027,0.030825,0.015099,-0.028175,0.1771,0.25664,-0.072807,-0.40425,0.13227,0.41362,0.30977,0.46384,-0.25466,-0.35448,0.015041,-0.065587,0.096426,0.29184,-0.48496,-0.43653,-0.21723,-0.22011,-0.19857,-0.18065,-0.055129,0.06657,-0.28014,-0.40975,-0.28391,-0.13468,-0.13657,0.16399,-0.34015,-0.16624,-0.17579,-0.30398,0.2153,0.19219,0.1198,-0.021737,-0.33211,0.0018939,-0.068069,-0.032706,-0.16719,-0.39973,-0.21873,-0.57269,-0.77678,0.051832,-0.24546,0.3118,0.16472,-0.072135,-0.23722,0.13438,-0.065012,0.090815,0.02071,-0.24695,-0.47881,-0.12214,-0.11369,0.10283,0.036501,0.143,0.10133,0.05105,-0.092431,0.3172,0.36715,0.090699,0.27633,0.77409,0.42288,0.30301,0.41452,0.39412,0.62039,0.020981,-0.14969,0.19184,0.26079,-0.27387,-0.37165,-0.20972,-0.3623,0.0756,-0.083873,0.071185,-0.083253,-0.032532,-0.18522,0.0080344,-0.11875,-0.3774,-0.24871
0.23068,-0.02133,0.72523,0,-0.16718,-0.56517,-0.06392,-0.28409,0.12834,0.14214,0.18235,0.0518,0.044697,0.19469,-0.13284,-0.44988,0.056364,0.40246,0.34523,0.47482,-0.32382,-0.50482,0.0047638,-0.083976,0.23616,0.47909,-0.56558,-0.52701,-0.10644,-0.20274,-0.20386,-0.14947,-0.1628,-0.05094,-0.29668,-0.37265,-0.16945,-0.015494,0.012094,0.36144,-0.28665,-0.17914,-0.13171,-0.27566,0.10005,0.15824,0.045608,-0.10299,-0.46934,-0.16173,-0.17321,-0.070105,-0.083459,-0.4032,-0.24816,-0.67858,-0.82899,-0.13065,-0.38528,0.2867,0.070719,-0.067681,-0.27723,0.26442,0.080544,0.11851,0.029113,-0.35537,-0.60031,-0.14192,-0.1215,0.10226,0.058122,0.20246,0.15314,0.20016,0.031427,0.17247,0.29842,0.12342,0.25321,0.63933,0.43649,0.088779,0.22585,0.34682,0.45899,-0.18151,-0.30798,0.13592,0.17308,-0.29671,-0.43344,-0.12629,-0.29071,0.055866,-0.042066,0.033295,-0.12434,-0.036423,-0.23097,-0.067352,-0.14404,-0.43474,-0.26751
-0.13273,0.1267,-0.30148,-0.16718,0,0.10091,0.59789,0.18357,-0.0021266,-0.16078,-0.032984,0.13985,-0.42807,-0.3453,-0.17929,-0.11858,-0.12392,-0.29431,-0.047948,-0.2101,-0.4129,-0.49442,0.072374,0.098371,-0.043158,-0.16627,-0.36272,-0.18467,-0.15335,-0.34967,-0.33105,-0.47125,-0.36101,-0.41391,-0.17017,-0.31854,-0.026902,-0.23532,0.41334,0.112,0.33178,0.057055,-0.31921,-0.43633,-0.24226,-0.36122,-0.40665,-0.46443,-0.45725,-0.35457,-0.34477,-0.58163,0.12731,-0.22448,-0.17369,-0.26911,-0.29332,-0.65077,-0.83984,-0.081404,-0.35431,-0.39771,-0.45956,-0.31245,-0.2494,-0.37622,-0.51902,-0.39309,-0.46873,-0.57544,-0.58402,-0.31717,-0.43799,-0.16077,-0.33011,0.26444,0.15332,-0.33525,-0.38697,-0.12569,-0.30491,-0.25055,-0.28999,-0.28126,-0.36701,-0.16959,-0.33636,-0.60365,-0.70235,-0.19173,-0.33627,-0.16324,-0.28739,0.20781,0.073854,-0.10233,-0.077933,-0.12518,-0.21046,-0.34081,-0.51033,-0.44784,-0.65673,-0.21486,-0.26945
-0.62768,0.045711,-0.55722,-0.56517,0.10091,0,-0.092095,0.30584,-0.18605,-0.25388,-0.48953,-0.037528,-0.35956,-0.30175,0.018279,0.42615,-0.20974,-0.5614,-0.29652,-0.53181,0.0024627,0.11807,0.11487,0.16088,-0.2635,-0.53041,0.090039,0.18954,-0.20837,-0.24071,-0.22458,-0.31525,-0.17589,-0.20913,-0.10559,-0.085082,-0.17503,-0.37253,-0.13463,-0.31216,0.25914,0.29055,-0.51146,-0.19424,-0.40095,-0.53313,-0.58339,-0.44052,0.039829,-0.13917,-0.080034,-0.44347,0.0059466,0.27748,0.037767,0.22612,0.12596,-0.53101,-0.3609,-0.20979,-0.28452,-0.36064,-0.18669,-0.61205,-0.42993,-0.60904,-0.67056,-0.3003,-0.072943,-0.3821,-0.49396,-0.51402,-0.62055,-0.43265,-0.60472,-0.1554,-0.0080215,-0.481,-0.67028,-0.42847,-0.4972,-0.54796,-0.73624,-0.30027,-0.62025,-0.47873,-0.69655,-0.42423,-0.30825,-0.37079,-0.58096,-0.22903,-0.027535,-0.26313,0.10834,-0.44302,-0.18006,-0.42169,-0.23113,-0.33169,-0.21203,-0.50296,-0.36821,0.083227,0.026223
-0.05383,-0.012443,-0.19687,-0.06392,0.59789,-0.092095,0,0.19471,-0.020645,-0.1052,0.081578,0.13034,-0.42975,-0.30796,-0.37583,-0.35101,-0.2022,-0.23047,-0.049893,-0.143,-0.61181,-0.60172,-0.10057,-0.095139,-0.057314,-0.13489,-0.48824,-0.32642,-0.17777,-0.40169,-0.33909,-0.43302,-0.37064,-0.44142,-0.16755,-0.23678,0.046623,-0.084177,0.50695,0.19926,0.21469,-0.035958,-0.24497,-0.35116,-0.28652,-0.37458,-0.34725,-0.40824,-0.64656,-0.44987,-0.35894,-0.51995,0.11451,-0.31176,-0.23116,-0.37294,-0.3348,-0.66274,-0.77848,-0.18823,-0.50286,-0.43256,-0.4814,-0.22471,-0.26174,-0.30617,-0.39343,-0.39144,-0.54852,-0.50285,-0.50701,-0.29493,-0.36996,-0.1951,-0.31683,0.32213,0.15861,-0.22836,-0.24204,-0.029785,-0.20277,-0.18411,-0.23346,-0.19426,-0.27017,-0.10648,-0.21072,-0.5505,-0.74733,-0.1934,-0.35592,-0.16141,-0.28569,0.25146,-0.010109,0.050546,-0.0018615,-0.0055782,-0.11324,-0.39519,-0.59235,-0.50777,-0.75961,-0.33503,-0.36909
-0.44282,0.14772,-0.41194,-0.28409,0.18357,0.30584,0.19471,0,-0.17866,0.042719,-0.27142,0.27473,-0.4474,-0.22861,-0.21068,0.024775,-0.26254,-0.38639,-0.16142,-0.3113,-0.27891,-0.19899,0.012921,0.043178,-0.18084,-0.35935,-0.24664,-0.12432,-0.10105,-0.31763,-0.2301,-0.24372,-0.32201,-0.36208,-0.15172,-0.061916,-0.061431,-0.10975,0.024,0.0050417,0.11469,0.18402,-0.42922,-0.18229,-0.40951,-0.49162,-0.50129,-0.38445,-0.30186,-0.3405,-0.22734,-0.47642,0.031666,0.067946,-0.14149,-0.18001,-0.14309,-0.81255,-0.56042,-0.23897,-0.41036,-0.40368,-0.28872,-0.3647,-0.31339,-0.36296,-0.41842,-0.50571,-0.34942,-0.37208,-0.44684,-0.37028,-0.43563,-0.27052,-0.38829,0.071702,0.33839,-0.4861,-0.50756,-0.35376,-0.42493,-0.42587,-0.55705,-0.30319,-0.62023,-0.40903,-0.48447,-0.61774,-0.50968,-0.26879,-0.55384,-0.41633,-0.17862,-0.15777,0.065471,-0.2878,-0.028531,-0.32763,-0.14282,-0.37621,-0.37605,-0.67722,-0.52126,-0.17601,-0.15696
0.096716,0.091332,0.10027,0.12834,-0.0021266,-0.18605,-0.020645,-0.17866,0,-0.041348,-0.052259,-0.022119,-0.13399,-0.12923,0.011331,-0.10063,-0.11284,-0.073292,0.14623,-0.011596,-0.15236,-0.33856,0.15289,-0.050727,0.17603,0.1785,-0.21938,-0.24709,-0.32474,-0.31606,-0.43713,-0.35074,-0.34793,-0.2049,-0.35448,-0.47104,-0.37301,-0.33867,0.051154,0.15213,0.019255,0.10187,-0.23305,-0.20388,0.09903,0.048355,-0.069582,-0.15718,-0.13336,-0.27562,-0.38182,-0.099502,0.011576,-0.30657,-0.083253,-0.26844,-0.43516,-0.22222,-0.4556,0.22944,0.079678,-0.3279,-0.36354,-0.1432,-0.15987,-0.056926,-0.1848,-0.38365,-0.3876,-0.27287,-0.32687,0.11034,-0.066583,0.14388,0.043197,0.20807,-0.060177,-0.17888,-0.21593,-0.1407,-0.12565,0.12002,0.12323,0.02601,-0.024459,0.010051,-0.012184,-0.25296,-0.31607,0.11774,0.14601,-0.16666,-0.33141,-0.1243,-0.22161,0.014104,-0.11542,-0.034432,-0.27305,-0.33328,-0.3591,-0.42303,-0.41331,-0.28614,-0.23503
-0.0032383,0.21248,0.030825,0.14214,-0.16078,-0.25388,-0.1052,0.042719,-0.041348,0,0.15963,0.28816,0.063693,0.29078,0.04703,-0.11338,0.072523,0.19116,0.135,0.14499,-0.20786,-0.38873,0.096251,-0.048756,0.2384,0.21407,-0.49733,-0.3897,0.037199,-0.094713,0.12312,0.19204,-0.093614,-0.10927,-0.032713,-0.063454,-0.013322,0.24302,0.011816,0.48969,-0.39427,-0.1205,0.036817,-0.00098895,0.044477,0.14564,-0.1529,-0.22128,-0.36863,-0.12984,-0.067817,-0.27593,-0.31511,-0.26778,-0.34778,-0.6245,-0.54837,-0.39105,-0.45901,0.054411,0.010368,-0.12404,-0.19351,0.015849,0.012197,0.12421,-0.049441,-0.27821,-0.33509,-0.011622,-0.056551,0.053229,0.12028,0.21749,0.15362,0.087176,0.14912,-0.082522,-0.069007,-0.063797,-0.014886,0.019824,-0.048607,-0.27819,-0.31043,0.062291,-0.024704,-0.43437,-0.46581,0.17842,-0.0014349,-0.42959,-0.42139,-0.45635,-0.43683,-0.25446,-0.32823,-0.25905,-0.41202,-0.22029,-0.29146,-0.35923,-0.19522,-0.63742,-0.26266
0.17235,-0.17569,0.015099,0.18235,-0.032984,-0.48953,0.081578,-0.27142,-0.052259,0.15963,0,-0.072562,0.010277,0.059841,-0.2287,-0.43861,-0.019126,0.19472,0.0078082,0.088928,-0.4445,-0.65784,-0.19223,-0.33489,0.27106,0.32125,-0.56854,-0.54104,-0.034923,-0.15626,0.013871,-0.084655,-0.081708,-0.13464,0.036126,-0.063655,0.31738,0.32274,0.38403,0.33461,-0.31536,-0.35542,0.18638,-0.12411,-0.11912,0.045485,-0.17722,-0.33646,-0.72565,-0.2689,-0.13882,-0.31063,-0.18222,-0.44258,-0.2707,-0.61331,-0.51115,-0.36506,-0.48729,-0.13178,-0.24864,-0.1179,-0.30838,0.07028,0.058406,-0.062245,-0.18499,-0.16421,-0.37573,-0.14294,-0.14185,-0.11383,-0.030638,-0.0023334,-0.056183,0.20225,-0.064379,0.13107,0.18446,0.37879,0.24863,0.056732,0.11092,-0.34924,-0.11547,0.31284,0.06169,-0.4165,-0.56919,-0.060365,-0.053183,-0.0027988,-0.39126,-0.17374,-0.46475,-0.074876,-0.37373,-0.063066,-0.43892,-0.2214,-0.38085,-0.24561,-0.28009,-0.74168,-0.45574
-0.24298,0.36751,-0.028175,0.0518,0.13985,-0.037528,0.13034,0.27473,-0.022119,0.28816,-0.072562,0,-0.22707,0.030832,-0.072568,-0.061677,0.020833,-0.071605,0.19826,0.069672,-0.37897,-0.42232,0.19842,0.13859,0.0187,-0.043876,-0.56019,-0.41639,-0.1075,-0.43967,-0.23451,-0.24694,-0.29126,-0.28369,-0.27338,-0.37532,-0.15273,-0.13916,0.042092,0.35369,-0.099166,0.042331,-0.43216,-0.44205,-0.088637,-0.22797,-0.1643,-0.22189,-0.47583,-0.20601,-0.16522,-0.47261,-0.02972,-0.16542,-0.25234,-0.52165,-0.63731,-0.62355,-0.75682,0.16433,-0.15628,-0.34285,-0.43307,-0.15489,-0.15244,-0.035886,-0.17624,-0.49427,-0.57055,-0.41951,-0.45688,-0.15022,-0.22878,0.086245,-0.099741,0.29838,0.75994,-0.20467,-0.21308,-0.18842,-0.18891,-0.073376,-0.22186,-0.069918,-0.31341,-0.05626,-0.1247,-0.49032,-0.55041,0.10501,-0.17076,-0.43697,-0.25781,-0.15648,-0.068018,-0.050023,-0.003736,-0.080059,-0.11434,-0.15084,-0.32222,-0.36002,-0.41475,-0.34834,-0.23414
0.029759,-0.14817,0.1771,0.044697,-0.42807,-0.35956,-0.42975,-0.4474,-0.13399,0.063693,0.010277,-0.22707,0,0.61554,0.12752,-0.18094,0.3624,0.43068,-0.0083446,0.079575,0.071392,-0.038265,0.030644,-0.063034,-0.0099218,0.044541,-0.2629,-0.19208,-0.10247,0.18365,0.30041,0.11912,0.56906,0.57921,0.18046,-0.026818,-0.066046,0.010413,-0.14112,-0.022571,-0.4616,-0.21563,0.10083,0.030819,0.18954,0.32578,-0.20226,-0.2988,-0.12446,0.53875,0.33041,-0.23037,-0.37561,-0.23078,-0.088113,-0.35383,-0.43364,0.08152,-0.066227,-0.039816,0.12772,0.1939,0.084552,-0.082968,-0.17255,-0.13097,-0.27141,0.12042,-0.012792,0.18052,0.11057,-0.02387,0.025383,0.019953,-0.049286,-0.16038,-0.34916,0.34654,0.27231,0.11807,0.22936,0.068754,0.10516,-0.18639,0.039868,0.26839,0.14166,-0.078696,-0.095159,0.04553,0.16857,-0.18282,-0.44591,-0.54811,-0.69691,-0.26595,-0.55128,-0.28758,-0.42747,-0.026682,-0.082891,-0.018771,-0.012094,-0.41633,-0.32055
-0.086568,-0.041348,0.25664,0.19469,-0.3453,-0.30175,-0.30796,-0.22861,-0.12923,0.29078,0.059841,0.030832,0.61554,0,0.080286,-0.15442,0.30138,0.4352,0.080719,0.16181,-0.04906,-0.097311,0.13092,0.020419,0.091617,0.09097,-0.3422,-0.25955,0.04672,0.05149,0.24567,0.13897,0.38576,0.48226,0.086297,-0.017743,0.0094305,0.14513,-0.077364,0.14492,-0.39116,-0.12842,-0.063137,-0.055879,0.063448,0.1485,-0.2242,-0.29928,-0.24089,0.31008,0.41472,-0.23812,-0.23062,-0.1117,-0.047321,-0.43223,-0.54514,-0.13235,-0.19935,0.07717,0.059925,0.14577,0.013167,-0.039015,-0.082257,-0.11714,-0.24725,-0.067352,-0.17611,0.068845,0.0083059,-0.11759,-0.047011,0.034561,-0.080105,-0.022255,-0.068541,0.27557,0.29739,0.078954,0.23304,0.11022,0.020328,-0.13832,-0.051761,0.24349,0.12461,-0.20226,-0.2029,0.044729,0.027464,-0.2746,-0.34734,-0.53035,-0.47816,-0.24221,-0.3355,-0.23303,-0.27378,0.0399,-0.018228,-0.034613,-0.00095663,-0.43038,-0.23118
-0.10224,0.23059,-0.072807,-0.13284,-0.17929,0.018279,-0.37583,-0.21068,0.011331,0.04703,-0.2287,-0.072568,0.12752,0.080286,0,0.24572,0.30147,0.041956,0.11462,0.022966,0.34592,-0.045084,0.48103,0.32146,0.094803,0.027742,-0.1271,-0.075509,-0.15829,0.031045,0.051251,0.026534,0.0412,0.08556,-0.086976,-0.21381,-0.27379,-0.20089,-0.20175,-0.065335,-0.18754,0.032364,-0.1135,-0.087202,0.14449,0.14906,-0.2464,-0.33788,0.11796,0.18673,0.047495,-0.20234,-0.27513,-0.091416,-0.18852,-0.19007,-0.29902,-0.16083,-0.35905,0.20524,0.28914,-0.006328,-0.042066,-0.1163,-0.10032,-0.079898,-0.22626,-0.13339,-0.088546,-0.049751,-0.11019,0.023082,-0.04712,0.12136,0.0058238,-0.15809,-0.17621,-0.10586,-0.2469,-0.1574,-0.07845,-0.02069,-0.06105,-0.21926,-0.22687,0.014291,-0.13944,-0.29845,-0.29518,0.14331,0.032008,-0.44869,-0.45251,-0.51222,-0.33567,-0.31136,-0.35771,-0.28098,-0.44555,-0.041581,-0.10579,-0.14982,0.0013509,-0.21362,-0.033883
-0.52022,0.13408,-0.40425,-0.44988,-0.11858,0.42615,-0.35101,0.024775,-0.10063,-0.11338,-0.43861,-0.061677,-0.18094,-0.15442,0.24572,0,-0.091584,-0.36376,-0.19374,-0.35857,0.09671,0.091558,0.19559,0.14118,-0.15621,-0.31513,0.039939,0.18347,-0.12234,-0.17985,-0.12253,-0.20205,-0.11743,-0.092741,-0.15137,-0.15951,-0.25068,-0.34253,-0.28495,-0.25449,-0.079413,0.19158,-0.40745,-0.19369,-0.18559,-0.25673,-0.39889,-0.28141,0.16858,-0.036119,-0.067623,-0.32008,-0.22531,0.070655,-0.042732,0.041057,-0.059356,-0.30425,-0.27005,-0.058148,-0.044936,-0.35715,-0.22928,-0.57137,-0.39458,-0.41255,-0.48089,-0.32201,-0.11264,-0.30151,-0.41389,-0.34077,-0.41187,-0.21018,-0.33965,-0.25779,-0.075677,-0.36841,-0.49613,-0.38868,-0.36566,-0.33719,-0.47627,-0.23528,-0.46166,-0.35009,-0.4692,-0.29205,-0.17037,-0.15673,-0.24919,-0.25704,-0.072659,-0.5031,-0.13415,-0.54847,-0.35272,-0.52811,-0.37978,-0.31509,-0.15939,-0.37051,-0.21649,-0.13128,-0.06041
0.022688,0.163,0.13227,0.056364,-0.12392,-0.20974,-0.2022,-0.26254,-0.11284,0.072523,-0.019126,0.020833,0.3624,0.30138,0.30147,-0.091584,0,0.37303,0.30805,0.31149,-0.0010342,-0.20137,0.29727,0.23501,-0.012611,0.052712,-0.46402,-0.29546,-0.12887,-0.047657,0.11008,-0.07951,0.28302,0.22254,0.052828,-0.24475,-0.086045,-0.091487,-0.038142,0.11206,-0.29458,-0.12134,-0.073964,-0.25887,0.2903,0.18368,-0.19959,-0.33187,-0.23419,0.4299,0.13434,-0.40637,-0.24425,-0.28613,-0.26661,-0.45689,-0.57227,-0.14642,-0.43033,0.12631,0.067184,0.039603,-0.135,-0.062847,-0.19784,-0.078786,-0.22826,-0.05308,-0.24858,-0.13654,-0.17041,-0.0020684,-0.082658,0.15143,-0.03184,0.020664,-0.10838,0.30973,0.1277,0.21604,0.21577,0.14642,0.081113,-0.10792,0.03462,0.41871,0.17007,-0.26602,-0.34377,0.25188,0.16537,-0.34247,-0.60665,-0.34722,-0.50869,-0.13337,-0.39741,-0.18426,-0.40157,0.045285,-0.24948,-0.082839,-0.15658,-0.36586,-0.37179
0.24591,-0.0242,0.41362,0.40246,-0.29431,-0.5614,-0.23047,-0.38639,-0.073292,0.19116,0.19472,-0.071605,0.43068,0.4352,0.041956,-0.36376,0.37303,0,0.34842,0.62517,-0.14171,-0.35649,0.042809,-0.055064,0.18449,0.38613,-0.53158,-0.41743,-0.048555,0.039254,0.11735,0.043055,0.16215,0.18778,-0.030832,-0.183,-0.035899,0.13097,-0.022358,0.27932,-0.4683,-0.24364,0.083815,-0.15166,0.16733,0.33275,-0.059356,-0.27272,-0.39412,0.14327,0.042854,-0.24108,-0.33717,-0.41195,-0.28027,-0.76008,-0.82209,-0.032183,-0.33607,0.041413,0.074772,0.12836,-0.14294,0.2608,-0.064126,0.087706,-0.088113,-0.14646,-0.34537,0.046351,0.02557,0.10569,0.099179,0.20643,0.14042,0.014156,-0.16616,0.39345,0.49241,0.2657,0.44625,0.35758,0.49247,-0.10074,0.217,0.5617,0.55278,-0.19199,-0.29984,0.20886,0.26064,-0.36596,-0.65977,-0.38667,-0.66119,-0.081805,-0.35806,-0.1665,-0.36477,0.053254,-0.23041,0.0077758,-0.083246,-0.61531,-0.44366
0.10755,0.35061,0.30977,0.34523,-0.047948,-0.29652,-0.049893,-0.16142,0.14623,0.135,0.0078082,0.19826,-0.0083446,0.080719,0.11462,-0.19374,0.30805,0.34842,0,0.73273,-0.17694,-0.4054,0.29367,0.15286,0.23014,0.35936,-0.52582,-0.42565,-0.15085,-0.26182,-0.24605,-0.23167,-0.16142,-0.11004,-0.28789,-0.47623,-0.22392,-0.16683,-0.014433,0.37389,-0.19723,0.03685,-0.23132,-0.3785,0.15712,0.096329,0.081023,-0.15411,-0.36755,-0.078877,-0.2125,-0.28282,-0.14777,-0.38196,-0.37682,-0.6702,-0.85786,-0.1916,-0.63808,0.28645,0.11837,-0.15046,-0.42244,0.18794,-0.11873,0.12447,-0.038188,-0.42316,-0.59368,-0.26142,-0.30482,0.12076,-0.070105,0.21959,0.10586,0.24353,0.10544,0.12106,0.07854,0.097078,0.18058,0.40015,0.29952,0.1167,0.18414,0.38381,0.40789,-0.23361,-0.40034,0.35336,0.19568,-0.41711,-0.53282,-0.2614,-0.36583,-0.022597,-0.18685,-0.11667,-0.34092,-0.020639,-0.39179,-0.20798,-0.28324,-0.44698,-0.35296
0.18625,0.098959,0.46384,0.47482,-0.2101,-0.53181,-0.143,-0.3113,-0.011596,0.14499,0.088928,0.069672,0.079575,0.16181,0.022966,-0.35857,0.31149,0.62517,0.73273,0,-0.24696,-0.49312,0.073189,-0.011156,0.16759,0.4229,-0.67208,-0.56059,-0.1503,-0.21631,-0.13405,-0.14651,-0.088611,-0.048853,-0.24823,-0.40414,-0.17021,-0.027703,-0.082916,0.31467,-0.40844,-0.19899,-0.1162,-0.359,0.1629,0.18034,0.11046,-0.13748,-0.46292,-0.039584,-0.15362,-0.20255,-0.26506,-0.48393,-0.43573,-0.87622,-1,-0.1142,-0.51209,0.1736,0.065316,-0.075587,-0.35432,0.30341,-0.066919,0.23971,0.0896,-0.34645,-0.58871,-0.18453,-0.18198,0.15197,0.033721,0.2664,0.18877,0.10303,-0.00018745,0.27835,0.3026,0.20892,0.36396,0.56422,0.49635,0.08388,0.28544,0.54056,0.71217,-0.19221,-0.36648,0.36984,0.25438,-0.46092,-0.60776,-0.26844,-0.48174,0.056906,-0.18316,-0.030347,-0.27378,0.027341,-0.34196,-0.068864,-0.17283,-0.5589,-0.42476
-0.27194,-0.12913,-0.25466,-0.32382,-0.4129,0.0024627,-0.61181,-0.27891,-0.15236,-0.20786,-0.4445,-0.37897,0.071392,-0.04906,0.34592,0.09671,-0.0010342,-0.14171,-0.17694,-0.24696,0,0.38894,0.081992,0.019973,-0.17937,-0.25367,0.26008,0.10619,-0.25187,0.11105,-0.059544,0.028389,0.041697,0.12751,-0.059337,-0.084881,-0.37539,-0.30037,-0.37848,-0.39002,-0.1698,0.0081895,-0.1496,0.10208,-0.04661,0.020664,-0.3875,-0.27976,0.46047,0.11637,-0.0038912,-0.03928,-0.19172,0.1524,-0.014071,0.084377,-0.025661,-0.055497,-0.024019,-0.12813,0.16369,0.23596,0.33029,-0.1349,-0.092903,-0.27783,-0.29085,0.047754,0.27091,0.19432,0.11334,-0.048872,-0.069918,-0.17978,-0.1534,-0.35013,-0.44932,-0.25663,-0.34287,-0.35205,-0.25498,-0.274,-0.19973,-0.35872,-0.27069,-0.25677,-0.31184,-0.18998,-0.0071812,-0.23737,-0.15042,-0.36686,-0.40818,-0.5862,-0.35272,-0.48003,-0.38612,-0.43548,-0.42651,0.012533,0.12569,-0.14538,0.16232,0.061987,0.083362
-0.58698,-0.3058,-0.35448,-0.50482,-0.49442,0.11807,-0.60172,-0.19899,-0.33856,-0.38873,-0.65784,-0.42232,-0.038265,-0.097311,-0.045084,0.091558,-0.20137,-0.35649,-0.4054,-0.49312,0.38894,0,-0.11258,-0.08874,-0.44226,-0.58332,0.41922,0.29377,-0.21347,-0.01444,-0.13489,-0.12112,0.083291,0.1608,-0.077836,0.0038524,-0.34136,-0.37104,-0.50151,-0.62703,-0.1037,0.069168,-0.37813,0.019191,-0.2793,-0.28684,-0.46809,-0.24101,0.4145,0.099276,0.10935,-0.12827,-0.14231,0.34866,0.1553,0.35426,0.16701,-0.034671,0.21898,-0.31328,-0.10884,0.016541,0.22064,-0.41324,-0.34062,-0.59359,-0.49498,0.0070971,0.27396,0.024207,-0.069827,-0.37999,-0.37245,-0.52057,-0.50646,-0.46782,-0.43728,-0.27306,-0.33291,-0.44874,-0.34739,-0.4483,-0.48932,-0.23039,-0.29665,-0.43931,-0.43744,-0.017297,0.21875,-0.48388,-0.38793,-0.18515,-0.05434,-0.59145,-0.20745,-0.58732,-0.33207,-0.51171,-0.23474,-0.087144,0.17407,-0.17405,0.018111,0.17765,0.080674
-0.10598,0.50126,0.015041,0.0047638,0.072374,0.11487,-0.10057,0.012921,0.15289,0.096251,-0.19223,0.19842,0.030644,0.13092,0.48103,0.19559,0.29727,0.042809,0.29367,0.073189,0.081992,-0.11258,0,0.74242,0.16746,0.034484,-0.19549,-0.051483,-0.047172,-0.086594,-0.11381,-0.1274,-0.022888,0.044457,-0.13399,-0.29917,-0.22618,-0.2325,0.0025532,0.16024,0.055155,0.28418,-0.28305,-0.24648,0.085179,-0.022306,-0.25984,-0.39378,-0.030257,0.098397,0.0074785,-0.33349,-0.055594,-0.061916,-0.097001,-0.25644,-0.43704,-0.29553,-0.54581,0.36233,0.16306,-0.08969,-0.18857,-0.17353,-0.19976,-0.18452,-0.367,-0.27459,-0.27228,-0.23668,-0.30516,-0.10721,-0.21846,0.076239,-0.10556,0.084403,0.062995,-0.10404,-0.20938,-0.14259,-0.10588,0.018835,-0.10078,-0.088598,-0.17907,0.029513,-0.099496,-0.37907,-0.39979,0.13578,-0.026941,-0.41192,-0.3908,-0.32313,-0.17763,-0.2502,-0.19741,-0.27404,-0.31287,-0.071088,-0.19521,-0.22985,-0.21569,-0.18671,-0.085075
-0.16371,0.43733,-0.065587,-0.083976,0.098371,0.16088,-0.095139,0.043178,-0.050727,-0.048756,-0.33489,0.13859,-0.063034,0.020419,0.32146,0.14118,0.23501,-0.055064,0.15286,-0.011156,0.019973,-0.08874,0.74242,0,-0.031427,-0.11551,-0.22794,-0.011034,-0.0084998,-0.040734,-0.099263,-0.15859,-0.035609,0.0088036,-0.19094,-0.32121,-0.26054,-0.2914,-0.10071,0.011486,0.094687,0.22595,-0.35848,-0.31118,0.0053002,-0.13254,-0.31326,-0.44841,-0.037089,0.13999,0.017504,-0.41571,-0.088346,-0.069517,-0.15192,-0.20807,-0.36943,-0.26703,-0.49553,0.24752,0.052563,-0.12813,-0.19457,-0.24273,-0.27005,-0.2581,-0.41427,-0.31139,-0.31864,-0.30879,-0.34825,-0.20012,-0.31809,-0.0059854,-0.18804,-0.044832,0.027122,-0.15969,-0.25407,-0.20492,-0.18137,-0.060229,-0.19785,-0.082464,-0.21367,-0.079465,-0.16527,-0.34974,-0.3813,0.052582,-0.1289,-0.49061,-0.34563,-0.23707,-0.037658,-0.27125,-0.13099,-0.2938,-0.19411,-0.038323,-0.1941,-0.15508,-0.22679,-0.099069,-0.067145
0.10544,0.073357,0.096426,0.23616,-0.043158,-0.2635,-0.057314,-0.18084,0.17603,0.2384,0.27106,0.0187,-0.0099218,0.091617,0.094803,-0.15621,-0.012611,0.18449,0.23014,0.16759,-0.17937,-0.44226,0.16746,-0.031427,0,0.61315,-0.2886,-0.29233,-0.02336,-0.091681,-0.091856,-0.034148,-0.14392,-0.11052,-0.11476,-0.16432,0.018564,0.064902,0.16555,0.37837,-0.17887,-0.052149,-0.0078663,-0.11523,-0.10644,0.060345,-0.042486,-0.30614,-0.34115,-0.23551,-0.13215,-0.13651,-0.18596,-0.26822,-0.2283,-0.5137,-0.51765,-0.28744,-0.52245,0.15616,0.097951,-0.083162,-0.30251,0.11503,0.063506,0.016935,-0.164,-0.32709,-0.35301,-0.13132,-0.16917,-0.079374,-0.068076,0.035072,0.0011829,0.13016,-0.0088811,-0.01274,-0.019495,0.037399,0.10026,0.15516,0.12404,-0.21681,-0.11452,0.17318,0.044419,-0.35329,-0.48215,0.037509,-0.039965,-0.2162,-0.33658,-0.28908,-0.30193,-0.20747,-0.26196,-0.21141,-0.43739,-0.19789,-0.28185,-0.23364,-0.15613,-0.5087,-0.15616
0.36495,0.062827,0.29184,0.47909,-0.16627,-0.53041,-0.13489,-0.35935,0.1785,0.21407,0.32125,-0.043876,0.044541,0.09097,0.027742,-0.31513,0.052712,0.38613,0.35936,0.4229,-0.25367,-0.58332,0.034484,-0.11551,0.61315,0,-0.50677,-0.50098,-0.036766,-0.086129,-0.10316,-0.030476,-0.18619,-0.12223,-0.26087,-0.32512,-0.10801,0.03705,0.021375,0.39229,-0.35027,-0.21727,0.068929,-0.15896,0.081882,0.28297,0.12792,-0.19951,-0.41305,-0.21186,-0.22729,-0.12176,-0.29838,-0.52699,-0.39964,-0.70354,-0.7292,-0.12567,-0.4759,0.21573,0.13821,-0.11379,-0.3739,0.28473,0.099502,0.24866,0.044082,-0.35627,-0.51149,-0.11429,-0.11904,0.14625,0.12216,0.28312,0.27155,0.08664,-0.083518,0.10697,0.15219,0.15366,0.26373,0.44024,0.4809,-0.10393,0.092127,0.3797,0.33451,-0.24718,-0.4319,0.25865,0.25335,-0.26274,-0.45403,-0.28301,-0.42362,-0.084015,-0.2904,-0.11684,-0.43139,-0.11964,-0.33569,-0.13601,-0.1404,-0.6605,-0.3196
-0.50913,-0.42867,-0.48496,-0.56558,-0.36272,0.090039,-0.48824,-0.24664,-0.21938,-0.49733,-0.56854,-0.56019,-0.2629,-0.3422,-0.1271,0.039939,-0.46402,-0.53158,-0.52582,-0.67208,0.26008,0.41922,-0.19549,-0.22794,-0.2886,-0.50677,0,0.44929,-0.28842,-0.10035,-0.32171,-0.20941,-0.18228,-0.11507,-0.13488,-0.031433,-0.35787,-0.42485,-0.3821,-0.64226,0.017607,0.033392,-0.3198,4.5246e-05,-0.41947,-0.35788,-0.4329,-0.22295,0.41573,-0.23673,-0.16196,0.046998,-0.090059,0.27956,0.17292,0.41849,0.3196,-0.10396,0.15665,-0.35499,-0.11162,-0.033689,0.1326,-0.40427,-0.24429,-0.61757,-0.49855,-0.020012,0.33926,-0.032648,-0.081604,-0.41647,-0.37199,-0.63879,-0.51006,-0.48521,-0.53684,-0.49197,-0.53344,-0.59599,-0.53049,-0.53673,-0.49871,-0.36737,-0.39542,-0.62041,-0.61251,-0.089522,0.13214,-0.6838,-0.48912,-0.078993,-0.0099347,-0.39101,-0.11474,-0.61197,-0.2746,-0.49465,-0.27084,-0.26465,0.11842,-0.23471,-0.012352,0.23882,0.23148
-0.41452,-0.23291,-0.43653,-0.52701,-0.18467,0.18954,-0.32642,-0.12432,-0.24709,-0.3897,-0.54104,-0.41639,-0.19208,-0.25955,-0.075509,0.18347,-0.29546,-0.41743,-0.42565,-0.56059,0.10619,0.29377,-0.051483,-0.011034,-0.29233,-0.50098,0.44929,0,-0.099438,0.0039235,-0.16695,-0.20493,-0.069401,-0.041122,-0.028078,0.0042531,-0.25575,-0.33751,-0.2749,-0.45002,0.065523,0.19021,-0.29061,-0.07366,-0.30324,-0.30891,-0.54192,-0.30318,0.29957,-0.096387,-0.084397,-0.19033,-0.18349,0.10499,0.10763,0.20483,0.16934,-0.064204,0.055536,-0.31552,-0.12442,-0.13957,0.016243,-0.56002,-0.43824,-0.7967,-0.75414,-0.080648,0.11323,-0.12021,-0.1797,-0.46923,-0.4615,-0.54451,-0.52996,-0.44671,-0.44835,-0.41918,-0.45212,-0.50035,-0.49198,-0.45902,-0.49317,-0.30214,-0.36545,-0.53285,-0.51902,-0.086749,0.061832,-0.53145,-0.41295,-0.12694,-0.059201,-0.37352,-0.13749,-0.72633,-0.35552,-0.62992,-0.27976,-0.3599,-0.061147,-0.24351,-0.1927,0.029306,0.036979
-0.14852,-0.0096245,-0.21723,-0.10644,-0.15335,-0.20837,-0.17777,-0.10105,-0.32474,0.037199,-0.034923,-0.1075,-0.10247,0.04672,-0.15829,-0.12234,-0.12887,-0.048555,-0.15085,-0.1503,-0.25187,-0.21347,-0.047172,-0.0084998,-0.02336,-0.036766,-0.28842,-0.099438,0,0.19367,0.12956,0.1557,-0.061076,-0.027587,-0.16685,-0.018344,0.058839,0.1651,-0.11332,-0.015035,-0.16992,-0.12863,-0.070803,-0.080706,-0.26175,-0.15519,-0.3715,-0.49277,-0.2698,-0.16412,0.012617,-0.42831,-0.289,-0.21048,-0.24154,-0.30366,-0.30175,-0.2377,-0.27469,-0.13547,-0.24324,-0.10455,-0.21992,-0.15454,-0.10866,-0.33561,-0.40764,-0.28082,-0.3457,-0.13114,-0.15283,-0.38312,-0.25033,-0.16735,-0.21082,-0.23848,-0.12744,-0.16448,-0.046616,-0.12222,-0.08852,-0.17891,-0.24269,-0.35646,-0.30414,-0.15154,-0.1991,-0.35492,-0.38058,-0.20559,-0.23025,-0.23655,-0.14929,-0.47004,-0.19792,-0.56052,-0.38625,-0.50935,-0.34404,-0.044709,-0.10446,-0.049699,-0.089749,-0.47471,-0.20841
0.020742,-0.16043,-0.22011,-0.20274,-0.34967,-0.24071,-0.40169,-0.31763,-0.31606,-0.094713,-0.15626,-0.43967,0.18365,0.05149,0.031045,-0.17985,-0.047657,0.039254,-0.26182,-0.21631,0.11105,-0.01444,-0.086594,-0.040734,-0.091681,-0.086129,-0.10035,0.0039235,0.19367,0,0.40065,0.42874,0.16591,0.14832,0.021169,0.12541,-0.076698,0.059376,-0.2108,-0.2017,-0.26877,-0.23392,0.24602,0.31155,-0.12536,0.075102,-0.42726,-0.60215,0.0055588,0.11766,0.10846,-0.30657,-0.47578,-0.20269,-0.19615,-0.16532,-0.13825,-0.0039235,-0.049131,-0.25663,-0.079148,0.16924,0.1616,-0.094299,-0.14087,-0.26706,-0.38822,0.02738,0.039396,0.28934,0.23894,-0.15729,-0.025706,-0.12866,-0.10354,-0.44035,-0.53777,-0.12543,-0.097764,-0.15218,-0.10275,-0.23659,-0.12169,-0.49633,-0.25628,-0.15733,-0.2066,-0.26886,-0.24111,-0.20324,-0.12304,-0.32542,-0.41597,-0.52423,-0.40865,-0.52342,-0.55254,-0.56523,-0.45294,-0.041594,-0.048523,-0.0062439,0.058794,-0.3253,-0.17975
-0.1023,-0.15117,-0.19857,-0.20386,-0.33105,-0.22458,-0.33909,-0.2301,-0.43713,0.12312,0.013871,-0.23451,0.30041,0.24567,0.051251,-0.12253,0.11008,0.11735,-0.24605,-0.13405,-0.059544,-0.13489,-0.11381,-0.099263,-0.091856,-0.10316,-0.32171,-0.16695,0.12956,0.40065,0,0.41516,0.38763,0.20907,0.27429,0.30921,0.18455,0.34605,-0.13248,-0.093775,-0.46556,-0.33489,0.25317,0.18416,-0.12025,0.051645,-0.45419,-0.54913,-0.22312,0.2331,0.35949,-0.41041,-0.53428,-0.19945,-0.23183,-0.30629,-0.21416,-0.18283,-0.15474,-0.27683,-0.18242,0.048775,0.075561,-0.17275,-0.16281,-0.21799,-0.34625,0.040747,-0.017446,0.15415,0.10705,-0.22048,-0.061328,-0.092315,-0.15408,-0.32365,-0.30285,0.033353,0.011732,0.024704,0.046119,-0.2114,-0.19108,-0.50637,-0.34464,-0.01402,-0.1811,-0.34114,-0.33599,-0.11165,-0.16494,-0.30509,-0.3804,-0.58121,-0.51688,-0.42612,-0.58939,-0.41265,-0.44011,-0.11494,-0.13105,-0.086084,-0.010148,-0.52219,-0.28887
-0.034277,-0.1342,-0.18065,-0.14947,-0.47125,-0.31525,-0.43302,-0.24372,-0.35074,0.19204,-0.084655,-0.24694,0.11912,0.13897,0.026534,-0.20205,-0.07951,0.043055,-0.23167,-0.14651,0.028389,-0.12112,-0.1274,-0.15859,-0.034148,-0.030476,-0.20941,-0.20493,0.1557,0.42874,0.41516,0,0.032655,-0.013742,-0.022759,0.13678,-0.10472,0.2211,-0.2698,-0.10037,-0.44861,-0.34857,0.3186,0.36402,-0.090485,0.10399,-0.30956,-0.40277,-0.072413,-0.030722,0.078573,-0.20744,-0.54418,-0.20488,-0.35163,-0.29338,-0.21211,-0.16612,-0.10173,-0.19115,-0.059085,0.15398,0.17656,0.022623,0.034607,-0.031653,-0.10421,0.060255,0.036552,0.44341,0.41156,-0.057133,0.21745,-0.035104,0.066292,-0.43094,-0.36654,-0.15309,-0.13294,-0.2176,-0.13504,-0.21518,-0.18249,-0.5029,-0.37907,-0.16664,-0.21433,-0.35286,-0.32229,-0.11323,-0.12297,-0.45152,-0.39807,-0.65199,-0.46763,-0.4646,-0.48285,-0.45196,-0.42362,-0.030282,0.022797,-0.049751,0.20928,-0.40021,-0.089787
-0.1976,-0.24028,-0.055129,-0.1628,-0.36101,-0.17589,-0.37064,-0.32201,-0.34793,-0.093614,-0.081708,-0.29126,0.56906,0.38576,0.0412,-0.11743,0.28302,0.16215,-0.16142,-0.088611,0.041697,0.083291,-0.022888,-0.035609,-0.14392,-0.18619,-0.18228,-0.069401,-0.061076,0.16591,0.38763,0.032655,0,0.73783,0.40602,0.19527,0.13977,0.064256,-0.12515,-0.17932,-0.35316,-0.20082,-0.0094435,-0.0076401,-0.10239,-0.029145,-0.40035,-0.46383,-0.13808,0.60668,0.63545,-0.31891,-0.30569,-0.065755,-0.0043113,-0.19512,-0.21989,-0.056344,-0.066848,-0.22572,-0.12697,0.14067,0.096077,-0.26262,-0.32425,-0.38433,-0.47734,0.1233,0.053907,0.017019,-0.048549,-0.3341,-0.26914,-0.25838,-0.3661,-0.23224,-0.33666,0.33563,0.19619,0.16828,0.20504,-0.1124,-0.15459,-0.26191,-0.086109,0.12431,-0.054709,-0.15233,-0.13285,-0.16699,-0.15076,-0.13559,-0.32341,-0.51059,-0.53509,-0.35823,-0.5161,-0.36661,-0.36949,-0.077099,-0.096555,-0.062336,-0.050223,-0.30617,-0.29746
-0.19175,-0.22132,0.06657,-0.05094,-0.41391,-0.20913,-0.44142,-0.36208,-0.2049,-0.10927,-0.13464,-0.28369,0.57921,0.48226,0.08556,-0.092741,0.22254,0.18778,-0.11004,-0.048853,0.12751,0.1608,0.044457,0.0088036,-0.11052,-0.12223,-0.11507,-0.041122,-0.027587,0.14832,0.20907,-0.013742,0.73783,0,0.14749,0.057818,-0.016159,-0.0090686,-0.18719,-0.18707,-0.29368,-0.10071,-0.12464,-0.030457,-0.049221,0.036371,-0.3725,-0.38593,-0.043139,0.52304,0.54773,-0.18131,-0.18833,-0.00054942,0.13732,-0.14556,-0.26794,0.030554,-0.013554,-0.090233,-0.01583,0.17225,0.11732,-0.21277,-0.23182,-0.3786,-0.44971,0.010038,-0.025034,0.021369,-0.04279,-0.2674,-0.24288,-0.18474,-0.30211,-0.19262,-0.30951,0.2657,0.22951,0.0828,0.21758,-0.0084804,-0.054321,-0.15637,-0.0034064,0.11928,0.0028828,-0.078204,-0.026269,-0.14735,-0.077506,-0.15093,-0.27951,-0.53795,-0.44081,-0.33105,-0.38509,-0.29215,-0.27292,0.015183,0.035091,0.0078663,0.02484,-0.24997,-0.20721
-0.19657,-0.2939,-0.28014,-0.29668,-0.17017,-0.10559,-0.16755,-0.15172,-0.35448,-0.032713,0.036126,-0.27338,0.18046,0.086297,-0.086976,-0.15137,0.052828,-0.030832,-0.28789,-0.24823,-0.059337,-0.077836,-0.13399,-0.19094,-0.11476,-0.26087,-0.13488,-0.028078,-0.16685,0.021169,0.27429,-0.022759,0.40602,0.14749,0,0.42584,0.32225,0.16066,0.08982,-0.11656,-0.29346,-0.20941,0.12752,0.067681,-0.20656,-0.10096,-0.51125,-0.44033,-0.2453,0.10261,0.18126,-0.31991,-0.26076,-0.062342,-0.050779,-0.21717,-0.081339,-0.27893,-0.16019,-0.41429,-0.23772,0.074294,0.098442,-0.31451,-0.27576,-0.43293,-0.52233,0.1839,0.16936,0.0038201,-0.037561,-0.34229,-0.24973,-0.35677,-0.40408,-0.13821,-0.30612,0.019242,-0.078431,0.062614,-0.04246,-0.31507,-0.28849,-0.54587,-0.34411,-0.057863,-0.27077,-0.32154,-0.2516,-0.31838,-0.31849,-0.063021,-0.37486,-0.36251,-0.55577,-0.42474,-0.57583,-0.39432,-0.50606,-0.35147,-0.27,-0.34429,-0.2299,-0.33405,-0.29919
-0.33593,-0.40118,-0.40975,-0.37265,-0.31854,-0.085082,-0.23678,-0.061916,-0.47104,-0.063454,-0.063655,-0.37532,-0.026818,-0.017743,-0.21381,-0.15951,-0.24475,-0.183,-0.47623,-0.40414,-0.084881,0.0038524,-0.29917,-0.32121,-0.16432,-0.32512,-0.031433,0.0042531,-0.018344,0.12541,0.30921,0.13678,0.19527,0.057818,0.42584,0,0.34241,0.35928,-0.069995,-0.25572,-0.27482,-0.2197,0.085069,0.32816,-0.48122,-0.2601,-0.64631,-0.4997,-0.19873,-0.10369,0.17304,-0.24001,-0.28347,0.067035,-0.025687,-0.075076,0.12721,-0.33245,-0.048109,-0.58657,-0.40788,-0.012443,0.13951,-0.29118,-0.22721,-0.50242,-0.49648,0.0061276,0.13624,0.10447,0.0327,-0.47137,-0.28614,-0.504,-0.48467,-0.31014,-0.31951,-0.15,-0.15579,-0.09448,-0.11427,-0.43506,-0.4267,-0.60737,-0.48623,-0.26556,-0.41224,-0.35464,-0.24512,-0.5113,-0.54842,-0.1377,-0.19473,-0.48835,-0.38115,-0.53248,-0.44844,-0.47473,-0.3723,-0.33719,-0.14214,-0.33964,-0.11067,-0.32646,-0.17007
-0.2251,-0.26448,-0.28391,-0.16945,-0.026902,-0.17503,0.046623,-0.061431,-0.37301,-0.013322,0.31738,-0.15273,-0.066046,0.0094305,-0.27379,-0.25068,-0.086045,-0.035899,-0.22392,-0.17021,-0.37539,-0.34136,-0.22618,-0.26054,0.018564,-0.10801,-0.35787,-0.25575,0.058839,-0.076698,0.18455,-0.10472,0.13977,-0.016159,0.32225,0.34241,0,0.4436,0.27684,0.014207,-0.22857,-0.26421,0.0028699,-0.090899,-0.46694,-0.29497,-0.48299,-0.57988,-0.6124,-0.15845,0.09448,-0.45813,-0.1705,-0.14141,-0.1123,-0.34996,-0.20718,-0.49497,-0.39667,-0.41875,-0.50781,-0.13468,-0.22439,-0.21734,-0.20758,-0.42133,-0.50989,-0.17832,-0.22743,-0.22299,-0.26285,-0.53724,-0.41486,-0.36813,-0.48567,-0.0034969,-0.065393,0.051154,0.057359,0.27032,0.12713,-0.2483,-0.26503,-0.49891,-0.32065,0.018215,-0.21277,-0.48913,-0.51413,-0.34361,-0.44276,-0.018803,-0.22957,-0.24773,-0.33036,-0.30092,-0.38695,-0.30478,-0.38288,-0.28005,-0.3418,-0.30515,-0.29861,-0.53624,-0.4082
-0.05734,-0.22686,-0.13468,-0.015494,-0.23532,-0.37253,-0.084177,-0.10975,-0.33867,0.24302,0.32274,-0.13916,0.010413,0.14513,-0.20089,-0.34253,-0.091487,0.13097,-0.16683,-0.027703,-0.30037,-0.37104,-0.2325,-0.2914,0.064902,0.03705,-0.42485,-0.33751,0.1651,0.059376,0.34605,0.2211,0.064256,-0.0090686,0.16066,0.35928,0.4436,0,0.085069,0.10239,-0.38877,-0.33163,0.21297,0.1135,-0.28517,-0.062549,-0.41898,-0.45603,-0.5082,-0.18605,0.072122,-0.27666,-0.29602,-0.22047,-0.23965,-0.46978,-0.2956,-0.38623,-0.31188,-0.32555,-0.35837,-0.019921,-0.075102,0.0099994,-0.0077564,-0.18381,-0.23766,-0.14404,-0.23957,0.045802,0.030173,-0.2469,-0.073014,-0.14704,-0.16362,-0.098785,-0.11457,0.01369,0.10606,0.14042,0.14598,-0.11891,-0.11167,-0.47431,-0.30498,0.030748,-0.099825,-0.46347,-0.49091,-0.20062,-0.2786,-0.26558,-0.36779,-0.40816,-0.45011,-0.27573,-0.34799,-0.23879,-0.33571,-0.18347,-0.21824,-0.21455,-0.11045,-0.6797,-0.32462
0.025267,-0.054347,-0.13657,0.012094,0.41334,-0.13463,0.50695,0.024,0.051154,0.011816,0.38403,0.042092,-0.14112,-0.077364,-0.20175,-0.28495,-0.038142,-0.022358,-0.014433,-0.082916,-0.37848,-0.50151,0.0025532,-0.10071,0.16555,0.021375,-0.3821,-0.2749,-0.11332,-0.2108,-0.13248,-0.2698,-0.12515,-0.18719,0.08982,-0.069995,0.27684,0.085069,0,0.32231,0.091752,-0.068819,-0.053009,-0.20246,-0.21424,-0.18667,-0.43048,-0.53485,-0.57102,-0.26846,-0.16702,-0.4729,0.094241,-0.22889,-0.061877,-0.39121,-0.37364,-0.59528,-0.68992,-0.15956,-0.35709,-0.17458,-0.28114,-0.14177,-0.14824,-0.32309,-0.49624,-0.20077,-0.32813,-0.28432,-0.31485,-0.2573,-0.26924,-0.13436,-0.27567,0.40884,0.042337,-0.07878,-0.092812,0.1431,-0.036921,-0.14166,-0.10481,-0.36085,-0.24361,0.064307,-0.15897,-0.61936,-0.7104,-0.18856,-0.25201,-0.061586,-0.41136,0.041109,-0.2277,-0.046558,-0.2018,-0.095986,-0.30533,-0.29869,-0.43495,-0.40561,-0.51504,-0.41305,-0.38013
0.19612,0.26677,0.16399,0.36144,0.112,-0.31216,0.19926,0.0050417,0.15213,0.48969,0.33461,0.35369,-0.022571,0.14492,-0.065335,-0.25449,0.11206,0.27932,0.37389,0.31467,-0.39002,-0.62703,0.16024,0.011486,0.37837,0.39229,-0.64226,-0.45002,-0.015035,-0.2017,-0.093775,-0.10037,-0.17932,-0.18707,-0.11656,-0.25572,0.014207,0.10239,0.32231,0,-0.20098,-0.075444,-0.038233,-0.23036,0.052156,0.071437,-0.092612,-0.2927,-0.56407,-0.20429,-0.20493,-0.38153,-0.16307,-0.42355,-0.32558,-0.80335,-0.79911,-0.41256,-0.72737,0.13132,-0.066699,-0.2046,-0.3988,0.051522,-0.081611,0.075865,-0.14344,-0.37674,-0.55872,-0.22373,-0.24965,0.026553,-0.01572,0.24698,0.10392,0.38794,0.21773,0.0060112,0.032693,0.097408,0.068412,0.16901,0.13079,-0.14804,-0.10598,0.24109,0.14564,-0.46695,-0.62787,0.23444,0.070616,-0.33112,-0.50134,-0.16358,-0.35783,-0.043378,-0.21384,-0.13229,-0.34138,-0.23343,-0.47239,-0.34561,-0.4129,-0.6599,-0.42218
-0.29219,-0.051981,-0.34015,-0.28665,0.33178,0.25914,0.21469,0.11469,0.019255,-0.39427,-0.31536,-0.099166,-0.4616,-0.39116,-0.18754,-0.079413,-0.29458,-0.4683,-0.19723,-0.40844,-0.1698,-0.1037,0.055155,0.094687,-0.17887,-0.35027,0.017607,0.065523,-0.16992,-0.26877,-0.46556,-0.44861,-0.35316,-0.29368,-0.29346,-0.27482,-0.22857,-0.38877,0.091752,-0.20098,0,0.29001,-0.47525,-0.28413,-0.35936,-0.48846,-0.52372,-0.46305,-0.11388,-0.34996,-0.26386,-0.3698,0.36351,0.057889,0.078159,0.12511,-0.03928,-0.47374,-0.45117,-0.12702,-0.34817,-0.28999,-0.23911,-0.35225,-0.2679,-0.61638,-0.64931,-0.29935,-0.2551,-0.41034,-0.45809,-0.4186,-0.52931,-0.38418,-0.50642,0.015009,-0.072633,-0.4354,-0.48621,-0.33597,-0.42647,-0.35699,-0.41677,-0.18369,-0.33764,-0.36362,-0.46499,-0.41282,-0.40942,-0.41799,-0.48935,-0.13253,-0.10725,0.049363,0.26766,-0.18708,0.042337,-0.16199,-0.058561,-0.21454,-0.20131,-0.35177,-0.43641,0.10705,0.0061858
-0.32548,0.18513,-0.16624,-0.17914,0.057055,0.29055,-0.035958,0.18402,0.10187,-0.1205,-0.35542,0.042331,-0.21563,-0.12842,0.032364,0.19158,-0.12134,-0.24364,0.03685,-0.19899,0.0081895,0.069168,0.28418,0.22595,-0.052149,-0.21727,0.033392,0.19021,-0.12863,-0.23392,-0.33489,-0.34857,-0.20082,-0.10071,-0.20941,-0.2197,-0.26421,-0.33163,-0.068819,-0.075444,0.29001,0,-0.50331,-0.19721,-0.17303,-0.24544,-0.34242,-0.21213,-0.0052873,-0.1631,-0.15682,-0.28575,0.10243,0.1001,0.048555,-0.042816,-0.17941,-0.26627,-0.33392,-0.0074656,-0.039926,-0.27003,-0.23991,-0.30103,-0.30612,-0.47041,-0.53916,-0.41146,-0.28248,-0.2723,-0.39441,-0.25392,-0.4303,-0.26517,-0.36606,0.063118,0.029475,-0.31423,-0.35819,-0.33133,-0.29172,-0.18015,-0.28465,-0.024607,-0.22789,-0.24255,-0.25224,-0.17804,-0.16045,-0.22374,-0.28813,-0.21995,-0.1163,-0.31367,-0.031905,-0.38336,-0.15163,-0.35194,-0.23978,-0.26071,-0.23214,-0.45208,-0.40239,-0.094926,-0.027076
0.32211,-0.2677,-0.17579,-0.13171,-0.31921,-0.51146,-0.24497,-0.42922,-0.23305,0.036817,0.18638,-0.43216,0.10083,-0.063137,-0.1135,-0.40745,-0.073964,0.083815,-0.23132,-0.1162,-0.1496,-0.37813,-0.28305,-0.35848,-0.0078663,0.068929,-0.3198,-0.29061,-0.070803,0.24602,0.25317,0.3186,-0.0094435,-0.12464,0.12752,0.085069,0.0028699,0.21297,-0.053009,-0.038233,-0.47525,-0.50331,0,0.28743,0.00047831,0.25387,-0.23312,-0.36714,-0.25111,-0.13997,-0.15563,-0.20685,-0.57463,-0.52147,-0.45334,-0.40414,-0.21984,-0.097208,-0.16407,-0.31434,-0.13149,0.037709,-0.0002844,0.004098,-0.043016,-0.020794,-0.11022,0.1596,-0.0042143,0.24879,0.28571,0.047909,0.27371,-0.026398,0.10233,-0.30636,-0.547,-0.041232,-0.059847,0.034445,-0.025111,-0.13748,0.012598,-0.55247,-0.22727,-0.0021912,-0.10104,-0.31032,-0.38105,-0.083304,0.013949,-0.19831,-0.56947,-0.37553,-0.72993,-0.31046,-0.67046,-0.32262,-0.63291,-0.2861,-0.31068,-0.20086,-0.096005,-0.58316,-0.36346
