,,,,,,,,,,,,,,,,,,,,,,,,,,,,,,,,,,,,,,,,,,,,,,,,,,,,,,,,,,,,,,,,,,,,,,,,,,,,,,,,,,,,,,,,,,,,,,,,,,,,,,,,
0,-0.18131,-0.021845,0.095259,-0.28038,-0.82226,-0.23536,-0.70194,0.010489,-0.086862,0.078027,-0.48252,-0.082841,-0.24563,-0.30526,-0.68949,-0.22393,-0.011898,-0.22251,-0.16243,-0.36343,-0.67125,-0.28966,-0.33001,-0.23823,0.0069801,-0.62721,-0.43503,-0.23168,0.12419,-0.11665,0.0065424,-0.30302,-0.27663,-0.28851,-0.42786,-0.41771,-0.11718,-0.06647,0.077226,-0.431,-0.56381,0.47438,-0.03332,0.19371,0.20491,-0.19136,-0.43825,-0.36348,-0.24799,-0.4516,-0.33149,-0.5283,-0.89505,-0.49553,-0.62982,-0.61117,0.11151,-0.30401,-0.12742,-0.067561,-0.23829,-0.16195,-0.13561,-0.24931,0.041168,-0.18558,-0.15395,-0.41486,-0.075475,0.12468,0.38956,0.32056,0.24199,0.37311,-0.23154,-0.63339,-0.28218,-0.24553,-0.074845,-0.14844,-0.057829,0.19311,-0.44371,-0.23911,-0.032942,-0.079845,-0.28067,-0.45474,0.2086,0.27555,-0.33043,-0.7235,-0.17852,-0.57723,-0.21741,-0.57981,-0.20606,-0.52013,-0.30229,-0.44706,-0.24948,-0.36175,-0.55786,-0.43082
-0.18131,0,-0.27037,-0.34793,0.051665,0.024723,-0.34301,-0.1321,-0.1578,-0.059557,-0.56203,0.21491,-0.28654,-0.26287,-0.084325,0.069148,-0.036532,-0.31925,0.067665,-0.21324,-0.20061,-0.31725,0.16623,0.26545,-0.29168,-0.22609,-0.52529,-0.11743,-0.2356,-0.25261,-0.22551,-0.17076,-0.35432,-0.34501,-0.42252,-0.7272,-0.71617,-0.62314,-0.47811,-0.062428,-0.26305,-0.044966,-0.28501,-0.45954,0.15544,-0.090763,-0.26426,-0.40908,-0.11332,-0.12729,-0.31888,-0.50807,-0.43712,-0.40074,-0.65667,-0.40708,-0.4762,-0.29253,-0.58524,0.1106,-0.033484,-0.42121,-0.45014,-0.4916,-0.41951,-0.062428,-0.22422,-0.42998,-0.42067,-0.41775,-0.38372,0.023062,-0.094257,0.15902,0.054454,-0.23049,-0.047422,-0.41574,-0.5405,-0.43274,-0.42747,-0.2451,-0.35816,-0.2099,-0.44412,-0.26187,-0.32975,-0.44803,-0.49711,0.21696,-0.056901,-0.52254,-0.37105,-0.2597,-0.10914,-0.41638,-0.35288,-0.40978,-0.40582,-0.28157,-0.38704,-0.33007,-0.36206,-0.23833,-0.12467
-0.021845,-0.27037,0,0.71138,-0.30242,-0.31416,-0.5649,-0.67357,-0.13035,-0.027208,-0.07305,-0.31913,0.27693,0.21616,0.26355,-0.18064,0.19905,0.38977,0.23205,0.32628,0.13841,-0.20345,0.12058,-0.028937,0.26776,0.43514,-0.18633,-0.12649,-0.29571,0.019783,0.019842,0.068859,0.21623,0.18213,0.098292,-0.12362,-0.28252,-0.098686,-0.32465,0.023381,-0.51292,-0.21824,-0.060299,-0.1166,-0.0069727,0.24926,-0.25477,-0.13623,0.11329,0.2063,0.11046,0.25909,-0.36564,-0.24991,-0.142,-0.51321,-0.59518,0.045367,-0.2076,0.16725,0.3563,0.038847,0.026259,0.23563,0.27969,-0.11526,0.0053185,0.16403,0.12399,0.1566,0.15397,0.039648,0.039047,-0.089228,-0.19784,-0.47304,-0.54976,0.3953,0.32086,0.10586,0.30299,0.75677,0.55449,0.27168,0.41763,0.39224,0.50717,-0.11447,-0.077271,-0.18894,-0.20251,-0.32299,-0.32867,-0.14825,-0.28105,0.0079741,-0.11349,0.038847,-0.12813,-0.057925,0.018218,0.28449,0.34475,-0.38516,-0.12901
0.095259,-0.34793,0.71138,0,-0.37549,-0.51109,-0.44371,-0.60977,-0.080586,0.010934,0.018277,-0.31005,0.14624,0.16795,0.0070543,-0.39472,0.023129,0.28314,0.061181,0.17408,0.052347,-0.2551,-0.0097395,-0.11786,0.19182,0.37968,-0.22775,-0.26319,-0.15079,0.14827,-0.0077738,0.12663,0.029144,0.096638,-0.070365,-0.14279,-0.21154,0.050515,-0.2094,0.11561,-0.42459,-0.30079,-0.0078331,-0.033788,-0.063281,0.16177,-0.22939,-0.24363,-0.0095021,0.066693,-0.026125,0.23563,-0.29776,-0.32841,-0.2139,-0.56586,-0.66042,-0.057977,-0.26499,0.051249,0.20708,0.10399,0.12897,0.34744,0.25489,-0.096846,-0.024701,0.1402,0.048104,0.18931,0.2608,0.080052,0.073599,-0.071492,-0.14834,-0.32152,-0.47697,0.20684,0.25195,0.069704,0.20131,0.45376,0.45124,0.0023737,0.27239,0.2054,0.40246,-0.26047,-0.18064,-0.25304,-0.21414,-0.39129,-0.42889,-0.062969,-0.26604,0.079088,-0.042971,0.029664,-0.046813,-0.010926,-0.031177,0.1806,0.23167,-0.38933,-0.15814
-0.28038,0.051665,-0.30242,-0.37549,0,0.22291,0.25705,0.04556,-0.2394,-0.42436,-0.51272,-0.036436,-0.59523,-0.55711,-0.26722,-0.16328,-0.36241,-0.61556,-0.22553,-0.47472,-0.46184,-0.52919,-0.15131,-0.053385,-0.40929,-0.4258,-0.39561,-0.0012833,-0.2006,-0.41844,-0.44506,-0.52127,-0.5455,-0.53035,-0.51988,-0.54379,-0.51727,-0.51064,-0.16277,-0.23656,0.12951,-0.052733,-0.47848,-0.57262,-0.30626,-0.40088,-0.74799,-0.61215,-0.35464,-0.41444,-0.45227,-0.4866,0.008701,-0.3059,-0.23943,-0.094057,-0.15821,-0.54998,-0.69542,-0.11345,-0.40545,-0.71433,-0.67651,-0.52403,-0.38083,-0.56876,-0.5486,-0.48373,-0.49594,-0.56876,-0.6418,-0.35805,-0.38651,-0.26257,-0.43007,-0.18443,-0.082367,-0.51001,-0.55967,-0.42669,-0.51,-0.2025,-0.39809,-0.090949,-0.47155,-0.43073,-0.48396,-0.61511,-0.72966,-0.39169,-0.51501,-0.18302,-0.057079,0.12428,0.2384,-0.22867,-0.13887,-0.19337,-0.14477,-0.4943,-0.57292,-0.38819,-0.60468,-0.16366,-0.19834
-0.82226,0.024723,-0.31416,-0.51109,0.22291,0,-0.22887,0.13664,-0.3645,-0.41927,-0.76657,0.053816,-0.53201,-0.4089,-0.067991,0.2658,-0.26187,-0.5722,-0.090185,-0.3654,-0.20058,-0.11322,0.0020325,0.056078,-0.29407,-0.41912,-0.082611,0.041235,-0.35212,-0.60731,-0.50322,-0.55818,-0.38061,-0.40149,-0.4206,-0.41964,-0.51083,-0.70782,-0.49812,-0.43142,-0.0091535,0.20256,-0.84013,-0.59426,-0.50243,-0.55526,-0.52903,-0.33603,-0.14203,-0.30814,-0.20969,-0.34358,-0.034923,0.15164,-0.13526,0.077122,-0.0095466,-0.62043,-0.53618,-0.11465,-0.28908,-0.52516,-0.58021,-0.4689,-0.29421,-0.57676,-0.42786,-0.47427,-0.21818,-0.55028,-0.75903,-0.60302,-0.64172,-0.52176,-0.70359,-0.35321,0.062895,-0.34291,-0.45679,-0.4884,-0.41978,-0.23965,-0.52538,0.13304,-0.35662,-0.41374,-0.45952,-0.435,-0.38446,-0.53244,-0.73921,-0.24743,0.18468,-0.25355,0.26328,-0.36561,-0.030094,-0.32352,-0.14465,-0.41053,-0.31811,-0.34833,-0.28139,-0.011668,0.052206
-0.23536,-0.34301,-0.5649,-0.44371,0.25705,-0.22887,0,0.1067,-0.11976,-0.43727,-0.26766,-0.22152,-0.84609,-0.80221,-0.68093,-0.535,-0.75031,-0.77375,-0.62463,-0.72432,-0.82648,-0.73226,-0.55607,-0.48332,-0.59413,-0.5753,-0.47541,-0.25687,-0.29681,-0.5355,-0.57497,-0.56195,-0.85294,-0.78426,-0.62338,-0.41907,-0.31896,-0.31782,0.23647,-0.23315,0.24048,-0.30071,-0.36036,-0.40246,-0.48861,-0.61843,-0.72027,-0.62193,-0.56747,-0.81573,-0.72164,-0.59133,0.040605,-0.36686,-0.23355,-0.16507,-0.13345,-0.76399,-0.72009,-0.47776,-0.78781,-0.78101,-0.646,-0.48442,-0.47352,-0.62736,-0.63603,-0.5317,-0.67711,-0.60794,-0.59723,-0.4348,-0.41536,-0.38202,-0.42161,-0.033625,-0.039559,-0.77337,-0.69497,-0.52627,-0.7084,-0.53457,-0.58516,-0.42867,-0.67076,-0.67612,-0.69983,-0.70172,-0.91446,-0.52069,-0.51446,-0.18277,-0.16839,0.13423,-0.048549,-0.14555,-0.16599,-0.1517,-0.11558,-0.56912,-0.60779,-0.61278,-0.85081,-0.22414,-0.32422
-0.70194,-0.1321,-0.67357,-0.60977,0.04556,0.13664,0.1067,0,-0.42359,-0.33922,-0.73186,0.038416,-0.96215,-0.72618,-0.60188,-0.31227,-0.70583,-0.8196,-0.53462,-0.69116,-0.66329,-0.46102,-0.47307,-0.33942,-0.68226,-0.71429,-0.45057,-0.30441,-0.39515,-0.72593,-0.66673,-0.53326,-0.8093,-0.81458,-0.62117,-0.38126,-0.54683,-0.55065,-0.34359,-0.33862,-0.071158,-0.25074,-0.65915,-0.47224,-0.67845,-0.87212,-0.57521,-0.42754,-0.45115,-0.72564,-0.63921,-0.61045,-0.08612,0.0090571,-0.33758,-0.16625,-0.036006,-0.98407,-0.54976,-0.50228,-0.72442,-0.73362,-0.66996,-0.56752,-0.55163,-0.49166,-0.39693,-0.7654,-0.50899,-0.72046,-0.76352,-0.62794,-0.59568,-0.51417,-0.53418,-0.23229,0.37037,-0.81671,-0.73498,-0.84274,-0.87401,-0.66666,-0.88948,-0.37932,-0.75689,-0.97675,-0.83336,-0.72551,-0.62713,-0.60401,-0.71593,-0.44776,-0.050582,-0.16167,0.10704,-0.39503,-0.021571,-0.39765,-0.042793,-0.59892,-0.56942,-0.68374,-0.62974,-0.047822,-0.15785
0.010489,-0.1578,-0.13035,-0.080586,-0.2394,-0.3645,-0.11976,-0.42359,0,-0.048764,0.047422,-0.32223,-0.24909,-0.3113,-0.40245,-0.28032,-0.32187,-0.27637,-0.17696,-0.29869,-0.38172,-0.33907,-0.1774,-0.34014,-0.18077,0.024211,-0.345,-0.072494,-0.44433,-0.39085,-0.42784,-0.31266,-0.37995,-0.24914,-0.3183,-0.42582,-0.38982,-0.45276,0.13705,0.03289,-0.071381,-0.035501,-0.081929,-0.11294,0.0044803,-0.093916,-0.21267,-0.23931,-0.073903,-0.41639,-0.383,-0.33482,-0.13971,-0.2638,-0.16949,-0.29697,-0.35417,-0.16664,-0.40719,-0.13664,-0.13737,-0.43112,-0.3981,-0.36112,-0.26681,-0.31196,-0.40277,-0.28865,-0.43003,-0.40532,-0.29052,-0.083746,-0.14534,-0.068577,-0.075171,0.082975,-0.14868,-0.36408,-0.36827,-0.1875,-0.23042,-0.27846,-0.24184,-0.24281,-0.24389,-0.16313,-0.2537,-0.14485,-0.30869,-0.10579,0.027438,0.014071,-0.10892,-0.085942,-0.26174,-0.25063,-0.40683,-0.11374,-0.37236,-0.34625,-0.1757,-0.4732,-0.37792,-0.23031,-0.015325
-0.086862,-0.059557,-0.027208,0.010934,-0.42436,-0.41927,-0.43727,-0.33922,-0.048764,0,0.057606,0.13242,0.0036124,0.11983,-0.17522,-0.2053,0.020391,0.047362,0.15419,0.11414,-0.1323,-0.33956,-0.028543,-0.22879,0.10247,0.25007,-0.53786,-0.35038,-0.21296,-0.16574,-0.030376,0.20695,-0.19301,-0.185,-0.025109,-0.18532,-0.21488,-0.054506,-0.20027,0.59336,-0.64558,-0.24319,0.093909,-0.063629,0.077449,0.15039,-0.13177,-0.15943,-0.25977,-0.10836,-0.13307,-0.23295,-0.61611,-0.41863,-0.60458,-0.96684,-0.77659,-0.36039,-0.51707,-0.22149,0.070172,-0.107,-0.09336,-0.095667,-0.028759,0.18611,0.059646,0.050225,-0.033832,-0.0014761,0.13368,0.20929,0.21545,0.20827,0.16602,-0.20165,-0.10172,-0.16113,-0.13962,-0.24887,-0.1875,-0.17167,-0.09715,-0.3545,-0.17199,-0.081603,0.057458,-0.42971,-0.37256,0.0042726,-0.12178,-0.42297,-0.36649,-0.20043,-0.36912,-0.11582,-0.33655,-0.23129,-0.31381,-0.22341,-0.15277,-0.3,-0.087581,-0.66594,-0.26639
0.078027,-0.56203,-0.07305,0.018277,-0.51272,-0.76657,-0.26766,-0.73186,0.047422,0.057606,0,-0.41176,0.09224,0.013152,-0.33839,-0.4687,-0.15467,0.055826,-0.21348,-0.10307,-0.2534,-0.35474,-0.38029,-0.6061,0.043906,0.19366,-0.45894,-0.52549,-0.27182,-0.084992,0.11199,0.065714,-0.06719,-0.059067,0.12454,0.10313,0.21288,0.24152,0.20481,0.055752,-0.47879,-0.44734,0.39245,0.27969,-0.049261,0.14708,-0.22513,-0.22727,-0.35933,-0.19467,-0.13893,-0.16912,-0.47327,-0.55781,-0.32762,-0.56272,-0.50892,-0.23473,-0.28881,-0.4305,-0.26577,-0.12839,-0.08945,-0.022357,0.011208,-0.11676,-0.2007,0.16183,-0.079221,0.11955,0.20602,0.12549,0.16192,-0.042385,-0.051576,-0.061552,-0.48296,0.0072397,0.056249,0.2631,0.11018,-0.19268,0.022275,-0.38949,-0.055314,0.16426,0.065284,-0.26365,-0.3111,-0.20809,-0.079118,-0.092032,-0.40152,-0.24155,-0.5933,0.11331,-0.42343,0.097284,-0.37151,-0.1625,-0.14553,-0.17319,-0.19605,-0.88714,-0.57436
-0.48252,0.21491,-0.31913,-0.31005,-0.036436,0.053816,-0.22152,0.038416,-0.32223,0.13242,-0.41176,0,-0.3471,-0.1096,-0.12425,0.12542,-0.072167,-0.3825,0.053029,-0.20241,-0.13566,-0.23804,0.12002,0.09399,-0.12925,-0.2534,-0.3311,-0.17115,-0.024835,-0.34146,-0.17461,-0.13021,-0.39677,-0.37713,-0.35558,-0.4465,-0.28334,-0.25462,-0.31308,0.079481,-0.22021,0.019872,-0.43909,-0.52729,-0.15189,-0.27124,-0.37771,-0.41993,-0.2928,-0.16456,-0.15399,-0.34772,-0.31144,-0.28437,-0.61207,-0.50142,-0.56163,-0.7893,-0.8702,-0.091008,-0.15235,-0.27616,-0.28136,-0.31929,-0.249,-0.19163,-0.23865,-0.18122,-0.13608,-0.25236,-0.31147,-0.17087,-0.18469,-0.10352,-0.23907,-0.13524,0.24947,-0.32364,-0.42456,-0.47626,-0.44478,-0.2729,-0.47879,-0.24172,-0.43622,-0.3323,-0.28275,-0.78123,-0.62381,-0.2507,-0.47976,-0.54719,-0.2632,-0.18281,0.0049625,-0.16384,-0.062124,-0.33721,-0.12374,-0.21554,-0.26967,-0.29184,-0.24187,-0.3722,-0.12259
-0.082841,-0.28654,0.27693,0.14624,-0.59523,-0.53201,-0.84609,-0.96215,-0.24909,0.0036124,0.09224,-0.3471,0,0.74416,0.23602,-0.10411,0.60412,0.66116,0.21612,0.41312,0.34356,-0.058051,0.063488,-0.093953,0.3006,0.36259,-0.27109,-0.25517,-0.19905,0.22342,0.36545,0.26185,0.76041,0.68111,0.38166,-0.072338,-0.079763,-0.037534,-0.28391,-0.013545,-0.7209,-0.29355,0.07345,-0.016319,0.24023,0.67303,-0.27425,-0.2027,0.043416,0.65648,0.46266,0.037615,-0.53765,-0.36322,-0.29428,-0.65937,-0.86044,0.073903,-0.14324,-0.036199,0.17277,0.30939,0.16655,0.09399,0.17401,-0.008115,-0.053949,0.26854,0.1536,0.32191,0.31747,0.20303,0.18291,0.1562,0.0072249,-0.32313,-0.65221,0.54744,0.45954,0.21313,0.37452,0.073339,0.33013,-0.16814,0.33852,0.62718,0.56473,-0.12669,-0.053853,-0.050122,0.048008,-0.31219,-0.55333,-0.40809,-0.55759,-0.072434,-0.36265,-0.17217,-0.35762,0.20313,0.17829,0.25633,0.26729,-0.62742,-0.49737
-0.24563,-0.26287,0.21616,0.16795,-0.55711,-0.4089,-0.80221,-0.72618,-0.3113,0.11983,0.013152,-0.1096,0.74416,0,0.25035,0.014887,0.70425,0.50398,0.41234,0.53787,0.58565,0.10853,0.25485,0.046509,0.53676,0.36479,-0.15381,-0.2204,0.0010756,0.218,0.32893,0.26835,0.5108,0.58824,0.22054,-0.050181,0.043446,0.068673,-0.29341,0.065098,-0.58504,-0.11306,-0.11359,-0.1104,0.074407,0.36187,-0.27184,-0.2017,-0.01416,0.61903,0.63779,0.10522,-0.45415,-0.30592,-0.32198,-0.6542,-0.87376,-0.17424,-0.28741,-0.058674,0.18501,0.56599,0.37805,0.13476,0.25346,-0.067509,-0.074296,0.41773,0.3149,0.42303,0.34255,0.062813,0.058296,0.052006,-0.11588,-0.30896,-0.4709,0.55612,0.48417,0.096267,0.27709,0.075164,0.1972,-0.13063,0.37434,0.39914,0.6395,-0.30456,-0.097625,-0.20518,-0.18643,-0.43586,-0.51775,-0.35884,-0.37814,0.026563,-0.16306,-0.20411,-0.18496,0.29947,0.32889,0.28472,0.46926,-0.61295,-0.3989
-0.30526,-0.084325,0.26355,0.0070543,-0.26722,-0.067991,-0.68093,-0.60188,-0.40245,-0.17522,-0.33839,-0.12425,0.23602,0.25035,0,0.23486,0.50642,0.14593,0.36096,0.33123,0.52163,-0.082871,0.4008,0.33635,0.285,0.11704,-0.019264,-0.11579,-0.19842,0.011371,0.048964,0.0042504,0.20851,0.13568,-0.027431,-0.33179,-0.32097,-0.26312,-0.49263,-0.15071,-0.4461,-0.074482,-0.29842,-0.33017,0.0091832,0.16797,-0.32328,-0.23956,0.1286,0.42237,0.34943,0.1589,-0.41855,-0.25088,-0.34562,-0.40434,-0.60222,-0.1514,-0.39525,0.34317,0.36354,0.13779,-0.0066166,0.12393,0.26474,-0.10732,-0.020614,0.097588,0.18624,0.10606,-0.063459,-0.013953,-0.081343,-0.073376,-0.23246,-0.497,-0.4894,0.3661,0.094754,-0.1007,0.096905,0.31714,0.18789,0.17192,0.16573,0.3083,0.25204,-0.24872,-0.2397,-0.13442,-0.29608,-0.45138,-0.40955,-0.41387,-0.26096,-0.12259,-0.10956,-0.2227,-0.2488,-0.003605,-0.019197,0.23195,0.36845,-0.38722,-0.14659
-0.68949,0.069148,-0.18064,-0.39472,-0.16328,0.2658,-0.535,-0.31227,-0.28032,-0.2053,-0.4687,0.12542,-0.10411,0.014887,0.23486,0,0.20903,-0.25203,0.18956,-0.032875,0.13589,0.13764,0.35591,0.26044,0.051501,-0.14646,-0.042303,0.093909,-0.2485,-0.42209,-0.16346,-0.30144,-0.021957,-0.034507,-0.13369,-0.4013,-0.30003,-0.52176,-0.49631,-0.2983,-0.23126,0.32211,-0.60565,-0.53267,-0.091298,-0.15685,-0.28823,-0.081588,0.12583,0.066218,0.11982,-0.12312,-0.29608,-0.10922,-0.32947,-0.18544,-0.3445,-0.38129,-0.44018,0.070914,-0.003427,-0.20035,-0.31591,-0.38892,-0.11842,-0.35365,-0.26537,-0.13517,-0.078532,-0.29342,-0.43337,-0.32443,-0.38543,-0.24514,-0.41261,-0.34826,-0.146,-0.014057,-0.21119,-0.28564,-0.21379,-0.1547,-0.38385,0.1635,-0.095333,-0.078354,-0.13758,-0.21242,-0.14291,-0.22053,-0.37341,-0.30057,-0.074934,-0.38283,-0.075453,-0.27472,-0.14551,-0.27774,-0.24057,-0.14405,0.020614,-0.088123,-0.010659,-0.25427,-0.099242
-0.22393,-0.036532,0.19905,0.023129,-0.36241,-0.26187,-0.75031,-0.70583,-0.32187,0.020391,-0.15467,-0.072167,0.60412,0.70425,0.50642,0.20903,0,0.4261,0.63883,0.66583,0.53157,0.02183,0.47082,0.31636,0.42245,0.31264,-0.25126,-0.09899,-0.082463,0.15151,0.32576,0.11758,0.50479,0.49737,0.16102,-0.22787,-0.1181,-0.12573,-0.3765,0.0049847,-0.54446,-0.020436,-0.17339,-0.27918,0.22174,0.43254,-0.29436,-0.22257,0.049884,0.92211,0.59232,-0.0086491,-0.52482,-0.36061,-0.41973,-0.63792,-0.86015,-0.092343,-0.38105,0.073117,0.25398,0.26819,0.092306,-0.0091683,0.12903,-0.060336,-0.10263,0.19832,0.083301,0.14882,0.093701,0.090571,0.0012313,0.17119,-0.078153,-0.36828,-0.45969,0.45902,0.28243,0.061678,0.21817,0.11342,0.18786,-0.023937,0.32594,0.45932,0.55864,-0.23976,-0.15844,-0.020747,-0.12299,-0.48247,-0.50703,-0.32044,-0.30587,-0.0059416,-0.192,-0.17611,-0.21535,0.22594,0.16933,0.29437,0.29501,-0.5786,-0.37781
-0.011898,-0.31925,0.38977,0.28314,-0.61556,-0.5722,-0.77375,-0.8196,-0.27637,0.047362,0.055826,-0.3825,0.66116,0.50398,0.14593,-0.25203,0.4261,0,0.23385,0.69365,0.19544,-0.12305,0.015674,-0.087188,0.24975,0.45539,-0.3841,-0.34194,-0.26313,0.2529,0.30507,0.24858,0.46348,0.38751,0.25481,0.0074845,-0.093849,0.057458,-0.29476,0.042919,-0.75094,-0.33506,0.12391,0.02163,0.066908,0.37796,-0.18468,-0.13092,-0.090415,0.40863,0.28615,-0.020762,-0.67678,-0.3887,-0.32236,-0.7838,-0.81031,0.081135,-0.13321,-0.17573,0.11454,0.36104,0.28675,0.22889,0.11814,0.037222,-0.0085007,0.21594,0.094391,0.35389,0.44567,0.1432,0.10346,0.089428,-0.0050515,-0.48506,-0.64104,0.51903,0.64959,0.22112,0.4298,0.13259,0.56947,-0.10573,0.52912,0.50034,0.82049,-0.1299,-0.039967,-0.055025,-0.022075,-0.55273,-0.68054,-0.39419,-0.55014,0.062109,-0.22924,-0.086409,-0.19553,0.12583,0.12516,0.28757,0.3739,-0.70586,-0.46776
-0.22251,0.067665,0.23205,0.061181,-0.22553,-0.090185,-0.62463,-0.53462,-0.17696,0.15419,-0.21348,0.053029,0.21612,0.41234,0.36096,0.18956,0.63883,0.23385,0,0.6056,0.43603,0.017558,0.76145,0.3935,0.5059,0.41018,-0.19974,-0.017291,-0.077382,0.043461,0.058697,0.015941,0.14914,0.21232,-0.040204,-0.26407,-0.19118,-0.18935,-0.34855,0.12118,-0.39318,0.21278,-0.24705,-0.30617,0.04754,0.21198,-0.25603,-0.26534,-0.040026,0.36054,0.35829,-0.060544,-0.40849,-0.2674,-0.36231,-0.57747,-0.70959,-0.19925,-0.5358,0.072427,0.34988,0.14944,0.050329,-0.03203,0.093508,-0.084162,-0.14137,0.10482,0.067939,0.049558,0.026133,0.0099917,-0.078665,0.088182,-0.13049,-0.33027,-0.28795,0.21055,0.10274,-0.039626,0.14559,0.16415,0.16184,0.039017,0.23306,0.25982,0.42538,-0.32982,-0.24759,-0.089807,-0.26408,-0.46732,-0.35594,-0.19979,-0.10794,-0.0091164,-0.12849,-0.19192,-0.17137,0.079919,0.11003,0.069653,0.25455,-0.46675,-0.13229
-0.16243,-0.21324,0.32628,0.17408,-0.47472,-0.3654,-0.72432,-0.69116,-0.29869,0.11414,-0.10307,-0.20241,0.41312,0.53787,0.33123,-0.032875,0.66583,0.69365,0.6056,0,0.36185,-0.060877,0.28607,0.14718,0.56577,0.55434,-0.28878,-0.20929,-0.18724,0.13637,0.18323,0.10733,0.328,0.32239,0.11297,-0.10617,-0.093026,-0.027787,-0.35851,0.07236,-0.61503,-0.092944,-0.12009,-0.18087,0.008523,0.28527,-0.17548,-0.095756,-0.071819,0.42606,0.38851,0.055885,-0.60527,-0.35249,-0.39779,-0.76745,-0.79707,-0.072167,-0.33266,-0.094984,0.24979,0.35611,0.21218,0.14732,0.20626,0.020236,0.016364,0.19687,0.068651,0.19868,0.2258,0.025435,-0.045152,0.077523,-0.083398,-0.50865,-0.49079,0.44048,0.4276,0.034092,0.26068,0.15941,0.3779,-0.010971,0.56384,0.34827,0.88621,-0.18705,-0.10771,-0.077641,-0.19864,-0.59673,-0.52887,-0.26487,-0.31106,0.11497,-0.095578,-0.10938,-0.093575,0.10585,0.18248,0.22324,0.46526,-0.61863,-0.31668
-0.36343,-0.20061,0.13841,0.052347,-0.46184,-0.20058,-0.82648,-0.66329,-0.38172,-0.1323,-0.2534,-0.13566,0.34356,0.58565,0.52163,0.13589,0.53157,0.19544,0.43603,0.36185,0,0.30557,0.49159,0.28386,0.43566,0.15821,0.14157,-0.13763,0.065165,0.2213,0.13441,0.10293,0.35359,0.43262,-0.0064757,-0.18909,-0.084851,-0.099301,-0.46547,-0.18326,-0.36791,0.028395,-0.33991,-0.23269,-0.10237,0.11692,-0.28119,-0.32183,0.13281,0.56102,0.57711,0.20247,-0.30624,-0.18567,-0.25258,-0.36494,-0.63462,-0.20878,-0.39501,0.082619,0.27377,0.55664,0.31011,0.20534,0.29931,-0.17635,-0.14703,0.26464,0.36164,0.27529,0.10435,-0.076647,-0.13472,-0.14629,-0.29631,-0.37249,-0.48704,0.3842,0.20218,-0.013411,0.20279,0.15295,0.13283,-0.024256,0.24597,0.28098,0.35027,-0.34088,-0.15118,-0.26591,-0.35988,-0.4584,-0.45736,-0.4197,-0.27149,-0.10359,-0.12494,-0.28655,-0.2568,0.37457,0.24097,0.28731,0.54707,-0.35519,-0.22263
-0.67125,-0.31725,-0.20345,-0.2551,-0.52919,-0.11322,-0.73226,-0.46102,-0.33907,-0.33956,-0.35474,-0.23804,-0.058051,0.10853,-0.082871,0.13764,0.02183,-0.12305,0.017558,-0.060877,0.30557,0,0.1306,0.004599,0.0063867,-0.16293,0.1915,-0.11917,-0.031681,-0.13939,-0.09672,-0.19515,0.12405,0.18248,-0.11667,-0.095481,-0.0087158,-0.24479,-0.53673,-0.52199,-0.17615,0.13736,-0.58172,-0.26857,-0.3996,-0.30661,-0.1812,-0.17533,0.098708,0.062079,0.13067,-0.049432,-0.21084,-0.02571,-0.0507,-0.030902,-0.24277,-0.30715,-0.24825,-0.28798,-0.15025,0.14432,0.068295,-0.14948,-0.078673,-0.48369,-0.41289,0.027542,0.10073,-0.064623,-0.17296,-0.4621,-0.49839,-0.52209,-0.61116,-0.42079,-0.39329,0.03378,-0.015125,-0.094005,-0.025799,-0.19048,-0.28237,-0.011001,0.060455,-0.091824,-0.057243,-0.23022,0.10964,-0.44965,-0.48332,-0.36234,-0.24554,-0.48959,-0.26374,-0.26008,-0.19851,-0.30838,-0.28268,0.2613,0.31183,0.077886,0.18276,-0.18449,-0.27669
-0.28966,0.16623,0.12058,-0.0097395,-0.15131,0.0020325,-0.55607,-0.47307,-0.1774,-0.028543,-0.38029,0.12002,0.063488,0.25485,0.4008,0.35591,0.47082,0.015674,0.76145,0.28607,0.49159,0.1306,0,0.76901,0.28347,0.12197,-0.018841,0.13642,0.051613,0.0099101,-0.056271,-0.062754,0.035946,0.12072,-0.19691,-0.44742,-0.30295,-0.30712,-0.40553,-0.02815,-0.1863,0.36096,-0.40842,-0.44793,0.042051,0.063399,-0.2856,-0.31281,0.13692,0.29081,0.21279,-0.033387,-0.27219,-0.25323,-0.31456,-0.37616,-0.6284,-0.23902,-0.59257,0.26149,0.3643,0.12392,0.037022,-0.08994,0.045196,-0.2314,-0.25464,0.09126,0.027891,-0.030012,-0.096416,-0.077093,-0.17092,-0.029107,-0.21733,-0.34276,-0.28637,0.069037,-0.072805,-0.19127,-0.053341,0.14968,-0.0032935,0.10779,0.091453,0.093671,0.17363,-0.37239,-0.25854,-0.10647,-0.29166,-0.47543,-0.35735,-0.22995,-0.08187,-0.14932,-0.12051,-0.29334,-0.21073,0.11539,0.11363,0.088961,0.20303,-0.26251,-0.047474
-0.33001,0.26545,-0.028937,-0.11786,-0.053385,0.056078,-0.48332,-0.33942,-0.34014,-0.22879,-0.6061,0.09399,-0.093953,0.046509,0.33635,0.26044,0.31636,-0.087188,0.3935,0.14718,0.28386,0.004599,0.76901,0,0.040026,-0.076647,-0.12603,0.064401,0.027394,0.0052147,-0.12995,-0.18779,-0.081588,-0.010815,-0.36895,-0.59938,-0.43463,-0.42352,-0.49821,-0.15461,-0.13515,0.23502,-0.52971,-0.58259,-0.037504,-0.086669,-0.34132,-0.38602,0.040293,0.22287,0.078494,-0.15634,-0.28039,-0.2816,-0.40296,-0.33801,-0.58039,-0.25851,-0.58266,0.24041,0.15695,0.019798,-0.083086,-0.17312,-0.10825,-0.26672,-0.29207,-0.1464,-0.16285,-0.18139,-0.25634,-0.16835,-0.29486,-0.052718,-0.25187,-0.39689,-0.25222,-0.040553,-0.15599,-0.29456,-0.17276,0.042103,-0.088931,0.065714,-0.0042652,-0.060707,0.025057,-0.41387,-0.3258,-0.12088,-0.32244,-0.64508,-0.43683,-0.23687,0.017669,-0.18066,-0.0085378,-0.34666,-0.10371,0.039166,-0.060536,0.060581,0.06311,-0.20079,-0.089829
-0.23823,-0.29168,0.26776,0.19182,-0.40929,-0.29407,-0.59413,-0.68226,-0.18077,0.10247,0.043906,-0.12925,0.3006,0.53676,0.285,0.051501,0.42245,0.24975,0.5059,0.56577,0.43566,0.0063867,0.28347,0.040026,0,0.66375,-0.10997,-0.24436,-0.12868,0.029085,0.15595,0.10771,0.22441,0.27427,0.074615,-0.048215,0.060566,0.027231,-0.26313,0.027779,-0.44257,-0.00094947,-0.17181,-0.09284,-0.066789,0.24566,-0.16847,-0.10486,-0.031562,0.24027,0.36831,0.30749,-0.39542,-0.31285,-0.35829,-0.53216,-0.61049,-0.25721,-0.40611,-0.020488,0.22136,0.25522,0.14377,0.14347,0.47119,-0.019479,0.048853,0.2838,0.17415,0.2388,0.18682,0.0013649,-0.024219,-0.032801,-0.18503,-0.33011,-0.42502,0.43774,0.28202,0.078465,0.25443,0.18248,0.17497,0.028714,0.39413,0.34758,0.5605,-0.26538,-0.18045,-0.22482,-0.33903,-0.37426,-0.31513,-0.15065,-0.15769,0.22952,-0.019865,0.0081892,-0.09106,0.10147,0.25614,0.18038,0.45717,-0.53938,-0.19847
0.0069801,-0.22609,0.43514,0.37968,-0.4258,-0.41912,-0.5753,-0.71429,0.024211,0.25007,0.19366,-0.2534,0.36259,0.36479,0.11704,-0.14646,0.31264,0.45539,0.41018,0.55434,0.15821,-0.16293,0.12197,-0.076647,0.66375,0,-0.36064,-0.30666,-0.27237,0.062858,0.14306,0.15573,0.18259,0.23212,0.11107,-0.067628,-0.093434,-0.040011,-0.20457,0.19876,-0.55822,-0.14202,0.0823,0.087151,0.078665,0.4456,-0.089999,-0.064074,-0.039388,0.17782,0.15805,0.095481,-0.52268,-0.37052,-0.38124,-0.66427,-0.65151,-0.062613,-0.31032,-0.063169,0.25003,0.09764,0.023551,0.13811,0.32496,0.10015,0.086075,0.15469,0.035538,0.15307,0.23953,0.19631,0.11204,0.15128,0.0037385,-0.29612,-0.42378,0.34033,0.32015,0.19146,0.34676,0.18688,0.37244,-0.020629,0.4314,0.45131,0.66724,-0.14186,-0.14043,-0.054172,-0.11334,-0.33852,-0.33819,-0.13132,-0.25903,0.18042,-0.1543,0.087322,-0.16079,-0.015956,0.088627,0.067064,0.2692,-0.62689,-0.23862
-0.62721,-0.52529,-0.18633,-0.22775,-0.39561,-0.082611,-0.47541,-0.45057,-0.345,-0.53786,-0.45894,-0.3311,-0.27109,-0.15381,-0.019264,-0.042303,-0.25126,-0.3841,-0.19974,-0.28878,0.14157,0.1915,-0.018841,-0.12603,-0.10997,-0.36064,0,0.0018396,-0.078428,-0.27944,-0.46406,-0.40911,-0.20004,-0.12987,-0.38091,-0.33341,-0.21109,-0.32377,-0.38923,-0.54218,0.018418,0.057888,-0.73987,-0.47499,-0.53442,-0.45048,-0.37437,-0.34725,-0.015904,-0.216,-0.047859,0.11902,0.14961,0.025621,0.14646,0.12592,-0.19679,-0.36318,-0.34215,-0.052369,-0.078561,0.01241,-0.011193,-0.096928,-0.044922,-0.66295,-0.47664,-0.054283,0.06989,-0.1496,-0.32487,-0.59462,-0.55831,-0.73706,-0.76354,-0.36495,-0.42691,-0.12755,-0.23154,-0.34593,-0.21556,-0.074504,-0.27078,-0.046732,-0.15855,-0.25193,-0.26101,-0.29864,-0.15056,-0.68846,-0.64926,-0.14631,-0.15187,-0.44865,-0.2307,-0.41932,-0.17914,-0.46839,-0.32172,-0.095162,0.019353,-0.13111,0.047577,0.060566,0.042452
-0.43503,-0.11743,-0.12649,-0.26319,-0.0012833,0.041235,-0.25687,-0.30441,-0.072494,-0.35038,-0.52549,-0.17115,-0.25517,-0.2204,-0.11579,0.093909,-0.09899,-0.34194,-0.017291,-0.20929,-0.13763,-0.11917,0.13642,0.064401,-0.24436,-0.30666,0.0018396,0,-0.20514,-0.44145,-0.51584,-0.59941,-0.19577,-0.070817,-0.28742,-0.54204,-0.45624,-0.58543,-0.198,-0.22149,0.026585,0.37853,-0.65937,-0.80347,-0.15995,-0.27959,-0.61996,-0.38717,0.019442,-0.14155,-0.083939,-0.27664,0.15815,0.014776,0.10584,-0.19189,-0.42348,-0.20609,-0.46203,0.017536,-0.085712,-0.32322,-0.36324,-0.48832,-0.36901,-0.77466,-0.71191,-0.27993,-0.32499,-0.52724,-0.55969,-0.48839,-0.53506,-0.32417,-0.49476,-0.15498,-0.14248,-0.27571,-0.31082,-0.3864,-0.30596,-0.16374,-0.30507,-0.032905,-0.16606,-0.25998,-0.23568,-0.20909,-0.20962,-0.40674,-0.32595,-0.068392,-0.048126,-0.12551,-0.066723,-0.44684,-0.25605,-0.3864,-0.20517,-0.25,-0.1201,-0.29403,-0.30579,0.025658,0.0010385
-0.23168,-0.2356,-0.29571,-0.15079,-0.2006,-0.35212,-0.29681,-0.39515,-0.44433,-0.21296,-0.27182,-0.024835,-0.19905,0.0010756,-0.19842,-0.2485,-0.082463,-0.26313,-0.077382,-0.18724,0.065165,-0.031681,0.051613,0.027394,-0.12868,-0.27237,-0.078428,-0.20514,0,0.23671,-0.10501,-0.12156,-0.25494,-0.1374,-0.40602,-0.40077,-0.053675,0.013478,-0.25187,-0.15364,-0.067768,-0.09445,-0.37849,-0.4114,-0.25469,-0.2096,-0.44392,-0.65134,-0.34786,-0.04978,-0.13021,-0.24374,-0.16679,-0.53576,-0.33185,-0.31759,-0.56312,-0.44962,-0.63623,-0.22871,-0.16347,0.11081,0.10759,-0.10527,-0.11228,-0.44743,-0.53971,0.12598,-0.041473,0.0092202,-0.064957,-0.21006,-0.24732,-0.22846,-0.34362,-0.20615,-0.3701,-0.23272,-0.19936,-0.26343,-0.28332,-0.15814,-0.16499,-0.39444,-0.22083,-0.24647,-0.11574,-0.74021,-0.45871,-0.40818,-0.46414,-0.39731,-0.52233,-0.23466,-0.23865,-0.23074,-0.26894,-0.48557,-0.30681,0.059231,-0.21686,-0.11368,-0.18866,-0.41759,-0.48903
0.12419,-0.25261,0.019783,0.14827,-0.41844,-0.60731,-0.5355,-0.72593,-0.39085,-0.16574,-0.084992,-0.34146,0.22342,0.218,0.011371,-0.42209,0.15151,0.2529,0.043461,0.13637,0.2213,-0.13939,0.0099101,0.0052147,0.029085,0.062858,-0.27944,-0.44145,0.23671,0,0.20735,0.26147,0.06986,0.11875,-0.18411,-0.25593,-0.11923,0.087017,-0.2741,-0.076781,-0.39731,-0.37427,0.013419,-0.047696,-0.047644,0.17555,-0.33465,-0.58266,-0.23031,0.24752,0.029396,-0.1522,-0.45174,-0.60203,-0.37297,-0.53881,-0.77015,-0.10728,-0.38841,-0.1553,-0.0075883,0.40453,0.36049,0.2601,0.083479,-0.083093,-0.23321,0.17107,0.004013,0.38811,0.38821,0.16895,0.095793,0.071744,-0.024538,-0.36569,-0.72073,0.062331,0.12057,0.01666,0.066359,0.029226,0.36434,-0.35614,0.058133,0.13072,0.23763,-0.51056,-0.37956,-0.12294,-0.14529,-0.5566,-0.88416,-0.32164,-0.46284,-0.059854,-0.31537,-0.32858,-0.35361,0.28673,-0.092974,0.17031,0.070795,-0.55494,-0.59548
-0.11665,-0.22551,0.019842,-0.0077738,-0.44506,-0.50322,-0.57497,-0.66673,-0.42784,-0.030376,0.11199,-0.17461,0.36545,0.32893,0.048964,-0.16346,0.32576,0.30507,0.058697,0.18323,0.13441,-0.09672,-0.056271,-0.12995,0.15595,0.14306,-0.46406,-0.51584,-0.10501,0.20735,0,0.46459,0.39127,0.21089,0.3562,0.11282,0.14615,0.26921,-0.34146,-0.13799,-0.63891,-0.43375,0.13363,0.051049,0.041117,0.28077,-0.23029,-0.29085,-0.13308,0.39621,0.17025,-0.050107,-0.7037,-0.54714,-0.54441,-0.59729,-0.63587,-0.23638,-0.32626,-0.24773,-0.13981,0.093968,0.048512,0.11928,0.090912,0.077322,-0.0035828,0.25378,0.10586,0.36707,0.33429,0.25324,0.22034,0.048942,-0.072219,-0.35607,-0.56892,0.30502,0.20288,0.32695,0.24375,-0.0083153,0.072827,-0.18613,0.061701,0.40556,0.28508,-0.38106,-0.27035,-0.038735,-0.1671,-0.55033,-0.6577,-0.34155,-0.50636,0.19239,-0.26456,0.084533,-0.29002,0.2625,-0.051791,0.38755,0.076366,-0.80648,-0.71744
0.0065424,-0.17076,0.068859,0.12663,-0.52127,-0.55818,-0.56195,-0.53326,-0.31266,0.20695,0.065714,-0.13021,0.26185,0.26835,0.0042504,-0.30144,0.11758,0.24858,0.015941,0.10733,0.10293,-0.19515,-0.062754,-0.18779,0.10771,0.15573,-0.40911,-0.59941,-0.12156,0.26147,0.46459,0,0.10567,-0.0083969,0.1294,-0.0065276,-0.12567,0.17196,-0.33562,0.049973,-0.66314,-0.52722,0.27124,0.25046,0.057525,0.28799,-0.20588,-0.315,-0.073651,0.13532,-0.036933,-0.023188,-0.65699,-0.50168,-0.53653,-0.66909,-0.70265,-0.29679,-0.35541,-0.15272,-0.017061,0.15232,0.20643,0.27574,0.20832,0.30163,0.20078,0.25713,0.1697,0.59076,0.69647,0.48595,0.61828,0.13743,0.14815,-0.39565,-0.54242,0.052948,0.01244,-0.048905,-0.024679,-0.018945,0.077723,-0.29301,-0.09916,0.12992,0.12678,-0.52724,-0.38106,0.027549,-0.10473,-0.60401,-0.72983,-0.35213,-0.56894,-0.0024924,-0.32245,-0.15131,-0.39887,0.15844,-0.027728,0.15206,0.14241,-0.6007,-0.51782
-0.30302,-0.35432,0.21623,0.029144,-0.5455,-0.38061,-0.85294,-0.8093,-0.37995,-0.19301,-0.06719,-0.39677,0.76041,0.5108,0.20851,-0.021957,0.50479,0.46348,0.14914,0.328,0.35359,0.12405,0.035946,-0.081588,0.22441,0.18259,-0.20004,-0.19577,-0.25494,0.06986,0.39127,0.10567,0,0.89318,0.55056,0.097669,0.0074548,-0.05257,-0.41632,-0.27004,-0.63939,-0.24433,-0.13966,-0.094732,-0.021526,0.26175,-0.32223,-0.16866,0.14181,0.70099,0.54692,0.10348,-0.45492,-0.19816,-0.1713,-0.46382,-0.60631,-0.0019064,-0.096779,-0.14437,-0.0019583,0.19664,0.06242,0.045589,0.12709,-0.17167,-0.11845,0.16914,0.15046,0.1791,0.12135,-0.062643,-0.071885,-0.11423,-0.26413,-0.42392,-0.65124,0.61739,0.4901,0.27698,0.43299,0.063993,0.15448,-0.014962,0.40232,0.49878,0.43781,-0.083947,0.063793,-0.20865,-0.16901,-0.33148,-0.42931,-0.37759,-0.45221,-0.032356,-0.25953,-0.04915,-0.25854,0.31343,0.25131,0.45576,0.28952,-0.48959,-0.51573
-0.27663,-0.34501,0.18213,0.096638,-0.53035,-0.40149,-0.78426,-0.81458,-0.24914,-0.185,-0.059067,-0.37713,0.68111,0.58824,0.13568,-0.034507,0.49737,0.38751,0.21232,0.32239,0.43262,0.18248,0.12072,-0.010815,0.27427,0.23212,-0.12987,-0.070817,-0.1374,0.11875,0.21089,-0.0083969,0.89318,0,0.28982,-0.029033,0.0098433,-0.09333,-0.29744,-0.18759,-0.47541,-0.084711,-0.20854,-0.15663,0.0046138,0.25317,-0.35051,-0.24247,0.13632,0.65062,0.6306,0.080015,-0.29402,-0.15741,-0.1192,-0.44972,-0.67592,0.0083301,-0.15634,-0.10635,0.038528,0.28633,0.10936,0.002344,0.087285,-0.26666,-0.25342,0.12648,0.084555,0.089413,0.061508,-0.096364,-0.14787,-0.077367,-0.26426,-0.23791,-0.53061,0.51473,0.48899,0.26198,0.44797,0.016697,0.15229,-0.091275,0.47201,0.44308,0.48395,-0.1035,0.0534,-0.27362,-0.1544,-0.2755,-0.40164,-0.31274,-0.34866,-0.046732,-0.20537,-0.10687,-0.18899,0.35368,0.29928,0.28394,0.23719,-0.43182,-0.41665
-0.28851,-0.42252,0.098292,-0.070365,-0.51988,-0.4206,-0.62338,-0.62117,-0.3183,-0.025109,0.12454,-0.35558,0.38166,0.22054,-0.027431,-0.13369,0.16102,0.25481,-0.040204,0.11297,-0.0064757,-0.11667,-0.19691,-0.36895,0.074615,0.11107,-0.38091,-0.28742,-0.40602,-0.18411,0.3562,0.1294,0.55056,0.28982,0,0.36628,0.037408,0.045782,-0.30306,-0.17326,-0.77478,-0.40443,0.058511,0.043883,-0.049091,0.19436,-0.33367,-0.085126,-0.0093612,0.20216,0.19634,0.00070469,-0.54382,-0.21635,-0.23559,-0.54009,-0.49456,-0.15204,-0.11015,-0.32293,-0.1713,-0.084251,-0.12891,-0.033113,0.049595,-0.12325,-0.047741,0.15246,0.15461,0.095311,0.090348,-0.006854,0.037853,-0.13661,-0.22379,-0.34228,-0.50355,0.28627,0.25351,0.23,0.23557,-0.073569,-0.0083301,-0.11711,0.108,0.30566,0.19604,-0.12322,-0.03723,-0.21692,-0.18203,-0.22996,-0.32915,-0.37466,-0.57337,-0.039677,-0.3529,0.089369,-0.32198,-0.023566,-0.013026,0.10783,0.016586,-0.65449,-0.58668
-0.42786,-0.7272,-0.12362,-0.14279,-0.54379,-0.41964,-0.41907,-0.38126,-0.42582,-0.18532,0.10313,-0.4465,-0.072338,-0.050181,-0.33179,-0.4013,-0.22787,0.0074845,-0.26407,-0.10617,-0.18909,-0.095481,-0.44742,-0.59938,-0.048215,-0.067628,-0.33341,-0.54204,-0.40077,-0.25593,0.11282,-0.0065276,0.097669,-0.029033,0.36628,0,0.2843,0.25493,-0.2539,-0.34912,-0.56262,-0.47313,-0.083145,0.20019,-0.5203,-0.24081,-0.32961,-0.14235,-0.29439,-0.18426,-0.051724,-0.045018,-0.4105,-0.13307,-0.13912,-0.35427,-0.19263,-0.43428,-0.12065,-0.69431,-0.49711,-0.13247,-0.086105,0.011705,-0.016378,-0.25036,-0.12,-0.0066092,0.087136,0.070758,0.050144,-0.29262,-0.20128,-0.46952,-0.48012,-0.3887,-0.44606,0.055581,0.14755,0.1508,0.11265,-0.22293,-0.1621,-0.1977,-0.013115,-0.04349,-0.027587,-0.313,-0.1317,-0.56021,-0.53233,-0.32517,-0.28643,-0.31966,-0.42828,0.11124,-0.15687,0.16524,-0.14335,-0.088583,-0.062628,-0.01511,-0.041895,-0.58833,-0.57732
-0.41771,-0.71617,-0.28252,-0.21154,-0.51727,-0.51083,-0.31896,-0.54683,-0.38982,-0.21488,0.21288,-0.28334,-0.079763,0.043446,-0.32097,-0.30003,-0.1181,-0.093849,-0.19118,-0.093026,-0.084851,-0.0087158,-0.30295,-0.43463,0.060566,-0.093434,-0.21109,-0.45624,-0.053675,-0.11923,0.14615,-0.12567,0.0074548,0.0098433,0.037408,0.2843,0,0.47149,-0.070372,-0.3057,-0.31803,-0.25127,-0.23614,-0.12586,-0.4546,-0.2426,-0.32482,-0.32608,-0.43329,-0.10468,0.061627,-0.10735,-0.32851,-0.3682,-0.25888,-0.39456,-0.40162,-0.51836,-0.43968,-0.64382,-0.44693,0.0081743,0.0016987,-0.034559,-0.038995,-0.3781,-0.3736,0.1456,-0.018811,0.059906,0.0028855,-0.3321,-0.30085,-0.41726,-0.51725,-0.20986,-0.41177,0.044195,0.078732,0.16285,0.077552,-0.27206,-0.2043,-0.33172,-0.034314,-0.025391,0.016215,-0.42727,-0.28729,-0.55296,-0.56596,-0.29559,-0.35094,-0.22114,-0.35874,0.25578,-0.17239,0.048364,-0.14405,0.12566,0.021482,0.0048067,-0.094947,-0.68991,-0.62964
-0.11718,-0.62314,-0.098686,0.050515,-0.51064,-0.70782,-0.31782,-0.55065,-0.45276,-0.054506,0.24152,-0.25462,-0.037534,0.068673,-0.26312,-0.52176,-0.12573,0.057458,-0.18935,-0.027787,-0.099301,-0.24479,-0.30712,-0.42352,0.027231,-0.040011,-0.32377,-0.58543,0.013478,0.087017,0.26921,0.17196,-0.05257,-0.09333,0.045782,0.25493,0.47149,0,-0.119,-0.10928,-0.48235,-0.50028,0.042496,-0.014272,-0.32031,-0.09758,-0.29626,-0.38382,-0.45704,-0.096794,-0.074111,-0.014509,-0.46578,-0.5557,-0.4065,-0.61035,-0.55241,-0.42919,-0.4199,-0.49196,-0.30322,0.098871,0.20065,0.21967,0.034122,-0.14742,-0.15851,0.28632,0.069,0.3519,0.3719,-0.061901,0.012573,-0.2652,-0.27808,-0.3057,-0.52623,0.033602,0.090712,0.12209,0.064,-0.065373,0.020933,-0.37151,-0.078732,0.012848,0.10547,-0.55071,-0.39585,-0.39356,-0.44521,-0.49773,-0.63389,-0.23071,-0.50461,0.23422,-0.19072,0.031006,-0.17923,0.055388,-0.14408,0.084006,-0.037808,-0.78302,-0.61769
-0.06647,-0.47811,-0.32465,-0.2094,-0.16277,-0.49812,0.23647,-0.34359,0.13705,-0.20027,0.20481,-0.31308,-0.28391,-0.29341,-0.49263,-0.49631,-0.3765,-0.29476,-0.34855,-0.35851,-0.46547,-0.53673,-0.40553,-0.49821,-0.26313,-0.20457,-0.38923,-0.198,-0.25187,-0.2741,-0.34146,-0.33562,-0.41632,-0.29744,-0.30306,-0.2539,-0.070372,-0.119,0,0.087559,-0.0080779,-0.21523,-0.076188,-0.17607,-0.19711,-0.22065,-0.69454,-0.57723,-0.49545,-0.449,-0.27384,-0.48501,-0.028469,-0.34725,-0.11288,-0.41688,-0.49365,-0.49152,-0.56577,-0.42753,-0.52062,-0.32445,-0.25971,-0.28393,-0.29521,-0.5186,-0.64479,-0.21232,-0.39161,-0.26618,-0.23763,-0.19411,-0.17722,-0.12072,-0.20121,0.23806,-0.18018,-0.351,-0.26292,-0.19199,-0.27754,-0.45723,-0.24633,-0.52027,-0.30921,-0.24262,-0.28251,-0.53356,-0.67087,-0.45045,-0.22172,-0.065996,-0.34341,-0.078739,-0.31123,-0.0074103,-0.25627,-0.15133,-0.16665,-0.31726,-0.25969,-0.46577,-0.50834,-0.49923,-0.38954
0.077226,-0.062428,0.023381,0.11561,-0.23656,-0.43142,-0.23315,-0.33862,0.03289,0.59336,0.055752,0.079481,-0.013545,0.065098,-0.15071,-0.2983,0.0049847,0.042919,0.12118,0.07236,-0.18326,-0.52199,-0.02815,-0.15461,0.027779,0.19876,-0.54218,-0.22149,-0.15364,-0.076781,-0.13799,0.049973,-0.27004,-0.18759,-0.17326,-0.34912,-0.3057,-0.10928,0.087559,0,-0.44785,-0.20257,0.097818,-0.1643,0.17097,0.17988,-0.38132,-0.36728,-0.33703,-0.12079,-0.11681,-0.32255,-0.41539,-0.43629,-0.48801,-0.97453,-0.95517,-0.33909,-0.59107,-0.10978,0.024738,-0.10844,-0.092262,-0.09517,-0.081313,-0.011127,-0.15361,-0.026904,-0.14051,-0.051909,0.048794,0.23608,0.20276,0.38286,0.21051,-0.028751,-0.077426,-0.1679,-0.11089,-0.25247,-0.18977,-0.14672,0.024189,-0.38778,-0.14781,-0.064698,0.066226,-0.52136,-0.54583,-0.087322,-0.06808,-0.37927,-0.44775,-0.11328,-0.28633,-0.056775,-0.22885,-0.25527,-0.17424,-0.27975,-0.23795,-0.33435,-0.18606,-0.65253,-0.23912
-0.431,-0.26305,-0.51292,-0.42459,0.12951,-0.0091535,0.24048,-0.071158,-0.071381,-0.64558,-0.47879,-0.22021,-0.7209,-0.58504,-0.4461,-0.23126,-0.54446,-0.75094,-0.39318,-0.61503,-0.36791,-0.17615,-0.1863,-0.13515,-0.44257,-0.55822,0.018418,0.026585,-0.067768,-0.39731,-0.63891,-0.66314,-0.63939,-0.47541,-0.77478,-0.56262,-0.31803,-0.48235,-0.0080779,-0.44785,0,0.15039,-0.71501,-0.54658,-0.54046,-0.68759,-0.60071,-0.65059,-0.26895,-0.56241,-0.45419,-0.42921,0.39948,-0.15318,0.014561,0.24934,-0.055796,-0.62276,-0.69199,-0.2679,-0.51952,-0.44699,-0.40307,-0.43573,-0.41138,-0.92604,-0.92358,-0.43171,-0.48712,-0.55149,-0.64611,-0.6113,-0.67366,-0.5622,-0.65725,-0.052926,-0.104,-0.58891,-0.60636,-0.46699,-0.53969,-0.41669,-0.55649,-0.22717,-0.4644,-0.55583,-0.59714,-0.58367,-0.58019,-0.6178,-0.59905,-0.17944,-0.12839,-0.078005,0.076403,-0.28017,-0.10435,-0.32121,-0.15729,-0.27443,-0.30247,-0.43196,-0.51569,0.093864,-0.083361
-0.56381,-0.044966,-0.21824,-0.30079,-0.052733,0.20256,-0.30071,-0.25074,-0.035501,-0.24319,-0.44734,0.019872,-0.29355,-0.11306,-0.074482,0.32211,-0.020436,-0.33506,0.21278,-0.092944,0.028395,0.13736,0.36096,0.23502,-0.00094947,-0.14202,0.057888,0.37853,-0.09445,-0.37427,-0.43375,-0.52722,-0.24433,-0.084711,-0.40443,-0.47313,-0.25127,-0.50028,-0.21523,-0.20257,0.15039,0,-0.7394,-0.62077,-0.27122,-0.32623,-0.40052,-0.30402,-0.077664,-0.15254,0.0022772,-0.25233,0.052302,-0.019776,-0.092818,-0.12765,-0.32578,-0.41298,-0.61236,-0.077753,-0.0823,-0.18713,-0.25004,-0.42098,-0.23714,-0.62975,-0.60714,-0.23256,-0.24459,-0.42162,-0.49611,-0.49907,-0.59838,-0.33193,-0.52484,-0.14025,-0.015755,-0.2017,-0.26372,-0.31328,-0.22897,-0.20739,-0.34294,0.012254,-0.082129,-0.22395,-0.16398,-0.31872,-0.24657,-0.43062,-0.48529,-0.21879,-0.012773,-0.15485,0.16477,-0.24164,-0.066099,-0.32169,-0.10088,-0.1444,0.036169,-0.2756,-0.13898,-0.1144,0.085304
0.47438,-0.28501,-0.060299,-0.0078331,-0.47848,-0.84013,-0.36036,-0.65915,-0.081929,0.093909,0.39245,-0.43909,0.07345,-0.11359,-0.29842,-0.60565,-0.17339,0.12391,-0.24705,-0.12009,-0.33991,-0.58172,-0.40842,-0.52971,-0.17181,0.0823,-0.73987,-0.65937,-0.37849,0.013419,0.13363,0.27124,-0.13966,-0.20854,0.058511,-0.083145,-0.23614,0.042496,-0.076188,0.097818,-0.71501,-0.7394,0,0.35254,0.17114,0.2985,-0.15657,-0.27423,-0.36006,-0.19779,-0.3246,-0.31093,-0.76395,-0.74203,-0.5524,-0.71313,-0.55988,-0.049921,-0.18444,-0.3197,-0.19426,-0.20502,-0.13598,-0.057539,-0.15253,0.22296,9.6431e-05,-0.032497,-0.18744,0.1064,0.30323,0.58275,0.62073,0.22698,0.39744,-0.22844,-0.58161,-0.14054,-0.10548,0.076699,-0.032823,-0.17741,0.10506,-0.4744,-0.21848,0.093775,-0.035397,-0.27612,-0.37897,0.16025,0.24536,-0.33096,-0.69641,-0.38987,-0.80489,-0.13187,-0.59848,-0.087485,-0.56002,-0.2919,-0.38689,-0.22493,-0.27992,-0.86782,-0.61319
-0.03332,-0.45954,-0.1166,-0.033788,-0.57262,-0.59426,-0.40246,-0.47224,-0.11294,-0.063629,0.27969,-0.52729,-0.016319,-0.1104,-0.33017,-0.53267,-0.27918,0.02163,-0.30617,-0.18087,-0.23269,-0.26857,-0.44793,-0.58259,-0.09284,0.087151,-0.47499,-0.80347,-0.4114,-0.047696,0.051049,0.25046,-0.094732,-0.15663,0.043883,0.20019,-0.12586,-0.014272,-0.17607,-0.1643,-0.54658,-0.62077,0.35254,0,-0.21635,0.0040575,-0.16017,-0.16785,-0.20667,-0.26777,-0.28209,-0.15677,-0.53724,-0.37354,-0.32798,-0.35907,-0.24876,-0.26679,-0.085497,-0.46014,-0.33929,-0.14176,-0.090511,0.065321,0.06992,0.047474,0.041999,-0.070112,-0.036273,0.14636,0.20911,0.12379,0.16609,-0.12597,-0.036295,-0.29072,-0.53192,-0.092499,-0.025057,0.059008,-0.014576,-0.25364,-0.049469,-0.34355,-0.12646,-0.017142,-0.098537,-0.30626,-0.25186,-0.19822,-0.12945,-0.29508,-0.44496,-0.411,-0.56943,-0.060269,-0.36143,-0.019954,-0.41792,-0.18498,-0.18308,-0.17903,-0.10545,-0.60601,-0.54115
0.19371,0.15544,-0.0069727,-0.063281,-0.30626,-0.50243,-0.48861,-0.67845,0.0044803,0.077449,-0.049261,-0.15189,0.24023,0.074407,0.0091832,-0.091298,0.22174,0.066908,0.04754,0.008523,-0.10237,-0.3996,0.042051,-0.037504,-0.066789,0.078665,-0.53442,-0.15995,-0.25469,-0.047644,0.041117,0.057525,-0.021526,0.0046138,-0.049091,-0.5203,-0.4546,-0.32031,-0.19711,0.17097,-0.54046,-0.27122,0.17114,-0.21635,0,0.6303,-0.22175,-0.24876,-0.03266,0.10679,-0.11342,-0.26487,-0.56856,-0.63392,-0.59742,-0.68989,-0.8437,0.078673,-0.29739,0.18637,0.15072,-0.1645,-0.20635,-0.30364,-0.20937,0.069764,-0.1185,-0.085875,-0.28304,-0.11533,-0.018225,0.4947,0.35023,0.63149,0.4792,-0.13132,-0.41171,-0.076818,-0.1695,-0.10664,-0.12326,-0.10733,-0.015644,-0.30009,-0.15541,0.15343,0.015466,-0.1697,-0.28909,0.43521,0.54559,-0.30736,-0.5791,-0.33435,-0.52045,-0.29976,-0.53118,-0.27561,-0.50389,-0.18805,-0.21187,-0.1525,-0.2185,-0.55619,-0.36021
0.20491,-0.090763,0.24926,0.16177,-0.40088,-0.55526,-0.61843,-0.87212,-0.093916,0.15039,0.14708,-0.27124,0.67303,0.36187,0.16797,-0.15685,0.43254,0.37796,0.21198,0.28527,0.11692,-0.30661,0.063399,-0.086669,0.24566,0.4456,-0.45048,-0.27959,-0.2096,0.17555,0.28077,0.28799,0.26175,0.25317,0.19436,-0.24081,-0.2426,-0.09758,-0.22065,0.17988,-0.68759,-0.32623,0.2985,0.0040575,0.6303,0,-0.22723,-0.2251,-0.017958,0.32793,0.10227,-0.03608,-0.59405,-0.57583,-0.4988,-0.74014,-0.8574,0.094168,-0.25278,0.096542,0.25544,0.042837,-0.029775,-0.026541,0.11543,0.17334,0.043112,0.13935,-0.047733,0.16932,0.26676,0.61346,0.49418,0.52326,0.32365,-0.22937,-0.58272,0.21309,0.12797,0.1179,0.16486,0.095036,0.30906,-0.22554,0.10518,0.48907,0.36788,-0.17191,-0.23025,0.21042,0.23546,-0.28091,-0.55319,-0.27761,-0.50513,-0.10446,-0.44472,-0.13584,-0.44297,-0.032638,-0.0769,0.044039,0.022179,-0.67856,-0.44064
-0.19136,-0.26426,-0.25477,-0.22939,-0.74799,-0.52903,-0.72027,-0.57521,-0.21267,-0.13177,-0.22513,-0.37771,-0.27425,-0.27184,-0.32328,-0.28823,-0.29436,-0.18468,-0.25603,-0.17548,-0.28119,-0.1812,-0.2856,-0.34132,-0.16847,-0.089999,-0.37437,-0.61996,-0.44392,-0.33465,-0.23029,-0.20588,-0.32223,-0.35051,-0.33367,-0.32961,-0.32482,-0.29626,-0.69454,-0.38132,-0.60071,-0.40052,-0.15657,-0.16017,-0.22175,-0.22723,0,0.24348,-0.26643,-0.33837,-0.44357,-0.14262,-0.83592,-0.58292,-0.69388,-0.39373,-0.2202,0.0064238,-0.049024,-0.28759,-0.024271,-0.23264,-0.24342,-0.28437,-0.30932,0.13824,0.088538,-0.25113,-0.30485,-0.2493,-0.14606,-0.18215,-0.2375,-0.30735,-0.12108,-0.55533,-0.43541,-0.2239,-0.28761,-0.18426,-0.18127,-0.20473,-0.25523,-0.22182,-0.20741,-0.20128,-0.18917,0.1288,0.10768,0.079518,-0.087997,-0.48427,-0.37277,-0.52446,-0.50684,-0.37503,-0.45164,-0.24544,-0.48697,-0.36937,-0.29036,-0.27169,-0.11101,-0.43748,-0.17586
-0.43825,-0.40908,-0.13623,-0.24363,-0.61215,-0.33603,-0.62193,-0.42754,-0.23931,-0.15943,-0.22727,-0.41993,-0.2027,-0.2017,-0.23956,-0.081588,-0.22257,-0.13092,-0.26534,-0.095756,-0.32183,-0.17533,-0.31281,-0.38602,-0.10486,-0.064074,-0.34725,-0.38717,-0.65134,-0.58266,-0.29085,-0.315,-0.16866,-0.24247,-0.085126,-0.14235,-0.32608,-0.38382,-0.57723,-0.36728,-0.65059,-0.30402,-0.27423,-0.16785,-0.24876,-0.2251,0.24348,0,-0.1053,-0.32569,-0.32423,-0.022305,-0.66539,-0.31807,-0.41283,-0.34733,-0.13243,-0.075995,0.1825,-0.31144,-0.14545,-0.30395,-0.32911,-0.37586,-0.17863,-0.12644,0.10172,-0.23102,-0.26006,-0.30932,-0.26861,-0.36625,-0.35215,-0.38739,-0.29209,-0.66961,-0.405,-0.074756,-0.090704,-0.2408,-0.21588,-0.20475,-0.29909,0.042704,0.0018322,-0.21408,-0.13678,0.33777,0.39681,-0.17517,-0.18825,-0.32,-0.12751,-0.44684,-0.40036,-0.3106,-0.25408,-0.12431,-0.23767,-0.50118,-0.11773,-0.21859,-0.030049,-0.42893,-0.2228
-0.36348,-0.11332,0.11329,-0.0095021,-0.35464,-0.14203,-0.56747,-0.45115,-0.073903,-0.25977,-0.35933,-0.2928,0.043416,-0.01416,0.1286,0.12583,0.049884,-0.090415,-0.040026,-0.071819,0.13281,0.098708,0.13692,0.040293,-0.031562,-0.039388,-0.015904,0.019442,-0.34786,-0.23031,-0.13308,-0.073651,0.14181,0.13632,-0.0093612,-0.29439,-0.43329,-0.45704,-0.49545,-0.33703,-0.26895,-0.077664,-0.36006,-0.20667,-0.03266,-0.017958,-0.26643,-0.1053,0,0.093189,-0.034255,0.16281,-0.19284,-0.011839,-0.11651,-0.14608,-0.36113,-0.10802,-0.22024,0.18615,0.085994,-0.13526,-0.20436,-0.099442,0.077849,-0.28169,-0.129,-0.095652,-0.066025,-0.17768,-0.21287,-0.14736,-0.18912,-0.2335,-0.3097,-0.38141,-0.40407,-0.0036792,-0.13037,-0.19887,-0.12012,0.016453,-0.18041,0.16784,0.00061567,-0.0017135,-0.074749,-0.081543,-0.0074474,-0.15269,-0.18028,-0.26589,-0.19096,-0.28102,-0.27418,-0.30424,-0.2154,-0.13454,-0.3109,0.044544,0.12964,0.092477,0.098953,0.022313,-0.089873
-0.24799,-0.12729,0.2063,0.066693,-0.41444,-0.30814,-0.81573,-0.72564,-0.41639,-0.10836,-0.19467,-0.16456,0.65648,0.61903,0.42237,0.066218,0.92211,0.40863,0.36054,0.42606,0.56102,0.062079,0.29081,0.22287,0.24027,0.17782,-0.216,-0.14155,-0.04978,0.24752,0.39621,0.13532,0.70099,0.65062,0.20216,-0.18426,-0.10468,-0.096794,-0.449,-0.12079,-0.56241,-0.15254,-0.19779,-0.26777,0.10679,0.32793,-0.33837,-0.32569,0.093189,0,0.63631,0.012039,-0.47279,-0.29558,-0.33779,-0.57189,-0.84573,-0.055737,-0.3244,0.037185,0.18277,0.28499,0.087611,0.085675,0.11776,-0.11687,-0.14795,0.18179,0.1526,0.16755,0.086476,0.046509,-0.036844,0.050352,-0.17855,-0.36524,-0.50748,0.49441,0.33427,0.12641,0.29483,0.1333,0.2042,-0.056397,0.29362,0.46755,0.49841,-0.24831,-0.12743,-0.11135,-0.16815,-0.4635,-0.52016,-0.34852,-0.35264,-0.048794,-0.21206,-0.17932,-0.23601,0.37277,0.10748,0.42208,0.27371,-0.50418,-0.44466
-0.4516,-0.31888,0.11046,-0.026125,-0.45227,-0.20969,-0.72164,-0.63921,-0.383,-0.13307,-0.13893,-0.15399,0.46266,0.63779,0.34943,0.11982,0.59232,0.28615,0.35829,0.38851,0.57711,0.13067,0.21279,0.078494,0.36831,0.15805,-0.047859,-0.083939,-0.13021,0.029396,0.17025,-0.036933,0.54692,0.6306,0.19634,-0.051724,0.061627,-0.074111,-0.27384,-0.11681,-0.45419,0.0022772,-0.3246,-0.28209,-0.11342,0.10227,-0.44357,-0.32423,-0.034255,0.63631,0,0.024323,-0.30082,-0.074355,-0.17324,-0.49987,-0.73442,-0.24714,-0.36593,-0.096445,0.035027,0.33354,0.12387,0.074296,0.13057,-0.26898,-0.25115,0.15872,0.26372,0.13214,-0.011156,-0.16415,-0.20252,-0.12675,-0.35341,-0.24594,-0.36367,0.57363,0.41448,0.1094,0.35619,-0.00040798,0.092284,-0.073272,0.33289,0.38009,0.42354,-0.28908,-0.1585,-0.37825,-0.35861,-0.36303,-0.37488,-0.37617,-0.26308,0.040738,-0.066144,-0.17037,-0.098975,0.27127,0.23996,0.2161,0.32108,-0.50046,-0.32454
-0.33149,-0.50807,0.25909,0.23563,-0.4866,-0.34358,-0.59133,-0.61045,-0.33482,-0.23295,-0.16912,-0.34772,0.037615,0.10522,0.1589,-0.12312,-0.0086491,-0.020762,-0.060544,0.055885,0.20247,-0.049432,-0.033387,-0.15634,0.30749,0.095481,0.11902,-0.27664,-0.24374,-0.1522,-0.050107,-0.023188,0.10348,0.080015,0.00070469,-0.045018,-0.10735,-0.014509,-0.48501,-0.32255,-0.42921,-0.25233,-0.31093,-0.15677,-0.26487,-0.03608,-0.14262,-0.022305,0.16281,0.012039,0.024323,0,-0.24592,-0.21111,-0.24006,-0.27991,-0.35525,-0.19335,-0.17303,0.069519,0.13086,0.062813,0.022402,0.17319,0.40071,-0.15296,0.1412,0.11113,0.13113,0.096364,0.022565,-0.19851,-0.15385,-0.38805,-0.41234,-0.47612,-0.56781,0.25396,0.092937,-0.053749,0.079021,0.32571,0.017558,0.13385,0.15322,0.080942,0.1398,-0.13775,-0.026889,-0.38804,-0.45463,-0.31931,-0.24584,-0.20751,-0.23522,-0.047511,-0.0054149,0.021066,-0.12744,-0.033758,0.076017,0.24367,0.37888,-0.23235,-0.082693
-0.5283,-0.43712,-0.36564,-0.29776,0.008701,-0.034923,0.040605,-0.08612,-0.13971,-0.61611,-0.47327,-0.31144,-0.53765,-0.45415,-0.41855,-0.29608,-0.52482,-0.67678,-0.40849,-0.60527,-0.30624,-0.21084,-0.27219,-0.28039,-0.39542,-0.52268,0.14961,0.15815,-0.16679,-0.45174,-0.7037,-0.65699,-0.45492,-0.29402,-0.54382,-0.4105,-0.32851,-0.46578,-0.028469,-0.41539,0.39948,0.052302,-0.76395,-0.53724,-0.56856,-0.59405,-0.83592,-0.66539,-0.19284,-0.47279,-0.30082,-0.24592,0,0.16185,0.29004,0.13282,-0.15224,-0.55497,-0.4912,-0.20238,-0.45248,-0.41585,-0.39651,-0.40921,-0.33229,-0.97751,-0.78425,-0.45876,-0.36964,-0.53972,-0.63116,-0.68598,-0.64204,-0.60682,-0.74326,0.060914,-0.090444,-0.4767,-0.46241,-0.46216,-0.43748,-0.35218,-0.50234,-0.27194,-0.40926,-0.52272,-0.53223,-0.51442,-0.4654,-0.91134,-0.65166,0.050404,0.049224,-0.0083153,0.12751,-0.36567,-0.08385,-0.35958,-0.10478,-0.27492,-0.22541,-0.43233,-0.4488,0.26631,0.0034789
-0.89505,-0.40074,-0.24991,-0.32841,-0.3059,0.15164,-0.36686,0.0090571,-0.2638,-0.41863,-0.55781,-0.28437,-0.36322,-0.30592,-0.25088,-0.10922,-0.36061,-0.3887,-0.2674,-0.35249,-0.18567,-0.02571,-0.25323,-0.2816,-0.31285,-0.37052,0.025621,0.014776,-0.53576,-0.60203,-0.54714,-0.50168,-0.19816,-0.15741,-0.21635,-0.13307,-0.3682,-0.5557,-0.34725,-0.43629,-0.15318,-0.019776,-0.74203,-0.37354,-0.63392,-0.57583,-0.58292,-0.31807,-0.011839,-0.29558,-0.074355,-0.21111,0.16185,0,0.22595,-0.053185,-0.14161,-0.51076,-0.28648,-0.31377,-0.37929,-0.3397,-0.39091,-0.28227,-0.25952,-0.63405,-0.43105,-0.47497,-0.13639,-0.48408,-0.58975,-0.69868,-0.67376,-0.64327,-0.77331,-0.20049,0.043831,-0.2601,-0.25034,-0.40392,-0.25843,-0.37472,-0.47801,-0.10708,-0.23632,-0.39025,-0.38139,-0.29643,-0.18381,-0.80194,-0.66562,-0.17564,0.13476,-0.30682,-0.017224,-0.35834,-0.0019064,-0.29355,-0.048519,-0.24463,-0.08655,-0.35321,-0.17765,0.14062,0.054372
-0.49553,-0.65667,-0.142,-0.2139,-0.23943,-0.13526,-0.23355,-0.33758,-0.16949,-0.60458,-0.32762,-0.61207,-0.29428,-0.32198,-0.34562,-0.32947,-0.41973,-0.32236,-0.36231,-0.39779,-0.25258,-0.0507,-0.31456,-0.40296,-0.35829,-0.38124,0.14646,0.10584,-0.33185,-0.37297,-0.54441,-0.53653,-0.1713,-0.1192,-0.23559,-0.13912,-0.25888,-0.4065,-0.11288,-0.48801,0.014561,-0.092818,-0.5524,-0.32798,-0.59742,-0.4988,-0.69388,-0.41283,-0.11651,-0.33779,-0.17324,-0.24006,0.29004,0.22595,0,0.091305,-0.12226,-0.27785,-0.18383,-0.36178,-0.40496,-0.27298,-0.23671,-0.24422,-0.24102,-1,-0.75725,-0.23799,-0.16158,-0.32402,-0.40974,-0.69025,-0.61154,-0.70897,-0.80367,-0.3043,-0.41109,-0.23331,-0.15258,-0.25171,-0.20223,-0.22718,-0.24032,-0.077871,-0.11562,-0.30827,-0.31103,-0.22959,-0.12702,-0.83872,-0.52748,0.088998,-0.019294,-0.24894,-0.24354,-0.36456,-0.2576,-0.31645,-0.22675,-0.21302,-0.051857,-0.23989,-0.23462,0.040115,-0.21316
-0.62982,-0.40708,-0.51321,-0.56586,-0.094057,0.077122,-0.16507,-0.16625,-0.29697,-0.96684,-0.56272,-0.50142,-0.65937,-0.6542,-0.40434,-0.18544,-0.63792,-0.7838,-0.57747,-0.76745,-0.36494,-0.030902,-0.37616,-0.33801,-0.53216,-0.66427,0.12592,-0.19189,-0.31759,-0.53881,-0.59729,-0.66909,-0.46382,-0.44972,-0.54009,-0.35427,-0.39456,-0.61035,-0.41688,-0.97453,0.24934,-0.12765,-0.71313,-0.35907,-0.68989,-0.74014,-0.39373,-0.34733,-0.14608,-0.57189,-0.49987,-0.27991,0.13282,-0.053185,0.091305,0,0.52934,-0.42623,-0.21043,-0.30914,-0.5491,-0.53885,-0.51998,-0.48334,-0.38361,-0.83075,-0.63093,-0.48526,-0.34269,-0.53366,-0.70873,-0.73842,-0.7427,-0.90984,-0.867,-0.33124,-0.35641,-0.46698,-0.54373,-0.35676,-0.43912,-0.36895,-0.60744,-0.070728,-0.45089,-0.50539,-0.6968,-0.26266,-0.21344,-0.65647,-0.61107,-0.022379,0.034018,-0.40578,-0.12965,-0.52015,-0.2774,-0.3205,-0.39612,-0.39551,-0.36065,-0.36401,-0.43087,0.13569,-0.16214
-0.61117,-0.4762,-0.59518,-0.66042,-0.15821,-0.0095466,-0.13345,-0.036006,-0.35417,-0.77659,-0.50892,-0.56163,-0.86044,-0.87376,-0.60222,-0.3445,-0.86015,-0.81031,-0.70959,-0.79707,-0.63462,-0.24277,-0.6284,-0.58039,-0.61049,-0.65151,-0.19679,-0.42348,-0.56312,-0.77015,-0.63587,-0.70265,-0.60631,-0.67592,-0.49456,-0.19263,-0.40162,-0.55241,-0.49365,-0.95517,-0.055796,-0.32578,-0.55988,-0.24876,-0.8437,-0.8574,-0.2202,-0.13243,-0.36113,-0.84573,-0.73442,-0.35525,-0.15224,-0.14161,-0.12226,0.52934,0,-0.45064,-0.093389,-0.55778,-0.70687,-0.76341,-0.69024,-0.58065,-0.48711,-0.59712,-0.41426,-0.63778,-0.46027,-0.64068,-0.72668,-0.76788,-0.73576,-0.96651,-0.77215,-0.45315,-0.30281,-0.576,-0.59765,-0.38187,-0.49713,-0.4665,-0.68618,-0.13515,-0.52687,-0.63168,-0.78018,-0.17748,-0.17667,-0.59735,-0.6303,-0.11087,0.087077,-0.39601,-0.16973,-0.48934,-0.29657,-0.20963,-0.36837,-0.67317,-0.5405,-0.52415,-0.53894,-0.065766,-0.21606
0.11151,-0.29253,0.045367,-0.057977,-0.54998,-0.62043,-0.76399,-0.98407,-0.16664,-0.36039,-0.23473,-0.7893,0.073903,-0.17424,-0.1514,-0.38129,-0.092343,0.081135,-0.19925,-0.072167,-0.20878,-0.30715,-0.23902,-0.25851,-0.25721,-0.062613,-0.36318,-0.20609,-0.44962,-0.10728,-0.23638,-0.29679,-0.0019064,0.0083301,-0.15204,-0.43428,-0.51836,-0.42919,-0.49152,-0.33909,-0.62276,-0.41298,-0.049921,-0.26679,0.078673,0.094168,0.0064238,-0.075995,-0.10802,-0.055737,-0.24714,-0.19335,-0.55497,-0.51076,-0.27785,-0.42623,-0.45064,0,0.19573,-0.068199,0.10247,-0.18202,-0.23211,-0.29773,-0.33925,-0.15651,-0.2202,-0.25512,-0.37179,-0.26161,-0.15065,-0.099591,-0.17053,-0.1154,-0.046502,-0.48434,-0.797,-0.057844,-0.056998,-0.012358,0.034203,-0.0055336,0.15194,-0.18956,0.023855,0.055818,0.0013129,0.4525,0.21262,0.094992,0.306,-0.20513,-0.4723,-0.47199,-0.64235,-0.52196,-0.65396,-0.33118,-0.5724,-0.30192,-0.27607,-0.14374,-0.1744,-0.36415,-0.3269
-0.30401,-0.58524,-0.2076,-0.26499,-0.69542,-0.53618,-0.72009,-0.54976,-0.40719,-0.51707,-0.28881,-0.8702,-0.14324,-0.28741,-0.39525,-0.44018,-0.38105,-0.13321,-0.5358,-0.33266,-0.39501,-0.24825,-0.59257,-0.58266,-0.40611,-0.31032,-0.34215,-0.46203,-0.63623,-0.38841,-0.32626,-0.35541,-0.096779,-0.15634,-0.11015,-0.12065,-0.43968,-0.4199,-0.56577,-0.59107,-0.69199,-0.61236,-0.18444,-0.085497,-0.29739,-0.25278,-0.049024,0.1825,-0.22024,-0.3244,-0.36593,-0.17303,-0.4912,-0.28648,-0.18383,-0.21043,-0.093389,0.19573,0,-0.37771,-0.33416,-0.28401,-0.28152,-0.41483,-0.39651,-0.25833,-0.13138,-0.39217,-0.31263,-0.28902,-0.25017,-0.38958,-0.33271,-0.44536,-0.29418,-0.5612,-0.67497,-0.1202,-0.057539,-0.13725,-0.14005,-0.28672,-0.22453,-0.21826,-0.10242,-0.22954,-0.25963,0.32509,0.45487,-0.30922,-0.038869,-0.21337,-0.33814,-0.65191,-0.6063,-0.54218,-0.44027,-0.32324,-0.39119,-0.47734,-0.27054,-0.23062,-0.20101,-0.3352,-0.42179
-0.12742,0.1106,0.16725,0.051249,-0.11345,-0.11465,-0.47776,-0.50228,-0.13664,-0.22149,-0.4305,-0.091008,-0.036199,-0.058674,0.34317,0.070914,0.073117,-0.17573,0.072427,-0.094984,0.082619,-0.28798,0.26149,0.24041,-0.020488,-0.063169,-0.052369,0.017536,-0.22871,-0.1553,-0.24773,-0.15272,-0.14437,-0.10635,-0.32293,-0.69431,-0.64382,-0.49196,-0.42753,-0.10978,-0.2679,-0.077753,-0.3197,-0.46014,0.18637,0.096542,-0.28759,-0.31144,0.18615,0.037185,-0.096445,0.069519,-0.20238,-0.31377,-0.36178,-0.30914,-0.55778,-0.068199,-0.37771,0,0.43959,-0.17191,-0.22578,-0.17354,-0.046116,-0.14798,-0.10139,-0.16927,-0.15743,-0.18248,-0.23873,0.0095466,-0.037319,-0.023781,-0.10955,-0.2812,-0.36101,-0.054149,-0.25712,-0.28926,-0.17484,0.24967,-0.039151,0.058971,-0.1534,0.012855,-0.089629,-0.22677,-0.30371,-0.04217,-0.10744,-0.28991,-0.31334,-0.25079,-0.15901,-0.35895,-0.21491,-0.32018,-0.32615,-0.21218,-0.19298,-0.048163,-0.019101,-0.10172,0.14232
-0.067561,-0.033484,0.3563,0.20708,-0.40545,-0.28908,-0.78781,-0.72442,-0.13737,0.070172,-0.26577,-0.15235,0.17277,0.18501,0.36354,-0.003427,0.25398,0.11454,0.34988,0.24979,0.27377,-0.15025,0.3643,0.15695,0.22136,0.25003,-0.078561,-0.085712,-0.16347,-0.0075883,-0.13981,-0.017061,-0.0019583,0.038528,-0.1713,-0.49711,-0.44693,-0.30322,-0.52062,0.024738,-0.51952,-0.0823,-0.19426,-0.33929,0.15072,0.25544,-0.024271,-0.14545,0.085994,0.18277,0.035027,0.13086,-0.45248,-0.37929,-0.40496,-0.5491,-0.70687,0.10247,-0.33416,0.43959,0,0.080794,-0.0072471,0.012254,0.099242,0.017758,0.014702,0.078569,0.037497,0.003249,0.012202,0.07325,-0.00014835,0.006765,-0.047385,-0.42696,-0.45308,0.10414,-0.042073,-0.17066,0.022327,0.38345,0.23131,0.0075216,0.079533,0.17286,0.23999,-0.092314,-0.10162,0.047377,-0.085504,-0.34042,-0.35772,-0.32676,-0.32956,-0.32853,-0.34319,-0.34644,-0.41586,-0.12164,-0.07443,-0.015162,0.23453,-0.3238,0.03559
-0.23829,-0.42121,0.038847,0.10399,-0.71433,-0.52516,-0.78101,-0.73362,-0.43112,-0.107,-0.12839,-0.27616,0.30939,0.56599,0.13779,-0.20035,0.26819,0.36104,0.14944,0.35611,0.55664,0.14432,0.12392,0.019798,0.25522,0.09764,0.01241,-0.32322,0.11081,0.40453,0.093968,0.15232,0.19664,0.28633,-0.084251,-0.13247,0.0081743,0.098871,-0.32445,-0.10844,-0.44699,-0.18713,-0.20502,-0.14176,-0.1645,0.042837,-0.23264,-0.30395,-0.13526,0.28499,0.33354,0.062813,-0.41585,-0.3397,-0.27298,-0.53885,-0.76341,-0.18202,-0.28401,-0.17191,0.080794,0,1,0.29988,0.16427,-0.15581,-0.18149,0.34147,0.25722,0.49085,0.37284,-0.08813,-0.10449,-0.14514,-0.20131,-0.42613,-0.60219,0.29206,0.33111,-0.051813,0.13319,-0.0094131,0.21391,-0.2514,0.26698,0.1362,0.37615,-0.37028,-0.13658,-0.30019,-0.2762,-0.60636,-0.75083,-0.50794,-0.48233,-0.071685,-0.15261,-0.37948,-0.21362,0.31975,0.24703,0.20655,0.50427,-0.50939,-0.38687
-0.16195,-0.45014,0.026259,0.12897,-0.67651,-0.58021,-0.646,-0.66996,-0.3981,-0.09336,-0.08945,-0.28136,0.16655,0.37805,-0.0066166,-0.31591,0.092306,0.28675,0.050329,0.21218,0.31011,0.068295,0.037022,-0.083086,0.14377,0.023551,-0.011193,-0.36324,0.10759,0.36049,0.048512,0.20643,0.06242,0.10936,-0.12891,-0.086105,0.0016987,0.20065,-0.25971,-0.092262,-0.40307,-0.25004,-0.13598,-0.090511,-0.20635,-0.029775,-0.24342,-0.32911,-0.20436,0.087611,0.12387,0.022402,-0.39651,-0.39091,-0.23671,-0.51998,-0.69024,-0.23211,-0.28152,-0.22578,-0.0072471,1,0,0.28443,0.088182,-0.16977,-0.19923,0.36536,0.20963,0.60894,0.53698,-0.084978,-0.042815,-0.19274,-0.18274,-0.45894,-0.64431,0.14847,0.20986,-0.091253,0.041146,-0.011854,0.17847,-0.27183,0.14071,0.037341,0.23755,-0.45092,-0.19468,-0.31383,-0.28014,-0.64092,-0.83502,-0.48108,-0.53291,-0.071047,-0.18027,-0.3737,-0.23077,0.24565,0.21898,0.17516,0.39236,-0.48865,-0.38521
-0.13561,-0.4916,0.23563,0.34744,-0.52403,-0.4689,-0.48442,-0.56752,-0.36112,-0.095667,-0.022357,-0.31929,0.09399,0.13476,0.12393,-0.38892,-0.0091683,0.22889,-0.03203,0.14732,0.20534,-0.14948,-0.08994,-0.17312,0.14347,0.13811,-0.096928,-0.48832,-0.10527,0.2601,0.11928,0.27574,0.045589,0.002344,-0.033113,0.011705,-0.034559,0.21967,-0.28393,-0.09517,-0.43573,-0.42098,-0.057539,0.065321,-0.30364,-0.026541,-0.28437,-0.37586,-0.099442,0.085675,0.074296,0.17319,-0.40921,-0.28227,-0.24422,-0.48334,-0.58065,-0.29773,-0.41483,-0.17354,0.012254,0.29988,0.28443,0,0.47742,-0.088575,-0.025784,0.29456,0.35874,0.4887,0.33045,0.018426,0.0057265,-0.23745,-0.2875,-0.45178,-0.54916,0.20904,0.20609,0.013107,0.16082,0.20239,0.3351,-0.11802,0.12218,0.16237,0.25906,-0.4527,-0.34131,-0.34387,-0.43748,-0.53728,-0.56427,-0.3336,-0.44465,0.11827,-0.074222,-0.07193,-0.18524,0.13803,-0.058964,0.21404,0.34705,-0.48299,-0.32985
-0.24931,-0.41951,0.27969,0.25489,-0.38083,-0.29421,-0.47352,-0.55163,-0.26681,-0.028759,0.011208,-0.249,0.17401,0.25346,0.26474,-0.11842,0.12903,0.11814,0.093508,0.20626,0.29931,-0.078673,0.045196,-0.10825,0.47119,0.32496,-0.044922,-0.36901,-0.11228,0.083479,0.090912,0.20832,0.12709,0.087285,0.049595,-0.016378,-0.038995,0.034122,-0.29521,-0.081313,-0.41138,-0.23714,-0.15253,0.06992,-0.20937,0.11543,-0.30932,-0.17863,0.077849,0.11776,0.13057,0.40071,-0.33229,-0.25952,-0.24102,-0.38361,-0.48711,-0.33925,-0.39651,-0.046116,0.099242,0.16427,0.088182,0.47742,0,-0.11221,0.077107,0.34458,0.33314,0.33328,0.1725,-0.010652,-0.0031748,-0.17697,-0.29545,-0.44187,-0.52644,0.28293,0.20848,-0.045849,0.07279,0.23235,0.18653,0.042659,0.22537,0.1717,0.28359,-0.36493,-0.26163,-0.34184,-0.45224,-0.30351,-0.27967,-0.18032,-0.24929,0.12031,-0.04984,-0.01919,-0.17893,0.05837,0.093122,0.19688,0.4056,-0.44734,-0.29879
0.041168,-0.062428,-0.11526,-0.096846,-0.56876,-0.57676,-0.62736,-0.49166,-0.31196,0.18611,-0.11676,-0.19163,-0.008115,-0.067509,-0.10732,-0.35365,-0.060336,0.037222,-0.084162,0.020236,-0.17635,-0.48369,-0.2314,-0.26672,-0.019479,0.10015,-0.66295,-0.77466,-0.44743,-0.083093,0.077322,0.30163,-0.17167,-0.26666,-0.12325,-0.25036,-0.3781,-0.14742,-0.5186,-0.011127,-0.92604,-0.62975,0.22296,0.047474,0.069764,0.17334,0.13824,-0.12644,-0.28169,-0.11687,-0.26898,-0.15296,-0.97751,-0.63405,-1,-0.83075,-0.59712,-0.15651,-0.25833,-0.14798,0.017758,-0.15581,-0.16977,-0.088575,-0.11221,0,0.63468,-0.20647,-0.2169,0.00034122,0.15093,0.37856,0.36727,0.22899,0.41933,-0.42498,-0.41134,-0.15044,-0.22396,-0.20933,-0.15949,-0.16863,-0.07707,-0.4031,-0.26381,-0.054238,-0.059824,-0.27943,-0.3506,0.32755,0.041421,-0.65459,-0.62804,-0.37187,-0.49143,-0.16984,-0.3898,-0.21603,-0.44134,-0.25151,-0.31124,-0.19308,-0.085163,-0.60442,-0.33047
-0.18558,-0.22422,0.0053185,-0.024701,-0.5486,-0.42786,-0.63603,-0.39693,-0.40277,0.059646,-0.2007,-0.23865,-0.053949,-0.074296,-0.020614,-0.26537,-0.10263,-0.0085007,-0.14137,0.016364,-0.14703,-0.41289,-0.25464,-0.29207,0.048853,0.086075,-0.47664,-0.71191,-0.53971,-0.23321,-0.0035828,0.20078,-0.11845,-0.25342,-0.047741,-0.12,-0.3736,-0.15851,-0.64479,-0.15361,-0.92358,-0.60714,9.6431e-05,0.041999,-0.1185,0.043112,0.088538,0.10172,-0.129,-0.14795,-0.25115,0.1412,-0.78425,-0.43105,-0.75725,-0.63093,-0.41426,-0.2202,-0.13138,-0.10139,0.014702,-0.18149,-0.19923,-0.025784,0.077107,0.63468,0,-0.18728,-0.11676,-0.0093538,0.055863,0.089191,0.14902,-0.060722,0.043097,-0.58802,-0.43216,-0.046606,-0.13705,-0.24961,-0.16312,-0.037563,-0.10951,-0.16782,-0.15872,-0.095103,-0.05188,-0.19178,-0.2006,0.016712,-0.19055,-0.58616,-0.41068,-0.32111,-0.36815,-0.13883,-0.19486,-0.10064,-0.28023,-0.30514,-0.22735,-0.086877,0.076751,-0.46286,-0.22873
-0.15395,-0.42998,0.16403,0.1402,-0.48373,-0.47427,-0.5317,-0.7654,-0.28865,0.050225,0.16183,-0.18122,0.26854,0.41773,0.097588,-0.13517,0.19832,0.21594,0.10482,0.19687,0.26464,0.027542,0.09126,-0.1464,0.2838,0.15469,-0.054283,-0.27993,0.12598,0.17107,0.25378,0.25713,0.16914,0.12648,0.15246,-0.0066092,0.1456,0.28632,-0.21232,-0.026904,-0.43171,-0.23256,-0.032497,-0.070112,-0.085875,0.13935,-0.25113,-0.23102,-0.095652,0.18179,0.15872,0.11113,-0.45876,-0.47497,-0.23799,-0.48526,-0.63778,-0.25512,-0.39217,-0.16927,0.078569,0.34147,0.36536,0.29456,0.34458,-0.20647,-0.18728,0,0.47193,0.61317,0.42799,0.029018,0.063971,-0.17415,-0.24361,-0.42682,-0.63011,0.27018,0.22541,0.065105,0.10012,0.16387,0.19078,-0.089495,0.16798,0.24801,0.33739,-0.37586,-0.1922,-0.25245,-0.30589,-0.33287,-0.50519,-0.36266,-0.55988,0.0091757,-0.30778,-0.14981,-0.35056,0.14365,0.098975,0.24211,0.26599,-0.66131,-0.48728
-0.41486,-0.42067,0.12399,0.048104,-0.49594,-0.21818,-0.67711,-0.50899,-0.43003,-0.033832,-0.079221,-0.13608,0.1536,0.3149,0.18624,-0.078532,0.083301,0.094391,0.067939,0.068651,0.36164,0.10073,0.027891,-0.16285,0.17415,0.035538,0.06989,-0.32499,-0.041473,0.004013,0.10586,0.1697,0.15046,0.084555,0.15461,0.087136,-0.018811,0.069,-0.39161,-0.14051,-0.48712,-0.24459,-0.18744,-0.036273,-0.28304,-0.047733,-0.30485,-0.26006,-0.066025,0.1526,0.26372,0.13113,-0.36964,-0.13639,-0.16158,-0.34269,-0.46027,-0.37179,-0.31263,-0.15743,0.037497,0.25722,0.20963,0.35874,0.33314,-0.2169,-0.11676,0.47193,0,0.43358,0.15677,-0.1073,-0.07621,-0.33664,-0.41179,-0.39135,-0.4215,0.2965,0.20879,0.0072471,0.14604,0.11699,0.070928,-0.04398,0.075498,0.16962,0.16925,-0.41409,-0.17082,-0.45528,-0.50112,-0.33051,-0.34388,-0.54937,-0.44293,-0.11953,-0.18047,-0.21761,-0.30366,0.021682,-0.026103,0.10892,0.34708,-0.5257,-0.3119
-0.075475,-0.41775,0.1566,0.18931,-0.56876,-0.55028,-0.60794,-0.72046,-0.40532,-0.0014761,0.11955,-0.25236,0.32191,0.42303,0.10606,-0.29342,0.14882,0.35389,0.049558,0.19868,0.27529,-0.064623,-0.030012,-0.18139,0.2388,0.15307,-0.1496,-0.52724,0.0092202,0.38811,0.36707,0.59076,0.1791,0.089413,0.095311,0.070758,0.059906,0.3519,-0.26618,-0.051909,-0.55149,-0.42162,0.1064,0.14636,-0.11533,0.16932,-0.2493,-0.30932,-0.17768,0.16755,0.13214,0.096364,-0.53972,-0.48408,-0.32402,-0.53366,-0.64068,-0.26161,-0.28902,-0.18248,0.003249,0.49085,0.60894,0.4887,0.33328,0.00034122,-0.0093538,0.61317,0.43358,0,0.87687,0.16207,0.25159,-0.10019,-0.11045,-0.4733,-0.72437,0.30178,0.2677,0.083212,0.15887,0.13067,0.29074,-0.1882,0.11501,0.25862,0.30574,-0.47169,-0.27612,-0.22138,-0.25968,-0.5253,-0.73979,-0.45586,-0.59287,0.055722,-0.24622,-0.18619,-0.32939,0.18861,0.074059,0.30753,0.37463,-0.67407,-0.51265
0.12468,-0.38372,0.15397,0.2608,-0.6418,-0.75903,-0.59723,-0.76352,-0.29052,0.13368,0.20602,-0.31147,0.31747,0.34255,-0.063459,-0.43337,0.093701,0.44567,0.026133,0.2258,0.10435,-0.17296,-0.096416,-0.25634,0.18682,0.23953,-0.32487,-0.55969,-0.064957,0.38821,0.33429,0.69647,0.12135,0.061508,0.090348,0.050144,0.0028855,0.3719,-0.23763,0.048794,-0.64611,-0.49611,0.30323,0.20911,-0.018225,0.26676,-0.14606,-0.26861,-0.21287,0.086476,-0.011156,0.022565,-0.63116,-0.58975,-0.40974,-0.70873,-0.72668,-0.15065,-0.25017,-0.23873,0.012202,0.37284,0.53698,0.33045,0.1725,0.15093,0.055863,0.42799,0.15677,0.87687,0,0.29281,0.40828,0.034337,0.086773,-0.44776,-0.73176,0.14893,0.19032,0.064156,0.11298,0.059513,0.30551,-0.3019,0.076714,0.1948,0.31187,-0.40623,-0.25542,-0.068043,-0.093671,-0.5617,-0.82976,-0.35879,-0.65364,0.034448,-0.34091,-0.16757,-0.36184,0.14539,0.051702,0.18478,0.22818,-0.68578,-0.52948
0.38956,0.023062,0.039648,0.080052,-0.35805,-0.60302,-0.4348,-0.62794,-0.083746,0.20929,0.12549,-0.17087,0.20303,0.062813,-0.013953,-0.32443,0.090571,0.1432,0.0099917,0.025435,-0.076647,-0.4621,-0.077093,-0.16835,0.0013649,0.19631,-0.59462,-0.48839,-0.21006,0.16895,0.25324,0.48595,-0.062643,-0.096364,-0.006854,-0.29262,-0.3321,-0.061901,-0.19411,0.23608,-0.6113,-0.49907,0.58275,0.12379,0.4947,0.61346,-0.18215,-0.36625,-0.14736,0.046509,-0.16415,-0.19851,-0.68598,-0.69868,-0.69025,-0.73842,-0.76788,-0.099591,-0.38958,0.0095466,0.07325,-0.08813,-0.084978,0.018426,-0.010652,0.37856,0.089191,0.029018,-0.1073,0.16207,0.29281,0,0.97738,0.58572,0.58097,-0.17701,-0.46731,-0.06607,-0.13488,-0.011861,-0.04036,-0.04168,0.13243,-0.37067,-0.191,0.20818,0.063385,-0.3895,-0.47331,0.35666,0.23458,-0.4417,-0.71575,-0.32748,-0.57845,-0.11813,-0.47348,-0.15405,-0.51767,-0.12371,-0.30088,-0.10472,-0.14692,-0.69477,-0.44399
0.32056,-0.094257,0.039047,0.073599,-0.38651,-0.64172,-0.41536,-0.59568,-0.14534,0.21545,0.16192,-0.18469,0.18291,0.058296,-0.081343,-0.38543,0.0012313,0.10346,-0.078665,-0.045152,-0.13472,-0.49839,-0.17092,-0.29486,-0.024219,0.11204,-0.55831,-0.53506,-0.24732,0.095793,0.22034,0.61828,-0.071885,-0.14787,0.037853,-0.20128,-0.30085,0.012573,-0.17722,0.20276,-0.67366,-0.59838,0.62073,0.16609,0.35023,0.49418,-0.2375,-0.35215,-0.18912,-0.036844,-0.20252,-0.15385,-0.64204,-0.67376,-0.61154,-0.7427,-0.73576,-0.17053,-0.33271,-0.037319,-0.00014835,-0.10449,-0.042815,0.0057265,-0.0031748,0.36727,0.14902,0.063971,-0.07621,0.25159,0.40828,0.97738,0,0.39888,0.5042,-0.2353,-0.52644,-0.092551,-0.15223,-0.079652,-0.10733,-0.052043,0.07187,-0.39333,-0.24693,0.11121,-0.0058081,-0.44176,-0.48403,0.21506,0.16344,-0.40707,-0.7022,-0.30702,-0.62059,-0.13,-0.49149,-0.17988,-0.52589,-0.14499,-0.25064,-0.09287,-0.13876,-0.65221,-0.46451
0.24199,0.15902,-0.089228,-0.071492,-0.26257,-0.52176,-0.38202,-0.51417,-0.068577,0.20827,-0.042385,-0.10352,0.1562,0.052006,-0.073376,-0.24514,0.17119,0.089428,0.088182,0.077523,-0.14629,-0.52209,-0.029107,-0.052718,-0.032801,0.15128,-0.73706,-0.32417,-0.22846,0.071744,0.048942,0.13743,-0.11423,-0.077367,-0.13661,-0.46952,-0.41726,-0.2652,-0.12072,0.38286,-0.5622,-0.33193,0.22698,-0.12597,0.63149,0.52326,-0.30735,-0.38739,-0.2335,0.050352,-0.12675,-0.38805,-0.60682,-0.64327,-0.70897,-0.90984,-0.96651,-0.1154,-0.44536,-0.023781,0.006765,-0.14514,-0.19274,-0.23745,-0.17697,0.22899,-0.060722,-0.17415,-0.33664,-0.10019,0.034337,0.58572,0.39888,0,0.74387,-0.10249,-0.31178,-0.16352,-0.17358,-0.18934,-0.18002,-0.23005,0.003605,-0.46357,-0.18636,0.031206,0.024219,-0.38589,-0.50592,0.3474,0.31745,-0.44353,-0.646,-0.1989,-0.3877,-0.14933,-0.41764,-0.29098,-0.37747,-0.17461,-0.25807,-0.2422,-0.25774,-0.64012,-0.44239
0.37311,0.054454,-0.19784,-0.14834,-0.43007,-0.70359,-0.42161,-0.53418,-0.075171,0.16602,-0.051576,-0.23907,0.0072249,-0.11588,-0.23246,-0.41261,-0.078153,-0.0050515,-0.13049,-0.083398,-0.29631,-0.61116,-0.21733,-0.25187,-0.18503,0.0037385,-0.76354,-0.49476,-0.34362,-0.024538,-0.072219,0.14815,-0.26413,-0.26426,-0.22379,-0.48012,-0.51725,-0.27808,-0.20121,0.21051,-0.65725,-0.52484,0.39744,-0.036295,0.4792,0.32365,-0.12108,-0.29209,-0.3097,-0.17855,-0.35341,-0.41234,-0.74326,-0.77331,-0.80367,-0.867,-0.77215,-0.046502,-0.29418,-0.10955,-0.047385,-0.20131,-0.18274,-0.2875,-0.29545,0.41933,0.043097,-0.24361,-0.41179,-0.11045,0.086773,0.58097,0.5042,0.74387,0,-0.20689,-0.41355,-0.30996,-0.31566,-0.28673,-0.29794,-0.31475,-0.082367,-0.58636,-0.33777,-0.11581,-0.14531,-0.31349,-0.44989,0.53632,0.53431,-0.48558,-0.77111,-0.34912,-0.59519,-0.31501,-0.5836,-0.39128,-0.55281,-0.31411,-0.34617,-0.35963,-0.32069,-0.6045,-0.42291
-0.23154,-0.23049,-0.47304,-0.32152,-0.18443,-0.35321,-0.033625,-0.23229,0.082975,-0.20165,-0.061552,-0.13524,-0.32313,-0.30896,-0.497,-0.34826,-0.36828,-0.48506,-0.33027,-0.50865,-0.37249,-0.42079,-0.34276,-0.39689,-0.33011,-0.29612,-0.36495,-0.15498,-0.20615,-0.36569,-0.35607,-0.39565,-0.42392,-0.23791,-0.34228,-0.3887,-0.20986,-0.3057,0.23806,-0.028751,-0.052926,-0.14025,-0.22844,-0.29072,-0.13132,-0.22937,-0.55533,-0.66961,-0.38141,-0.36524,-0.24594,-0.47612,0.060914,-0.20049,-0.3043,-0.33124,-0.45315,-0.48434,-0.5612,-0.2812,-0.42696,-0.42613,-0.45894,-0.45178,-0.44187,-0.42498,-0.58802,-0.42682,-0.39135,-0.4733,-0.44776,-0.17701,-0.2353,-0.10249,-0.20689,0,0.14928,-0.43182,-0.43181,-0.20138,-0.27243,-0.55201,-0.46623,-0.65014,-0.502,-0.27574,-0.40964,-0.50973,-0.60843,-0.41326,-0.21337,-0.0088271,-0.19448,-0.17531,-0.17004,-0.2628,-0.3012,-0.25035,-0.27337,-0.31959,-0.42758,-0.61736,-0.63332,-0.34518,-0.21723
-0.63339,-0.047422,-0.54976,-0.47697,-0.082367,0.062895,-0.039559,0.37037,-0.14868,-0.10172,-0.48296,0.24947,-0.65221,-0.4709,-0.4894,-0.146,-0.45969,-0.64104,-0.28795,-0.49079,-0.48704,-0.39329,-0.28637,-0.25222,-0.42502,-0.42378,-0.42691,-0.14248,-0.3701,-0.72073,-0.56892,-0.54242,-0.65124,-0.53061,-0.50355,-0.44606,-0.41177,-0.52623,-0.18018,-0.077426,-0.104,-0.015755,-0.58161,-0.53192,-0.41171,-0.58272,-0.43541,-0.405,-0.40407,-0.50748,-0.36367,-0.56781,-0.090444,0.043831,-0.41109,-0.35641,-0.30281,-0.797,-0.67497,-0.36101,-0.45308,-0.60219,-0.64431,-0.54916,-0.52644,-0.41134,-0.43216,-0.63011,-0.4215,-0.72437,-0.73176,-0.46731,-0.52644,-0.31178,-0.41355,0.14928,0,-0.58832,-0.58167,-0.57385,-0.55015,-0.61657,-0.74896,-0.40753,-0.58473,-0.59659,-0.55431,-0.56057,-0.55922,-0.49191,-0.53162,-0.3216,0.0397,-0.15427,0.13144,-0.30679,-0.031221,-0.31786,-0.016786,-0.51361,-0.47804,-0.73078,-0.56121,-0.19958,0.019249
-0.28218,-0.41574,0.3953,0.20684,-0.51001,-0.34291,-0.77337,-0.81671,-0.36408,-0.16113,0.0072397,-0.32364,0.54744,0.55612,0.3661,-0.014057,0.45902,0.51903,0.21055,0.44048,0.3842,0.03378,0.069037,-0.040553,0.43774,0.34033,-0.12755,-0.27571,-0.23272,0.062331,0.30502,0.052948,0.61739,0.51473,0.28627,0.055581,0.044195,0.033602,-0.351,-0.1679,-0.58891,-0.2017,-0.14054,-0.092499,-0.076818,0.21309,-0.2239,-0.074756,-0.0036792,0.49441,0.57363,0.25396,-0.4767,-0.2601,-0.23331,-0.46698,-0.576,-0.057844,-0.1202,-0.054149,0.10414,0.29206,0.14847,0.20904,0.28293,-0.15044,-0.046606,0.27018,0.2965,0.30178,0.14893,-0.06607,-0.092551,-0.16352,-0.30996,-0.43182,-0.58832,0,0.84979,0.3858,0.67955,0.285,0.34058,0.1447,0.68289,0.72124,0.71427,-0.085044,0.03904,-0.29536,-0.27086,-0.37965,-0.41438,-0.40844,-0.36595,0.13242,-0.050404,0.044914,-0.090919,0.11183,0.15518,0.49233,0.54195,-0.62788,-0.35752
-0.24553,-0.5405,0.32086,0.25195,-0.55967,-0.45679,-0.69497,-0.73498,-0.36827,-0.13962,0.056249,-0.42456,0.45954,0.48417,0.094754,-0.21119,0.28243,0.64959,0.10274,0.4276,0.20218,-0.015125,-0.072805,-0.15599,0.28202,0.32015,-0.23154,-0.31082,-0.19936,0.12057,0.20288,0.01244,0.4901,0.48899,0.25351,0.14755,0.078732,0.090712,-0.26292,-0.11089,-0.60636,-0.26372,-0.10548,-0.025057,-0.1695,0.12797,-0.28761,-0.090704,-0.13037,0.33427,0.41448,0.092937,-0.46241,-0.25034,-0.15258,-0.54373,-0.59765,-0.056998,-0.057539,-0.25712,-0.042073,0.33111,0.20986,0.20609,0.20848,-0.22396,-0.13705,0.22541,0.20879,0.2677,0.19032,-0.13488,-0.15223,-0.17358,-0.31566,-0.43181,-0.58167,0.84979,0,0.32759,0.55227,0.13008,0.39218,-0.0017877,0.87323,0.42024,0.75588,-0.11468,0.069497,-0.39072,-0.2778,-0.38755,-0.44679,-0.36202,-0.38774,0.14382,-0.0451,-0.0034715,-0.009784,0.074133,0.13643,0.32299,0.39626,-0.6876,-0.48236
-0.074845,-0.43274,0.10586,0.069704,-0.42669,-0.4884,-0.52627,-0.84274,-0.1875,-0.24887,0.2631,-0.47626,0.21313,0.096267,-0.1007,-0.28564,0.061678,0.22112,-0.039626,0.034092,-0.013411,-0.094005,-0.19127,-0.29456,0.078465,0.19146,-0.34593,-0.3864,-0.26343,0.01666,0.32695,-0.048905,0.27698,0.26198,0.23,0.1508,0.16285,0.12209,-0.19199,-0.25247,-0.46699,-0.31328,0.076699,0.059008,-0.10664,0.1179,-0.18426,-0.2408,-0.19887,0.12641,0.1094,-0.053749,-0.46216,-0.40392,-0.25171,-0.35676,-0.38187,-0.012358,-0.13725,-0.28926,-0.17066,-0.051813,-0.091253,0.013107,-0.045849,-0.20933,-0.24961,0.065105,0.0072471,0.083212,0.064156,-0.011861,-0.079652,-0.18934,-0.28673,-0.20138,-0.57385,0.3858,0.32759,0,0.8535,0.073458,0.19795,-0.076343,0.22499,0.62073,0.28713,-0.086276,-0.071418,-0.24608,-0.17877,-0.23052,-0.40494,-0.35257,-0.44463,0.12497,-0.27176,0.2736,-0.25925,0.014561,-0.13721,0.17011,-0.022758,-0.73347,-0.498
-0.14844,-0.42747,0.30299,0.20131,-0.51,-0.41978,-0.7084,-0.87401,-0.23042,-0.1875,0.11018,-0.44478,0.37452,0.27709,0.096905,-0.21379,0.21817,0.4298,0.14559,0.26068,0.20279,-0.025799,-0.053341,-0.17276,0.25443,0.34676,-0.21556,-0.30596,-0.28332,0.066359,0.24375,-0.024679,0.43299,0.44797,0.23557,0.11265,0.077552,0.064,-0.27754,-0.18977,-0.53969,-0.22897,-0.032823,-0.014576,-0.12326,0.16486,-0.18127,-0.21588,-0.12012,0.29483,0.35619,0.079021,-0.43748,-0.25843,-0.20223,-0.43912,-0.49713,0.034203,-0.14005,-0.17484,0.022327,0.13319,0.041146,0.16082,0.07279,-0.15949,-0.16312,0.10012,0.14604,0.15887,0.11298,-0.04036,-0.10733,-0.18002,-0.29794,-0.27243,-0.55015,0.67955,0.55227,0.8535,0,0.20982,0.3877,-0.0059713,0.44671,0.81819,0.54856,-0.055945,-0.012313,-0.27848,-0.22683,-0.2999,-0.40065,-0.38244,-0.39156,0.10175,-0.1786,0.13174,-0.19027,0.081135,-0.011987,0.23971,0.22176,-0.63339,-0.33561
-0.057829,-0.2451,0.75677,0.45376,-0.2025,-0.23965,-0.53457,-0.66666,-0.27846,-0.17167,-0.19268,-0.2729,0.073339,0.075164,0.31714,-0.1547,0.11342,0.13259,0.16415,0.15941,0.15295,-0.19048,0.14968,0.042103,0.18248,0.18688,-0.074504,-0.16374,-0.15814,0.029226,-0.0083153,-0.018945,0.063993,0.016697,-0.073569,-0.22293,-0.27206,-0.065373,-0.45723,-0.14672,-0.41669,-0.20739,-0.17741,-0.25364,-0.10733,0.095036,-0.20473,-0.20475,0.016453,0.1333,-0.00040798,0.32571,-0.35218,-0.37472,-0.22718,-0.36895,-0.4665,-0.0055336,-0.28672,0.24967,0.38345,-0.0094131,-0.011854,0.20239,0.23235,-0.16863,-0.037563,0.16387,0.11699,0.13067,0.059513,-0.04168,-0.052043,-0.23005,-0.31475,-0.55201,-0.61657,0.285,0.13008,0.073458,0.20982,0,0.43551,0.3411,0.21973,0.2831,0.31002,-0.1767,-0.14023,-0.21579,-0.33674,-0.34322,-0.33078,-0.17948,-0.2396,-0.063488,-0.13541,-0.010029,-0.20628,-0.095088,-0.12882,0.32229,0.27067,-0.35882,-0.10156
0.19311,-0.35816,0.55449,0.45124,-0.39809,-0.52538,-0.58516,-0.88948,-0.24184,-0.09715,0.022275,-0.47879,0.33013,0.1972,0.18789,-0.38385,0.18786,0.56947,0.16184,0.3779,0.13283,-0.28237,-0.0032935,-0.088931,0.17497,0.37244,-0.27078,-0.30507,-0.16499,0.36434,0.072827,0.077723,0.15448,0.15229,-0.0083301,-0.1621,-0.2043,0.020933,-0.24633,0.024189,-0.55649,-0.34294,0.10506,-0.049469,-0.015644,0.30906,-0.25523,-0.29909,-0.18041,0.2042,0.092284,0.017558,-0.50234,-0.47801,-0.24032,-0.60744,-0.68618,0.15194,-0.22453,-0.039151,0.23131,0.21391,0.17847,0.3351,0.18653,-0.07707,-0.10951,0.19078,0.070928,0.29074,0.30551,0.13243,0.07187,0.003605,-0.082367,-0.46623,-0.74896,0.34058,0.39218,0.19795,0.3877,0.43551,0,-0.065194,0.38784,0.44723,0.60389,-0.17502,-0.1851,-0.1324,-0.11755,-0.38457,-0.59627,-0.30227,-0.4664,-0.014606,-0.26948,-0.12097,-0.27211,-0.046398,-0.12355,0.17056,0.21409,-0.6227,-0.35942
-0.44371,-0.2099,0.27168,0.0023737,-0.090949,0.13304,-0.42867,-0.37932,-0.24281,-0.3545,-0.38949,-0.24172,-0.16814,-0.13063,0.17192,0.1635,-0.023937,-0.10573,0.039017,-0.010971,-0.024256,-0.011001,0.10779,0.065714,0.028714,-0.020629,-0.046732,-0.032905,-0.39444,-0.35614,-0.18613,-0.29301,-0.014962,-0.091275,-0.11711,-0.1977,-0.33172,-0.37151,-0.52027,-0.38778,-0.22717,0.012254,-0.4744,-0.34355,-0.30009,-0.22554,-0.22182,0.042704,0.16784,-0.056397,-0.073272,0.13385,-0.27194,-0.10708,-0.077871,-0.070728,-0.13515,-0.18956,-0.21826,0.058971,0.0075216,-0.2514,-0.27183,-0.11802,0.042659,-0.4031,-0.16782,-0.089495,-0.04398,-0.1882,-0.3019,-0.37067,-0.39333,-0.46357,-0.58636,-0.65014,-0.40753,0.1447,-0.0017877,-0.076343,-0.0059713,0.3411,-0.065194,0,0.18559,0.023225,0.010785,-0.051568,0.018886,-0.3501,-0.48439,-0.31659,-0.04128,-0.20747,-0.049098,-0.08296,0.041806,0.077256,-0.040404,-0.21476,-0.03967,0.19363,0.16171,-0.18431,-0.026088
-0.23911,-0.44412,0.41763,0.27239,-0.47155,-0.35662,-0.67076,-0.75689,-0.24389,-0.17199,-0.055314,-0.43622,0.33852,0.37434,0.16573,-0.095333,0.32594,0.52912,0.23306,0.56384,0.24597,0.060455,0.091453,-0.0042652,0.39413,0.4314,-0.15855,-0.16606,-0.22083,0.058133,0.061701,-0.09916,0.40232,0.47201,0.108,-0.013115,-0.034314,-0.078732,-0.30921,-0.14781,-0.4644,-0.082129,-0.21848,-0.12646,-0.15541,0.10518,-0.20741,0.0018322,0.00061567,0.29362,0.33289,0.15322,-0.40926,-0.23632,-0.11562,-0.45089,-0.52687,0.023855,-0.10242,-0.1534,0.079533,0.26698,0.14071,0.12218,0.22537,-0.26381,-0.15872,0.16798,0.075498,0.11501,0.076714,-0.191,-0.24693,-0.18636,-0.33777,-0.502,-0.58473,0.68289,0.87323,0.22499,0.44671,0.21973,0.38784,0.18559,0,0.37507,0.79312,-0.0003338,0.1514,-0.32197,-0.27165,-0.37669,-0.35551,-0.26216,-0.26819,0.11911,-0.011512,0.015726,0.014242,0.060833,0.23289,0.32503,0.466,-0.52182,-0.33169
-0.032942,-0.26187,0.39224,0.2054,-0.43073,-0.41374,-0.67612,-0.97675,-0.16313,-0.081603,0.16426,-0.3323,0.62718,0.39914,0.3083,-0.078354,0.45932,0.50034,0.25982,0.34827,0.28098,-0.091824,0.093671,-0.060707,0.34758,0.45131,-0.25193,-0.25998,-0.24647,0.13072,0.40556,0.12992,0.49878,0.44308,0.30566,-0.04349,-0.025391,0.012848,-0.24262,-0.064698,-0.55583,-0.22395,0.093775,-0.017142,0.15343,0.48907,-0.20128,-0.21408,-0.0017135,0.46755,0.38009,0.080942,-0.52272,-0.39025,-0.30827,-0.50539,-0.63168,0.055818,-0.22954,0.012855,0.17286,0.1362,0.037341,0.16237,0.1717,-0.054238,-0.095103,0.24801,0.16962,0.25862,0.1948,0.20818,0.11121,0.031206,-0.11581,-0.27574,-0.59659,0.72124,0.42024,0.62073,0.81819,0.2831,0.44723,0.023225,0.37507,0,0.60909,-0.093174,-0.11101,-0.07015,-0.067004,-0.29717,-0.47267,-0.38652,-0.46442,0.082723,-0.26651,0.091646,-0.30029,0.094784,-0.00080112,0.30451,0.22657,-0.69095,-0.36857
-0.079845,-0.32975,0.50717,0.40246,-0.48396,-0.45952,-0.69983,-0.83336,-0.2537,0.057458,0.065284,-0.28275,0.56473,0.6395,0.25204,-0.13758,0.55864,0.82049,0.42538,0.88621,0.35027,-0.057243,0.17363,0.025057,0.5605,0.66724,-0.26101,-0.23568,-0.11574,0.23763,0.28508,0.12678,0.43781,0.48395,0.19604,-0.027587,0.016215,0.10547,-0.28251,0.066226,-0.59714,-0.16398,-0.035397,-0.098537,0.015466,0.36788,-0.18917,-0.13678,-0.074749,0.49841,0.42354,0.1398,-0.53223,-0.38139,-0.31103,-0.6968,-0.78018,0.0013129,-0.25963,-0.089629,0.23999,0.37615,0.23755,0.25906,0.28359,-0.059824,-0.05188,0.33739,0.16925,0.30574,0.31187,0.063385,-0.0058081,0.024219,-0.14531,-0.40964,-0.55431,0.71427,0.75588,0.28713,0.54856,0.31002,0.60389,0.010785,0.79312,0.60909,0,-0.15085,-0.050559,-0.16759,-0.19161,-0.45027,-0.4955,-0.24584,-0.34925,0.17599,-0.11092,0.0017951,-0.093523,0.14206,0.13174,0.33835,0.4459,-0.68734,-0.37291
-0.28067,-0.44803,-0.11447,-0.26047,-0.61511,-0.435,-0.70172,-0.72551,-0.14485,-0.42971,-0.26365,-0.78123,-0.12669,-0.30456,-0.24872,-0.21242,-0.23976,-0.1299,-0.32982,-0.18705,-0.34088,-0.23022,-0.37239,-0.41387,-0.26538,-0.14186,-0.29864,-0.20909,-0.74021,-0.51056,-0.38106,-0.52724,-0.083947,-0.1035,-0.12322,-0.313,-0.42727,-0.55071,-0.53356,-0.52136,-0.58367,-0.31872,-0.27612,-0.30626,-0.1697,-0.17191,0.1288,0.33777,-0.081543,-0.24831,-0.28908,-0.13775,-0.51442,-0.29643,-0.22959,-0.26266,-0.17748,0.4525,0.32509,-0.22677,-0.092314,-0.37028,-0.45092,-0.4527,-0.36493,-0.27943,-0.19178,-0.37586,-0.41409,-0.47169,-0.40623,-0.3895,-0.44176,-0.38589,-0.31349,-0.50973,-0.56057,-0.085044,-0.11468,-0.086276,-0.055945,-0.1767,-0.17502,-0.051568,-0.0003338,-0.093174,-0.15085,0,0.53877,-0.12116,0.019954,-0.083665,-0.13742,-0.48868,-0.51095,-0.49772,-0.50099,-0.19777,-0.4343,-0.47158,-0.23243,-0.26035,-0.19967,-0.30756,-0.2151
-0.45474,-0.49711,-0.077271,-0.18064,-0.72966,-0.38446,-0.91446,-0.62713,-0.30869,-0.37256,-0.3111,-0.62381,-0.053853,-0.097625,-0.2397,-0.14291,-0.15844,-0.039967,-0.24759,-0.10771,-0.15118,0.10964,-0.25854,-0.3258,-0.18045,-0.14043,-0.15056,-0.20962,-0.45871,-0.37956,-0.27035,-0.38106,0.063793,0.0534,-0.03723,-0.1317,-0.28729,-0.39585,-0.67087,-0.54583,-0.58019,-0.24657,-0.37897,-0.25186,-0.28909,-0.23025,0.10768,0.39681,-0.0074474,-0.12743,-0.1585,-0.026889,-0.4654,-0.18381,-0.12702,-0.21344,-0.17667,0.21262,0.45487,-0.30371,-0.10162,-0.13658,-0.19468,-0.34131,-0.26163,-0.3506,-0.2006,-0.1922,-0.17082,-0.27612,-0.25542,-0.47331,-0.48403,-0.50592,-0.44989,-0.60843,-0.55922,0.03904,0.069497,-0.071418,-0.012313,-0.14023,-0.1851,0.018886,0.1514,-0.11101,-0.050559,0.53877,0,-0.30487,-0.16612,-0.21915,-0.18087,-0.55638,-0.47512,-0.46424,-0.36558,-0.26101,-0.32178,-0.27261,-0.02752,-0.087767,0.019249,-0.29153,-0.28757
0.2086,0.21696,-0.18894,-0.25304,-0.39169,-0.53244,-0.52069,-0.60401,-0.10579,0.0042726,-0.20809,-0.2507,-0.050122,-0.20518,-0.13442,-0.22053,-0.020747,-0.055025,-0.089807,-0.077641,-0.26591,-0.44965,-0.10647,-0.12088,-0.22482,-0.054172,-0.68846,-0.40674,-0.40818,-0.12294,-0.038735,0.027549,-0.20865,-0.27362,-0.21692,-0.56021,-0.55296,-0.39356,-0.45045,-0.087322,-0.6178,-0.43062,0.16025,-0.19822,0.43521,0.21042,0.079518,-0.17517,-0.15269,-0.11135,-0.37825,-0.38804,-0.91134,-0.80194,-0.83872,-0.65647,-0.59735,0.094992,-0.30922,-0.04217,0.047377,-0.30019,-0.31383,-0.34387,-0.34184,0.32755,0.016712,-0.25245,-0.45528,-0.22138,-0.068043,0.35666,0.21506,0.3474,0.53632,-0.41326,-0.49191,-0.29536,-0.39072,-0.24608,-0.27848,-0.21579,-0.1324,-0.3501,-0.32197,-0.07015,-0.16759,-0.12116,-0.30487,0,0.47119,-0.50926,-0.65173,-0.39173,-0.60988,-0.38172,-0.68811,-0.31882,-0.68525,-0.26586,-0.34285,-0.24313,-0.29425,-0.498,-0.37968
0.27555,-0.056901,-0.20251,-0.21414,-0.51501,-0.73921,-0.51446,-0.71593,0.027438,-0.12178,-0.079118,-0.47976,0.048008,-0.18643,-0.29608,-0.37341,-0.12299,-0.022075,-0.26408,-0.19864,-0.35988,-0.48332,-0.29166,-0.32244,-0.33903,-0.11334,-0.64926,-0.32595,-0.46414,-0.14529,-0.1671,-0.10473,-0.16901,-0.1544,-0.18203,-0.53233,-0.56596,-0.44521,-0.22172,-0.06808,-0.59905,-0.48529,0.24536,-0.12945,0.54559,0.23546,-0.087997,-0.18825,-0.18028,-0.16815,-0.35861,-0.45463,-0.65166,-0.66562,-0.52748,-0.61107,-0.6303,0.306,-0.038869,-0.10744,-0.085504,-0.2762,-0.28014,-0.43748,-0.45224,0.041421,-0.19055,-0.30589,-0.50112,-0.25968,-0.093671,0.23458,0.16344,0.31745,0.53431,-0.21337,-0.53162,-0.27086,-0.2778,-0.17877,-0.22683,-0.33674,-0.11755,-0.48439,-0.27165,-0.067004,-0.19161,0.019954,-0.16612,0.47119,0,-0.28193,-0.65295,-0.48329,-0.75987,-0.4922,-0.7667,-0.40136,-0.66533,-0.3315,-0.30637,-0.33764,-0.37945,-0.49092,-0.44084
-0.33043,-0.52254,-0.32299,-0.39129,-0.18302,-0.24743,-0.18277,-0.44776,0.014071,-0.42297,-0.092032,-0.54719,-0.31219,-0.43586,-0.45138,-0.30057,-0.48247,-0.55273,-0.46732,-0.59673,-0.4584,-0.36234,-0.47543,-0.64508,-0.37426,-0.33852,-0.14631,-0.068392,-0.39731,-0.5566,-0.55033,-0.60401,-0.33148,-0.2755,-0.22996,-0.32517,-0.29559,-0.49773,-0.065996,-0.37927,-0.17944,-0.21879,-0.33096,-0.29508,-0.30736,-0.28091,-0.48427,-0.32,-0.26589,-0.4635,-0.36303,-0.31931,0.050404,-0.17564,0.088998,-0.022379,-0.11087,-0.20513,-0.21337,-0.28991,-0.34042,-0.60636,-0.64092,-0.53728,-0.30351,-0.65459,-0.58616,-0.33287,-0.33051,-0.5253,-0.5617,-0.4417,-0.40707,-0.44353,-0.48558,-0.0088271,-0.3216,-0.37965,-0.38755,-0.23052,-0.2999,-0.34322,-0.38457,-0.31659,-0.37669,-0.29717,-0.45027,-0.083665,-0.21915,-0.50926,-0.28193,0,0.27515,-0.2085,-0.29901,-0.53287,-0.62367,-0.30746,-0.5764,-0.53555,-0.38892,-0.56812,-0.57235,-0.22295,-0.27833
-0.7235,-0.37105,-0.32867,-0.42889,-0.057079,0.18468,-0.16839,-0.050582,-0.10892,-0.36649,-0.40152,-0.2632,-0.55333,-0.51775,-0.40955,-0.074934,-0.50703,-0.68054,-0.35594,-0.52887,-0.45736,-0.24554,-0.35735,-0.43683,-0.31513,-0.33819,-0.15187,-0.048126,-0.52233,-0.88416,-0.6577,-0.72983,-0.42931,-0.40164,-0.32915,-0.28643,-0.35094,-0.63389,-0.34341,-0.44775,-0.12839,-0.012773,-0.69641,-0.44496,-0.5791,-0.55319,-0.37277,-0.12751,-0.19096,-0.52016,-0.37488,-0.24584,0.049224,0.13476,-0.019294,0.034018,0.087077,-0.4723,-0.33814,-0.31334,-0.35772,-0.75083,-0.83502,-0.56427,-0.27967,-0.62804,-0.41068,-0.50519,-0.34388,-0.73979,-0.82976,-0.71575,-0.7022,-0.646,-0.77111,-0.19448,0.0397,-0.41438,-0.44679,-0.40494,-0.40065,-0.33078,-0.59627,-0.04128,-0.35551,-0.47267,-0.4955,-0.13742,-0.18087,-0.65173,-0.65295,0.27515,0,-0.0428,0.14458,-0.39737,-0.21965,-0.17171,-0.2175,-0.57711,-0.34309,-0.54483,-0.44322,-0.030376,0.0031525
-0.17852,-0.2597,-0.14825,-0.062969,0.12428,-0.25355,0.13423,-0.16167,-0.085942,-0.20043,-0.24155,-0.18281,-0.40809,-0.35884,-0.41387,-0.38283,-0.32044,-0.39419,-0.19979,-0.26487,-0.4197,-0.48959,-0.22995,-0.23687,-0.15065,-0.13132,-0.44865,-0.12551,-0.23466,-0.32164,-0.34155,-0.35213,-0.37759,-0.31274,-0.37466,-0.31966,-0.22114,-0.23071,-0.078739,-0.11328,-0.078005,-0.15485,-0.38987,-0.411,-0.33435,-0.27761,-0.52446,-0.44684,-0.28102,-0.34852,-0.37617,-0.20751,-0.0083153,-0.30682,-0.24894,-0.40578,-0.39601,-0.47199,-0.65191,-0.25079,-0.32676,-0.50794,-0.48108,-0.3336,-0.18032,-0.37187,-0.32111,-0.36266,-0.54937,-0.45586,-0.35879,-0.32748,-0.30702,-0.1989,-0.34912,-0.17531,-0.15427,-0.40844,-0.36202,-0.35257,-0.38244,-0.17948,-0.30227,-0.20747,-0.26216,-0.38652,-0.24584,-0.48868,-0.55638,-0.39173,-0.48329,-0.2085,-0.0428,0,0.26291,0.060551,-0.050737,0.026518,0.055826,-0.23062,-0.23163,-0.25798,-0.41187,-0.12931,-0.217
-0.57723,-0.10914,-0.28105,-0.26604,0.2384,0.26328,-0.048549,0.10704,-0.26174,-0.36912,-0.5933,0.0049625,-0.55759,-0.37814,-0.26096,-0.075453,-0.30587,-0.55014,-0.10794,-0.31106,-0.27149,-0.26374,-0.08187,0.017669,-0.15769,-0.25903,-0.2307,-0.066723,-0.23865,-0.46284,-0.50636,-0.56894,-0.45221,-0.34866,-0.57337,-0.42828,-0.35874,-0.50461,-0.31123,-0.28633,0.076403,0.16477,-0.80489,-0.56943,-0.52045,-0.50513,-0.50684,-0.40036,-0.27418,-0.35264,-0.26308,-0.23522,0.12751,-0.017224,-0.24354,-0.12965,-0.16973,-0.64235,-0.6063,-0.15901,-0.32956,-0.48233,-0.53291,-0.44465,-0.24929,-0.49143,-0.36815,-0.55988,-0.44293,-0.59287,-0.65364,-0.57845,-0.62059,-0.3877,-0.59519,-0.17004,0.13144,-0.36595,-0.38774,-0.44463,-0.39156,-0.2396,-0.4664,-0.049098,-0.26819,-0.46442,-0.34925,-0.51095,-0.47512,-0.60988,-0.75987,-0.29901,0.14458,0.26291,0,-0.085979,0.29004,-0.15178,0.24857,-0.32807,-0.26464,-0.33327,-0.31508,0.0024627,0.064972
-0.21741,-0.41638,0.0079741,0.079088,-0.22867,-0.36561,-0.14555,-0.39503,-0.25063,-0.11582,0.11331,-0.16384,-0.072434,0.026563,-0.12259,-0.27472,-0.0059416,0.062109,-0.0091164,0.11497,-0.10359,-0.26008,-0.14932,-0.18066,0.22952,0.18042,-0.41932,-0.44684,-0.23074,-0.059854,0.19239,-0.0024924,-0.032356,-0.046732,-0.039677,0.11124,0.25578,0.23422,-0.0074103,-0.056775,-0.28017,-0.24164,-0.13187,-0.060269,-0.29976,-0.10446,-0.37503,-0.3106,-0.30424,-0.048794,0.040738,-0.047511,-0.36567,-0.35834,-0.36456,-0.52015,-0.48934,-0.52196,-0.54218,-0.35895,-0.32853,-0.071685,-0.071047,0.11827,0.12031,-0.16984,-0.13883,0.0091757,-0.11953,0.055722,0.034448,-0.11813,-0.13,-0.14933,-0.31501,-0.2628,-0.30679,0.13242,0.14382,0.12497,0.10175,-0.063488,-0.014606,-0.08296,0.11911,0.082723,0.17599,-0.49772,-0.46424,-0.38172,-0.4922,-0.53287,-0.39737,0.060551,-0.085979,0,0.23858,0.43314,0.25714,0.051331,-0.012907,0.15215,0.013255,-0.61791,-0.41593
-0.57981,-0.35288,-0.11349,-0.042971,-0.13887,-0.030094,-0.16599,-0.021571,-0.40683,-0.33655,-0.42343,-0.062124,-0.36265,-0.16306,-0.10956,-0.14551,-0.192,-0.22924,-0.12849,-0.095578,-0.12494,-0.19851,-0.12051,-0.0085378,-0.019865,-0.1543,-0.17914,-0.25605,-0.26894,-0.31537,-0.26456,-0.32245,-0.25953,-0.20537,-0.3529,-0.15687,-0.17239,-0.19072,-0.25627,-0.22885,-0.10435,-0.066099,-0.59848,-0.36143,-0.53118,-0.44472,-0.45164,-0.25408,-0.2154,-0.21206,-0.066144,-0.0054149,-0.08385,-0.0019064,-0.2576,-0.2774,-0.29657,-0.65396,-0.44027,-0.21491,-0.34319,-0.15261,-0.18027,-0.074222,-0.04984,-0.3898,-0.19486,-0.30778,-0.18047,-0.24622,-0.34091,-0.47348,-0.49149,-0.41764,-0.5836,-0.3012,-0.031221,-0.050404,-0.0451,-0.27176,-0.1786,-0.13541,-0.26948,0.041806,-0.011512,-0.26651,-0.11092,-0.50099,-0.36558,-0.68811,-0.7667,-0.62367,-0.21965,-0.050737,0.29004,0.23858,0,0.030524,0.94296,-0.18048,-0.10488,-0.045374,0.012195,-0.22126,-0.052221
-0.20606,-0.40978,0.038847,0.029664,-0.19337,-0.32352,-0.1517,-0.39765,-0.11374,-0.23129,0.097284,-0.33721,-0.17217,-0.20411,-0.2227,-0.27774,-0.17611,-0.086409,-0.19192,-0.10938,-0.28655,-0.30838,-0.29334,-0.34666,0.0081892,0.087322,-0.46839,-0.3864,-0.48557,-0.32858,0.084533,-0.15131,-0.04915,-0.10687,0.089369,0.16524,0.048364,0.031006,-0.15133,-0.25527,-0.32121,-0.32169,-0.087485,-0.019954,-0.27561,-0.13584,-0.24544,-0.12431,-0.13454,-0.17932,-0.17037,0.021066,-0.35958,-0.29355,-0.31645,-0.3205,-0.20963,-0.33118,-0.32324,-0.32018,-0.34644,-0.37948,-0.3737,-0.07193,-0.01919,-0.21603,-0.10064,-0.14981,-0.21761,-0.18619,-0.16757,-0.15405,-0.17988,-0.29098,-0.39128,-0.25035,-0.31786,0.044914,-0.0034715,0.2736,0.13174,-0.010029,-0.12097,0.077256,0.015726,0.091646,0.0017951,-0.19777,-0.26101,-0.31882,-0.40136,-0.30746,-0.17171,0.026518,-0.15178,0.43314,0.030524,0,0.047971,-0.17079,-0.19919,0.053304,-0.15417,-0.49312,-0.32521
-0.52013,-0.40582,-0.12813,-0.046813,-0.14477,-0.14465,-0.11558,-0.042793,-0.37236,-0.31381,-0.37151,-0.12374,-0.35762,-0.18496,-0.2488,-0.24057,-0.21535,-0.19553,-0.17137,-0.093575,-0.2568,-0.28268,-0.21073,-0.10371,-0.09106,-0.16079,-0.32172,-0.20517,-0.30681,-0.35361,-0.29002,-0.39887,-0.25854,-0.18899,-0.32198,-0.14335,-0.14405,-0.17923,-0.16665,-0.17424,-0.15729,-0.10088,-0.56002,-0.41792,-0.50389,-0.44297,-0.48697,-0.23767,-0.3109,-0.23601,-0.098975,-0.12744,-0.10478,-0.048519,-0.22675,-0.39612,-0.36837,-0.5724,-0.39119,-0.32615,-0.41586,-0.21362,-0.23077,-0.18524,-0.17893,-0.44134,-0.28023,-0.35056,-0.30366,-0.32939,-0.36184,-0.51767,-0.52589,-0.37747,-0.55281,-0.27337,-0.016786,-0.090919,-0.009784,-0.25925,-0.19027,-0.20628,-0.27211,-0.040404,0.014242,-0.30029,-0.093523,-0.4343,-0.32178,-0.68525,-0.66533,-0.5764,-0.2175,0.055826,0.24857,0.25714,0.94296,0.047971,0,-0.22211,-0.11773,-0.097551,-0.10224,-0.27678,-0.1535
-0.30229,-0.28157,-0.057925,-0.010926,-0.4943,-0.41053,-0.56912,-0.59892,-0.34625,-0.22341,-0.1625,-0.21554,0.20313,0.29947,-0.003605,-0.14405,0.22594,0.12583,0.079919,0.10585,0.37457,0.2613,0.11539,0.039166,0.10147,-0.015956,-0.095162,-0.25,0.059231,0.28673,0.2625,0.15844,0.31343,0.35368,-0.023566,-0.088583,0.12566,0.055388,-0.31726,-0.27975,-0.27443,-0.1444,-0.2919,-0.18498,-0.18805,-0.032638,-0.36937,-0.50118,0.044544,0.37277,0.27127,-0.033758,-0.27492,-0.24463,-0.21302,-0.39551,-0.67317,-0.30192,-0.47734,-0.21218,-0.12164,0.31975,0.24565,0.13803,0.05837,-0.25151,-0.30514,0.14365,0.021682,0.18861,0.14539,-0.12371,-0.14499,-0.17461,-0.31411,-0.31959,-0.51361,0.11183,0.074133,0.014561,0.081135,-0.095088,-0.046398,-0.21476,0.060833,0.094784,0.14206,-0.47158,-0.27261,-0.26586,-0.3315,-0.53555,-0.57711,-0.23062,-0.32807,0.051331,-0.18048,-0.17079,-0.22211,0,0.36251,0.38778,0.18362,-0.29651,-0.46305
-0.44706,-0.38704,0.018218,-0.031177,-0.57292,-0.31811,-0.60779,-0.56942,-0.1757,-0.15277,-0.14553,-0.26967,0.17829,0.32889,-0.019197,0.020614,0.16933,0.12516,0.11003,0.18248,0.24097,0.31183,0.11363,-0.060536,0.25614,0.088627,0.019353,-0.1201,-0.21686,-0.092974,-0.051791,-0.027728,0.25131,0.29928,-0.013026,-0.062628,0.021482,-0.14408,-0.25969,-0.23795,-0.30247,0.036169,-0.38689,-0.18308,-0.21187,-0.0769,-0.29036,-0.11773,0.12964,0.10748,0.23996,0.076017,-0.22541,-0.08655,-0.051857,-0.36065,-0.5405,-0.27607,-0.27054,-0.19298,-0.07443,0.24703,0.21898,-0.058964,0.093122,-0.31124,-0.22735,0.098975,-0.026103,0.074059,0.051702,-0.30088,-0.25064,-0.25807,-0.34617,-0.42758,-0.47804,0.15518,0.13643,-0.13721,-0.011987,-0.12882,-0.12355,-0.03967,0.23289,-0.00080112,0.13174,-0.23243,-0.02752,-0.34285,-0.30637,-0.38892,-0.34309,-0.23163,-0.26464,-0.012907,-0.10488,-0.19919,-0.11773,0.36251,0,0.20113,0.37072,-0.21963,-0.25508
-0.24948,-0.33007,0.28449,0.1806,-0.38819,-0.34833,-0.61278,-0.68374,-0.4732,-0.3,-0.17319,-0.29184,0.25633,0.28472,0.23195,-0.088123,0.29437,0.28757,0.069653,0.22324,0.28731,0.077886,0.088961,0.060581,0.18038,0.067064,-0.13111,-0.29403,-0.11368,0.17031,0.38755,0.15206,0.45576,0.28394,0.10783,-0.01511,0.0048067,0.084006,-0.46577,-0.33435,-0.43196,-0.2756,-0.22493,-0.17903,-0.1525,0.044039,-0.27169,-0.21859,0.092477,0.42208,0.2161,0.24367,-0.43233,-0.35321,-0.23989,-0.36401,-0.52415,-0.14374,-0.23062,-0.048163,-0.015162,0.20655,0.17516,0.21404,0.19688,-0.19308,-0.086877,0.24211,0.10892,0.30753,0.18478,-0.10472,-0.09287,-0.2422,-0.35963,-0.61736,-0.73078,0.49233,0.32299,0.17011,0.23971,0.32229,0.17056,0.19363,0.32503,0.30451,0.33835,-0.26035,-0.087767,-0.24313,-0.33764,-0.56812,-0.54483,-0.25798,-0.33327,0.15215,-0.045374,0.053304,-0.097551,0.38778,0.20113,0,0.42437,-0.40016,-0.43507
-0.36175,-0.36206,0.34475,0.23167,-0.60468,-0.28139,-0.85081,-0.62974,-0.37792,-0.087581,-0.19605,-0.24187,0.26729,0.46926,0.36845,-0.010659,0.29501,0.3739,0.25455,0.46526,0.54707,0.18276,0.20303,0.06311,0.45717,0.2692,0.047577,-0.30579,-0.18866,0.070795,0.076366,0.14241,0.28952,0.23719,0.016586,-0.041895,-0.094947,-0.037808,-0.50834,-0.18606,-0.51569,-0.13898,-0.27992,-0.10545,-0.2185,0.022179,-0.11101,-0.030049,0.098953,0.27371,0.32108,0.37888,-0.4488,-0.17765,-0.23462,-0.43087,-0.53894,-0.1744,-0.20101,-0.019101,0.23453,0.50427,0.39236,0.34705,0.4056,-0.085163,0.076751,0.26599,0.34708,0.37463,0.22818,-0.14692,-0.13876,-0.25774,-0.32069,-0.63332,-0.56121,0.54195,0.39626,-0.022758,0.22176,0.27067,0.21409,0.16171,0.466,0.22657,0.4459,-0.19967,0.019249,-0.29425,-0.37945,-0.57235,-0.44322,-0.41187,-0.31508,0.013255,0.012195,-0.15417,-0.10224,0.18362,0.37072,0.42437,0,-0.38347,-0.16838
-0.55786,-0.23833,-0.38516,-0.38933,-0.16366,-0.011668,-0.22414,-0.047822,-0.23031,-0.66594,-0.88714,-0.3722,-0.62742,-0.61295,-0.38722,-0.25427,-0.5786,-0.70586,-0.46675,-0.61863,-0.35519,-0.18449,-0.26251,-0.20079,-0.53938,-0.62689,0.060566,0.025658,-0.41759,-0.55494,-0.80648,-0.6007,-0.48959,-0.43182,-0.65449,-0.58833,-0.68991,-0.78302,-0.49923,-0.65253,0.093864,-0.1144,-0.86782,-0.60601,-0.55619,-0.67856,-0.43748,-0.42893,0.022313,-0.50418,-0.50046,-0.23235,0.26631,0.14062,0.040115,0.13569,-0.065766,-0.36415,-0.3352,-0.10172,-0.3238,-0.50939,-0.48865,-0.48299,-0.44734,-0.60442,-0.46286,-0.66131,-0.5257,-0.67407,-0.68578,-0.69477,-0.65221,-0.64012,-0.6045,-0.34518,-0.19958,-0.62788,-0.6876,-0.73347,-0.63339,-0.35882,-0.6227,-0.18431,-0.52182,-0.69095,-0.68734,-0.30756,-0.29153,-0.498,-0.49092,-0.22295,-0.030376,-0.12931,0.0024627,-0.61791,-0.22126,-0.49312,-0.27678,-0.29651,-0.21963,-0.40016,-0.38347,0,0.16329
-0.43082,-0.12467,-0.12901,-0.15814,-0.19834,0.052206,-0.32422,-0.15785,-0.015325,-0.26639,-0.57436,-0.12259,-0.49737,-0.3989,-0.14659,-0.099242,-0.37781,-0.46776,-0.13229,-0.31668,-0.22263,-0.27669,-0.047474,-0.089829,-0.19847,-0.23862,0.042452,0.0010385,-0.48903,-0.59548,-0.71744,-0.51782,-0.51573,-0.41665,-0.58668,-0.57732,-0.62964,-0.61769,-0.38954,-0.23912,-0.083361,0.085304,-0.61319,-0.54115,-0.36021,-0.44064,-0.17586,-0.2228,-0.089873,-0.44466,-0.32454,-0.082693,0.0034789,0.054372,-0.21316,-0.16214,-0.21606,-0.3269,-0.42179,0.14232,0.03559,-0.38687,-0.38521,-0.32985,-0.29879,-0.33047,-0.22873,-0.48728,-0.3119,-0.51265,-0.52948,-0.44399,-0.46451,-0.44239,-0.42291,-0.21723,0.019249,-0.35752,-0.48236,-0.498,-0.33561,-0.10156,-0.35942,-0.026088,-0.33169,-0.36857,-0.37291,-0.2151,-0.28757,-0.37968,-0.44084,-0.27833,0.0031525,-0.217,0.064972,-0.41593,-0.052221,-0.32521,-0.1535,-0.46305,-0.25508,-0.43507,-0.16838,0.16329,0
