,,,,,,,,,,,,,,,,,,,,,,,,,,,,,,,,,,,,,,,,,,,,,,,,,,,,,,,,,,,,,,,,,,,,,,,,,,,,,,,,,,,,,,,,,,,,,,,,,,,,,,,,
0,0.030048,-0.13301,-0.1216,0.077386,-0.1549,0.034724,-0.15047,-0.15199,-0.23826,-0.17402,-0.18972,0.045916,0.016628,-0.3322,-0.2169,-0.24159,-0.18595,-0.023646,-0.15369,-0.18522,-0.14683,0.10466,-0.14946,0.060134,-0.048106,0.013671,0.07217,-0.23647,0.057739,0.036686,0.023593,0.016286,0.018947,-0.2898,-0.32674,-0.23001,-0.32223,-0.061245,-0.11554,0.016127,-0.0062803,-0.034329,0.10534,-0.058082,0.014423,-0.41712,-0.36792,0.11911,-0.12097,-0.15042,-0.27683,0.094136,-0.1188,0.021023,0.17335,0.063145,-0.27475,0.019578,0.07579,-0.022513,-0.37687,-0.094661,-0.25844,-0.12701,-0.37035,-0.2795,-0.14753,-0.21021,-0.38469,-0.19805,-0.28311,-0.29911,-0.15896,-0.2648,-0.064369,-0.29429,-0.2643,-0.24216,-0.32487,-0.18425,-0.25088,-0.075942,0.055375,0.014887,-0.082967,-0.070171,-0.29583,-0.11342,-0.14113,-0.10445,-0.17431,-0.10414,-0.020065,-0.16226,0.023829,-0.16662,-0.12513,-0.22154,-0.28279,-0.18725,-0.3064,-0.21813,-0.22694,-0.26156
0.030048,0,-0.14824,-0.10359,-0.26727,0.5029,-0.25276,0.59931,-0.10755,-0.0040754,-0.38892,0.25058,-0.37029,-0.24675,-0.39622,-0.39097,-0.36546,-0.26722,-0.11273,-0.33568,-0.13481,0.016195,-0.012173,0.24039,-0.27021,-0.26602,0.039682,0.10466,-0.10695,0.0028893,-0.15912,-0.22351,-0.54173,-0.63925,-0.69766,-0.73308,-0.63167,-0.70006,-0.21547,0.0090631,-0.094653,0.024863,-0.47542,-0.095148,-0.029204,-0.23635,-0.23014,-0.20578,0.066932,-0.39319,-0.19962,-0.32289,-0.26019,0.28426,-0.31183,-0.13208,-0.33314,-0.29329,-0.19797,-0.13308,-0.076002,-0.31936,-0.18194,-0.38089,-0.21546,-0.27041,-0.25318,-0.27809,-0.14869,-0.40182,-0.39678,-0.26854,-0.41629,-0.10751,-0.27862,-0.059648,0.086693,-0.5898,-0.52207,-0.52171,-0.51807,-0.1488,-0.20834,-0.17094,-0.34622,-0.42889,-0.42617,-0.25891,-0.19385,-0.10853,-0.086746,-0.33103,-0.11978,-0.20483,0.25895,-0.0048965,0.019837,-0.1066,-0.066263,-0.11307,0.063951,-0.48539,-0.35187,-0.2667,-0.085788
-0.13301,-0.14824,0,0.96069,0.13137,-0.08448,0.039271,-0.0051094,0.036123,0.097147,0.24051,-0.0049421,-0.14474,0.011382,-0.027562,-0.14949,-0.032603,0.41152,0.20289,0.30752,-0.42422,-0.34043,-0.073341,-0.21776,0.01126,0.17873,-0.39822,-0.35359,-0.84374,-0.3831,-0.34885,-0.45166,-0.24804,-0.23503,-0.23231,-0.2462,-0.0047825,-0.041772,0.44569,0.45683,-0.32869,0.22657,-0.27498,-0.22395,-0.20788,-0.13657,0.19855,0.34635,-0.55513,-0.092281,-0.23264,-0.23592,0.19191,0.06364,0.17279,-0.44801,-0.33046,0.15067,0.1856,0.38996,-0.029668,-0.57466,-0.45288,-0.072277,-0.1514,0.039613,0.15846,-0.43233,-0.3492,-0.35739,-0.44898,-0.12909,-0.30966,-0.12877,-0.17789,0.55308,0.30774,0.12287,0.30008,0.21377,0.29006,0.36611,0.53301,0.45834,0.37719,0.26633,0.54023,0.27794,0.11034,-0.25037,-0.096691,-0.0098387,0.052022,0.17183,0.13903,0.21732,0.11615,0.13646,0.10106,-0.29015,-0.32996,-0.20734,-0.017776,-0.20887,-0.034321
-0.1216,-0.10359,0.96069,0,0.1212,-0.048646,0.051315,0.065343,0.06126,0.17907,0.2414,0.060864,-0.24771,-0.10755,-0.0019464,-0.14355,-0.12761,0.32279,0.10092,0.24612,-0.40703,-0.32232,-0.13767,-0.20928,-0.10303,0.077333,-0.3264,-0.31656,-0.69325,-0.31964,-0.37902,-0.40658,-0.34464,-0.29292,-0.21626,-0.18202,-0.033394,-0.012485,0.34309,0.36506,-0.33479,0.1613,-0.21656,-0.10531,-0.19623,-0.12327,0.15752,0.29049,-0.48575,-0.23186,-0.39507,-0.1445,0.18487,0.16831,0.18722,-0.43639,-0.2824,0.14909,0.27176,0.37365,0.045331,-0.4306,-0.31123,0.025091,0.0021365,0.056736,0.24747,-0.2669,-0.28243,-0.29684,-0.30671,-0.099405,-0.31162,-0.12067,-0.16762,0.47242,0.36743,0.0084244,0.18905,0.076109,0.1148,0.44865,0.58851,0.30139,0.29903,0.068795,0.32914,0.28986,0.24941,-0.24145,-0.095862,-0.1651,-0.038594,0.071494,0.07769,0.22096,0.10171,0.25967,0.099588,-0.14275,-0.20252,-0.19893,-0.053679,-0.23884,-0.036298
0.077386,-0.26727,0.13137,0.1212,0,-0.031037,0.21562,-0.12672,-0.031143,-0.042487,0.14006,-0.071228,-0.099611,0.034032,-0.14119,-0.07233,-0.24316,0.19523,0.0953,0.2069,-0.41239,-0.20891,-0.18669,-0.20216,-0.24673,-0.1073,-0.35911,-0.34563,-0.57349,-0.25377,-0.21381,-0.31421,-0.11168,-0.077272,-0.068931,0.028687,0.13557,-0.028695,-0.036427,-0.014834,-0.35541,-0.086738,-0.13849,-0.12446,-0.37494,-0.26251,-0.30174,-0.32721,-0.28333,-0.13875,-0.23771,-0.064552,0.2437,0.046563,0.56038,-0.2765,-0.1883,-0.18779,-0.010333,0.16925,-0.025235,-0.38595,-0.18436,-0.31261,-0.21251,-0.26508,-0.15804,-0.17181,-0.25263,-0.55382,-0.27026,-0.36431,-0.35037,-0.24763,-0.37772,0.11552,-0.1114,-0.017518,0.038952,0.095178,0.082313,-0.15834,0.19899,0.0056188,0.11441,0.13633,0.26635,-0.24006,-0.14786,-0.45063,-0.41531,-0.41272,-0.14643,0.32198,-0.050243,-0.072459,-0.021631,-0.18656,-0.0054668,-0.33315,-0.25634,-0.0057633,0.13735,-0.051991,0.060363
-0.1549,0.5029,-0.08448,-0.048646,-0.031037,0,-0.25379,0.39565,-0.12748,0.00074512,-0.24037,0.32649,-0.55651,-0.33241,-0.11739,-0.1815,-0.46546,-0.21349,-0.20188,-0.31888,-0.22772,-0.045726,-0.28307,0.10831,-0.48058,-0.31228,-0.08873,-0.029212,-0.34272,-0.26822,-0.20345,-0.35649,-0.72101,-0.72376,-0.41989,-0.41457,-0.3593,-0.49421,-0.17811,-0.062073,-0.16641,-0.01786,-0.33811,-0.048965,-0.17062,-0.35369,-0.15906,-0.15987,-0.09936,-0.59558,-0.34699,-0.16432,-0.15896,0.60759,-0.12652,-0.30187,-0.4039,-0.20836,-0.11279,-0.0035964,0.14764,-0.25546,-0.17429,-0.30414,-0.17711,-0.1776,-0.14185,-0.24436,-0.16073,-0.50527,-0.44691,-0.21773,-0.38125,-0.1164,-0.33946,-0.044373,0.11036,-0.38632,-0.37496,-0.37166,-0.42721,-0.11879,-0.045255,-0.21662,-0.38293,-0.34699,-0.37562,-0.18315,-0.1548,-0.26735,-0.23473,-0.41497,-0.02979,0.043384,0.44221,-0.03163,0.14345,-0.13624,0.22234,0.020339,0.038381,-0.18773,-0.053367,-0.13116,0.17393
0.034724,-0.25276,0.039271,0.051315,0.21562,-0.25379,0,-0.063518,-0.10112,-0.23317,0.040092,-0.30406,-0.22243,-0.23717,-0.25878,-0.24733,-0.29367,-0.14845,-0.14681,-0.16692,-0.41519,-0.28469,-0.27318,-0.41154,-0.070247,-0.28186,-0.13925,-0.34328,-0.41821,-0.24551,-0.56258,-0.44938,-0.1622,-0.20347,-0.33433,-0.29699,-0.039849,-0.14296,0.11551,-0.12256,-0.063982,-0.18785,-0.27474,-0.26175,-0.44596,-0.4193,-0.18709,-0.24653,-0.24603,-0.29784,-0.38641,-0.094395,0.36134,0.044897,0.20823,-0.11788,-0.11973,-0.27681,-0.22663,-0.063145,-0.27969,-0.35873,-0.15608,-0.33128,-0.090662,-0.32008,-0.24902,-0.15553,-0.10192,-0.46347,-0.1896,-0.45364,-0.52375,-0.3302,-0.40587,0.16017,-0.15394,-0.15343,-0.087134,-0.11283,-0.088244,-0.14253,-0.064765,-0.081424,0.04914,-0.1136,0.012523,-0.1991,-0.11007,-0.37259,-0.37877,-0.38886,-0.28504,0.11273,-0.12707,0.10693,-0.049338,0.14969,-0.13177,-0.4867,-0.27751,-0.42973,-0.23169,-0.10452,-0.037682
-0.15047,0.59931,-0.0051094,0.065343,-0.12672,0.39565,-0.063518,0,-0.025319,0.1291,-0.22391,0.16424,-0.43146,-0.26819,-0.41605,-0.40069,-0.44331,-0.1012,-0.1561,-0.26289,-0.15955,0.035424,-0.18532,0.07842,-0.30938,-0.2821,-0.066225,-0.14033,-0.2004,-0.083454,-0.4137,-0.36246,-0.58989,-0.72905,-0.82558,-0.56783,-0.49597,-0.45617,-0.11139,0.10403,-0.25448,0.0048129,-0.66166,-0.19972,-0.27196,-0.4542,-0.17245,-0.10563,-0.12139,-0.37134,-0.19902,-0.31871,-0.18009,0.52152,-0.27247,-0.22045,-0.33299,-0.36456,-0.25906,-0.15518,-0.17857,-0.29104,-0.12586,-0.37467,-0.13595,-0.30374,-0.18837,-0.17456,-0.15127,-0.29574,-0.27416,-0.32642,-0.49523,-0.24179,-0.40591,0.082404,0.33096,-0.50287,-0.36271,-0.3706,-0.4351,-0.13087,-0.15233,-0.21979,-0.25605,-0.39219,-0.33611,-0.2095,-0.094935,-0.39204,-0.29281,-0.45684,-0.23157,-0.14575,0.2816,0.12088,0.18082,-0.02246,-0.0028208,-0.15193,0.06164,-0.43124,-0.23896,-0.29784,0.071752
-0.15199,-0.10755,0.036123,0.06126,-0.031143,-0.12748,-0.10112,-0.025319,0,0.56182,0.27182,-0.034055,-0.11847,-0.14459,-0.43682,-0.13732,-0.22264,0.12158,0.14222,0.1042,-0.52996,-0.16808,0.041453,0.10654,-0.062317,0.050364,-0.44474,-0.48136,-0.30936,-0.13491,-0.096242,-0.028292,-0.34119,-0.3991,-0.36107,-0.40472,-0.23058,-0.21431,0.12817,0.10677,-0.3808,-0.15111,-0.33654,-0.33819,0.066316,0.02487,0.1352,-0.19023,-0.22362,-0.0078466,-0.21425,-0.39161,-0.11784,0.03807,-0.12447,-0.47532,-0.57272,0.045726,-0.20424,-0.083089,-0.27255,-0.44044,-0.21174,-0.36624,-0.35423,-0.047954,-0.082572,-0.057876,-0.45892,-0.093498,-0.025121,0.22132,0.10301,0.24853,0.20095,0.20907,-0.027623,-0.46705,-0.29348,-0.11573,-0.27192,-0.2236,-0.070042,-0.025114,-0.13943,-0.16702,-0.10673,0.0076489,-0.13026,-0.151,0.062385,-0.42702,-0.29655,0.074687,-0.03753,0.08867,-0.042267,-0.089818,-0.37804,-0.15506,-0.080397,-0.0040297,-0.033652,-0.59711,-0.25033
-0.23826,-0.0040754,0.097147,0.17907,-0.042487,0.00074512,-0.23317,0.1291,0.56182,0,0.17665,0.20312,-0.21911,-0.20665,-0.30121,-0.10642,-0.23396,0.20678,0.19375,0.23001,-0.25745,0.042563,-0.0031173,0.14465,-0.16005,0.098227,-0.32708,-0.33881,-0.29166,-0.12983,-0.16799,-0.037058,-0.38081,-0.49912,-0.34294,-0.32163,-0.24443,-0.25352,-0.052698,0.24444,-0.47316,0.028261,-0.42185,-0.2124,-0.028315,-0.093209,0.091855,-0.14993,-0.19116,-0.027212,-0.20607,-0.38289,-0.2007,0.15667,-0.068551,-0.483,-0.5769,0.027798,-0.167,-0.040039,-0.13148,-0.20765,-0.07953,-0.20928,-0.18324,-0.13618,-0.095064,-0.04622,-0.35195,0.055671,0.016514,0.061001,-0.033667,-0.00014446,-0.04911,0.10162,0.17381,-0.41329,-0.22454,-0.16353,-0.27076,-0.13865,-0.029714,0.090776,-0.06348,-0.17815,-0.039818,0.061161,0.026148,-0.33988,-0.12039,-0.34793,-0.093581,0.038739,0.053291,0.060286,-0.025152,0.0082192,-0.25925,-0.060233,0.045049,0.045338,0.072885,-0.55133,-0.18179
-0.17402,-0.38892,0.24051,0.2414,0.14006,-0.24037,0.040092,-0.22391,0.27182,0.17665,0,-0.29509,0.016324,-0.042168,-0.17393,-0.08045,-0.22534,0.23363,-0.15163,0.091582,-0.70127,-0.48325,-0.37236,-0.4288,-0.09498,-0.008683,-0.5678,-0.69866,-0.66525,-0.30235,-0.16295,-0.10023,-0.13099,-0.064484,-0.029197,-0.10858,0.27717,0.21087,0.37913,0.13465,-0.48252,-0.18156,-0.10356,-0.26745,-0.14671,-0.059184,0.12321,-0.092562,-0.50854,-0.060439,-0.27076,-0.36375,0.073881,-0.060089,0.15764,-0.6171,-0.50795,0.13305,-0.0565,0.040799,-0.22918,-0.39977,-0.30471,-0.20498,-0.26496,-0.17071,-0.13402,0.087096,-0.36007,-0.064894,0.031424,0.10027,0.075676,-0.016248,-0.011701,0.23282,-0.01104,-0.043324,0.21026,0.052881,0.009276,-0.12174,0.16399,0.030869,0.20434,0.028322,0.15938,0.083537,-0.053862,-0.39961,-0.15016,-0.23499,-0.23862,0.20949,-0.13269,0.090867,-0.10597,-0.068232,-0.27572,-0.38466,-0.44126,0.15544,0.090814,-0.32686,-0.30614
-0.18972,0.25058,-0.0049421,0.060864,-0.071228,0.32649,-0.30406,0.16424,-0.034055,0.20312,-0.29509,0,-0.56216,-0.36341,-0.11844,-0.18134,-0.49402,-0.19596,0.18104,-0.046076,-0.063335,0.0028512,0.033911,0.16465,-0.39477,-0.24793,-0.14433,0.063168,-0.31656,-0.32617,-0.3556,-0.46041,-0.69447,-0.74802,-0.331,-0.4035,-0.52109,-0.66403,-0.21912,0.17272,-0.19832,0.068255,-0.43156,-0.1225,-0.15386,-0.33555,-0.11147,-0.14528,-0.058006,-0.36453,-0.3106,-0.089552,-0.10854,0.26433,0.022468,-0.26902,-0.37655,-0.19593,-0.066536,0.034838,0.10589,-0.16679,-0.16605,-0.19453,-0.10262,-0.05872,-0.02633,-0.42643,0.043795,-0.44413,-0.43076,-0.16298,-0.38968,-0.10776,-0.22105,0.088578,0.29565,-0.51786,-0.46493,-0.43376,-0.42311,-0.1802,-0.15395,0.021426,-0.28412,-0.35058,-0.20649,-0.088624,-0.063928,-0.1759,-0.1849,-0.3303,-0.0091316,-0.078953,0.15705,-0.15989,-0.087567,-0.047718,-0.043993,0.088654,0.18752,-0.26757,-0.19592,-0.15668,0.1371
0.045916,-0.37029,-0.14474,-0.24771,-0.099611,-0.55651,-0.22243,-0.43146,-0.11847,-0.21911,0.016324,-0.56216,0,0.61771,-0.59332,-0.48468,0.16257,0.083469,-0.022916,0.047688,-0.56992,-0.46102,-0.074976,-0.36325,0.16238,0.059686,-0.59426,-0.55706,-0.39527,-0.044776,0.23507,0.20257,0.63101,0.5695,-0.1944,-0.28766,-0.06088,-0.097763,-0.12472,-0.12737,-0.54522,-0.32565,-0.098022,-0.3916,-0.034952,0.14985,-0.28083,-0.45063,-0.40471,0.59657,0.23898,-0.6375,-0.32011,-0.64218,-0.17681,-0.36348,-0.31766,-0.12929,-0.26773,-0.2904,-0.53192,-0.59572,-0.51432,-0.43838,-0.62523,-0.36632,-0.48011,-0.10642,-0.60182,-0.19439,-0.094068,-0.20903,0.083188,-0.12969,-0.08188,-0.27395,-0.46223,-0.028216,-0.0016651,0.013465,0.065137,-0.28433,-0.169,-0.02671,0.17171,0.2118,0.11681,-0.32306,-0.48463,-0.19134,-0.12627,-0.13567,-0.32526,-0.22187,-0.42273,-0.30515,-0.39867,-0.58225,-0.6603,-0.75124,-0.60857,-0.15568,-0.23644,-0.37693,-0.71021
0.016628,-0.24675,0.011382,-0.10755,0.034032,-0.33241,-0.23717,-0.26819,-0.14459,-0.20665,-0.042168,-0.36341,0.61771,0,-0.42945,-0.34156,0.12356,0.23033,0.057808,0.12732,-0.49821,-0.40196,-0.039187,-0.21464,0.14164,0.089506,-0.61147,-0.48731,-0.53461,-0.27619,0.18068,3.0413e-05,0.20121,0.28601,-0.17098,-0.23746,-0.068878,-0.13675,-0.040617,0.0088502,-0.52977,-0.1908,-0.11141,-0.35147,-0.033751,0.12773,-0.28283,-0.34368,-0.4366,0.43367,0.36427,-0.40237,-0.30731,-0.45586,-0.1882,-0.42173,-0.31743,-0.14762,-0.17808,-0.11,-0.31548,-0.61769,-0.50237,-0.40342,-0.53873,-0.21096,-0.27401,-0.25172,-0.50553,-0.38943,-0.29154,-0.20073,0.022962,0.0038397,-0.040267,-0.18335,-0.27045,-0.035827,0.028155,0.055177,0.13146,-0.18614,-0.070992,0.042822,0.17119,0.20495,0.21075,-0.33873,-0.44023,-0.11753,-0.065153,-0.15835,-0.32657,-0.14123,-0.22298,-0.25688,-0.21692,-0.51847,-0.3488,-0.58202,-0.43762,-0.10013,-0.13081,-0.41639,-0.52749
-0.3322,-0.39622,-0.027562,-0.0019464,-0.14119,-0.11739,-0.25878,-0.41605,-0.43682,-0.30121,-0.17393,-0.11844,-0.59332,-0.42945,0,0.35476,-0.36106,-0.28713,-0.29683,-0.22009,-0.11167,-0.30007,-0.37272,-0.34764,-0.22076,-0.041446,-0.022597,-0.039142,-0.57296,-0.68646,-0.43596,-0.41701,-0.47942,-0.34337,0.27735,0.16838,-0.095003,-0.15504,-0.068658,-0.1817,0.081386,0.13314,0.166,0.26231,-0.31374,-0.18603,-0.047711,0.067175,-0.38061,-0.54925,-0.60059,0.10913,0.066833,-0.079173,0.02297,-0.29891,-0.16396,0.036465,0.23148,0.36341,0.39997,-0.12241,-0.15702,0.31671,0.23464,-0.0035659,0.094159,-0.4303,-0.10905,-0.34533,-0.43584,-0.2072,-0.31663,-0.27056,-0.26873,-0.179,-0.16208,0.049642,-0.027661,-0.12681,0.015374,0.047787,0.085605,-0.0094661,-0.12833,-0.1043,-0.065168,0.097489,0.15477,-0.22995,-0.25158,0.0171,0.21098,0.036405,-0.037134,-0.12015,-0.055344,0.097778,0.21659,-0.0092988,-0.12431,-0.030406,0.062704,-0.20502,0.018887
-0.2169,-0.39097,-0.14949,-0.14355,-0.07233,-0.1815,-0.24733,-0.40069,-0.13732,-0.10642,-0.08045,-0.18134,-0.48468,-0.34156,0.35476,0,-0.31189,-0.16994,-0.22516,-0.13983,-0.14228,-0.096843,-0.2147,-0.1139,-0.10222,0.035713,-0.081781,-0.1417,-0.38887,-0.5062,-0.18493,-0.20315,-0.47216,-0.3846,0.14141,-0.012409,-0.01326,-0.19239,-0.12094,-0.25254,-0.043962,0.076869,-0.0024483,0.099694,-0.08797,-0.00368,-0.079013,-0.077037,-0.22406,-0.35811,-0.47798,-0.036237,-0.098341,-0.1006,-0.094555,-0.32127,-0.30782,0.045939,0.089833,0.22291,0.37755,-0.10913,0.0028816,0.11331,0.13198,0.0099299,0.12432,-0.3562,-0.24077,-0.18336,-0.2784,-0.013184,-0.13631,-0.021897,-0.056743,-0.16159,-0.28005,-0.2403,-0.176,-0.12583,-0.083781,-0.20999,-0.049307,-0.010926,-0.26412,-0.20659,-0.093992,0.010052,0.19889,-0.19933,-0.061974,-0.13427,-0.0097398,0.19154,-0.068331,-0.093635,-0.15099,0.094281,0.066726,0.0034975,-0.098181,0.093346,0.15251,-0.42737,-0.17642
-0.24159,-0.36546,-0.032603,-0.12761,-0.24316,-0.46546,-0.29367,-0.44331,-0.22264,-0.23396,-0.22534,-0.49402,0.16257,0.12356,-0.36106,-0.31189,0,0.18093,0.024407,0.14989,-0.51163,-0.37332,-0.051208,-0.17881,-0.002722,0.14319,-0.53298,-0.48153,-0.50705,-0.23841,0.10616,-0.077842,0.10809,0.095779,-0.27103,-0.38559,0.011169,-0.054888,-0.23882,-0.26225,-0.52235,-0.2028,-0.23815,-0.48116,-0.026878,0.17247,-0.15657,-0.20744,-0.57751,0.046479,-0.20418,-0.46363,-0.41738,-0.56509,-0.26663,-0.5302,-0.47705,0.048798,-0.25408,-0.20275,-0.35746,-0.68577,-0.62035,-0.34429,-0.5694,-0.12112,-0.23351,-0.46478,-0.97914,-0.36617,-0.44797,-0.27942,-0.11296,-0.13916,-0.11984,-0.31834,-0.437,0.12146,0.06865,0.26725,0.24286,0.16919,0.023753,0.032192,-0.0079682,0.25007,0.19128,-0.16773,-0.36538,-0.018096,0.0029349,-0.046046,-0.12569,-0.20077,-0.25661,-0.29004,-0.27211,-0.29488,-0.22481,-0.54217,-0.5772,-0.3151,-0.22654,-0.40368,-0.55922
-0.18595,-0.26722,0.41152,0.32279,0.19523,-0.21349,-0.14845,-0.1012,0.12158,0.20678,0.23363,-0.19596,0.083469,0.23033,-0.28713,-0.16994,0.18093,0,0.18194,0.69572,-0.44151,-0.21901,-0.072581,-0.083857,-0.13529,0.24721,-0.56115,-0.50117,-0.69995,-0.2315,-0.078375,-0.16002,-0.020331,-0.036998,-0.27324,-0.14985,0.1842,0.188,0.08559,0.23156,-0.66253,0.060355,-0.36367,-0.33612,-0.25043,-0.041408,-0.10633,-0.045042,-0.55721,0.13036,-0.090342,-0.34431,-0.086046,-0.15102,-0.0029349,-0.63807,-0.51125,-0.045802,-0.083317,0.12228,-0.23295,-0.59645,-0.35528,-0.28372,-0.37268,-0.17381,-0.074436,-0.26244,-0.60265,-0.24262,-0.2605,-0.18252,-0.11669,-0.14956,-0.18858,0.1041,0.03274,0.12325,0.40852,0.4924,0.36578,0.09733,0.317,0.1051,0.36157,0.35074,0.52951,-0.096174,-0.13012,-0.41562,-0.1934,-0.18405,-0.14002,0.11267,0.019464,0.084282,0.10224,-0.15528,-0.031729,-0.42911,-0.34216,0.017609,0.19041,-0.4688,-0.19678
-0.023646,-0.11273,0.20289,0.10092,0.0953,-0.20188,-0.14681,-0.1561,0.14222,0.19375,-0.15163,0.18104,-0.022916,0.057808,-0.29683,-0.22516,0.024407,0.18194,0,0.5771,-0.19554,-0.012561,0.59117,0.20393,0.057238,0.22613,-0.33811,-0.15353,-0.36902,-0.16876,-0.18602,-0.25978,-0.088487,-0.22123,-0.24136,-0.31741,-0.34821,-0.40665,-0.11409,0.23376,-0.29043,0.11651,-0.32987,-0.27782,-0.11238,-0.069403,-0.13056,-0.22852,-0.14634,0.2408,0.013298,-0.20108,-0.058804,-0.17389,0.09016,-0.20849,-0.27031,-0.048593,-0.11126,0.077006,-0.15816,-0.44543,-0.30728,-0.29848,-0.34457,-0.11944,-0.14806,-0.52114,-0.34057,-0.39885,-0.42133,-0.25958,-0.29175,-0.11704,-0.15429,0.097413,-0.064924,-0.22683,-0.19933,-0.02189,0.0048737,-0.054052,0.01285,0.42374,0.12025,0.13648,0.3294,-0.11095,-0.20265,-0.11095,-0.13373,-0.13814,0.035888,-0.024772,-0.087415,-0.10937,-0.12723,-0.13837,-0.24733,-0.24734,-0.09457,-0.2042,-0.10743,-0.33627,-0.16329
-0.15369,-0.33568,0.30752,0.24612,0.2069,-0.31888,-0.16692,-0.26289,0.1042,0.23001,0.091582,-0.046076,0.047688,0.12732,-0.22009,-0.13983,0.14989,0.69572,0.5771,0,-0.30973,-0.14813,0.17629,-0.0021974,-0.10019,0.2843,-0.49575,-0.35653,-0.55617,-0.21707,-0.15181,-0.192,0.031797,-0.020202,-0.10166,-0.075577,0.0038777,0.0076565,-0.057078,0.26105,-0.52847,0.094707,-0.2922,-0.28498,-0.24916,-0.032375,-0.18077,-0.1917,-0.38083,0.22532,-0.098105,-0.19582,-0.032139,-0.25333,0.16149,-0.46917,-0.39784,-0.035827,-0.085012,0.15086,-0.20706,-0.47176,-0.30165,-0.25788,-0.34955,-0.19406,-0.13774,-0.37571,-0.44764,-0.29676,-0.30591,-0.26078,-0.19264,-0.19829,-0.1894,0.071638,-0.03645,0.013123,0.17624,0.28074,0.27781,0.033675,0.20116,0.25938,0.37745,0.30209,0.6891,-0.13226,-0.16774,-0.31913,-0.2297,-0.12472,-0.03702,0.028893,-0.13102,-0.066149,-0.067,-0.13556,-0.16219,-0.365,-0.24841,-0.0062803,0.085567,-0.40959,-0.2097
-0.18522,-0.13481,-0.42422,-0.40703,-0.41239,-0.22772,-0.41519,-0.15955,-0.52996,-0.25745,-0.70127,-0.063335,-0.56992,-0.49821,-0.11167,-0.14228,-0.51163,-0.44151,-0.19554,-0.30973,0,0.46425,-0.034884,-0.038298,-0.24089,-0.15254,0.41398,0.50525,0.042434,-0.21608,-0.53161,-0.28555,-0.32595,-0.49517,-0.37186,-0.15142,-0.62051,-0.52997,-0.50745,-0.23348,0.098356,0.14445,-0.40551,0.099413,-0.54911,-0.53296,-0.5633,-0.32015,0.2337,-0.30946,-0.14135,-0.096144,-0.25185,-0.16574,-0.4138,0.25679,0.072383,-0.6397,-0.32575,-0.17786,-0.069395,0.15683,0.27237,-0.075371,0.13436,-0.55525,-0.37797,-0.40715,0.056059,-0.10473,-0.27142,-0.60118,-0.6227,-0.66895,-0.70219,-0.46645,-0.2309,-0.39638,-0.42261,-0.533,-0.40302,-0.40655,-0.47136,-0.2171,-0.27121,-0.40518,-0.36633,-0.42299,-0.091848,-0.54777,-0.59566,-0.096341,0.062393,-0.35389,-0.18807,-0.14089,-0.11372,-0.078398,-0.09606,-0.021008,0.252,-0.2932,-0.13604,-0.46126,-0.031957
-0.14683,0.016195,-0.34043,-0.32232,-0.20891,-0.045726,-0.28469,0.035424,-0.16808,0.042563,-0.48325,0.0028512,-0.46102,-0.40196,-0.30007,-0.096843,-0.37332,-0.21901,-0.012561,-0.14813,0.46425,0,0.045673,0.32864,-0.2206,-0.089704,0.25847,0.25883,0.14124,0.0077478,-0.34856,-0.19459,-0.3066,-0.58277,-0.45757,-0.27308,-0.51013,-0.57022,-0.48719,-0.25215,-0.079629,0.064871,-0.45799,-0.013686,-0.39831,-0.44978,-0.41813,-0.36442,0.37655,-0.21544,-0.087537,-0.098204,-0.30408,0.038815,-0.35475,0.10422,-0.092867,-0.43568,-0.33888,-0.21676,-0.047657,0.14657,0.44859,-0.17178,0.029828,-0.4498,-0.32607,-0.24469,-0.12742,-0.055496,-0.1412,-0.47806,-0.52686,-0.45134,-0.57986,-0.38635,-0.28872,-0.47257,-0.45814,-0.37763,-0.4208,-0.32103,-0.30492,-0.16814,-0.25593,-0.36676,-0.31592,-0.36927,-0.067608,-0.53026,-0.50182,-0.39434,-0.028969,-0.17164,-0.069038,-0.011367,-0.029295,-0.041772,-0.078466,0.051178,0.38842,-0.14655,0.046722,-0.5489,-0.062659
0.10466,-0.012173,-0.073341,-0.13767,-0.18669,-0.28307,-0.27318,-0.18532,0.041453,-0.0031173,-0.37236,0.033911,-0.074976,-0.039187,-0.37272,-0.2147,-0.051208,-0.072581,0.59117,0.17629,-0.034884,0.045673,0,0.37587,0.15284,0.24235,-0.11354,0.05615,-0.10337,-0.014606,-0.13311,-0.11115,-0.11496,-0.23154,-0.35052,-0.40106,-0.59747,-0.50394,-0.18557,0.10229,-0.042814,0.19449,-0.34456,-0.15345,-0.035142,0.035256,-0.29037,-0.29442,0.054227,0.16123,0.0081507,-0.27199,-0.14969,-0.29518,-0.20181,0.012439,-0.16866,-0.21201,-0.17984,0.014918,-0.21386,-0.48665,-0.25601,-0.36353,-0.34391,-0.23982,-0.25009,-0.59956,-0.34684,-0.37359,-0.48111,-0.30182,-0.32182,-0.12446,-0.12755,-0.027524,-0.18113,-0.43604,-0.40594,-0.2259,-0.15658,-0.20467,-0.19582,0.16967,-0.088594,-0.065168,0.0062043,-0.25311,-0.25477,0.016986,-0.039697,-0.0052387,0.022133,-0.20356,-0.14386,-0.12492,-0.15494,-0.17963,-0.33185,-0.23563,-0.038321,-0.37769,-0.29668,-0.48391,-0.24782
-0.14946,0.24039,-0.21776,-0.20928,-0.20216,0.10831,-0.41154,0.07842,0.10654,0.14465,-0.4288,0.16465,-0.36325,-0.21464,-0.34764,-0.1139,-0.17881,-0.083857,0.20393,-0.0021974,-0.038298,0.32864,0.37587,0,-0.21019,0.020765,-0.062598,0.062849,0.026292,-0.0071699,-0.10023,-0.13679,-0.43794,-0.57757,-0.44104,-0.41398,-0.61549,-0.57101,-0.35884,-0.081675,-0.14659,0.081431,-0.42048,-0.12018,-0.061054,-0.095475,-0.29958,-0.32705,0.14175,-0.17213,-0.126,-0.13944,-0.35047,-0.0020681,-0.37277,-0.16628,-0.34361,-0.22517,-0.25614,-0.089392,-0.081507,-0.29577,-0.0545,-0.38142,-0.29944,-0.20753,-0.20415,-0.42711,-0.3604,-0.34179,-0.42451,-0.26459,-0.31572,-0.059002,-0.17332,-0.1911,-0.17133,-0.59791,-0.5468,-0.28143,-0.37151,-0.18277,-0.18417,-0.14933,-0.34997,-0.31256,-0.28239,-0.33276,-0.25545,-0.085362,-0.10572,-0.35554,-0.0946,-0.18597,0.064157,-0.094037,0.021692,-0.18257,-0.10731,0.0184,0.24973,-0.19842,-0.11454,-0.59311,-0.13385
0.060134,-0.27021,0.01126,-0.10303,-0.24673,-0.48058,-0.070247,-0.30938,-0.062317,-0.16005,-0.09498,-0.39477,0.16238,0.14164,-0.22076,-0.10222,-0.002722,-0.13529,0.057238,-0.10019,-0.24089,-0.2206,0.15284,-0.21019,0,0.37138,-0.17551,-0.25877,-0.29281,-0.25165,-0.1264,0.0063487,0.031576,-0.035158,-0.1921,-0.33754,-0.30712,-0.33557,0.11919,-0.05098,-0.023487,0.029425,-0.048562,-0.14201,0.096547,0.16367,0.039446,-0.11235,-0.23301,0.27666,0.079606,-0.42877,-0.17582,-0.36816,-0.26001,-0.079584,-0.11249,0.056971,-0.089415,-0.0302,-0.18048,-0.41422,-0.30939,-0.10007,-0.1642,-0.089293,-0.14785,-0.33333,-0.42353,-0.10975,-0.21495,-0.099846,-0.088829,-0.011595,0.017853,-0.094425,-0.32683,-0.18512,-0.18728,-0.13554,-0.0020149,-0.13424,-0.14288,0.35868,0.061678,0.059024,0.07471,0.038518,-0.069236,0.013389,0.075607,0.10112,-0.049269,-0.090259,-0.22873,-0.053345,-0.23599,-0.086693,-0.4068,-0.35845,-0.27205,-0.2773,-0.22401,-0.5318,-0.50462
-0.048106,-0.26602,0.17873,0.077333,-0.1073,-0.31228,-0.28186,-0.2821,0.050364,0.098227,-0.008683,-0.24793,0.059686,0.089506,-0.041446,0.035713,0.14319,0.24721,0.22613,0.2843,-0.15254,-0.089704,0.24235,0.020765,0.37138,0,-0.19188,-0.1896,-0.43317,-0.22278,-0.033949,0.11825,0.012606,-0.041157,-0.12867,-0.081994,-0.16619,-0.060066,0.10189,0.12914,-0.15761,0.39798,-0.0756,0.02611,-0.038602,0.25295,0.0015891,-0.024057,-0.31649,0.21182,-0.059055,-0.39701,-0.089749,-0.25981,-0.16136,-0.27051,-0.26502,0.10157,0.030603,0.29676,-0.061997,-0.50048,-0.25991,-0.060233,-0.18888,-0.12637,-0.089263,-0.36199,-0.64669,-0.09568,-0.27691,-0.11441,-0.037066,-0.10292,-0.080215,-0.059709,-0.18319,0.038495,0.069601,0.18363,0.27278,0.054576,0.15062,0.35525,0.21693,0.37858,0.29389,0.079006,-0.0062651,-0.17893,-0.040761,0.20391,0.27614,0.074748,-0.0089035,0.097041,0.075235,-0.084275,-0.15123,-0.25457,-0.16869,0.0083636,0.16464,-0.6752,-0.25917
0.013671,0.039682,-0.39822,-0.3264,-0.35911,-0.08873,-0.13925,-0.066225,-0.44474,-0.32708,-0.5678,-0.14433,-0.59426,-0.61147,-0.022597,-0.081781,-0.53298,-0.56115,-0.33811,-0.49575,0.41398,0.25847,-0.11354,-0.062598,-0.17551,-0.19188,0,0.67237,0.085218,-0.051193,-0.48124,-0.23386,-0.35675,-0.48523,-0.38056,-0.25505,-0.54896,-0.54254,-0.32469,-0.33248,0.56395,0.16101,-0.21382,0.40407,-0.41318,-0.39451,-0.39024,-0.22756,0.27091,-0.54461,-0.42946,-0.069281,-0.038541,0.016416,-0.2939,0.33111,0.10768,-0.44583,-0.13621,-0.05777,0.047338,0.036496,0.30124,0.00031173,0.33093,-0.43797,-0.29664,-0.28293,0.043962,-0.20995,-0.23818,-0.53805,-0.65279,-0.53151,-0.60169,-0.34596,-0.3206,-0.37717,-0.44475,-0.49782,-0.38965,-0.24798,-0.30068,-0.24966,-0.28993,-0.40738,-0.45631,-0.27324,0.066149,-0.36608,-0.42259,-0.18393,0.093361,-0.19541,-0.042396,0.047665,-0.013709,0.12792,-0.018225,-0.047148,0.22551,-0.43467,-0.20846,-0.34907,0.034048
0.07217,0.10466,-0.35359,-0.31656,-0.34563,-0.029212,-0.34328,-0.14033,-0.48136,-0.33881,-0.69866,0.063168,-0.55706,-0.48731,-0.039142,-0.1417,-0.48153,-0.50117,-0.15353,-0.35653,0.50525,0.25883,0.05615,0.062849,-0.25877,-0.1896,0.67237,0,-0.017237,-0.10704,-0.35808,-0.3012,-0.35484,-0.45794,-0.32963,-0.28355,-0.61495,-0.67269,-0.39222,-0.25346,0.37692,0.19209,-0.20814,0.31425,-0.35894,-0.3487,-0.47134,-0.23795,0.34176,-0.47638,-0.31173,0.010242,-0.084997,-0.056933,-0.26847,0.30141,0.10177,-0.45407,-0.066856,0.0014902,0.13932,-0.016028,0.16495,-0.017244,0.15954,-0.36629,-0.24958,-0.45394,0.088122,-0.34669,-0.40481,-0.49391,-0.62765,-0.45916,-0.54446,-0.35194,-0.28353,-0.36907,-0.45772,-0.52184,-0.37722,-0.23394,-0.27623,-0.15945,-0.26319,-0.36229,-0.38115,-0.3315,-0.041499,-0.2571,-0.34987,-0.13617,0.13253,-0.25073,-0.052615,-0.054516,-0.071334,-0.013215,0.019845,0.041887,0.2572,-0.38657,-0.20856,-0.30052,0.027722
-0.23647,-0.10695,-0.84374,-0.69325,-0.57349,-0.34272,-0.41821,-0.2004,-0.30936,-0.29166,-0.66525,-0.31656,-0.39527,-0.53461,-0.57296,-0.38887,-0.50705,-0.69995,-0.36902,-0.55617,0.042434,0.14124,-0.10337,0.026292,-0.29281,-0.43317,0.085218,-0.017237,0,0.28902,-0.32547,-0.092144,-0.30101,-0.45559,-0.40989,-0.33775,-0.90113,-0.65162,-0.79476,-0.58464,-0.092365,-0.4268,-0.33376,-0.12594,-0.25969,-0.37017,-0.61505,-0.682,0.40803,-0.30268,-0.2069,-0.22442,-0.61314,-0.35393,-0.63844,0.23518,0.028604,-0.49896,-0.51597,-0.68289,-0.39588,0.12517,0.1156,-0.35977,-0.20263,-0.58833,-0.58357,-0.11273,-0.1462,-0.04508,-0.081469,-0.4954,-0.48453,-0.44883,-0.42968,-0.64234,-0.57571,-0.928,-1,-0.82903,-0.90354,-0.55397,-0.65306,-0.57353,-0.63666,-0.84209,-0.80781,-0.58932,-0.37071,-0.27163,-0.42653,-0.52016,-0.43334,-0.75918,-0.60127,-0.46128,-0.52315,-0.37128,-0.62437,-0.0506,0.018499,-0.43014,-0.56747,-0.4195,-0.4881
0.057739,0.0028893,-0.3831,-0.31964,-0.25377,-0.26822,-0.24551,-0.083454,-0.13491,-0.12983,-0.30235,-0.32617,-0.044776,-0.27619,-0.68646,-0.5062,-0.23841,-0.2315,-0.16876,-0.21707,-0.21608,0.0077478,-0.014606,-0.0071699,-0.25165,-0.22278,-0.051193,-0.10704,0.28902,0,-0.11117,0.003277,0.032983,-0.15668,-0.49418,-0.37826,-0.47951,-0.35933,-0.48131,-0.32133,-0.28284,-0.24972,-0.35046,-0.1053,-0.23574,-0.21671,-0.49527,-0.45439,0.11592,-0.12085,-0.19617,-0.44631,-0.32441,-0.27742,-0.2938,0.064848,-0.054873,-0.31898,-0.24778,-0.41201,-0.40976,-0.24223,-0.088457,-0.37823,-0.30925,-0.60583,-0.52765,-0.063503,-0.37055,-0.084625,-0.08705,-0.47974,-0.47096,-0.47598,-0.48043,-0.31235,-0.43067,-0.4557,-0.42401,-0.35827,-0.41154,-0.27562,-0.20187,-0.33713,-0.2181,-0.33005,-0.35572,-0.40436,-0.2568,-0.37874,-0.37622,-0.41191,-0.28028,-0.45042,-0.41275,-0.2043,-0.36001,-0.3413,-0.51463,-0.29868,-0.25939,-0.41849,-0.42058,-0.25373,-0.41439
0.036686,-0.15912,-0.34885,-0.37902,-0.21381,-0.20345,-0.56258,-0.4137,-0.096242,-0.16799,-0.16295,-0.3556,0.23507,0.18068,-0.43596,-0.18493,0.10616,-0.078375,-0.18602,-0.15181,-0.53161,-0.34856,-0.13311,-0.10023,-0.1264,-0.033949,-0.48124,-0.35808,-0.32547,-0.11117,0,0.40405,-0.032223,0.062286,-0.17257,-0.38949,-0.069882,-0.25279,-0.309,-0.35647,-0.4985,-0.33156,-0.011701,-0.23515,0.38933,0.48069,-0.25371,-0.43439,-0.27672,-0.013792,-0.11714,-0.59208,-0.54256,-0.45285,-0.32091,-0.47659,-0.5134,-0.0065084,-0.15176,-0.24326,-0.15721,-0.48472,-0.4144,-0.3544,-0.54967,-0.14457,-0.27198,-0.11997,-0.73439,-0.24519,-0.18319,0.08762,0.31939,0.21048,0.13955,-0.42926,-0.53057,-0.24154,-0.25628,-0.16422,-0.19255,-0.29417,-0.17366,-0.15759,-0.28083,-0.078626,-0.21125,-0.27564,-0.38063,0.046289,0.19841,-0.2485,-0.25923,-0.1469,-0.24704,-0.38405,-0.40429,-0.56732,-0.40169,-0.31664,-0.42393,-0.023,-0.14857,-0.42689,-0.67279
0.023593,-0.22351,-0.45166,-0.40658,-0.31421,-0.35649,-0.44938,-0.36246,-0.028292,-0.037058,-0.10023,-0.46041,0.20257,3.0413e-05,-0.41701,-0.20315,-0.077842,-0.16002,-0.25978,-0.192,-0.28555,-0.19459,-0.11115,-0.13679,0.0063487,0.11825,-0.23386,-0.3012,-0.092144,0.003277,0.40405,0,0.06424,0.076367,-0.18819,-0.20073,-0.20432,-0.13008,-0.2569,-0.27798,-0.31055,-0.22291,0.0013762,-0.037537,0.13224,0.32857,-0.30623,-0.56159,-0.11704,0.050014,-0.10586,-0.6185,-0.44553,-0.42154,-0.39123,-0.29508,-0.38261,-0.16667,-0.30773,-0.26146,-0.30395,-0.29795,-0.13307,-0.32028,-0.36531,-0.41351,-0.47766,0.18014,-0.61879,0.073258,0.169,-0.03978,0.31741,-0.029204,-0.0034367,-0.48079,-0.49348,-0.32112,-0.28887,-0.28443,-0.28773,-0.40932,-0.31726,-0.22604,-0.18704,-0.15791,-0.29494,-0.31824,-0.31909,-0.18408,-0.058051,-0.18665,-0.19189,-0.21052,-0.30299,-0.23018,-0.27572,-0.4221,-0.56966,-0.31695,-0.20928,0.043529,-0.084359,-0.73993,-0.63537
0.016286,-0.54173,-0.24804,-0.34464,-0.11168,-0.72101,-0.1622,-0.58989,-0.34119,-0.38081,-0.13099,-0.69447,0.63101,0.20121,-0.47942,-0.47216,0.10809,-0.020331,-0.088487,0.031797,-0.32595,-0.3066,-0.11496,-0.43794,0.031576,0.012606,-0.35675,-0.35484,-0.30101,0.032983,-0.032223,0.06424,0,0.76361,-0.13037,-0.10465,-0.030025,-0.027798,-0.26661,-0.26867,-0.38431,-0.2755,-0.090008,-0.27934,-0.36859,-0.10733,-0.48096,-0.51438,-0.2879,0.34717,0.09958,-0.44636,-0.19951,-0.72766,-0.1251,-0.16628,-0.11477,-0.3002,-0.31487,-0.29763,-0.55051,-0.42091,-0.32182,-0.35789,-0.47441,-0.5957,-0.63544,-0.15649,-0.47214,-0.18265,-0.099717,-0.51374,-0.20503,-0.49393,-0.41639,-0.41752,-0.63943,0.13643,0.091293,0.043711,0.13928,-0.2865,-0.18289,-0.11467,0.27738,0.23967,0.13012,-0.44318,-0.45995,-0.42718,-0.43838,-0.08981,-0.20708,-0.25885,-0.52781,-0.27474,-0.3769,-0.49532,-0.55706,-0.77744,-0.56573,-0.18537,-0.17719,-0.32061,-0.55836
0.018947,-0.63925,-0.23503,-0.29292,-0.077272,-0.72376,-0.20347,-0.72905,-0.3991,-0.49912,-0.064484,-0.74802,0.5695,0.28601,-0.34337,-0.3846,0.095779,-0.036998,-0.22123,-0.020202,-0.49517,-0.58277,-0.23154,-0.57757,-0.035158,-0.041157,-0.48523,-0.45794,-0.45559,-0.15668,0.062286,0.076367,0.76361,0,0.056964,0.024133,0.1154,0.15636,-0.17796,-0.28361,-0.4087,-0.33668,0.10581,-0.23522,-0.27997,0.045042,-0.48108,-0.48772,-0.44592,0.15568,-0.059929,-0.38946,-0.17635,-0.80545,-0.084845,-0.29681,-0.15069,-0.24387,-0.20218,-0.20307,-0.45924,-0.5272,-0.45256,-0.33492,-0.49032,-0.46445,-0.49928,-0.14945,-0.5024,-0.32232,-0.17531,-0.39079,-0.07877,-0.34571,-0.261,-0.38527,-0.59672,0.19465,0.16101,0.047893,0.19004,-0.25647,-0.12319,-0.16732,0.20825,0.21937,0.12796,-0.4274,-0.4731,-0.28493,-0.30544,-0.05634,-0.28153,-0.25593,-0.56201,-0.36944,-0.41506,-0.55036,-0.49918,-0.74997,-0.68893,-0.14643,-0.22051,-0.27225,-0.60169
-0.2898,-0.69766,-0.23231,-0.21626,-0.068931,-0.41989,-0.33433,-0.82558,-0.36107,-0.34294,-0.029197,-0.331,-0.1944,-0.17098,0.27735,0.14141,-0.27103,-0.27324,-0.24136,-0.10166,-0.37186,-0.45757,-0.35052,-0.44104,-0.1921,-0.12867,-0.38056,-0.32963,-0.40989,-0.49418,-0.17257,-0.18819,-0.13037,0.056964,0,0.37493,0.0060674,-0.073448,-0.23441,-0.31824,-0.22086,-0.28221,0.51058,0.010135,-0.20254,-0.032641,-0.25128,-0.3698,-0.31439,-0.22908,-0.349,0.086191,-0.16374,-0.46693,0.061001,-0.34091,-0.15381,0.068536,0.020263,-0.019335,0.033629,-0.076041,-0.22552,0.03109,-0.14345,-0.1535,-0.19241,-0.21369,-0.17393,-0.29562,-0.24163,-0.17655,-0.097033,-0.18643,-0.12205,-0.36333,-0.479,-0.053193,-0.10489,-0.19369,-0.08591,-0.20203,-0.053892,-0.087119,-0.084929,-0.14334,-0.029501,-0.17603,-0.20836,-0.17102,-0.26969,-0.14089,-0.13367,-0.16469,-0.50104,-0.46189,-0.4714,-0.29127,-0.28934,-0.16431,-0.34556,0.19382,-0.057701,-0.19848,-0.43594
-0.32674,-0.73308,-0.2462,-0.18202,0.028687,-0.41457,-0.29699,-0.56783,-0.40472,-0.32163,-0.10858,-0.4035,-0.28766,-0.23746,0.16838,-0.012409,-0.38559,-0.14985,-0.31741,-0.075577,-0.15142,-0.27308,-0.40106,-0.41398,-0.33754,-0.081994,-0.25505,-0.28355,-0.33775,-0.37826,-0.38949,-0.20073,-0.10465,0.024133,0.37493,0,-0.046661,0.21297,-0.26817,-0.29079,-0.25522,-0.17729,0.18002,0.13929,-0.60125,-0.2923,-0.46667,-0.36543,-0.31747,-0.26682,-0.32915,0.072262,-0.072186,-0.35597,-0.048235,-0.21272,0.041187,-0.27693,-0.069874,-0.014256,-0.092456,-0.082351,-0.046106,-0.01951,-0.051277,-0.39971,-0.2553,-0.10815,-0.2415,-0.22324,-0.15534,-0.43146,-0.28898,-0.52647,-0.46801,-0.38727,-0.3665,0.047429,0.0054668,-0.086404,-0.035659,-0.22426,-0.032983,-0.3038,-0.024224,-0.088122,-0.068969,-0.32294,-0.17772,-0.57241,-0.65029,-0.23404,-0.14415,-0.21818,-0.44948,-0.30706,-0.17846,-0.32934,-0.163,-0.13942,-0.19804,0.22136,0.12053,-0.3256,-0.14836
-0.23001,-0.63167,-0.0047825,-0.033394,0.13557,-0.3593,-0.039849,-0.49597,-0.23058,-0.24443,0.27717,-0.52109,-0.06088,-0.068878,-0.095003,-0.01326,0.011169,0.1842,-0.34821,0.0038777,-0.62051,-0.51013,-0.59747,-0.61549,-0.30712,-0.16619,-0.54896,-0.61495,-0.90113,-0.47951,-0.069882,-0.20432,-0.030025,0.1154,0.0060674,-0.046661,0,0.37343,-7.6033e-06,-0.27425,-0.5625,-0.2937,-0.091833,-0.33536,-0.32297,-0.13652,-0.14786,-0.16165,-0.68797,-0.2563,-0.43831,-0.2886,-0.048798,-0.28652,0.10972,-0.70914,-0.51149,-0.06383,-0.11041,-0.044601,-0.16678,-0.40649,-0.33918,-0.17962,-0.27301,-0.18656,-0.13637,-0.10169,-0.47859,-0.28569,-0.14174,-0.14482,-0.04695,-0.20533,-0.23153,-0.16188,-0.31817,0.33232,0.50541,0.29071,0.25618,-0.10335,0.11495,-0.13333,0.093885,0.15309,0.19051,-0.12675,-0.13357,-0.47176,-0.26452,-0.24806,-0.24565,0.2285,-0.19268,-0.1237,-0.19195,-0.16891,-0.032451,-0.51381,-0.62253,0.05799,0.14862,-0.211,-0.2914
-0.32223,-0.70006,-0.041772,-0.012485,-0.028695,-0.49421,-0.14296,-0.45617,-0.21431,-0.25352,0.21087,-0.66403,-0.097763,-0.13675,-0.15504,-0.19239,-0.054888,0.188,-0.40665,0.0076565,-0.52997,-0.57022,-0.50394,-0.57101,-0.33557,-0.060066,-0.54254,-0.67269,-0.65162,-0.35933,-0.25279,-0.13008,-0.027798,0.15636,-0.073448,0.21297,0.37343,0,0.016416,-0.16568,-0.52181,-0.24042,-0.14284,-0.2629,-0.49571,-0.1719,-0.31647,-0.2029,-0.68987,-0.23988,-0.42402,-0.31216,-0.042175,-0.36601,-0.11012,-0.5617,-0.35183,-0.23743,-0.22079,-0.064582,-0.39751,-0.52123,-0.36188,-0.29742,-0.35105,-0.41183,-0.27603,-0.069494,-0.59575,-0.20975,-0.15974,-0.28872,-0.12259,-0.39009,-0.32388,-0.15101,-0.20726,0.22848,0.44629,0.20982,0.17677,-0.09444,0.070178,-0.32413,0.093414,0.079591,0.070733,-0.25501,-0.25265,-0.56916,-0.41111,-0.14129,-0.27976,-0.10813,-0.32321,-0.095117,-0.058142,-0.25327,-0.1411,-0.4924,-0.57688,0.015313,0.027311,-0.39104,-0.26323
-0.061245,-0.21547,0.44569,0.34309,-0.036427,-0.17811,0.11551,-0.11139,0.12817,-0.052698,0.37913,-0.21912,-0.12472,-0.040617,-0.068658,-0.12094,-0.23882,0.08559,-0.11409,-0.057078,-0.50745,-0.48719,-0.18557,-0.35884,0.11919,0.10189,-0.32469,-0.39222,-0.79476,-0.48131,-0.309,-0.2569,-0.26661,-0.17796,-0.23441,-0.26817,-7.6033e-06,0.016416,0,0.30618,-0.10727,0.089126,-0.15425,-0.1879,-0.16007,-0.068133,0.23793,0.1998,-0.5077,-0.16645,-0.25263,-0.31512,0.29755,0.020118,-0.012462,-0.43625,-0.38581,0.002722,0.021487,0.30257,-0.15791,-0.63226,-0.39871,-0.16378,-0.17238,-0.017868,0.031759,-0.2415,-0.3006,-0.29922,-0.27404,0.06021,-0.068703,0.041856,0.013777,0.48739,0.14315,-0.009641,0.16328,0.034329,0.095809,-0.0056264,0.13351,0.13779,0.20385,0.1034,0.12586,0.1711,0.0017868,-0.20005,0.0049193,-0.0035507,-0.093368,0.25815,0.14255,0.36592,0.19088,0.087985,-0.06462,-0.36395,-0.30188,-0.16028,-0.028094,-0.4028,-0.082442
-0.11554,0.0090631,0.45683,0.36506,-0.014834,-0.062073,-0.12256,0.10403,0.10677,0.24444,0.13465,0.17272,-0.12737,0.0088502,-0.1817,-0.25254,-0.26225,0.23156,0.23376,0.26105,-0.23348,-0.25215,0.10229,-0.081675,-0.05098,0.12914,-0.33248,-0.25346,-0.58464,-0.32133,-0.35647,-0.27798,-0.26867,-0.28361,-0.31824,-0.29079,-0.27425,-0.16568,0.30618,0,-0.27003,0.32794,-0.44092,-0.21706,-0.23142,-0.182,-0.051528,-0.015419,-0.3378,0.033789,-0.036245,-0.32374,0.12228,0.029181,0.037826,-0.39069,-0.4409,-0.17775,-0.12112,0.25444,-0.23295,-0.53255,-0.36804,-0.32472,-0.28638,-0.25928,-0.18187,-0.38253,-0.16035,-0.30241,-0.37881,-0.18114,-0.23844,-0.1514,-0.1642,0.49887,0.61641,-0.20723,0.024635,-0.10679,-0.012781,-0.10018,-0.0019693,0.2126,0.23829,0.025395,0.21599,-0.062529,-0.14052,-0.31736,-0.17998,0.07287,0.021875,0.026018,0.17398,0.15097,0.14409,-0.030003,-0.14016,-0.38264,-0.16866,-0.20343,-0.10147,-0.36653,-0.028611
0.016127,-0.094653,-0.32869,-0.33479,-0.35541,-0.16641,-0.063982,-0.25448,-0.3808,-0.47316,-0.48252,-0.19832,-0.54522,-0.52977,0.081386,-0.043962,-0.52235,-0.66253,-0.29043,-0.52847,0.098356,-0.079629,-0.042814,-0.14659,-0.023487,-0.15761,0.56395,0.37692,-0.092365,-0.28284,-0.4985,-0.31055,-0.38431,-0.4087,-0.22086,-0.25522,-0.5625,-0.52181,-0.10727,-0.27003,0,0.10454,-0.064468,0.2343,-0.31937,-0.29176,-0.28331,-0.2138,0.13151,-0.51546,-0.40989,-0.010637,0.11241,-0.087658,-0.24396,0.28654,0.078899,-0.35032,-0.14099,0.041947,-0.012865,-0.19934,-0.017214,-0.1144,0.087385,-0.3122,-0.27802,-0.44754,0.028003,-0.42382,-0.43689,-0.41832,-0.52919,-0.33643,-0.36742,-0.20104,-0.33731,-0.36105,-0.46424,-0.48346,-0.33293,-0.27561,-0.31857,-0.18393,-0.30547,-0.33908,-0.40486,-0.23538,-0.10636,-0.12364,-0.26137,-0.023874,0.088061,-0.13189,-0.067175,0.0019388,-0.032755,0.061967,-0.083218,-0.1324,0.053877,-0.44543,-0.28989,-0.30694,0.011154
-0.0062803,0.024863,0.22657,0.1613,-0.086738,-0.01786,-0.18785,0.0048129,-0.15111,0.028261,-0.18156,0.068255,-0.32565,-0.1908,0.13314,0.076869,-0.2028,0.060355,0.11651,0.094707,0.14445,0.064871,0.19449,0.081431,0.029425,0.39798,0.16101,0.19209,-0.4268,-0.24972,-0.33156,-0.22291,-0.2755,-0.33668,-0.28221,-0.17729,-0.2937,-0.24042,0.089126,0.32794,0.10454,0,-0.30206,0.20739,-0.27479,-0.13084,-0.1242,0.10739,-0.17251,-0.16738,-0.22109,-0.22319,0.15987,0.051877,-0.053945,-0.12993,-0.21549,-0.17066,0.080762,0.60242,0.11118,-0.3978,-0.12973,-0.045833,0.034922,-0.23894,-0.075949,-0.54731,-0.23157,-0.28872,-0.48651,-0.3322,-0.4192,-0.3091,-0.35529,0.12812,0.13687,-0.082442,0.0042274,-0.034131,0.11957,0.017989,0.091779,0.24167,0.11714,0.10141,0.13852,-0.0014598,0.1379,-0.32746,-0.21681,0.25343,0.52365,0.14833,0.3511,0.27802,0.31469,0.15908,0.19116,-0.20903,0.0010797,-0.23279,0.068597,-0.42371,0.14672
