,,,,,,,,,,,,,,,,,,,,,,,,,,,,,,,,,,,,,,,,,,,,,,,,,,,,,,,,,,,,,,,,,,,,,,,,,,,,,,,,,,,,,,,,,,,,,,,,,,,,,,,,
0,-0.24152,0.016976,0.0034297,0.0079059,-0.44377,0.1873,-0.30927,-0.12956,-0.19745,-0.091801,-0.32801,-0.22778,-0.30795,-0.39841,-0.43334,-0.46314,-0.3274,-0.072932,-0.24143,-0.512,-0.54588,-0.017266,-0.45416,0.090618,-0.0012817,-0.34832,-0.34283,-0.41712,-0.28648,-0.28925,-0.25944,-0.25784,-0.31931,-0.32632,-0.28563,-0.47142,-0.24795,0.041834,-0.068401,-0.11876,-0.15281,0.1092,-0.080137,-0.19312,-0.037805,-0.19778,-0.20425,-0.30698,-0.39738,-0.44703,-0.44305,0.21147,-0.19447,-0.044617,0.049791,0.25357,0.14569,0.30061,0.059221,-0.19903,-0.55679,-0.38848,-0.21495,-0.20897,-0.2857,-0.21686,-0.45049,-0.54452,-0.45601,-0.38412,-0.36336,-0.4159,-0.38026,-0.28672,0.074539,-0.24107,-0.39702,-0.36838,-0.51233,-0.24285,-0.12144,-0.067084,0.19419,0.068793,-0.17868,-0.040102,0.016709,0.11875,-0.18506,-0.11309,-0.27819,-0.30509,-0.15266,-0.40925,-0.19369,-0.39469,-0.16888,-0.42893,-0.4171,-0.46582,-0.48695,-0.42012,-0.25621,-0.43595
-0.24152,0,-0.03684,0.017548,-0.31689,0.41417,-0.4398,0.73597,-0.14803,0.043763,-0.31357,0.18418,-0.38743,-0.31684,-0.22933,-0.47687,-0.23613,-0.33658,-0.044578,-0.29805,-0.28589,-0.35764,-0.11489,-0.021515,-0.18458,-0.1502,-0.26279,-0.31277,-0.44882,-0.22601,-0.48345,-0.39532,-0.57553,-0.65387,-0.85071,-0.6891,-0.71272,-0.59747,-0.36741,0.040501,-0.38838,0.0029515,-0.65985,-0.23361,-0.11846,-0.3539,-0.24834,-0.29228,-0.30914,-0.33443,-0.34077,-0.52765,-0.15634,0.33751,-0.093393,-0.17916,-0.42875,-0.26633,-0.31666,-0.0716,-0.12783,-0.44901,-0.41556,-0.38878,-0.22512,-0.43783,-0.39997,-0.33606,-0.3485,-0.27904,-0.40865,-0.41397,-0.61157,-0.37032,-0.52591,-0.044774,0.12483,-0.47998,-0.474,-0.46968,-0.4227,0.12849,-0.070761,-0.097798,-0.38723,-0.2417,-0.30548,-0.1396,-0.31383,-0.20217,-0.29144,-0.16783,0.051421,-0.24105,0.25093,0.10984,0.037366,0.15521,-0.13689,-0.18683,-0.21434,-0.56627,-0.37662,-0.1707,-0.036958
0.016976,-0.03684,0,0.89864,0.10855,-0.080042,-0.13939,0.091104,0.0033513,0.15701,0.14074,0.11925,-0.32438,-0.10808,-0.17907,-0.38283,-0.31802,0.069381,0.19983,0.14675,-0.55239,-0.62065,-0.07715,-0.27773,-0.034724,0.17184,-0.62632,-0.59226,-0.84076,-0.54139,-0.50139,-0.57573,-0.47767,-0.45754,-0.39505,-0.23712,-0.33057,-0.14207,0.19507,0.58672,-0.47363,0.10919,-0.34561,-0.31979,-0.28012,-0.27414,0.096215,0.15669,-0.75249,-0.28777,-0.28965,-0.40202,0.2451,0.14936,0.2015,-0.37757,-0.28164,0.18535,0.21628,0.49813,-0.040039,-0.75125,-0.61774,-0.24272,-0.25324,-0.079447,0.02273,-0.60863,-0.52985,-0.54069,-0.60942,-0.33537,-0.50988,-0.29176,-0.34721,0.71638,0.46999,-0.17182,-0.092076,-0.14759,0.051555,0.28824,0.28292,0.40971,0.12067,0.12962,0.30085,0.34104,0.076335,-0.28417,-0.18661,-0.056556,-0.023945,0.20931,0.16135,-0.05473,-0.028257,-0.072172,-0.065093,-0.3981,-0.45574,-0.41397,-0.2187,-0.14475,0.011967
0.0034297,0.017548,0.89864,0,0.10022,-0.056227,-0.20798,0.13028,0.024251,0.26716,0.16854,0.21825,-0.38001,-0.14496,-0.11145,-0.33193,-0.38488,0.061573,0.091715,0.13456,-0.52562,-0.64324,-0.1413,-0.2781,-0.14684,0.085577,-0.57571,-0.56663,-0.73244,-0.51039,-0.46749,-0.49945,-0.53262,-0.45398,-0.36983,-0.16718,-0.31536,-0.068644,0.094843,0.46262,-0.51938,0.033979,-0.28466,-0.21812,-0.25898,-0.20746,0.033187,0.096928,-0.70118,-0.3662,-0.40731,-0.28059,0.21627,0.22103,0.24716,-0.41112,-0.28319,0.1794,0.31904,0.56853,0.071741,-0.59353,-0.47055,-0.14142,-0.11192,-0.054385,0.099821,-0.42906,-0.42888,-0.46752,-0.43543,-0.28832,-0.48104,-0.25825,-0.32325,0.57668,0.50621,-0.2255,-0.11764,-0.2135,-0.038353,0.37338,0.385,0.21171,0.073991,-0.018638,0.1841,0.32703,0.18029,-0.24935,-0.16117,-0.19935,-0.1177,0.10075,0.11411,-0.0036256,0.015322,0.064489,-0.024956,-0.23376,-0.32851,-0.35972,-0.19585,-0.18452,0.026877
0.0079059,-0.31689,0.10855,0.10022,0,-0.10217,0.094145,-0.16057,-0.043057,-0.034575,0.060437,-0.087098,-0.29719,-0.15713,-0.14947,-0.20846,-0.39165,0.063713,0.13783,0.23122,-0.52723,-0.47152,-0.26218,-0.40128,-0.32077,-0.1429,-0.60567,-0.60846,-0.75454,-0.57802,-0.4232,-0.63552,-0.40801,-0.47454,-0.36347,-0.211,-0.24217,-0.11935,-0.24525,-0.038252,-0.50497,-0.26274,-0.23032,-0.3709,-0.47635,-0.40118,-0.31939,-0.3866,-0.44857,-0.27054,-0.37816,-0.2094,0.17449,0.02378,0.30475,-0.30038,-0.14823,-0.045785,-0.008776,0.080058,-0.14294,-0.43474,-0.36105,-0.44494,-0.36786,-0.33127,-0.24609,-0.35927,-0.39483,-0.67013,-0.39041,-0.43439,-0.45703,-0.41388,-0.44389,0.079564,-0.13645,-0.15405,-0.13538,-0.14126,0.020065,-0.18456,0.2388,0.040298,-0.01511,0.093354,0.4355,-0.19487,-0.15898,-0.50555,-0.44064,-0.62589,-0.40976,0.091715,-0.24816,-0.11858,-0.12132,-0.1334,-0.089073,-0.31231,-0.35997,-0.090861,0.029205,-0.081861,-0.14817
-0.44377,0.41417,-0.080042,-0.056227,-0.10217,0,-0.34739,0.52643,-0.20499,-0.083852,-0.26773,0.20658,-0.61724,-0.46936,0.047126,-0.27887,-0.41966,-0.31573,-0.12222,-0.27025,-0.30524,-0.2397,-0.40299,-0.071388,-0.47833,-0.36488,-0.28016,-0.32004,-0.64458,-0.39929,-0.6824,-0.67865,-0.77458,-0.83323,-0.64542,-0.5689,-0.49649,-0.57616,-0.4279,-0.087137,-0.39085,-0.057904,-0.65444,-0.23469,-0.34201,-0.64213,-0.30639,-0.35502,-0.29297,-0.49059,-0.47697,-0.28349,-0.088336,0.58899,0.0093012,-0.2903,-0.49905,-0.35802,-0.4107,-0.075214,-0.024956,-0.32275,-0.32931,-0.40829,-0.20096,-0.45118,-0.36915,-0.3229,-0.21401,-0.43126,-0.47694,-0.42478,-0.65513,-0.40527,-0.61979,-0.11084,0.066222,-0.386,-0.39347,-0.36644,-0.4182,0.0092385,0.030687,-0.19288,-0.46082,-0.27111,-0.28738,-0.24794,-0.38877,-0.44791,-0.51876,-0.38505,0.027441,-0.056227,0.31443,0.050379,0.066912,0.13688,0.095368,-0.087278,-0.15747,-0.33467,-0.17055,-0.05041,0.12109
0.1873,-0.4398,-0.13939,-0.20798,0.094145,-0.34739,0,-0.36852,-0.17463,-0.47284,-0.19946,-0.53081,-0.49332,-0.56191,-0.38523,-0.38737,-0.50419,-0.33858,-0.24588,-0.33675,-0.71386,-0.44082,-0.31868,-0.4641,-0.22405,-0.30132,-0.39577,-0.41229,-0.62543,-0.49291,-0.4958,-0.54099,-0.57228,-0.63943,-0.3712,-0.43841,-0.41648,-0.309,0.068213,-0.23852,0.0013131,-0.25274,-0.027794,-0.26004,-0.32024,-0.2434,-0.17111,-0.23529,-0.39551,-0.67668,-0.73269,-0.44753,0.033916,-0.26782,-0.28281,-0.20855,0.012413,-0.01511,-0.066214,-0.20753,-0.44154,-0.69353,-0.55599,-0.46645,-0.43951,-0.25744,-0.23056,-0.6249,-0.71801,-0.83415,-0.67027,-0.34934,-0.32848,-0.33861,-0.19794,-0.07878,-0.35578,-0.4619,-0.4014,-0.41328,-0.30443,-0.24325,-0.14362,-0.048646,-0.16196,-0.31205,-0.14315,-0.19785,-0.13798,-0.30134,-0.19718,-0.62042,-0.54155,-0.17291,-0.4417,-0.39393,-0.47926,-0.32915,-0.34955,-0.56087,-0.51729,-0.50596,-0.46674,-0.32638,-0.54688
-0.30927,0.73597,0.091104,0.13028,-0.16057,0.52643,-0.36852,0,-0.0704,0.14308,-0.24459,0.23436,-0.44071,-0.31181,-0.20302,-0.48909,-0.19491,-0.20942,0.088791,-0.10767,-0.36429,-0.38518,-0.15598,0.028688,-0.24528,-0.12104,-0.44451,-0.47694,-0.62753,-0.30772,-0.65278,-0.5173,-0.64259,-0.71355,-0.83734,-0.54329,-0.64328,-0.43519,-0.35954,0.1712,-0.52706,0.024721,-0.7391,-0.2922,-0.27328,-0.46917,-0.31613,-0.33748,-0.46445,-0.34984,-0.36977,-0.47441,-0.049618,0.58389,0.026273,-0.22083,-0.41639,-0.28647,-0.33571,-0.0056246,-0.1649,-0.5324,-0.4746,-0.44846,-0.26724,-0.47407,-0.38057,-0.40958,-0.49502,-0.32087,-0.47821,-0.49638,-0.65158,-0.46337,-0.60476,0.03913,0.32002,-0.44783,-0.40291,-0.3429,-0.33884,0.26529,0.022996,-0.10327,-0.34721,-0.15333,-0.18831,-0.18604,-0.35709,-0.34284,-0.42335,-0.24076,0.041693,-0.18855,0.30748,0.077573,0.10006,0.10664,-0.064842,-0.23237,-0.26401,-0.51271,-0.30359,-0.15041,0.074249
-0.12956,-0.14803,0.0033513,0.024251,-0.043057,-0.20499,-0.17463,-0.0704,0,0.34591,0.25238,-0.075127,-0.25769,-0.26328,-0.50253,-0.27411,-0.38686,-0.047141,0.1229,0.059762,-0.70593,-0.48183,0.018967,-0.0054443,-0.079635,0.079658,-0.67756,-0.72122,-0.50102,-0.37242,-0.20174,-0.16226,-0.53593,-0.59256,-0.50728,-0.43723,-0.46007,-0.2519,-0.0048172,0.098896,-0.49343,-0.24982,-0.36968,-0.44238,0.02534,0.037656,0.079047,-0.28338,-0.46343,-0.20124,-0.36999,-0.58503,-0.092789,-0.011551,-0.11873,-0.46989,-0.51188,0.12408,-0.14755,-0.075825,-0.34317,-0.62084,-0.43987,-0.47926,-0.4777,-0.13832,-0.17945,-0.29358,-0.70133,-0.22656,-0.2028,0.078655,-0.007898,0.050982,0.050387,0.19793,-0.053718,-0.6598,-0.4707,-0.28614,-0.35128,-0.27442,-0.12236,-0.054189,-0.2649,-0.2015,-0.1361,0.027872,-0.16957,-0.17642,0.008094,-0.52177,-0.40887,0.016388,-0.13664,-0.068127,-0.17037,-0.17825,-0.47788,-0.26494,-0.28668,-0.18491,-0.18085,-0.53259,-0.30759
-0.19745,0.043763,0.15701,0.26716,-0.034575,-0.083852,-0.47284,0.14308,0.34591,0,0.15171,0.36945,-0.30612,-0.14243,-0.27925,-0.29525,-0.39114,-0.027872,0.20128,0.1478,-0.42172,-0.56372,-0.032451,-0.095125,-0.13789,0.14908,-0.69468,-0.7347,-0.47391,-0.47053,-0.32851,-0.26701,-0.49917,-0.5375,-0.49077,-0.22978,-0.49446,-0.16692,-0.23931,0.31922,-0.72962,-0.17545,-0.46295,-0.40778,-0.19069,-0.22578,-0.0753,-0.28404,-0.55493,-0.1349,-0.21052,-0.4313,-0.057003,0.22318,0.16571,-0.41952,-0.47672,0.10005,-0.034097,0.12633,-0.092546,-0.38384,-0.33725,-0.32737,-0.2891,-0.24245,-0.22261,-0.26174,-0.44646,-0.10172,-0.14713,-0.21668,-0.31266,-0.25436,-0.30678,0.24064,0.29299,-0.48749,-0.37193,-0.3521,-0.27464,-0.1168,-0.098269,-0.019759,-0.22754,-0.13657,-0.036119,0.10815,-0.059794,-0.31191,-0.231,-0.28093,-0.17218,-0.016317,0.026955,0.00068593,0.016286,-0.019806,-0.28168,-0.12604,-0.21913,-0.15068,-0.051508,-0.31878,-0.023114
-0.091801,-0.31357,0.14074,0.16854,0.060437,-0.26773,-0.19946,-0.24459,0.25238,0.15171,0,-0.21481,-0.12002,-0.082465,-0.38885,-0.25589,-0.4776,0.1001,-0.20272,0.019249,-0.82541,-0.67673,-0.39231,-0.45108,-0.22758,-0.09761,-0.75948,-0.82112,-0.65651,-0.43101,-0.077213,-0.15637,-0.31225,-0.24592,-0.16837,-0.1851,0.019845,0.10681,0.16168,0.10833,-0.62276,-0.33359,-0.16121,-0.40802,-0.18789,-0.080215,0.010516,-0.21723,-0.61271,-0.25422,-0.30211,-0.44099,-0.047941,-0.11192,0.033822,-0.66681,-0.55018,0.14423,-0.020386,0.015008,-0.2581,-0.52639,-0.42177,-0.37918,-0.43157,-0.22603,-0.22584,-0.11062,-0.46275,-0.27562,-0.12461,-0.035249,-0.043253,-0.065375,-0.10407,0.19175,-0.039349,-0.28655,-0.042673,-0.2048,-0.16809,-0.26554,0.050144,-0.095274,0.069287,-0.14088,0.015267,-0.0059853,-0.10737,-0.42207,-0.15794,-0.403,-0.41903,0.20182,-0.16814,-0.10646,-0.20527,-0.26367,-0.35459,-0.46846,-0.51764,-0.012131,-0.061009,-0.37154,-0.33643
-0.32801,0.18418,0.11925,0.21825,-0.087098,0.20658,-0.53081,0.23436,-0.075127,0.36945,-0.21481,0,-0.57558,-0.33382,0.05872,-0.30012,-0.56354,-0.30957,0.21237,-0.07334,-0.23574,-0.50157,-0.097304,-0.15321,-0.28041,-0.13517,-0.5056,-0.44801,-0.57434,-0.59049,-0.67129,-0.67646,-0.73162,-0.73359,-0.49625,-0.30333,-0.67449,-0.49457,-0.37759,0.19681,-0.54376,-0.091425,-0.53324,-0.3001,-0.3046,-0.52393,-0.1439,-0.22723,-0.47699,-0.32084,-0.33507,-0.23855,0.010391,0.40665,0.29443,-0.25909,-0.36042,-0.10806,-0.065618,0.16671,0.14534,-0.28491,-0.38259,-0.19954,-0.11034,-0.19358,-0.14733,-0.45315,-0.16269,-0.35164,-0.40984,-0.33749,-0.60778,-0.38148,-0.49098,0.16381,0.39574,-0.4515,-0.49652,-0.47058,-0.36006,-0.03151,-0.092515,0.014702,-0.39914,-0.19892,-0.1345,0.095062,-0.12127,-0.26032,-0.37222,-0.21986,0.039451,-0.10057,0.12389,-0.085906,-0.007263,0.093691,-0.096458,0.1055,-0.11816,-0.33014,-0.19005,-0.017517,0.29487
-0.22778,-0.38743,-0.32438,-0.38001,-0.29719,-0.61724,-0.49332,-0.44071,-0.25769,-0.30612,-0.12002,-0.57558,0,0.56241,-0.85206,-0.61708,0.12599,-0.0081018,-0.20484,-0.059606,-0.56027,-0.48901,-0.21562,-0.47285,-0.073081,-0.14365,-0.62885,-0.62946,-0.37155,-0.11682,0.27133,0.088227,0.52816,0.33801,-0.42462,-0.45434,-0.19254,-0.25982,-0.36952,-0.30683,-0.73046,-0.54296,-0.35743,-0.60367,-0.20391,-0.025309,-0.4511,-0.58832,-0.43184,0.48379,0.30311,-0.68689,-0.5375,-0.64583,-0.35464,-0.48646,-0.47679,-0.37427,-0.46164,-0.50024,-0.64978,-0.52822,-0.48691,-0.57149,-0.70736,-0.51946,-0.63322,-0.079462,-0.4876,-0.2028,-0.050387,-0.34916,-0.11083,-0.25965,-0.28969,-0.43452,-0.54567,-0.10249,-0.08582,-0.087882,-0.057724,-0.46217,-0.29604,-0.27671,0.056023,0.069765,-0.046953,-0.52289,-0.61276,-0.35819,-0.31111,-0.34924,-0.53885,-0.41238,-0.52051,-0.31515,-0.40078,-0.64901,-0.71661,-0.78363,-0.598,-0.23921,-0.30534,-0.47229,-0.65118
-0.30795,-0.31684,-0.10808,-0.14496,-0.15713,-0.46936,-0.56191,-0.31181,-0.26328,-0.14243,-0.082465,-0.33382,0.56241,0,-0.48488,-0.40915,0.14624,0.1773,-0.087662,0.11899,-0.44526,-0.53938,-0.20955,-0.43443,-0.036339,-0.0043782,-0.67175,-0.68063,-0.52911,-0.42834,0.063274,-0.15394,0.17672,0.16449,-0.38369,-0.32819,-0.15291,-0.18252,-0.34136,-0.15066,-0.81441,-0.41223,-0.36769,-0.60157,-0.25298,-0.07958,-0.36004,-0.43759,-0.56789,0.51334,0.41778,-0.41834,-0.44288,-0.45003,-0.21092,-0.57253,-0.50945,-0.28047,-0.32901,-0.2405,-0.37044,-0.44614,-0.42387,-0.43337,-0.51897,-0.33975,-0.40948,-0.14585,-0.33226,-0.29511,-0.11695,-0.35213,-0.19431,-0.19076,-0.29726,-0.30221,-0.32988,0.047745,0.054651,0.023867,0.18027,-0.28297,-0.14775,-0.14807,0.11375,0.21803,0.20889,-0.38151,-0.46336,-0.29348,-0.27948,-0.28107,-0.46132,-0.2564,-0.30336,-0.17301,-0.15281,-0.40488,-0.38926,-0.56752,-0.42277,-0.11795,-0.095454,-0.44342,-0.41753
-0.39841,-0.22933,-0.17907,-0.11145,-0.14947,0.047126,-0.38523,-0.20302,-0.50253,-0.27925,-0.38885,0.05872,-0.85206,-0.48488,0,0.17353,-0.73831,-0.42278,-0.31619,-0.35594,0.0076785,-0.24256,-0.45893,-0.3216,-0.41189,-0.30271,-0.070667,-0.052519,-0.5922,-0.78283,-0.76886,-0.76231,-0.72825,-0.64678,-0.17491,-0.12161,-0.3375,-0.45001,-0.33957,-0.26044,-0.1358,0.0016502,-0.2158,0.050896,-0.57748,-0.61113,-0.31485,-0.17253,-0.27892,-0.62765,-0.51376,0.38391,-0.031518,0.085013,-0.069922,-0.25795,-0.22461,-0.33236,-0.10489,0.19569,0.48818,0.008243,-0.0031788,0.11593,0.33927,-0.20653,-0.057795,-0.42684,0.17366,-0.48424,-0.4347,-0.41949,-0.62955,-0.42586,-0.55669,-0.26121,-0.15992,-0.19291,-0.26709,-0.38094,-0.23844,-0.13869,-0.077573,-0.18832,-0.31968,-0.32752,-0.2327,-0.18466,-0.047047,-0.43898,-0.50113,-0.31793,-0.068064,-0.0035708,0.032882,-0.043441,0.023373,0.25485,0.4188,0.15708,0.095313,-0.14934,0.046514,-0.26314,0.13105
-0.43334,-0.47687,-0.38283,-0.33193,-0.20846,-0.27887,-0.38737,-0.48909,-0.27411,-0.29525,-0.25589,-0.30012,-0.61708,-0.40915,0.17353,0,-0.53056,-0.21365,-0.40852,-0.2603,-0.1063,-0.028868,-0.3837,-0.17627,-0.34754,-0.22719,-0.093988,-0.14185,-0.36516,-0.58777,-0.25508,-0.41352,-0.58432,-0.56636,-0.15971,-0.29807,-0.10759,-0.41511,-0.36117,-0.49972,-0.21792,-0.16999,-0.24424,-0.1514,-0.28352,-0.22346,-0.24093,-0.18998,-0.12453,-0.41839,-0.45685,0.055145,-0.39392,-0.27523,-0.38671,-0.46409,-0.43947,-0.24707,-0.20761,-0.1153,0.19691,0.063463,0.16424,0.001854,0.063494,-0.10989,0.006973,-0.29766,-0.060476,-0.2483,-0.21912,-0.079948,-0.26058,-0.089583,-0.20763,-0.40553,-0.50788,-0.35406,-0.25973,-0.24046,-0.2352,-0.45918,-0.14511,-0.24247,-0.3889,-0.42434,-0.22677,-0.24673,-0.0063929,-0.40871,-0.22281,-0.53466,-0.41222,0.0079921,-0.24791,-0.088611,-0.20498,0.11472,0.085553,0.11976,0.019477,0.088611,0.15794,-0.61259,-0.3356
-0.46314,-0.23613,-0.31802,-0.38488,-0.39165,-0.41966,-0.50419,-0.19491,-0.38686,-0.39114,-0.4776,-0.56354,0.12599,0.14624,-0.73831,-0.53056,0,-0.0062518,-0.23787,-0.13559,-0.48965,-0.36109,-0.2446,-0.21169,-0.20874,-0.21485,-0.53736,-0.59952,-0.4431,-0.17618,-0.074626,-0.27828,-0.036778,-0.11786,-0.79419,-0.67393,-0.25657,-0.33863,-0.55726,-0.44528,-0.74207,-0.4188,-0.74966,-0.70979,-0.24614,-0.18076,-0.50111,-0.43713,-0.58442,0.060774,-0.07062,-0.66678,-0.62845,-0.49291,-0.48395,-0.50917,-0.58305,-0.47902,-0.58915,-0.51994,-0.57662,-0.68683,-0.58238,-0.62187,-0.64199,-0.43011,-0.45956,-0.39889,-0.74243,-0.37514,-0.41252,-0.52119,-0.41043,-0.33561,-0.43135,-0.47795,-0.47654,-0.13497,-0.16116,0.12432,0.0087603,-0.14989,-0.23984,-0.38252,-0.31029,0.0063145,-0.14505,-0.5426,-0.62641,-0.2794,-0.29934,-0.36098,-0.45007,-0.45188,-0.29852,-0.29495,-0.27385,-0.44626,-0.35439,-0.70434,-0.58265,-0.54255,-0.41236,-0.43299,-0.47779
-0.3274,-0.33658,0.069381,0.061573,0.063713,-0.31573,-0.33858,-0.20942,-0.047141,-0.027872,0.1001,-0.30957,-0.0081018,0.1773,-0.42278,-0.21365,-0.0062518,0,-0.10229,0.59832,-0.43979,-0.32142,-0.2632,-0.24539,-0.36291,0.058124,-0.57685,-0.59593,-0.67199,-0.39565,-0.062976,-0.27386,-0.17006,-0.21913,-0.51252,-0.33406,0.022777,0.07987,-0.20089,-0.01598,-0.77637,-0.14978,-0.53428,-0.50769,-0.39639,-0.14398,-0.25508,-0.14876,-0.58936,0.063149,-0.11282,-0.47244,-0.30728,-0.29956,-0.2516,-0.77472,-0.63455,-0.23771,-0.22397,-0.088579,-0.35154,-0.53449,-0.32676,-0.43105,-0.47154,-0.30729,-0.19528,-0.21544,-0.4816,-0.29934,-0.20548,-0.2425,-0.18017,-0.22467,-0.28114,-0.12582,-0.16845,0.051116,0.37567,0.33926,0.34263,-0.20328,0.19305,-0.15249,0.20516,0.19907,0.39876,-0.26688,-0.21798,-0.62077,-0.29584,-0.44866,-0.48266,-0.047682,-0.14212,0.019594,0.021836,-0.25267,-0.12208,-0.47668,-0.33327,0.015965,0.15222,-0.5619,-0.32362
-0.072932,-0.044578,0.19983,0.091715,0.13783,-0.12222,-0.24588,0.088791,0.1229,0.20128,-0.20272,0.21237,-0.20484,-0.087662,-0.31619,-0.40852,-0.23787,-0.10229,0,0.31872,-0.3404,-0.38257,0.42154,-0.00066242,0.101,0.25164,-0.60814,-0.52492,-0.57165,-0.41605,-0.52411,-0.52624,-0.39062,-0.54754,-0.58246,-0.36357,-0.73209,-0.48251,-0.28495,0.23496,-0.49562,-0.033885,-0.498,-0.39641,-0.25417,-0.3252,-0.2205,-0.34187,-0.42327,0.045628,-0.079368,-0.45943,0.024431,0.048897,0.14635,-0.063949,-0.12969,-0.086949,-0.12737,0.056721,-0.19457,-0.57018,-0.51874,-0.41047,-0.37657,-0.2868,-0.26351,-0.61112,-0.55171,-0.41255,-0.49946,-0.42443,-0.52305,-0.39666,-0.42731,0.16365,0.053577,-0.4139,-0.46166,-0.25091,-0.13356,-0.092687,-0.046498,0.3409,-0.15542,0.16777,0.22989,-0.058312,-0.24733,-0.25704,-0.34234,-0.25674,-0.087043,-0.11602,-0.12524,-0.13921,-0.13351,-0.17173,-0.33496,-0.24662,-0.28346,-0.37203,-0.22251,-0.19017,-0.055239
-0.24143,-0.29805,0.14675,0.13456,0.23122,-0.27025,-0.33675,-0.10767,0.059762,0.1478,0.019249,-0.07334,-0.059606,0.11899,-0.35594,-0.2603,-0.13559,0.59832,0.31872,0,-0.35659,-0.31209,0.0034218,-0.11414,-0.22609,0.20438,-0.64405,-0.58513,-0.6369,-0.37524,-0.28308,-0.36606,-0.21031,-0.30118,-0.4699,-0.20331,-0.26255,-0.080278,-0.28135,0.13666,-0.75967,-0.079266,-0.51545,-0.41693,-0.42376,-0.24427,-0.3294,-0.28624,-0.51916,0.15525,-0.060805,-0.40225,-0.15385,-0.17245,-0.02313,-0.46368,-0.3771,-0.21547,-0.15522,0.017509,-0.2659,-0.49268,-0.34339,-0.38403,-0.39795,-0.34112,-0.21405,-0.34322,-0.4978,-0.29037,-0.26608,-0.35097,-0.33207,-0.36486,-0.39287,-0.016897,-0.056407,-0.12857,0.012241,0.12567,0.1879,-0.17287,0.17797,0.018316,0.14134,0.27791,0.54987,-0.22721,-0.21934,-0.58383,-0.41507,-0.41357,-0.33122,-0.088517,-0.19198,-0.06329,-0.043567,-0.24682,-0.21975,-0.33487,-0.27859,-0.047212,0.080709,-0.41983,-0.18553
-0.512,-0.28589,-0.55239,-0.52562,-0.52723,-0.30524,-0.71386,-0.36429,-0.70593,-0.42172,-0.82541,-0.23574,-0.56027,-0.44526,0.0076785,-0.1063,-0.48965,-0.43979,-0.3404,-0.35659,0,0.2363,-0.18789,-0.12218,-0.41732,-0.20742,0.24907,0.31852,-0.073599,-0.35449,-0.59231,-0.406,-0.33932,-0.46674,-0.43819,-0.28608,-0.62855,-0.61586,-0.74833,-0.45212,-0.16444,-0.0041195,-0.51735,-0.047666,-0.66203,-0.63661,-0.6999,-0.41618,0.16457,-0.23623,-0.14683,-0.072094,-0.48387,-0.3615,-0.53139,-0.05092,-0.18984,-0.75855,-0.50074,-0.29658,-0.10405,0.18633,0.22672,-0.12078,0.021076,-0.62882,-0.47086,-0.35641,0.13779,-0.10728,-0.28931,-0.62608,-0.68587,-0.68701,-0.75999,-0.67963,-0.45795,-0.28363,-0.37404,-0.4707,-0.37144,-0.4762,-0.45854,-0.36514,-0.37523,-0.40271,-0.40023,-0.56047,-0.32697,-0.65255,-0.70564,-0.15538,-0.080897,-0.51914,-0.31648,-0.13864,-0.1193,-0.099876,-0.099899,0.068088,0.23001,-0.18798,-0.081791,-0.54643,-0.18511
-0.54588,-0.35764,-0.62065,-0.64324,-0.47152,-0.2397,-0.44082,-0.38518,-0.48183,-0.56372,-0.67673,-0.50157,-0.48901,-0.53938,-0.24256,-0.028868,-0.36109,-0.32142,-0.38257,-0.31209,0.2363,0,-0.24872,0.19117,-0.44679,-0.25976,0.34482,0.31418,-0.037389,-0.050481,-0.40839,-0.25711,-0.33929,-0.52037,-0.40189,-0.45909,-0.4469,-0.73387,-0.62171,-0.62378,-0.077126,-0.025819,-0.49565,-0.0040098,-0.4435,-0.44948,-0.55621,-0.42225,0.36227,-0.26546,-0.29063,-0.23505,-0.62528,-0.43562,-0.73019,-0.19388,-0.3261,-0.68864,-0.64205,-0.48958,-0.25647,-0.0027712,0.19493,-0.22348,-0.12265,-0.55777,-0.4204,-0.28452,-0.21042,-0.10827,-0.29117,-0.43367,-0.47821,-0.44343,-0.53524,-0.78097,-0.70091,-0.39905,-0.40569,-0.27979,-0.43887,-0.48564,-0.31467,-0.37019,-0.38612,-0.45138,-0.46506,-0.60459,-0.39768,-0.68889,-0.60565,-0.46993,-0.19901,-0.40744,-0.35719,-0.23492,-0.30712,-0.26592,-0.24228,-0.071349,0.13043,-0.15238,-0.12468,-0.71586,-0.44027
-0.017266,-0.11489,-0.07715,-0.1413,-0.26218,-0.40299,-0.31868,-0.15598,0.018967,-0.032451,-0.39231,-0.097304,-0.21562,-0.20955,-0.45893,-0.3837,-0.2446,-0.2632,0.42154,0.0034218,-0.18789,-0.24872,0,0.15865,0.31799,0.43558,-0.31875,-0.26741,-0.22091,-0.21302,-0.41335,-0.2592,-0.29378,-0.45159,-0.5684,-0.39787,-0.89894,-0.54938,-0.2286,0.016466,-0.21177,0.076742,-0.43557,-0.24723,-0.17135,-0.12201,-0.2325,-0.27166,-0.23023,-0.00069377,-0.1063,-0.53732,-0.16906,-0.25633,-0.25118,0.066927,-0.056533,-0.18075,-0.16722,-0.069405,-0.30305,-0.58599,-0.42818,-0.35496,-0.34096,-0.30036,-0.28971,-0.66703,-0.60082,-0.31634,-0.50792,-0.41005,-0.4874,-0.36592,-0.33117,-0.032396,-0.1908,-0.56206,-0.59331,-0.36247,-0.25077,-0.22878,-0.255,0.15027,-0.2191,-0.065885,-0.084064,-0.11435,-0.19925,-0.13542,-0.21068,-0.091848,-0.087302,-0.29655,-0.25886,-0.18718,-0.2332,-0.23331,-0.47588,-0.26212,-0.22207,-0.5296,-0.39471,-0.47418,-0.24652
-0.45416,-0.021515,-0.27773,-0.2781,-0.40128,-0.071388,-0.4641,0.028688,-0.0054443,-0.095125,-0.45108,-0.15321,-0.47285,-0.43443,-0.3216,-0.17627,-0.21169,-0.24539,-0.00066242,-0.11414,-0.12218,0.19117,0.15865,0,-0.14466,0.094075,-0.097642,-0.15962,-0.12424,-0.054518,-0.47756,-0.20836,-0.49965,-0.63626,-0.55303,-0.42368,-0.66811,-0.6156,-0.40261,-0.24433,-0.23603,0.11729,-0.60921,-0.10542,-0.20861,-0.26345,-0.28141,-0.33616,-0.09975,-0.21899,-0.30371,-0.36698,-0.38594,-0.097461,-0.43331,-0.18978,-0.40228,-0.37434,-0.46666,-0.21885,-0.21151,-0.38174,-0.15731,-0.31559,-0.19453,-0.35136,-0.2791,-0.42731,-0.56519,-0.13785,-0.39557,-0.37256,-0.48772,-0.29103,-0.40347,-0.31011,-0.27865,-0.62127,-0.60005,-0.23392,-0.42569,-0.14867,-0.191,-0.21326,-0.4569,-0.30936,-0.39565,-0.27816,-0.31956,-0.3395,-0.37802,-0.32677,0.012319,-0.22999,-0.024172,-0.12308,-0.10435,-0.14509,-0.27747,-0.057113,0.053906,-0.35994,-0.23259,-0.64535,-0.16938
0.090618,-0.18458,-0.034724,-0.14684,-0.32077,-0.47833,-0.22405,-0.24528,-0.079635,-0.13789,-0.22758,-0.28041,-0.073081,-0.036339,-0.41189,-0.34754,-0.20874,-0.36291,0.101,-0.22609,-0.41732,-0.44679,0.31799,-0.14466,0,0.34227,-0.4111,-0.40814,-0.34703,-0.35152,-0.27394,-0.15766,-0.20355,-0.28386,-0.32811,-0.36137,-0.61981,-0.52742,-0.00082704,-0.051421,-0.17356,-0.074469,-0.14113,-0.24827,0.005899,0.056407,-0.063807,-0.24249,-0.3848,-0.073959,-0.037977,-0.48259,-0.18304,-0.294,-0.24423,-0.045793,-0.069412,0.03822,-0.078929,-0.057458,-0.23186,-0.58494,-0.49761,-0.22464,-0.27997,-0.162,-0.25312,-0.61302,-0.61835,-0.31726,-0.45779,-0.32471,-0.33068,-0.1956,-0.18614,-0.069483,-0.27495,-0.48238,-0.51097,-0.38948,-0.21485,-0.1544,-0.28418,0.26325,-0.10291,-0.090735,-0.10407,-0.02556,-0.15886,0.06115,-0.037436,-0.03891,-0.1483,-0.16209,-0.24471,-0.25005,-0.3469,-0.25395,-0.49892,-0.45765,-0.40072,-0.53434,-0.4283,-0.4915,-0.41778
-0.0012817,-0.1502,0.17184,0.085577,-0.1429,-0.36488,-0.30132,-0.12104,0.079658,0.14908,-0.09761,-0.13517,-0.14365,-0.0043782,-0.30271,-0.22719,-0.21485,0.058124,0.25164,0.20438,-0.20742,-0.25976,0.43558,0.094075,0.34227,0,-0.33777,-0.35159,-0.37713,-0.34343,-0.30929,-0.1292,-0.2021,-0.32849,-0.4174,-0.18968,-0.50895,-0.24477,-0.0003802,0.21365,-0.29562,0.27357,-0.30597,-0.16924,-0.26756,-0.048396,-0.096764,-0.10679,-0.38024,0.036433,0.0030142,-0.41026,-0.066849,-0.15437,-0.19603,-0.21042,-0.2079,-0.04134,-0.022996,0.23289,-0.16782,-0.54114,-0.27289,-0.21556,-0.21773,-0.24576,-0.1874,-0.49417,-0.56139,-0.20164,-0.34518,-0.35834,-0.35377,-0.29681,-0.30534,0.046741,-0.083233,-0.28223,-0.22075,-0.12611,0.040533,-0.090233,-0.053507,0.22256,0.14719,0.13751,0.14087,0.0041901,-0.010273,-0.31614,-0.21027,-0.039216,-0.049187,0.016215,-0.016396,0.061565,0.046624,-0.12038,-0.2544,-0.33226,-0.14839,-0.24869,-0.039435,-0.64455,-0.17839
-0.34832,-0.26279,-0.62632,-0.57571,-0.60567,-0.28016,-0.39577,-0.44451,-0.67756,-0.69468,-0.75948,-0.5056,-0.62885,-0.67175,-0.070667,-0.093988,-0.53736,-0.57685,-0.60814,-0.64405,0.24907,0.34482,-0.31875,-0.097642,-0.4111,-0.33777,0,1,0.015635,-0.10761,-0.46275,-0.26472,-0.3666,-0.4443,-0.33642,-0.40112,-0.47398,-0.6917,-0.45552,-0.66594,0.33828,0.01794,-0.25149,0.32955,-0.48328,-0.41528,-0.48859,-0.26808,0.31397,-0.57117,-0.50995,-0.096356,-0.43634,-0.41394,-0.67722,-0.078631,-0.17117,-0.62721,-0.41178,-0.33297,-0.12101,-0.028625,0.20895,-0.028405,0.12569,-0.47157,-0.35213,-0.30725,-0.047651,-0.29131,-0.34724,-0.49951,-0.59844,-0.49066,-0.56179,-0.708,-0.69228,-0.32649,-0.41557,-0.44307,-0.45739,-0.35982,-0.31734,-0.43324,-0.36905,-0.53501,-0.62055,-0.47778,-0.22422,-0.48892,-0.49914,-0.32708,-0.12417,-0.39169,-0.28533,-0.16659,-0.24576,-0.1191,-0.12205,-0.072423,0.13714,-0.37579,-0.27123,-0.61767,-0.34025
-0.34283,-0.31277,-0.59226,-0.56663,-0.60846,-0.32004,-0.41229,-0.47694,-0.72122,-0.7347,-0.82112,-0.44801,-0.62946,-0.68063,-0.052519,-0.14185,-0.59952,-0.59593,-0.52492,-0.58513,0.31852,0.31418,-0.26741,-0.15962,-0.40814,-0.35159,1,0,-0.10459,-0.15045,-0.53565,-0.36958,-0.37326,-0.45619,-0.33697,-0.41068,-0.52537,-0.77738,-0.45484,-0.60653,0.30886,0.062389,-0.28207,0.3163,-0.51332,-0.46224,-0.49984,-0.2192,0.25227,-0.53419,-0.48838,-0.13378,-0.40294,-0.45088,-0.64543,-0.031306,-0.10363,-0.66812,-0.37469,-0.32218,-0.12208,-0.050199,0.10354,0.049603,0.1465,-0.44429,-0.3035,-0.41508,-0.0091523,-0.29495,-0.40705,-0.47236,-0.60806,-0.53606,-0.56857,-0.68239,-0.64785,-0.31401,-0.41201,-0.45538,-0.43493,-0.3846,-0.33127,-0.35833,-0.33295,-0.48968,-0.55987,-0.45667,-0.22026,-0.50821,-0.5159,-0.28479,-0.1083,-0.44202,-0.33649,-0.22026,-0.3218,-0.16476,-0.16803,-0.065093,0.090837,-0.4131,-0.31793,-0.56179,-0.33335
-0.41712,-0.44882,-0.84076,-0.73244,-0.75454,-0.64458,-0.62543,-0.62753,-0.50102,-0.47391,-0.65651,-0.57434,-0.37155,-0.52911,-0.5922,-0.36516,-0.4431,-0.67199,-0.57165,-0.6369,-0.073599,-0.037389,-0.22091,-0.12424,-0.34703,-0.37713,0.015635,-0.10459,0,0.086659,-0.21498,0.11848,-0.18088,-0.23209,-0.19928,-0.25742,-0.61112,-0.55108,-0.66946,-0.7538,-0.18678,-0.49367,-0.25299,-0.16274,-0.2869,-0.27812,-0.56711,-0.65125,0.18858,-0.31765,-0.29546,-0.30131,-0.78847,-0.68019,-0.71814,-0.13838,-0.2434,-0.5003,-0.56302,-0.69737,-0.43132,-0.02712,-0.010893,-0.34686,-0.30058,-0.55998,-0.60212,-0.14062,-0.29042,-0.093103,-0.14551,-0.51096,-0.45901,-0.42978,-0.43018,-0.77029,-0.76336,-0.7053,-0.78927,-0.70648,-0.81955,-0.63592,-0.70762,-0.60411,-0.6129,-0.80723,-0.83744,-0.55878,-0.41745,-0.33059,-0.46082,-0.35679,-0.33568,-0.73039,-0.72303,-0.60376,-0.60276,-0.5404,-0.71797,-0.1706,-0.15755,-0.3868,-0.5411,-0.60926,-0.60294
-0.28648,-0.22601,-0.54139,-0.51039,-0.57802,-0.39929,-0.49291,-0.30772,-0.37242,-0.47053,-0.43101,-0.59049,-0.11682,-0.42834,-0.78283,-0.58777,-0.17618,-0.39565,-0.41605,-0.37524,-0.35449,-0.050481,-0.21302,-0.054518,-0.35152,-0.34343,-0.10761,-0.15045,0.086659,0,-0.17511,0.090147,0.025803,-0.079619,-0.41589,-0.41934,-0.38213,-0.46496,-0.50514,-0.54731,-0.34221,-0.29748,-0.46211,-0.09848,-0.30062,-0.27403,-0.60592,-0.54941,-0.049705,-0.27055,-0.35717,-0.60214,-0.53165,-0.49867,-0.49082,-0.14869,-0.30209,-0.57412,-0.54325,-0.58369,-0.52346,-0.42108,-0.27306,-0.40536,-0.37591,-0.70963,-0.63086,-0.17512,-0.57714,-0.092781,-0.24392,-0.55814,-0.54518,-0.55238,-0.59747,-0.55808,-0.60464,-0.46176,-0.453,-0.33042,-0.5291,-0.30944,-0.26495,-0.49505,-0.33044,-0.41161,-0.57808,-0.55925,-0.50801,-0.53158,-0.55278,-0.3384,-0.1712,-0.53415,-0.48246,-0.41451,-0.5462,-0.55389,-0.64913,-0.48121,-0.46943,-0.56428,-0.58813,-0.41471,-0.50995
-0.28925,-0.48345,-0.50139,-0.46749,-0.4232,-0.6824,-0.4958,-0.65278,-0.20174,-0.32851,-0.077213,-0.67129,0.27133,0.063274,-0.76886,-0.25508,-0.074626,-0.062976,-0.52411,-0.28308,-0.59231,-0.40839,-0.41335,-0.47756,-0.27394,-0.30929,-0.46275,-0.53565,-0.21498,-0.17511,0,0.23207,0.054134,0.039992,-0.34239,-0.57403,0.01094,-0.28218,-0.35981,-0.55407,-0.63214,-0.65598,-0.2565,-0.56162,0.069209,0.31256,-0.22722,-0.3843,-0.34862,0.02719,-0.14505,-0.64785,-0.74241,-0.73805,-0.56285,-0.76674,-0.7142,-0.18908,-0.34665,-0.57652,-0.48646,-0.32519,-0.28153,-0.38698,-0.54449,-0.24166,-0.3523,0.070949,-0.40065,-0.078279,0.15454,0.059073,0.2062,0.10185,0.065705,-0.5195,-0.72007,-0.29246,-0.16408,-0.18792,-0.23669,-0.60902,-0.34646,-0.40132,-0.21129,-0.31337,-0.28302,-0.36017,-0.3288,-0.24368,0.038377,-0.56826,-0.78122,-0.35116,-0.57705,-0.33512,-0.5208,-0.49637,-0.64622,-0.52576,-0.47989,-0.11842,-0.26578,-0.64995,-0.88254
-0.25944,-0.39532,-0.57573,-0.49945,-0.63552,-0.67865,-0.54099,-0.5173,-0.16226,-0.26701,-0.15637,-0.67646,0.088227,-0.15394,-0.76231,-0.41352,-0.27828,-0.27386,-0.52624,-0.36606,-0.406,-0.25711,-0.2592,-0.20836,-0.15766,-0.1292,-0.26472,-0.36958,0.11848,0.090147,0.23207,0,0.0823,0.047823,-0.23919,-0.28997,-0.297,-0.23873,-0.28978,-0.43975,-0.39571,-0.43624,-0.15141,-0.20678,-0.10899,0.18173,-0.36973,-0.54307,-0.15308,-0.087929,-0.13507,-0.54167,-0.63428,-0.62902,-0.65174,-0.45941,-0.48586,-0.33575,-0.44202,-0.52135,-0.55359,-0.28029,-0.096262,-0.34055,-0.39661,-0.49747,-0.5528,0.15707,-0.47846,0.21713,0.25314,-0.18694,0.050136,-0.15797,-0.13328,-0.5766,-0.62827,-0.50558,-0.36861,-0.40492,-0.49002,-0.53632,-0.48296,-0.50265,-0.17361,-0.47419,-0.54536,-0.46192,-0.3803,-0.34925,-0.22004,-0.38819,-0.48935,-0.4795,-0.53185,-0.31078,-0.43105,-0.52778,-0.80436,-0.46121,-0.26973,-0.1666,-0.32402,-0.94677,-0.76056
-0.25784,-0.57553,-0.47767,-0.53262,-0.40801,-0.77458,-0.57228,-0.64259,-0.53593,-0.49917,-0.31225,-0.73162,0.52816,0.17672,-0.72825,-0.58432,-0.036778,-0.17006,-0.39062,-0.21031,-0.33932,-0.33929,-0.29378,-0.49965,-0.20355,-0.2021,-0.3666,-0.37326,-0.18088,0.025803,0.054134,0.0823,0,0.77878,-0.24361,-0.19305,-0.1125,-0.19568,-0.4526,-0.50815,-0.53712,-0.4819,-0.26521,-0.3834,-0.53694,-0.26845,-0.64807,-0.60221,-0.31466,0.17783,0.18033,-0.46964,-0.5131,-0.7861,-0.40804,-0.3413,-0.30886,-0.56328,-0.46781,-0.50717,-0.59495,-0.3972,-0.29599,-0.42614,-0.52957,-0.66973,-0.71446,-0.12003,-0.39365,-0.21021,-0.092813,-0.62685,-0.36143,-0.55835,-0.57241,-0.62048,-0.74174,0.082426,-0.029072,-0.06347,-0.040399,-0.50634,-0.35278,-0.45011,0.075072,0.012359,-0.19846,-0.64952,-0.57591,-0.59783,-0.59826,-0.24925,-0.37804,-0.42816,-0.58536,-0.38152,-0.41181,-0.73942,-0.62452,-0.77866,-0.55033,-0.26145,-0.26978,-0.47251,-0.53049
-0.31931,-0.65387,-0.45754,-0.45398,-0.47454,-0.83323,-0.63943,-0.71355,-0.59256,-0.5375,-0.24592,-0.73359,0.33801,0.16449,-0.64678,-0.56636,-0.11786,-0.21913,-0.54754,-0.30118,-0.46674,-0.52037,-0.45159,-0.63626,-0.28386,-0.32849,-0.4443,-0.45619,-0.23209,-0.079619,0.039992,0.047823,0.77878,0,-0.064858,-0.060915,0.04722,-0.057222,-0.37137,-0.53306,-0.58621,-0.58367,-0.15577,-0.37035,-0.51274,-0.22292,-0.59824,-0.53101,-0.46113,-0.021358,0.0095521,-0.33549,-0.513,-0.81093,-0.38637,-0.47751,-0.3693,-0.52407,-0.39772,-0.46698,-0.52214,-0.40844,-0.33741,-0.33759,-0.4591,-0.52885,-0.5675,-0.070714,-0.33736,-0.27823,-0.092813,-0.55073,-0.32752,-0.45308,-0.48185,-0.58691,-0.67433,0.08604,0.0086976,-0.096372,-0.082951,-0.43763,-0.33874,-0.54734,0.026062,-0.1266,-0.28285,-0.59641,-0.53179,-0.48577,-0.51864,-0.24503,-0.43593,-0.43753,-0.59981,-0.46193,-0.4546,-0.7467,-0.5942,-0.74215,-0.60369,-0.28627,-0.34904,-0.44614,-0.51877
-0.32632,-0.85071,-0.39505,-0.36983,-0.36347,-0.64542,-0.3712,-0.83734,-0.50728,-0.49077,-0.16837,-0.49625,-0.42462,-0.38369,-0.17491,-0.15971,-0.79419,-0.51252,-0.58246,-0.4699,-0.43819,-0.40189,-0.5684,-0.55303,-0.32811,-0.4174,-0.33642,-0.33697,-0.19928,-0.41589,-0.34239,-0.23919,-0.24361,-0.064858,0,0.34383,-0.067515,-0.24779,-0.16821,-0.50605,-0.23375,-0.47016,0.3567,-0.05941,-0.43422,-0.33177,-0.26902,-0.34835,-0.33779,-0.49716,-0.37976,0.10123,-0.36824,-0.57227,-0.30969,-0.41195,-0.19092,-0.18352,-0.13552,-0.28868,-0.12238,-0.11288,-0.17418,0.017909,-0.10156,-0.18474,-0.19973,-0.25912,-0.16825,-0.38281,-0.27127,-0.3395,-0.32197,-0.29091,-0.28812,-0.44365,-0.53833,-0.33473,-0.35883,-0.46742,-0.45174,-0.47517,-0.37485,-0.3496,-0.21028,-0.5591,-0.44893,-0.2617,-0.1549,-0.41099,-0.44862,-0.3557,-0.32955,-0.22351,-0.59577,-0.70487,-0.65687,-0.59279,-0.49033,-0.29752,-0.36842,-0.14397,-0.32605,-0.40786,-0.46559
-0.28563,-0.6891,-0.23712,-0.16718,-0.211,-0.5689,-0.43841,-0.54329,-0.43723,-0.22978,-0.1851,-0.30333,-0.45434,-0.32819,-0.12161,-0.29807,-0.67393,-0.33406,-0.36357,-0.20331,-0.28608,-0.45909,-0.39787,-0.42368,-0.36137,-0.18968,-0.40112,-0.41068,-0.25742,-0.41934,-0.57403,-0.28997,-0.19305,-0.060915,0.34383,0,-0.19428,0.090469,-0.24575,-0.27356,-0.38235,-0.29964,0.061315,-0.02915,-0.79889,-0.51301,-0.46596,-0.40564,-0.46458,-0.44341,-0.34016,0.18802,-0.11046,-0.34922,-0.090155,-0.29436,-0.07439,-0.29374,-0.080003,-0.045119,-0.13522,-0.21017,-0.12336,-0.073356,-0.073183,-0.38861,-0.29449,-0.29586,-0.27667,-0.36351,-0.26945,-0.65594,-0.55524,-0.6301,-0.59938,-0.29743,-0.28393,-0.18865,-0.23419,-0.32599,-0.25269,-0.27456,-0.26011,-0.39838,-0.078247,-0.31559,-0.28159,-0.3049,-0.14375,-0.61804,-0.71229,-0.25597,-0.17324,-0.20638,-0.41359,-0.46439,-0.29398,-0.46228,-0.30933,-0.28567,-0.26952,-0.14592,-0.15294,-0.38393,-0.11154
-0.47142,-0.71272,-0.33057,-0.31536,-0.24217,-0.49649,-0.41648,-0.64328,-0.46007,-0.49446,0.019845,-0.67449,-0.19254,-0.15291,-0.3375,-0.10759,-0.25657,0.022777,-0.73209,-0.26255,-0.62855,-0.4469,-0.89894,-0.66811,-0.61981,-0.50895,-0.47398,-0.52537,-0.61112,-0.38213,0.01094,-0.297,-0.1125,0.04722,-0.067515,-0.19428,0,0.085107,-0.24395,-0.56549,-0.63215,-0.52843,-0.23727,-0.426,-0.49795,-0.28617,-0.33949,-0.22074,-0.61261,-0.39267,-0.41826,-0.2282,-0.43036,-0.53357,-0.34297,-0.92521,-0.69102,-0.3475,-0.28575,-0.33432,-0.28367,-0.34847,-0.25873,-0.23645,-0.33735,-0.26822,-0.20977,-0.094522,-0.30877,-0.36362,-0.1587,-0.23529,-0.18829,-0.23136,-0.3207,-0.45216,-0.56386,0.169,0.3657,0.15564,0.026634,-0.37331,-0.055239,-0.53911,-0.088525,-0.21793,-0.19709,-0.40563,-0.28128,-0.65394,-0.382,-0.54332,-0.57523,-0.038173,-0.35605,-0.30299,-0.3497,-0.43254,-0.15345,-0.57565,-0.5772,-0.041246,-0.050669,-0.42791,-0.45091
-0.24795,-0.59747,-0.14207,-0.068644,-0.11935,-0.57616,-0.309,-0.43519,-0.2519,-0.16692,0.10681,-0.49457,-0.25982,-0.18252,-0.45001,-0.41511,-0.33863,0.07987,-0.48251,-0.080278,-0.61586,-0.73387,-0.54938,-0.6156,-0.52742,-0.24477,-0.6917,-0.77738,-0.55108,-0.46496,-0.28218,-0.23873,-0.19568,-0.057222,-0.24779,0.090469,0.085107,0,-0.13424,-0.15996,-0.68246,-0.42905,-0.26542,-0.45468,-0.69497,-0.3265,-0.45389,-0.32464,-0.76173,-0.40893,-0.41993,-0.3034,-0.13478,-0.36556,-0.19555,-0.66615,-0.44367,-0.28919,-0.17428,-0.13035,-0.47655,-0.56815,-0.37224,-0.48175,-0.48177,-0.47701,-0.37013,-0.19781,-0.53683,-0.40565,-0.22922,-0.47333,-0.29921,-0.4855,-0.41889,-0.14298,-0.17949,-0.071968,0.16162,-0.10602,-0.031,-0.28251,-0.16043,-0.52873,0.0041979,-0.19328,-0.11191,-0.37972,-0.24414,-0.6631,-0.45679,-0.36939,-0.5453,-0.20404,-0.36261,-0.23498,-0.14126,-0.41164,-0.24797,-0.61879,-0.56042,-0.15675,-0.13346,-0.45915,-0.29053
0.041834,-0.36741,0.19507,0.094843,-0.24525,-0.4279,0.068213,-0.35954,-0.0048172,-0.23931,0.16168,-0.37759,-0.36952,-0.34136,-0.33957,-0.36117,-0.55726,-0.20089,-0.28495,-0.28135,-0.74833,-0.62171,-0.2286,-0.40261,-0.00082704,-0.0003802,-0.45552,-0.45484,-0.66946,-0.50514,-0.35981,-0.28978,-0.4526,-0.37137,-0.16821,-0.24575,-0.24395,-0.13424,0,0.10198,-0.086173,-0.036213,-0.0045742,-0.20233,-0.20815,-0.03082,0.32487,0.23132,-0.65963,-0.53307,-0.49137,-0.46198,0.069773,-0.2636,-0.27483,-0.49322,-0.32126,0.15856,0.1328,0.11015,-0.31202,-0.85007,-0.59862,-0.21766,-0.32091,0.022471,0.0055227,-0.57346,-0.62866,-0.55103,-0.55652,-0.089818,-0.14633,-0.074516,0.014075,0.22773,-0.083257,-0.32912,-0.18448,-0.26697,-0.1652,-0.1139,-0.094004,0.025372,0.088705,-0.201,-0.16196,0.20056,0.05723,-0.19324,0.033376,-0.16861,-0.28193,0.12014,-0.10436,-0.22568,-0.27634,-0.31535,-0.3377,-0.58913,-0.49362,-0.44138,-0.37206,-0.52925,-0.35728
-0.068401,0.040501,0.58672,0.46262,-0.038252,-0.087137,-0.23852,0.1712,0.098896,0.31922,0.10833,0.19681,-0.30683,-0.15066,-0.26044,-0.49972,-0.44528,-0.01598,0.23496,0.13666,-0.45212,-0.62378,0.016466,-0.24433,-0.051421,0.21365,-0.66594,-0.60653,-0.7538,-0.54731,-0.55407,-0.43975,-0.50815,-0.53306,-0.50605,-0.27356,-0.56549,-0.15996,0.10198,0,-0.49157,0.11666,-0.44733,-0.35088,-0.31127,-0.3104,-0.043418,-0.074853,-0.657,-0.20897,-0.19224,-0.54638,0.15869,0.13285,0.071474,-0.34267,-0.32923,-0.0015404,-0.0052719,0.2857,-0.24977,-0.69471,-0.60964,-0.39287,-0.38173,-0.30238,-0.24062,-0.54433,-0.50269,-0.37208,-0.50871,-0.32235,-0.39437,-0.36604,-0.34306,0.55128,0.70344,-0.36125,-0.21578,-0.34624,-0.14904,-0.0081175,-0.039663,0.21998,0.049524,0.0021284,0.12975,0.10486,-0.11162,-0.36309,-0.2629,-0.0031475,-0.06594,-0.047071,0.091488,-0.033023,0.0029123,-0.1381,-0.25083,-0.39969,-0.38047,-0.35988,-0.23321,-0.27997,-0.050199
-0.11876,-0.38838,-0.47363,-0.51938,-0.50497,-0.39085,0.0013131,-0.52706,-0.49343,-0.72962,-0.62276,-0.54376,-0.73046,-0.81441,-0.1358,-0.21792,-0.74207,-0.77637,-0.49562,-0.75967,-0.16444,-0.077126,-0.21177,-0.23603,-0.17356,-0.29562,0.33828,0.30886,-0.18678,-0.34221,-0.63214,-0.39571,-0.53712,-0.58621,-0.23375,-0.38235,-0.63215,-0.68246,-0.086173,-0.49157,0,-0.016255,-0.017423,0.17717,-0.39714,-0.35533,-0.2532,-0.19001,0.033407,-0.76479,-0.64371,-0.19917,-0.18944,-0.40536,-0.5965,0.040251,0.038683,-0.3693,-0.26191,-0.25175,-0.26122,-0.36852,-0.21318,-0.16616,-0.092295,-0.30802,-0.28909,-0.62914,-0.31755,-0.59308,-0.64887,-0.4235,-0.50078,-0.3977,-0.34117,-0.41819,-0.58393,-0.52029,-0.61295,-0.60293,-0.52916,-0.38605,-0.42656,-0.25735,-0.37667,-0.5534,-0.59757,-0.30021,-0.17882,-0.25734,-0.31609,-0.27703,-0.18376,-0.29349,-0.34593,-0.33965,-0.40264,-0.25122,-0.2951,-0.27727,-0.1381,-0.56737,-0.48845,-0.55255,-0.40082
-0.15281,0.0029515,0.10919,0.033979,-0.26274,-0.057904,-0.25274,0.024721,-0.24982,-0.17545,-0.33359,-0.091425,-0.54296,-0.41223,0.0016502,-0.16999,-0.4188,-0.14978,-0.033885,-0.079266,-0.0041195,-0.025819,0.076742,0.11729,-0.074469,0.27357,0.01794,0.062389,-0.49367,-0.29748,-0.65598,-0.43624,-0.4819,-0.58367,-0.47016,-0.29964,-0.52843,-0.42905,-0.036213,0.11666,-0.016255,0,-0.44002,0.15196,-0.44951,-0.37166,-0.18929,0.10598,-0.26756,-0.3797,-0.3423,-0.32571,0.0092072,-0.0086271,-0.26859,-0.1201,-0.17757,-0.2892,-0.092687,0.28068,-0.024611,-0.48041,-0.23741,-0.071404,0.022973,-0.33492,-0.13721,-0.66661,-0.39329,-0.32855,-0.62385,-0.47218,-0.63872,-0.50209,-0.53969,-0.038926,-0.011214,-0.2571,-0.19477,-0.20334,-0.089308,0.058712,0.06663,0.11271,-0.0022773,-0.071145,-0.079737,-0.061683,0.011128,-0.51236,-0.40079,0.039678,0.25281,-0.009364,0.21536,0.097877,0.060405,0.047831,0.068064,-0.23285,-0.088877,-0.42707,-0.14642,-0.49322,-0.018058
