,,,,,,,,,,,,,,,,,,,,,,,,,,,,,,,,,,,,,,,,,,,,,,,,,,,,,,,,,,,,,,,,,,,,,,,,,,,,,,,,,,,,,,,,,,,,,,,,,,,,,,,,
0,0.29951,-0.12943,-0.13123,0.30502,0.039271,0.57344,0.026744,0.14544,-0.068369,0.015914,0.11278,-0.11447,0.035425,0.044649,-0.020809,-0.25675,-0.26608,0.19237,-0.051542,-0.3703,-0.22626,0.2322,0.09601,0.043374,-0.13168,-0.085233,0.21259,0.01126,-0.40408,-0.2829,-0.28035,-0.38707,-0.12345,-0.35439,-0.24342,-0.066378,-0.098388,0.42693,0.49045,0.13521,0.28857,0.063542,-0.044604,0.13127,0.10237,-0.1377,-0.26183,-0.20634,-0.32083,-0.24558,-0.041353,0.34288,0.14148,0.22788,-0.076167,-0.23124,0.15531,-0.16908,0.34137,0.35218,-0.16913,0.016947,-0.19285,-0.19177,-0.11486,-0.19863,-0.0726,-0.15233,-0.363,-0.25652,-0.022845,0.029648,-0.09017,-0.04084,0.26551,0.05465,-0.35977,-0.30097,-0.49874,-0.33496,-0.19048,-0.14881,-0.20292,0.056641,-0.16783,-0.057961,-0.14839,-0.16448,-0.088696,0.044739,0.14423,0.18636,-0.0046233,-0.046957,-0.14127,-0.2,-0.23776,-0.23732,-0.15912,-0.096598,0.048691,0.11425,-0.11291,-0.085836
0.29951,0,-0.31416,-0.36756,-0.016774,0.23407,-0.028856,0.27418,0.15518,0.25061,-0.19885,0.36284,-0.28753,-0.044174,0.15855,0.096976,-0.24097,-0.48934,0.033245,-0.32092,-0.19626,-0.27362,0.26142,0.38903,0.19765,-0.21794,-0.094589,0.27815,0.16423,-0.15684,-0.20175,-0.026608,-0.74485,-0.3629,-0.45028,-0.28898,-0.3514,-0.12448,0.11173,0.43768,-0.021299,0.53282,0.11378,0.33932,0.17702,0.12782,-0.053526,-0.39139,-0.18876,-0.5871,-0.44813,-0.22283,-0.059937,-0.037341,0.073588,-0.054567,-0.13001,0.037808,-0.18695,-0.048639,0.27095,-0.17572,-0.1186,-0.48516,-0.3756,-0.047756,-0.21314,-0.063263,0.12122,-0.31778,-0.13176,-0.15514,0.062757,-0.072494,-0.063308,-0.078422,-0.17856,-0.68093,-0.62407,-0.80148,-0.61634,-0.27277,-0.36805,-0.42057,-0.27568,-0.48625,-0.36577,-0.24711,-0.2231,0.15552,-0.070337,-0.2838,-0.094392,-0.51235,-0.15936,-0.60104,-0.55994,-0.66685,-0.51052,-0.38203,-0.23375,-0.39256,-0.19819,-0.42373,-0.35153
-0.12943,-0.31416,0,0.77789,-0.22652,-0.23853,-0.11239,-0.49346,0.018508,-0.15578,0.29767,-0.30997,0.065352,0.19952,-0.088558,0.066792,-0.26346,0.22051,-0.018946,0.022822,-0.25292,-0.24487,-0.33635,-0.62281,-0.23621,0.19914,-0.13608,-0.40031,-0.41351,-0.31795,-0.12363,-0.19123,0.1577,0.45156,-0.11406,0.19198,0.27343,0.14708,0.030892,-0.13142,-0.41121,-0.39992,-0.36868,-0.63212,-0.19146,-0.20484,-0.10773,0.086221,-0.15234,-0.050841,0.2167,0.2725,-0.023659,-0.011177,0.21551,-0.42745,-0.30893,-0.21613,-0.21163,0.27123,-0.043042,-0.24485,-0.21815,0.11183,0.12033,-0.19617,-0.089077,0.022279,-0.26826,-0.2214,-0.3079,-0.26708,-0.34205,-0.045117,-0.18871,0.21297,0.36276,0.32637,0.42502,0.11436,0.27336,0.41447,0.1273,0.33185,0.38913,0.16519,0.2982,0.065563,-0.048691,-0.20493,0.035606,-0.26383,-0.37545,0.032695,-0.098421,0.40714,0.44652,0.25579,0.45326,-0.22074,-0.17154,-0.16909,-0.0063881,-0.20286,0.17093
-0.13123,-0.36756,0.77789,0,-0.13701,-0.22461,0.011426,-0.3914,-0.060389,-0.18674,0.24365,-0.2154,0.010612,0.0664,-0.028675,-0.10124,-0.52905,0.021985,-0.15257,-0.088774,-0.35442,-0.32824,-0.36209,-0.56928,-0.31919,0.0067878,-0.14073,-0.38489,-0.19344,-0.15441,-0.11469,-0.20689,0.27049,0.45086,0.065676,0.24233,0.24517,0.12536,0.036488,-0.15279,-0.3156,-0.43757,-0.28437,-0.69099,-0.30199,-0.29011,-0.096607,0.060193,-0.052153,-0.1252,0.2329,0.47746,0.097232,0.16296,0.21642,-0.4322,-0.21928,-0.21999,-0.1989,0.41635,0.0036051,-0.041579,-0.10553,0.33282,0.2986,-0.16695,-0.06232,0.0051965,-0.12554,-0.10525,-0.19504,-0.28998,-0.39363,-0.2144,-0.27027,0.2775,0.5898,0.19798,0.26665,0.052734,0.13445,0.46556,0.14332,0.086839,0.29336,0.045991,0.15345,-0.0047817,0.0042839,-0.29824,-0.0099329,-0.25815,-0.3009,0.1476,0.11576,0.32182,0.45302,0.357,0.63859,-0.12077,-0.15497,-0.12212,-0.10353,-0.11769,0.34779
0.30502,-0.016774,-0.22652,-0.13701,0,0.36352,0.3477,0.065729,0.25799,0.19162,0.12631,0.056988,-0.035734,0.14975,-0.18981,-0.082457,-0.037974,-0.21831,-0.037974,-0.0096463,-0.32625,-0.19221,0.24765,-0.00011313,0.14706,-0.060155,-0.051278,-0.14392,0.11247,-0.32958,-0.1441,-0.022407,-0.24144,0.061679,-0.067969,0.16239,-0.0065691,-0.025002,0.36507,0.20149,0.051278,-0.01249,0.028102,-0.087322,-0.24294,-0.095534,-0.38437,-0.42997,-0.17226,-0.21512,-0.1003,-0.054114,0.56478,0.42288,0.26835,-0.10754,-0.21948,-0.36448,-0.49338,0.25255,0.067245,-0.22227,-0.052764,-0.25655,-0.26706,-0.38738,-0.53241,0.036277,-0.18948,-0.048367,-0.15227,-0.16405,0.021155,-0.29813,-0.24887,0.31858,0.12733,-0.48977,-0.29927,-0.63724,-0.45115,-0.31922,-0.30112,-0.41153,0.037341,-0.32771,-0.13245,-0.51091,-0.42158,-0.65047,-0.34245,0.25239,0.56771,0.30201,0.37232,0.044144,-0.0066219,-0.031782,-0.028064,-0.13188,-0.17807,-0.16323,-0.067335,0.3037,-0.0045026
0.039271,0.23407,-0.23853,-0.22461,0.36352,0,0.067449,0.45603,0.2619,0.54144,-0.075353,0.23269,-0.22207,0.22628,-0.027642,-0.065171,-0.084275,-0.26063,-0.092656,-0.16525,-0.25226,-0.087495,0.10461,0.19339,-0.017543,-0.15917,0.038163,0.01114,0.1295,-0.040606,-0.10658,0.16982,-0.49654,0.014684,-0.30333,0.21197,-0.06898,0.1422,0.14582,0.27811,-0.17261,0.24112,-0.035666,0.21107,-0.27949,-0.23986,-0.29089,-0.44375,-0.13159,-0.35836,-0.064379,-0.026518,0.2949,0.54705,0.28793,-0.15669,-0.19559,-0.39772,-0.52023,0.027242,0.090527,-0.00098801,0.10631,-0.37434,-0.27883,-0.38394,-0.47824,0.1928,-0.063263,0.065503,-0.017694,-0.36777,-0.066053,-0.35274,-0.33056,-0.029241,0.013395,-0.63333,-0.3508,-0.86678,-0.62026,-0.16425,-0.40792,-0.58163,-0.14945,-0.53932,-0.32335,-0.39118,-0.4488,-0.43703,-0.42828,-0.27982,0.18343,-0.17038,0.35355,-0.17428,-0.075028,-0.34481,-0.13101,-0.32855,-0.17005,-0.41441,-0.12619,0.079493,-0.07935
0.57344,-0.028856,-0.11239,0.011426,0.3477,0.067449,0,0.15638,0.036428,-0.089514,0.22307,-0.04081,-0.10504,0.055675,0.081462,-0.1233,-0.25109,-0.17929,0.0083113,0.023328,-0.5213,-0.38796,-0.058391,-0.094481,-0.043646,-0.13649,-0.18951,-0.028554,-0.036745,-0.25494,-0.25031,-0.37128,-0.1496,0.050298,-0.088503,-0.0024964,0.15469,0.092202,0.53763,0.42291,0.081326,0.12821,0.12208,-0.14144,-0.10034,-0.066777,-0.074108,-0.096404,-0.28885,-0.28177,0.056271,0.030892,0.43048,0.34047,0.28758,-0.1425,-0.089204,0.12786,-0.13585,0.30294,0.026276,0.04848,0.057621,-0.14702,-0.17769,-0.13257,-0.24353,-0.11606,-0.29673,-0.24462,-0.24205,-0.1148,-0.10641,-0.18943,-0.11822,0.39802,0.27587,-0.19776,-0.055962,-0.28136,-0.12228,-0.17436,-0.063278,-0.20985,0.13619,-0.033291,0.068293,-0.042047,-0.072962,-0.20633,-0.028147,0.096847,0.17552,0.18931,0.10545,-0.049898,-0.061438,-0.11349,-0.093347,-0.17988,-0.24125,-0.023833,0.055608,0.084856,-0.036617
0.026744,0.27418,-0.49346,-0.3914,0.065729,0.45603,0.15638,0,-0.13992,0.38802,-0.16777,0.32091,-0.45581,-0.11854,-0.069115,-0.23865,-0.094321,-0.39018,-0.23205,-0.31426,-0.4022,-0.32077,-0.063519,0.33027,-0.0038992,-0.45496,-0.18668,-0.0097217,0.25353,0.19167,-0.016132,0.13822,-0.5184,-0.33547,-0.25866,-0.00030168,-0.07941,0.22015,0.1361,0.30118,-0.044551,0.32409,0.10186,0.32524,-0.29387,-0.21707,-0.26171,-0.39237,-0.27858,-0.6302,-0.29338,-0.20814,-0.008877,0.23429,0.11481,-0.082525,0.054295,-0.16531,-0.20596,-0.21742,-0.060057,0.18661,0.16246,-0.3476,-0.24242,-0.27784,-0.36201,-0.00053549,-0.053616,0.026209,0.12619,-0.42588,-0.13612,-0.43444,-0.41075,-0.25187,-0.16509,-0.67102,-0.43532,-0.64541,-0.55844,-0.20286,-0.41484,-0.73788,-0.37369,-0.53317,-0.47731,-0.34635,-0.24402,-0.20362,-0.49308,-0.33406,0.08883,-0.33727,0.076326,-0.51462,-0.35805,-0.51586,-0.33801,-0.30899,-0.20003,-0.3241,-0.12725,-0.064077,-0.20198
0.14544,0.15518,0.018508,-0.060389,0.25799,0.2619,0.036428,-0.13992,0,0.17581,0.088596,-0.073799,0.14291,0.44377,0.23797,0.46988,-0.18405,-0.033328,0.30022,0.11906,0.0053021,0.037137,0.34811,0.0011464,0.28645,0.35133,0.3316,0.12513,-0.21304,-0.36252,-0.30839,-0.10951,-0.25725,0.12791,-0.25297,0.036013,-0.14288,-0.099168,0.26218,0.26859,-0.12214,0.09957,-0.17609,-0.16632,-0.060351,0.070247,-0.013018,-0.15096,0.081431,-0.20482,-0.063957,0.16181,0.13795,0.13331,0.26766,-0.24751,-0.47287,-0.26083,-0.44804,0.32897,0.33764,-0.12316,-0.026261,-0.31423,-0.20912,-0.070782,-0.29934,0.313,0.10296,-0.21368,-0.18461,-0.1451,0.062818,0.016012,0.047357,0.23014,0.024014,-0.28708,-0.16854,-0.55255,-0.2914,-0.21519,-0.11172,-0.082404,0.24035,-0.16212,0.096372,-0.14288,-0.24699,-0.28102,0.017943,0.030304,0.0082887,0.016411,0.031797,-0.0096463,-0.0073535,-0.22891,-0.020839,-0.24386,-0.091168,-0.42549,0.092315,-0.17762,-0.11057
-0.068369,0.25061,-0.15578,-0.18674,0.19162,0.54144,-0.089514,0.38802,0.17581,0,0.038314,0.32994,-0.35144,0.001433,-0.07616,0.024278,-0.061807,-0.3433,-0.26317,-0.41401,-0.28251,-0.32469,4.5252e-05,0.10063,0.1436,-0.15573,-0.016215,-0.15008,0.20943,-0.056694,0.076371,0.45231,-0.49552,-0.19956,-0.15683,0.32209,0.0032054,0.35157,0.2728,0.21364,-0.097316,0.17394,0.10751,0.20684,-0.2804,-0.056445,-0.25921,-0.31334,-0.25877,-0.71468,-0.38836,-0.14773,0.057327,0.31901,0.38919,-0.1847,-0.025168,-0.42668,-0.28949,-0.06775,0.030492,-0.094486,-0.042824,-0.40334,-0.23434,-0.26428,-0.33735,0.31766,0.095754,0.12917,0.17685,-0.39792,0.012459,-0.22291,-0.30779,-0.064386,-0.016706,-0.66338,-0.41465,-0.7351,-0.56423,-0.11554,-0.568,-0.56546,-0.30196,-0.63626,-0.48153,-0.42456,-0.23517,-0.35221,-0.44414,-0.35473,0.029489,-0.23318,0.087118,-0.31541,-0.19322,-0.33384,-0.12205,-0.38699,-0.22302,-0.60957,-0.16104,-0.13958,-0.14232
0.015914,-0.19885,0.29767,0.24365,0.12631,-0.075353,0.22307,-0.16777,0.088596,0.038314,0,-0.32006,0.20603,0.18467,0.047711,0.21573,-0.00074666,0.10252,-0.030643,0.097715,-0.16651,-0.43026,-0.3176,-0.58371,0.24768,0.44599,-0.1803,-0.4042,-0.1556,-0.18709,0.08518,-0.10809,0.123,0.28499,0.13598,0.27077,0.56253,0.26212,0.43172,0.11732,-0.30219,-0.29224,-0.007263,-0.33954,-0.041074,0.1308,-0.087762,-0.015205,-0.29886,-0.12162,0.17429,-0.077479,0.03848,0.078988,0.23964,-0.39992,-0.20496,-0.27375,-0.40167,0.098039,-0.1394,-0.22522,-0.25297,-0.23804,-0.10598,-0.22822,-0.31665,0.07171,-0.26721,-0.081069,-0.16624,-0.11582,-0.02777,0.06821,-0.096121,0.4452,0.34671,0.19636,0.31296,0.032008,0.21961,-0.1465,-0.012867,0.11312,0.26338,0.22854,0.29179,-0.099945,-0.19694,-0.2717,-0.060231,0.10457,0.01565,0.20494,-0.019496,0.22979,0.1456,0.17093,0.13079,-0.3082,-0.41942,-0.30452,-0.046912,-0.078007,-0.14241
0.11278,0.36284,-0.30997,-0.2154,0.056988,0.23269,-0.04081,0.32091,-0.073799,0.32994,-0.32006,0,-0.62832,-0.13366,-0.26795,-0.30818,-0.38966,-0.77668,-0.069017,-0.64088,-0.44708,-0.28232,0.24553,0.557,-0.10166,-0.57039,0.007625,0.21641,0.41334,0.081077,-0.18953,0.19538,-0.72977,-0.29394,-0.3737,-0.04839,-0.20021,0.039226,0.18278,0.21456,0.31421,0.44407,0.0070292,0.32476,-0.26425,-0.26387,-0.42066,-0.64533,-0.088119,-0.77869,-0.51197,-0.11367,0.15053,0.13709,0.067049,0.013644,0.034693,-0.20165,-0.13028,-0.042462,0.24018,0.086266,0.15975,-0.21896,-0.13076,-0.29714,-0.28711,0.006901,0.20749,-0.20155,0.033313,-0.46239,-0.26316,-0.517,-0.48268,-0.14988,-0.15071,-0.9414,-0.69164,-0.80818,-0.79496,-0.051791,-0.5442,-0.65717,-0.4541,-0.79485,-0.61388,-0.46948,-0.20276,-0.23803,-0.45471,-0.40115,0.004759,-0.30768,0.095392,-0.51244,-0.28829,-0.49453,-0.21341,-0.057991,0.10368,-0.16293,-0.0811,-0.23065,0.028026
-0.11447,-0.28753,0.065352,0.010612,-0.035734,-0.22207,-0.10504,-0.45581,0.14291,-0.35144,0.20603,-0.62832,0,0.32972,0.068655,0.36922,0.050909,0.43279,0.21655,0.6327,0.026902,-0.029565,-0.17544,-0.58437,0.10681,0.47667,-0.19647,-0.27142,-0.32469,-0.26658,0.039603,-0.30766,0.45096,0.24693,0.058315,-0.13665,-0.0030319,-0.27507,-0.098495,-0.033336,-0.65315,-0.54234,-0.19224,-0.56543,0.19271,0.20835,-0.082208,-0.074259,-0.14311,0.53773,0.1895,-0.023493,-0.26639,-0.27712,-0.12425,-0.77806,-0.90769,-0.30744,-0.70953,-0.00583,-0.073957,-0.28351,-0.31291,-0.11041,-0.10527,-0.013583,-0.1143,-0.0036428,-0.16189,-0.065872,-0.21726,0.2657,0.15113,0.24812,0.18508,0.071634,-0.11264,0.29063,0.14317,0.073286,0.2153,-0.1759,0.50851,0.031827,0.21852,0.50605,0.44725,-0.22175,-0.57706,-0.17095,0.10041,0.18284,-0.1307,0.029768,-0.27817,0.28805,0.012618,0.11698,-0.055479,-0.29557,-0.28085,-0.2341,-0.14137,-0.27755,-0.29661
0.035425,-0.044174,0.19952,0.0664,0.14975,0.22628,0.055675,-0.11854,0.44377,0.001433,0.18467,-0.13366,0.32972,0,-0.047869,0.29748,0.017045,0.2327,0.45919,0.41296,-0.1643,0.0053549,0.11649,-0.15664,0.10708,0.27651,0.014669,-0.11167,-0.22274,-0.15787,-0.14021,-0.11049,-0.011057,0.63859,-0.23615,0.17114,0.15066,0.10743,0.19522,0.26884,-0.32957,-0.11583,-0.31883,-0.29639,-0.11458,-0.13103,-0.32241,-0.36671,-0.048654,0.10244,0.33353,0.15644,0.10755,0.079523,0.22253,-0.46969,-0.71472,-0.38944,-0.73055,0.19121,0.098401,-0.064537,0.013093,-0.17023,-0.12237,-0.31309,-0.40615,0.17225,-0.16075,-0.18829,-0.27998,-0.21075,-0.176,-0.11416,-0.19909,0.20361,0.027581,-0.040478,0.143,-0.26708,0.0027755,-0.031201,0.15264,-0.031684,0.37117,0.11246,0.41177,-0.29405,-0.5657,-0.35209,-0.19167,-0.072306,0.0065917,-0.020952,0.043601,0.30067,0.21397,-0.029859,0.10937,-0.1572,-0.037529,-0.19968,0.12703,-0.13998,-0.044491
0.044649,0.15855,-0.088558,-0.028675,-0.18981,-0.027642,0.081462,-0.069115,0.23797,-0.07616,0.047711,-0.26795,0.068655,-0.047869,0,0.34325,-0.46809,-0.12743,-0.093118,-0.053119,0.01887,-0.18217,-0.20482,-0.19898,0.019564,0.12278,-0.002504,0.11664,-0.13015,-0.15382,-0.19063,-0.35897,-0.10619,-0.11862,-0.03274,-0.1796,-0.17493,-0.12061,0.013048,0.20139,-0.29366,0.055547,0.10643,-0.13671,0.22752,0.26833,0.50655,0.22895,-0.061777,-0.23923,-0.063957,0.053458,-0.15666,0.0033411,0.05692,-0.37641,-0.27982,0.12002,-0.17026,0.099495,0.11295,0.064122,-0.10392,-0.2085,-0.15371,0.32162,0.089532,0.063082,0.1544,-0.088912,-0.078136,0.12916,0.1682,0.28918,0.32906,0.081801,0.051467,-0.099217,-0.15609,-0.22189,-0.096537,-0.19531,0.058391,-0.11648,-0.036564,-0.019119,-0.012784,0.17855,0.024617,0.20143,0.35995,-0.19316,-0.28185,-0.25743,-0.23999,-0.28166,-0.31208,-0.30707,-0.25669,-0.39184,-0.35858,-0.43961,-0.20377,-0.41137,-0.32887
-0.020809,0.096976,0.066792,-0.10124,-0.082457,-0.065171,-0.1233,-0.23865,0.46988,0.024278,0.21573,-0.30818,0.36922,0.29748,0.34325,0,-0.031058,0.2276,0.20861,0.24158,0.10903,-0.014202,0.030779,-0.22404,0.38759,0.41689,0.041164,-0.040953,-0.23581,-0.25381,-0.0099781,-0.10359,-0.029339,0.0084923,-0.13436,-0.10783,-0.065714,-0.075933,0.11051,0.16978,-0.33327,-0.10346,-0.14024,-0.30679,0.20127,0.38942,0.037914,-0.016924,-0.028313,-0.065631,-0.12198,-0.002964,-0.3012,-0.22341,0.13568,-0.45718,-0.54756,-0.23313,-0.48062,0.021208,0.13242,-0.19764,-0.19617,-0.28645,-0.21445,0.017181,-0.20027,0.25556,0.090391,-0.11715,-0.072057,0.077947,0.22238,0.41275,0.18848,0.026993,-0.19628,-0.036172,-0.055359,-0.20492,0.028441,-0.24945,0.13518,0.045825,0.11578,0.12528,0.21719,-0.14373,-0.28189,-0.013176,0.098612,-0.0057697,-0.15848,-0.21089,-0.41468,-0.041994,-0.16381,-0.18362,-0.13594,-0.3519,-0.22476,-0.40515,0.017241,-0.36857,-0.2798
-0.25675,-0.24097,-0.26346,-0.52905,-0.037974,-0.084275,-0.25109,-0.094321,-0.18405,-0.061807,-0.00074666,-0.38966,0.050909,0.017045,-0.46809,-0.031058,0,0.18897,-0.086628,0.16473,-0.11682,-0.13602,-0.1926,-0.25134,0.076929,0.042235,-0.40554,-0.46878,-0.26884,-0.25166,0.19471,0.071137,-0.17116,-0.18469,-0.27295,-0.19197,-0.0026473,-0.076891,-0.18434,-0.20864,-0.41834,-0.32524,-0.17106,-0.12786,-0.068346,0.020861,-0.34398,-0.27428,-0.48016,0.035289,-0.11039,-0.56329,-0.37172,-0.36971,-0.22787,-0.24232,-0.35414,-0.34006,-0.40238,-0.59583,-0.47419,-0.47033,-0.34042,-0.47676,-0.4214,-0.32036,-0.35265,-0.14687,-0.53292,-0.035666,-0.12056,-0.032831,0.11542,0.018282,-0.10851,-0.31747,-0.40481,-0.033517,0.040214,-0.12151,-0.043503,-0.50256,-0.2405,-0.11171,-0.087329,-0.015831,-0.038065,-0.30555,-0.4749,-0.2467,-0.32937,0.066566,0.078588,-0.2647,-0.32401,-0.058323,-0.23273,-0.1061,-0.3311,-0.32786,-0.30499,-0.21236,-0.098837,-0.078354,-0.51486
-0.26608,-0.48934,0.22051,0.021985,-0.21831,-0.26063,-0.17929,-0.39018,-0.033328,-0.3433,0.10252,-0.77668,0.43279,0.2327,-0.12743,0.2276,0.18897,0,0.065744,0.77947,0.0080549,0.13127,-0.32017,-0.57481,-0.10185,0.25847,-0.17632,-0.45418,-0.64123,-0.26985,0.028645,-0.21409,0.40118,0.20589,-0.13264,-0.059333,0.10916,-0.057953,-0.21538,-0.22398,-0.69932,-0.61892,-0.53071,-0.81905,-0.19245,-0.14303,-0.21929,0.038525,-0.11217,0.37644,0.2025,0.10954,-0.36848,-0.26701,-0.059017,-0.55977,-0.65342,-0.3572,-0.48405,-0.079735,-0.19731,-0.20617,-0.14669,0.072208,0.029444,-0.25857,-0.24896,0.026601,-0.40483,-0.026752,-0.18008,-0.099038,-0.14159,0.032491,-0.11292,-0.18842,-0.17844,0.43392,0.45313,0.19379,0.39067,0.015891,0.42962,0.24491,0.36658,0.45349,0.47633,-0.094012,-0.3433,-0.29384,-0.11324,0.048473,-0.18212,-0.018252,-0.32061,0.44456,0.25855,0.20806,0.16298,-0.21284,-0.12402,-0.083332,0.12407,-0.045984,-0.055525
0.19237,0.033245,-0.018946,-0.15257,-0.037974,-0.092656,0.0083113,-0.23205,0.30022,-0.26317,-0.030643,-0.069017,0.21655,0.45919,-0.093118,0.20861,-0.086628,0.065744,0,0.31739,-0.0012746,0.15095,0.30993,0.021389,0.17043,0.20894,0.19056,0.27311,-0.30597,-0.1573,-0.30875,-0.23793,-0.17967,0.1215,-0.45767,-0.27145,-0.079538,-0.24689,0.15047,0.23118,-0.099532,0.017603,-0.39235,-0.22404,0.045562,-0.036126,-0.27072,-0.40244,0.10488,0.057606,-0.031541,0.028124,-0.082223,-0.25964,-0.12372,-0.29617,-0.66002,-0.1871,-0.50343,0.067916,0.3369,-0.047937,0.084712,-0.19277,-0.074825,-0.21223,-0.32508,0.046587,-0.041142,-0.47613,-0.2901,-0.14958,-0.16642,-0.10566,-0.1085,-0.013621,-0.26138,-0.055238,-0.041481,-0.22434,-0.082246,-0.15552,0.15277,0.083076,0.21195,0.1541,0.31467,-0.18588,-0.43966,-0.16867,-0.051301,0.14029,-0.026933,-0.054054,-0.18967,0.029625,0.013266,-0.25835,-0.11079,-0.018025,0.18898,0.0033487,0.37446,-0.31388,-0.10207
-0.051542,-0.32092,0.022822,-0.088774,-0.0096463,-0.16525,0.023328,-0.31426,0.11906,-0.41401,0.097715,-0.64088,0.6327,0.41296,-0.053119,0.24158,0.16473,0.77947,0.31739,0,0.011434,0.1302,-0.10108,-0.38716,0.04753,0.3094,-0.14827,-0.27057,-0.54084,-0.29408,-0.12885,-0.37232,0.29948,0.27602,-0.13299,-0.14272,0.0057998,-0.19629,-0.10782,-0.027709,-0.51901,-0.4464,-0.41287,-0.62497,-0.068429,-0.075322,-0.21952,-0.13392,-0.08159,0.47964,0.29485,0.065555,-0.19763,-0.22384,-0.11111,-0.50863,-0.79879,-0.25899,-0.60075,0.017083,-0.09621,-0.17152,-0.11366,-0.02967,-0.084984,-0.22527,-0.32376,-0.073196,-0.39125,-0.17617,-0.32187,0.0037635,-0.090679,0.0050532,-0.040388,-0.018388,-0.15165,0.27025,0.29281,0.04302,0.26207,-0.16942,0.50753,0.16612,0.46927,0.51241,0.68972,-0.15569,-0.4702,-0.28291,-0.059439,0.26683,-0.016427,0.073799,-0.2033,0.36371,0.13174,0.095331,0.010823,-0.13324,-0.11454,-0.033547,0.12598,-0.029867,-0.15126
-0.3703,-0.19626,-0.25292,-0.35442,-0.32625,-0.25226,-0.5213,-0.4022,0.0053021,-0.28251,-0.16651,-0.44708,0.026902,-0.1643,0.01887,0.10903,-0.11682,0.0080549,-0.0012746,0.011434,0,0.41928,-0.10214,-0.19036,0.12901,0.30182,0.33615,0.0059582,-0.31626,-0.013945,-0.1698,-0.096596,-0.1394,-0.1972,-0.20245,-0.30367,-0.22916,-0.33558,-0.38139,-0.36221,-0.28344,-0.27859,-0.46899,-0.21232,-0.096789,-0.036307,-0.14222,-0.21919,0.32082,0.062999,-0.19317,-0.21705,-0.44466,-0.41365,-0.49842,-0.15014,-0.43042,-0.4577,-0.47485,-0.30689,-0.050841,-0.13887,-0.072592,-0.21393,-0.030937,-0.27734,-0.33813,0.038562,0.066144,-0.063549,-0.068376,-0.1209,-0.079546,-0.016962,-0.10024,-0.3458,-0.44235,0.0077532,-0.093791,-0.057734,-0.10091,-0.42797,-0.12944,0.15657,-0.10844,-0.033464,-0.047764,-0.17818,-0.27551,-0.24426,-0.19605,0.14119,-0.0641,-0.18675,-0.24985,-0.085746,-0.12413,-0.13327,-0.17115,0.067381,0.049348,-0.13606,0.00076175,-0.23083,-0.27408
-0.22626,-0.27362,-0.24487,-0.32824,-0.19221,-0.087495,-0.38796,-0.32077,0.037137,-0.32469,-0.43026,-0.28232,-0.029565,0.0053549,-0.18217,-0.014202,-0.13602,0.13127,0.15095,0.1302,0.41928,0,0.1249,0.038299,-0.17923,-0.028004,0.47095,0.1686,-0.31067,-0.041647,-0.22489,-0.042062,-0.18323,-0.098592,-0.50547,-0.33101,-0.25643,-0.32938,-0.38638,-0.34076,-0.1824,-0.17666,-0.79744,-0.33115,-0.30077,-0.31349,-0.38017,-0.34318,0.5638,0.13983,-0.15958,0.078279,-0.2374,-0.23585,-0.30646,-0.10809,-0.59694,-0.506,-0.55473,-0.15344,0.13897,0.025643,0.28571,0.027302,0.087194,-0.44367,-0.41336,0.16672,0.016766,-0.02111,-0.009948,-0.23567,-0.20028,-0.25089,-0.28295,-0.49021,-0.56467,-0.14384,-0.14377,-0.25276,-0.25308,-0.22374,-0.06238,-0.014337,-0.033879,-0.15399,-0.078286,-0.27387,-0.39159,-0.45543,-0.33251,0.072487,0.066966,-0.16538,-0.1417,0.065586,0.087639,-0.10369,-0.0060563,0.19445,0.46,0.1671,0.30689,0.0052266,0.085052
0.2322,0.26142,-0.33635,-0.36209,0.24765,0.10461,-0.058391,-0.063519,0.34811,4.5252e-05,-0.3176,0.24553,-0.17544,0.11649,-0.20482,0.030779,-0.1926,-0.32017,0.30993,-0.10108,-0.10214,0.1249,0,0.53387,0.21873,-0.15109,0.25062,0.35776,0.010589,-0.28196,-0.38286,-0.026043,-0.55906,-0.18352,-0.56889,-0.29903,-0.37145,-0.30396,0.10268,0.11548,0.28061,0.29966,-0.31965,-0.027076,-0.17329,-0.14141,-0.34862,-0.581,0.18299,-0.292,-0.36101,-0.016585,0.088815,-0.085248,0.00718,0.14284,-0.31881,-0.25962,-0.36982,0.089992,0.35368,-0.17081,0.055781,-0.32445,-0.27768,-0.31392,-0.53196,0.018825,0.11022,-0.39233,-0.19297,-0.2863,-0.11404,-0.30766,-0.24333,-0.079848,-0.34936,-0.65495,-0.52894,-0.8114,-0.6423,-0.36982,-0.34018,-0.27593,-0.05385,-0.46112,-0.20608,-0.44377,-0.37064,-0.31419,-0.26606,0.094012,0.18769,-0.13305,-0.013734,-0.22991,-0.19671,-0.34987,-0.19442,-0.015107,0.14711,-0.080843,0.11423,-0.098936,-0.019247
0.09601,0.38903,-0.62281,-0.56928,-0.00011313,0.19339,-0.094481,0.33027,0.0011464,0.10063,-0.58371,0.557,-0.58437,-0.15664,-0.19898,-0.22404,-0.25134,-0.57481,0.021389,-0.38716,-0.19036,0.038299,0.53387,0,-0.027498,-0.53334,0.14098,0.44962,0.18983,0.02872,-0.3269,0.079772,-0.92247,-0.47012,-0.6388,-0.36096,-0.4574,-0.18716,-0.044943,0.087277,0.36483,0.59386,-0.19054,0.29979,-0.26178,-0.26203,-0.32299,-0.59548,0.11093,-0.61398,-0.53506,-0.15952,-0.031005,-0.056942,-0.11947,0.24136,-0.070714,-0.12427,-0.14324,-0.1834,0.21181,0.1121,0.27507,-0.30273,-0.24613,-0.27869,-0.3871,-0.038593,0.16924,-0.26003,0.0055811,-0.40379,-0.19403,-0.46384,-0.37235,-0.37643,-0.46524,-0.98854,-0.7272,-0.96961,-0.89405,-0.3575,-0.53166,-0.52611,-0.36541,-0.77354,-0.53457,-0.3648,-0.1826,-0.1816,-0.40937,-0.20625,0.11615,-0.42935,-0.030213,-0.6324,-0.44037,-0.65902,-0.39359,0.017935,0.20032,-0.059552,0.05971,-0.14426,-0.095474
0.043374,0.19765,-0.23621,-0.31919,0.14706,-0.017543,-0.043646,-0.0038992,0.28645,0.1436,0.24768,-0.10166,0.10681,0.10708,0.019564,0.38759,0.076929,-0.10185,0.17043,0.04753,0.12901,-0.17923,0.21873,-0.027498,0,0.32195,0.040652,-0.056596,-0.037446,-0.14369,-0.044053,0.025982,-0.22968,-0.16221,-0.11329,-0.087935,-0.045245,-0.060517,0.28442,0.21612,-0.080149,-0.0084471,-0.07346,-0.057395,0.0066596,0.25214,-0.19081,-0.34923,-0.088043,-0.24932,-0.277,-0.26966,-0.19688,-0.19778,-0.0049778,-0.16575,-0.28912,-0.35832,-0.49572,-0.09508,0.046225,-0.25715,-0.20577,-0.52903,-0.29986,-0.22538,-0.52353,0.08291,0.054084,-0.20953,-0.092917,-0.1621,0.089381,-0.00022626,-0.1003,0.050916,-0.22928,-0.25954,-0.228,-0.34618,-0.20864,-0.49753,-0.19677,-0.10903,-0.018207,-0.087646,0.0068105,-0.40349,-0.38891,-0.20991,-0.22336,0.25992,0.13246,-0.063338,-0.17372,-0.18947,-0.26187,-0.24179,-0.24455,-0.23125,-0.23829,-0.40253,-0.025552,-0.25008,-0.36521
-0.13168,-0.21794,0.19914,0.0067878,-0.060155,-0.15917,-0.13649,-0.45496,0.35133,-0.15573,0.44599,-0.57039,0.47667,0.27651,0.12278,0.41689,0.042235,0.25847,0.20894,0.3094,0.30182,-0.028004,-0.15109,-0.53334,0.32195,0,0.091266,-0.20865,-0.45243,-0.30597,-0.12611,-0.22163,0.087669,0.22918,-0.055449,-0.0066144,0.11924,-0.11146,0.05075,-0.0498,-0.43657,-0.33497,-0.26004,-0.3648,0.062946,0.17741,0.019805,0.0013576,-0.068286,0.15365,0.15881,-0.11002,-0.1748,-0.20217,-0.077004,-0.40058,-0.53533,-0.33259,-0.52248,0.002421,-0.077977,-0.32423,-0.29107,-0.33581,-0.15421,-0.12061,-0.25437,0.10115,-0.16666,-0.19052,-0.2806,-0.010815,0.03768,0.22921,0.11608,0.19069,0.0087035,0.30411,0.28607,0.046187,0.20058,-0.2736,0.063896,0.36038,0.33919,0.33647,0.43925,-0.018825,-0.29523,-0.21493,0.080443,0.21258,-0.10452,0.09454,-0.17636,0.25068,0.097918,0.044272,-0.0024436,-0.24977,-0.26832,-0.35522,0.0050532,-0.25566,-0.3149
-0.085233,-0.094589,-0.13608,-0.14073,-0.051278,0.038163,-0.18951,-0.18668,0.3316,-0.016215,-0.1803,0.007625,-0.19647,0.014669,-0.002504,0.041164,-0.40554,-0.17632,0.19056,-0.14827,0.33615,0.47095,0.25062,0.14098,0.040652,0.091266,0,0.37657,-0.1641,0.0022852,-0.3435,0.036798,-0.34754,-0.07579,-0.38785,-0.088257,-0.12754,-0.13061,0.023147,-0.097388,0.10346,0.089984,-0.51597,-0.154,-0.3628,-0.24261,-0.23159,-0.28417,0.67562,-0.26223,-0.25088,0.17827,-0.0012821,0.0090505,-0.077087,-0.013583,-0.31171,-0.464,-0.39105,0.087729,0.40159,0.18025,0.39722,-0.10169,0.12509,-0.35173,-0.42409,0.41264,0.31876,-0.12144,0.040312,-0.43214,-0.24287,-0.3077,-0.30202,-0.17902,-0.25121,-0.29397,-0.21899,-0.40796,-0.38253,-0.17372,-0.26611,-0.036888,-0.021125,-0.30723,-0.14976,-0.18669,-0.15624,-0.48494,-0.27902,0.03682,0.066853,0.0054831,0.061226,-0.061196,0.12797,-0.21156,0.10014,0.16866,0.42057,-0.072268,0.39144,-0.088476,0.16889
0.21259,0.27815,-0.40031,-0.38489,-0.14392,0.01114,-0.028554,-0.0097217,0.12513,-0.15008,-0.4042,0.21641,-0.27142,-0.11167,0.11664,-0.040953,-0.46878,-0.45418,0.27311,-0.27057,0.0059582,0.1686,0.35776,0.44962,-0.056596,-0.20865,0.37657,0,0.0074893,-0.049891,-0.39731,-0.17883,-0.63107,-0.35034,-0.61579,-0.50604,-0.36214,-0.34917,0.023659,0.16603,0.2137,0.59016,-0.17346,0.1675,0.056678,-0.041157,-0.032423,-0.29928,0.21501,-0.32853,-0.3885,-0.052711,-0.065397,-0.15005,-0.17762,0.03096,-0.24902,0.014609,-0.18958,-0.058059,0.44885,0.14299,0.24095,-0.30766,-0.17051,-0.04851,-0.17078,0.046934,0.29484,-0.34905,-0.054846,-0.13454,-0.054635,-0.14644,-0.039068,-0.24328,-0.40996,-0.48243,-0.52411,-0.53746,-0.55355,-0.30261,-0.26831,-0.27199,-0.27766,-0.35808,-0.31086,-0.085482,-0.17278,0.013387,-0.016547,-0.1144,-0.06045,-0.3353,-0.2056,-0.46416,-0.33618,-0.63046,-0.39243,-0.080368,0.17336,-0.051128,0.12669,-0.35678,-0.14399
0.01126,0.16423,-0.41351,-0.19344,0.11247,0.1295,-0.036745,0.25353,-0.21304,0.20943,-0.1556,0.41334,-0.32469,-0.22274,-0.13015,-0.23581,-0.26884,-0.64123,-0.30597,-0.54084,-0.31626,-0.31067,0.010589,0.18983,-0.037446,-0.45243,-0.1641,0.0074893,0,0.26388,0.23978,0.32681,-0.38544,-0.29311,-0.12317,-0.11369,-0.051045,0.07085,0.055917,0.034769,0.06539,0.090806,0.15835,0.13794,-0.084003,0.010121,-0.31115,-0.51809,-0.095492,-0.51762,-0.39833,-0.2088,0.0069311,0.10988,0.0092767,-0.14364,-0.10178,-0.29569,-0.34359,-0.19294,0.060133,0.070586,0.07398,-0.16328,-0.070767,-0.22253,-0.21793,0.078339,0.29529,0.21962,0.34434,-0.11734,0.065005,-0.26378,-0.31109,-0.14745,-0.14752,-0.62482,-0.561,-0.60927,-0.64177,-0.29039,-0.46822,-0.76476,-0.47944,-0.62962,-0.62048,-0.57384,-0.31059,-0.23886,-0.4079,-0.19984,0.2338,-0.35951,0.066536,-0.42208,-0.38678,-0.18729,-0.23262,-0.085738,-0.090385,-0.11066,-0.27186,-0.20063,-0.13001
-0.40408,-0.15684,-0.31795,-0.15441,-0.32958,-0.040606,-0.25494,0.19167,-0.36252,-0.056694,-0.18709,0.081077,-0.26658,-0.15787,-0.15382,-0.25381,-0.25166,-0.26985,-0.1573,-0.29408,-0.013945,-0.041647,-0.28196,0.02872,-0.14369,-0.30597,0.0022852,-0.049891,0.26388,0,0.14815,0.22011,-0.14505,-0.15246,-0.11742,-0.074877,0.034271,0.1014,-0.19557,-0.17146,-0.16588,-0.14842,-0.2578,-0.04348,-0.33128,-0.29366,-0.37808,-0.45638,0.16216,-0.274,-0.15246,-0.12206,-0.31692,-0.11556,-0.29114,-0.27518,-0.18214,-0.46356,-0.4217,-0.40061,-0.076197,0.51042,0.33157,0.015718,0.21394,-0.37007,-0.28558,0.096614,0.22928,0.19956,0.33844,-0.39592,-0.32235,-0.4388,-0.55109,-0.45438,-0.30995,-0.20582,-0.1677,-0.17146,-0.23413,-0.1178,-0.15433,-0.36917,-0.36525,-0.25304,-0.30536,-0.38087,-0.289,-0.2899,-0.56685,-0.30327,-0.021088,-0.35535,-0.002866,-0.29201,-0.1413,-0.19826,-0.073912,0.11476,0.13842,-0.038834,-0.038404,-0.22198,-0.048345
-0.2829,-0.20175,-0.12363,-0.11469,-0.1441,-0.10658,-0.25031,-0.016132,-0.30839,0.076371,0.08518,-0.18953,0.039603,-0.14021,-0.19063,-0.0099781,0.19471,0.028645,-0.30875,-0.12885,-0.1698,-0.22489,-0.38286,-0.3269,-0.044053,-0.12611,-0.3435,-0.39731,0.23978,0.14815,0,0.46614,0.01755,-0.1986,-0.084177,-0.097103,0.26969,0.19268,-0.11053,-0.19355,-0.52726,-0.39624,-0.051573,-0.28636,-0.027121,0.15776,-0.27122,-0.19943,-0.28207,-0.16526,-0.23653,-0.19457,-0.41581,-0.15606,-0.021925,-0.55476,-0.38892,-0.46174,-0.48677,-0.42705,-0.17169,-0.098519,-0.10396,-0.065314,0.08343,-0.20486,-0.13378,0.22621,-0.0092767,0.6017,0.56064,0.02289,0.2596,0.03897,-0.1652,-0.35525,-0.23454,-0.049355,-0.061573,-0.13254,-0.14415,-0.16998,-0.17694,-0.36882,-0.25825,-0.16544,-0.30079,-0.40597,-0.40262,-0.22954,-0.32001,-0.13167,0.035493,-0.41079,-0.25393,-0.092327,-0.16606,0.1314,-0.064718,-0.31609,-0.20693,-0.18866,-0.18094,-0.27717,-0.22977
-0.28035,-0.026608,-0.19123,-0.20689,-0.022407,0.16982,-0.37128,0.13822,-0.10951,0.45231,-0.10809,0.19538,-0.30766,-0.11049,-0.35897,-0.10359,0.071137,-0.21409,-0.23793,-0.37232,-0.096596,-0.042062,-0.026043,0.079772,0.025982,-0.22163,0.036798,-0.17883,0.32681,0.22011,0.46614,0,-0.38611,-0.25599,-0.34627,0.01338,0.090029,0.23411,-0.043291,-0.19771,-0.18467,-0.10886,-0.25872,-0.066106,-0.35835,-0.13601,-0.48355,-0.4692,-0.0020816,-0.48885,-0.43444,-0.12344,-0.21625,0.006539,0.055638,-0.17394,-0.20618,-0.72293,-0.47277,-0.33509,0.032815,-0.033223,0.12639,-0.15604,0.078626,-0.48176,-0.41741,0.44617,0.17898,0.38515,0.59567,-0.41341,-0.012301,-0.31519,-0.49682,-0.43561,-0.29675,-0.43087,-0.28799,-0.53611,-0.54601,-0.16528,-0.56311,-0.45193,-0.30018,-0.62094,-0.54549,-0.55879,-0.35147,-0.49294,-0.65212,-0.21008,0.17332,-0.37769,0.018787,-0.20265,-0.078837,-0.076786,0.030402,-0.14175,0.067652,-0.21849,0.002602,-0.12988,-0.0016894
-0.38707,-0.74485,0.1577,0.27049,-0.24144,-0.49654,-0.1496,-0.5184,-0.25725,-0.49552,0.123,-0.72977,0.45096,-0.011057,-0.10619,-0.029339,-0.17116,0.40118,-0.17967,0.29948,-0.1394,-0.18323,-0.55906,-0.92247,-0.22968,0.087669,-0.34754,-0.63107,-0.38544,-0.14505,0.01755,-0.38611,0,0.24581,0.42693,0.056271,0.093597,-0.12495,-0.25106,-0.30704,-0.5876,-1,-0.25954,-0.91068,-0.19677,-0.15104,-0.18913,0.059115,-0.17722,0.41296,0.22056,0.076989,-0.30216,-0.23581,-0.17909,-0.75835,-0.48667,-0.33116,-0.36686,-0.014571,-0.33457,-0.12517,-0.28017,0.27763,0.13861,-0.098373,-0.0328,-0.16221,-0.26414,0.032099,-0.19601,0.019911,-0.22226,-0.037936,-0.10562,-0.0066521,0.0074138,0.47048,0.29377,0.47756,0.52089,0.11257,0.63776,0.045486,0.098627,0.52303,0.33228,-0.19681,-0.28713,-0.29563,-0.083966,-0.023411,-0.30707,0.17329,-0.23391,0.37978,0.17919,0.40646,0.20443,-0.10166,-0.23379,-0.10111,-0.21768,-0.13983,-0.047477
-0.12345,-0.3629,0.45156,0.45086,0.061679,0.014684,0.050298,-0.33547,0.12791,-0.19956,0.28499,-0.29394,0.24693,0.63859,-0.11862,0.0084923,-0.18469,0.20589,0.1215,0.27602,-0.1972,-0.098592,-0.18352,-0.47012,-0.16221,0.22918,-0.07579,-0.35034,-0.29311,-0.15246,-0.1986,-0.25599,0.24581,0,-0.011841,0.34596,0.29867,0.12257,0.046844,-0.03225,-0.36699,-0.38955,-0.38672,-0.51879,-0.27973,-0.34064,-0.32311,-0.24386,-0.041376,0.21442,0.7576,0.25622,0.23095,0.16998,0.13583,-0.44525,-0.50315,-0.40946,-0.57943,0.29373,-0.095241,-0.07619,-0.067607,0.06146,0.035674,-0.40306,-0.36189,-0.012339,-0.31624,-0.15974,-0.40051,-0.26675,-0.4056,-0.23257,-0.31355,0.37222,0.34268,0.2007,0.41657,0.0093974,0.22022,0.12544,0.2084,0.12482,0.46994,0.21925,0.50928,-0.19272,-0.38704,-0.47657,-0.18886,-0.10535,-0.077178,0.2114,0.22255,0.68022,0.56642,0.31309,0.4298,-0.025786,-0.096176,-0.080941,-0.010936,0.024278,0.15344
-0.35439,-0.45028,-0.11406,0.065676,-0.067969,-0.30333,-0.088503,-0.25866,-0.25297,-0.15683,0.13598,-0.3737,0.058315,-0.23615,-0.03274,-0.13436,-0.27295,-0.13264,-0.45767,-0.13299,-0.20245,-0.50547,-0.56889,-0.6388,-0.11329,-0.055449,-0.38785,-0.61579,-0.12317,-0.11742,-0.084177,-0.34627,0.42693,-0.011841,0,0.26561,-0.065948,-0.084659,-0.11327,-0.15792,-0.27846,-0.57969,0.21327,-0.29272,-0.18529,-0.053307,-0.1309,-0.0091183,-0.3495,-0.024534,-0.048495,-0.22749,-0.14484,-0.080511,-0.18744,-0.54496,-0.10319,-0.26697,-0.18367,-0.061784,-0.42964,-0.15141,-0.40857,-0.026284,-0.1363,-0.0058074,0.0024059,-0.2553,-0.15013,0.039784,-0.18755,0.024376,-0.1458,-0.064055,-0.082925,0.15205,0.1227,-0.014134,-0.10362,0.15209,0.15173,-0.079674,0.1224,-0.23941,-0.25063,0.092933,-0.034769,-0.30062,-0.15331,-0.2721,-0.17284,-0.1212,-0.24678,0.20683,-0.12242,-0.053631,-0.16062,0.043601,-0.085617,-0.13058,-0.43119,-0.35635,-0.51322,-0.13103,-0.24876
-0.24342,-0.28898,0.19198,0.24233,0.16239,0.21197,-0.0024964,-0.00030168,0.036013,0.32209,0.27077,-0.04839,-0.13665,0.17114,-0.1796,-0.10783,-0.19197,-0.059333,-0.27145,-0.14272,-0.30367,-0.33101,-0.29903,-0.36096,-0.087935,-0.0066144,-0.088257,-0.50604,-0.11369,-0.074877,-0.097103,0.01338,0.056271,0.34596,0.26561,0,0.27271,0.45781,0.19762,0.040214,-0.22616,-0.27121,-0.084478,-0.20204,-0.55128,-0.37229,-0.41488,-0.23543,-0.23457,-0.22261,0.099774,0.055728,0.23609,0.43494,0.30334,-0.38937,-0.1086,-0.58383,-0.36978,0.17835,-0.1971,-0.043012,-0.088882,-0.069417,-0.045652,-0.43221,-0.37526,0.1027,-0.19079,0.07223,-0.14713,-0.48403,-0.38824,-0.37392,-0.489,0.23691,0.33496,-0.18501,0.017633,-0.17234,-0.045848,0.19899,-0.13437,-0.24141,-0.035402,-0.15929,-0.042892,-0.39386,-0.26901,-0.65957,-0.50716,-0.29387,-0.078249,0.2422,0.27947,0.19661,0.29504,0.074312,0.30125,-0.13855,-0.19643,-0.39057,-0.16475,0.091779,0.11793
-0.066378,-0.3514,0.27343,0.24517,-0.0065691,-0.06898,0.15469,-0.07941,-0.14288,0.0032054,0.56253,-0.20021,-0.0030319,0.15066,-0.17493,-0.065714,-0.0026473,0.10916,-0.079538,0.0057998,-0.22916,-0.25643,-0.37145,-0.4574,-0.045245,0.11924,-0.12754,-0.36214,-0.051045,0.034271,0.26969,0.090029,0.093597,0.29867,-0.065948,0.27271,0,0.65669,0.2989,-0.0033788,-0.284,-0.27973,-0.20491,-0.37685,-0.24233,-0.1195,-0.33599,-0.16894,-0.22774,-0.12554,0.17826,0.02504,0.043065,0.15212,0.23685,-0.39369,-0.2925,-0.40469,-0.41991,-0.021759,-0.14061,0.028924,0.06189,-0.016366,0.17749,-0.43803,-0.34393,0.20716,-0.25565,0.12855,0.044943,-0.26696,-0.18479,-0.15341,-0.35983,0.11177,0.17955,0.19376,0.41373,0.068716,0.17183,0.021879,-0.09728,0.010514,0.14248,0.097632,0.10926,-0.19092,-0.25945,-0.42846,-0.31735,-0.030583,0.092496,0.035779,0.027046,0.34674,0.33866,0.36412,0.31164,-0.10709,-0.096959,-0.022966,0.14104,-0.062584,0.056859
-0.098388,-0.12448,0.14708,0.12536,-0.025002,0.1422,0.092202,0.22015,-0.099168,0.35157,0.26212,0.039226,-0.27507,0.10743,-0.12061,-0.075933,-0.076891,-0.057953,-0.24689,-0.19629,-0.33558,-0.32938,-0.30396,-0.18716,-0.060517,-0.11146,-0.13061,-0.34917,0.07085,0.1014,0.19268,0.23411,-0.12495,0.12257,-0.084659,0.45781,0.65669,0,0.28455,0.10726,-0.18437,-0.07168,-0.10805,-0.16111,-0.38159,-0.2056,-0.34974,-0.21603,-0.25571,-0.43744,-0.0096387,0.017611,0.061664,0.32435,0.43505,-0.30315,-0.13856,-0.37459,-0.26789,-0.023335,-0.13135,0.14063,0.14407,-0.05462,0.08616,-0.40363,-0.32128,0.26283,-0.13583,0.18667,0.12346,-0.44247,-0.25039,-0.25585,-0.47759,0.022973,0.15279,-0.14099,0.11539,-0.19149,-0.04532,0.095143,-0.25623,-0.2063,-0.034663,-0.19978,-0.11676,-0.26094,-0.14411,-0.3828,-0.4685,-0.31298,0.022226,-0.15894,0.062471,0.043729,0.11818,0.081575,0.19112,-0.13019,-0.085587,-0.18158,0.059884,-0.093851,0.045199
0.42693,0.11173,0.030892,0.036488,0.36507,0.14582,0.53763,0.1361,0.26218,0.2728,0.43172,0.18278,-0.098495,0.19522,0.013048,0.11051,-0.18434,-0.21538,0.15047,-0.10782,-0.38139,-0.38638,0.10268,-0.044943,0.28442,0.05075,0.023147,0.023659,0.055917,-0.19557,-0.11053,-0.043291,-0.25106,0.046844,-0.11327,0.19762,0.2989,0.28455,0,0.62599,0.12879,0.21705,0.10499,-0.047455,-0.10224,0.06284,-0.19346,-0.22365,-0.2331,-0.44187,-0.15004,0.0058526,0.30431,0.26939,0.477,-0.21191,-0.12954,-0.15798,-0.26792,0.28299,0.20154,-0.018108,0.033366,-0.3017,-0.15524,-0.20349,-0.34767,0.18997,-0.035945,-0.21626,-0.088288,-0.24768,-0.057387,-0.13468,-0.18378,0.39806,0.17388,-0.2955,-0.13978,-0.37998,-0.20307,-0.11202,-0.20459,-0.21385,0.043427,-0.1362,-0.015273,-0.22979,-0.1876,-0.28525,-0.1615,0.039769,0.13952,0.14141,0.035153,-0.066136,-0.011343,-0.1733,-0.016517,-0.23168,-0.1519,-0.23932,0.14117,-0.1227,-0.029308
0.49045,0.43768,-0.13142,-0.15279,0.20149,0.27811,0.42291,0.30118,0.26859,0.21364,0.11732,0.21456,-0.033336,0.26884,0.20139,0.16978,-0.20864,-0.22398,0.23118,-0.027709,-0.36221,-0.34076,0.11548,0.087277,0.21612,-0.0498,-0.097388,0.16603,0.034769,-0.17146,-0.19355,-0.19771,-0.30704,-0.03225,-0.15792,0.040214,-0.0033788,0.10726,0.62599,0,-0.04848,0.36863,0.23644,0.13911,0.10947,0.115,-0.12863,-0.29921,-0.31204,-0.33205,-0.15798,-0.065676,0.16058,0.16976,0.29485,-0.35878,-0.2778,-0.010076,-0.30375,0.20366,0.24549,0.010966,-0.0054454,-0.36301,-0.28555,-0.044521,-0.2055,0.047432,-0.0094351,-0.27126,-0.18275,-0.10753,0.001516,-0.058866,-0.054325,0.23863,0.026224,-0.4099,-0.3178,-0.47548,-0.26435,-0.085482,-0.045863,-0.37605,-0.099211,-0.11851,-0.04081,-0.25448,-0.33609,-0.042975,-0.081447,-0.14517,-0.02786,-0.12096,-0.099601,-0.24931,-0.25569,-0.45391,-0.30437,-0.34583,-0.20768,-0.33543,-0.034641,-0.31244,-0.24643
0.13521,-0.021299,-0.41121,-0.3156,0.051278,-0.17261,0.081326,-0.044551,-0.12214,-0.097316,-0.30219,0.31421,-0.65315,-0.32957,-0.29366,-0.33327,-0.41834,-0.69932,-0.099532,-0.51901,-0.28344,-0.1824,0.28061,0.36483,-0.080149,-0.43657,0.10346,0.2137,0.06539,-0.16588,-0.52726,-0.18467,-0.5876,-0.36699,-0.27846,-0.22616,-0.284,-0.18437,0.12879,-0.04848,0,0.34439,-0.099587,0.12289,-0.3203,-0.25792,-0.28384,-0.35567,0.025168,-0.58477,-0.4696,-0.23535,0.16214,-0.073859,-0.12519,0.45791,0.22058,-0.023116,0.11499,-0.03808,-0.009684,-0.024466,0.067124,-0.254,-0.27687,-0.26657,-0.3346,-0.21756,-0.0056113,-0.44715,-0.20766,-0.34836,-0.3344,-0.40824,-0.33987,-0.040908,-0.23611,-0.60612,-0.49315,-0.43736,-0.44556,-0.38019,-0.52152,-0.23584,-0.30452,-0.48405,-0.35482,-0.23131,0.092247,-0.24991,-0.29588,-0.029127,0.095588,-0.01519,-0.0533,-0.41573,-0.30093,-0.37946,-0.25134,0.21573,0.10906,0.097941,0.061083,-0.0031601,0.013538
0.28857,0.53282,-0.39992,-0.43757,-0.01249,0.24112,0.12821,0.32409,0.09957,0.17394,-0.29224,0.44407,-0.54234,-0.11583,0.055547,-0.10346,-0.32524,-0.61892,0.017603,-0.4464,-0.27859,-0.17666,0.29966,0.59386,-0.0084471,-0.33497,0.089984,0.59016,0.090806,-0.14842,-0.39624,-0.10886,-1,-0.38955,-0.57969,-0.27121,-0.27973,-0.07168,0.21705,0.36863,0.34439,0,0.051716,0.50763,-0.037673,-0.08067,-0.039015,-0.29171,-0.13259,-0.66445,-0.3971,-0.20913,0.095784,0.048141,0.071046,0.20551,0.048586,0.11205,-0.0108,-0.078173,0.16026,0.020929,0.08647,-0.55868,-0.44207,-0.098231,-0.24997,-0.052824,0.054491,-0.38426,-0.13736,-0.27033,-0.087624,-0.19405,-0.12511,-0.11132,-0.24201,-0.73808,-0.5668,-0.72997,-0.62548,-0.32862,-0.54469,-0.4008,-0.34113,-0.5586,-0.42788,-0.09263,-0.068957,0.047115,-0.12781,-0.30046,-0.04489,-0.39435,-0.1328,-0.61516,-0.45617,-0.78403,-0.49247,-0.26237,-0.093562,-0.24308,-0.02191,-0.25497,-0.23327
0.063542,0.11378,-0.36868,-0.28437,0.028102,-0.035666,0.12208,0.10186,-0.17609,0.10751,-0.007263,0.0070292,-0.19224,-0.31883,0.10643,-0.14024,-0.17106,-0.53071,-0.39235,-0.41287,-0.46899,-0.79744,-0.31965,-0.19054,-0.07346,-0.26004,-0.51597,-0.17346,0.15835,-0.2578,-0.051573,-0.25872,-0.25954,-0.38672,0.21327,-0.084478,-0.20491,-0.10805,0.10499,0.23644,-0.099587,0.051716,0,0.28647,0.26498,0.32452,0.12685,-0.026488,-0.74126,-0.40191,-0.34227,-0.51529,-0.057538,-0.035018,-0.067961,-0.34,0.035003,0.17621,0.03774,-0.20055,-0.25966,-0.23318,-0.42959,-0.46857,-0.51349,0.31103,0.20684,-0.27119,-0.10927,-0.096189,-0.1189,0.27201,0.28592,0.16729,0.24603,0.1045,0.022279,-0.39462,-0.47007,-0.28664,-0.26958,-0.31775,-0.26969,-0.56825,-0.51996,-0.24183,-0.38498,-0.15032,-0.089156,0.15086,0.062335,-0.26101,-0.18971,-0.22996,-0.2703,-0.56089,-0.70409,-0.44339,-0.63936,-0.50082,-0.6311,-0.49887,-0.59217,-0.38099,-0.64233
