,,,,,,,,,,,,,,,,,,,,,,,,,,,,,,,,,,,,,,,,,,,,,,,,,,,,,,,,,,,,,,,,,,,,,,,,,,,,,,,,,,,,,,,,,,,,,,,,,,,,,,,,
0,-0.058586,-0.26109,-0.24511,0.2511,-0.0829,0.25942,-0.11724,-0.056378,0.092673,-0.015759,-0.013092,-0.21706,-0.053424,-0.32307,-0.22122,-0.19359,-0.26179,-0.17469,-0.23766,-0.29877,-0.11159,-0.0076501,-0.082934,-0.10916,-0.25742,-0.072543,0.049353,0.12339,-0.21796,-0.099458,0.075796,-0.37943,-0.0061467,-0.27526,0.02452,0.011821,0.11089,0.14429,0.011954,0.10963,0.06327,0.05083,0.10497,-0.15719,-0.026243,-0.33672,-0.33744,-0.21982,-0.31986,-0.31011,-0.11173,0.37852,0.22243,0.18324,-0.07084,-0.13103,-0.20517,-0.21534,-0.048721,0.038523,-0.10324,0.0088142,-0.22995,-0.20098,-0.37612,-0.34786,-0.067068,-0.18563,-0.13632,-0.018932,-0.14939,-0.012752,-0.23542,-0.28998,-0.021806,-0.25247,-0.43688,-0.30054,-0.42073,-0.37458,-0.30438,-0.35502,-0.43914,-0.20846,-0.33459,-0.29715,-0.35088,-0.21934,-0.41607,-0.31369,-0.011715,0.18614,-0.025225,-0.13108,-0.15071,-0.18353,-0.21683,-0.20435,-0.1245,-0.068811,0.11969,-0.01238,0.066662,-0.072257
-0.058586,0,-0.42415,-0.49746,-0.16256,0.41195,-0.28265,0.18705,-0.092746,0.11294,-0.43049,0.13334,-0.3547,-0.21254,0.3129,0.20525,-0.18895,-0.59415,-0.18053,-0.45141,0.028265,-0.13632,0.020782,0.27413,-0.052546,-0.36731,-0.084084,0.15977,0.14503,-0.080259,-0.15494,0.0071711,-0.76577,-0.39188,-0.53422,-0.36563,-0.47761,-0.31359,-0.26048,-0.035124,-0.07074,0.37364,-0.081816,0.22511,0.18934,0.073028,-0.10421,-0.3145,0.00069849,-0.55912,-0.3797,-0.3948,-0.19035,-0.012187,-0.12334,0.0047298,-0.090723,-0.046187,-0.27508,-0.2351,0.12324,-0.24143,-0.22759,-0.52217,-0.4677,-0.15124,-0.21979,-0.1139,0.10094,-0.17936,-0.13234,-0.088209,0.026523,-0.089972,-0.14294,-0.31105,-0.31753,-0.62501,-0.6159,-0.8019,-0.65835,-0.4164,-0.53589,-0.36104,-0.35248,-0.63188,-0.43635,-0.24799,-0.22025,0.089672,-0.14166,-0.37829,-0.047717,-0.57511,-0.078596,-0.56347,-0.53111,-0.65633,-0.57879,-0.30522,-0.2873,-0.32881,-0.2804,-0.32699,-0.40975
-0.26109,-0.42415,0,0.75693,-0.04477,-0.23631,-0.16972,-0.48095,0.0067454,-0.24781,0.15165,-0.27195,0.12194,0.24178,-0.36675,-0.15565,-0.081916,0.27429,0.17438,0.25295,-0.33126,-0.35145,-0.1213,-0.50794,-0.075443,0.33002,-0.302,-0.55916,-0.66639,-0.57442,-0.35041,-0.48422,0.092433,0.30644,-0.22776,0.16233,0.17794,0.058274,0.004171,-0.042342,-0.44358,-0.38357,-0.53716,-0.59621,-0.42697,-0.45026,-0.29166,-0.082621,-0.42205,0.28842,0.39201,0.10483,0.01689,-0.10181,0.11971,-0.39948,-0.51222,-0.44685,-0.37328,0.38076,-0.21179,-0.42299,-0.35299,-0.050943,-0.12929,-0.30874,-0.22508,-0.26529,-0.51331,-0.38354,-0.57369,-0.31365,-0.4495,-0.23588,-0.30888,0.31645,0.29956,0.32889,0.42746,0.1922,0.31147,0.48997,0.20512,0.31765,0.40974,0.33292,0.50793,-0.18421,-0.33062,-0.44555,-0.20381,-0.13407,-0.33935,0.17179,-0.034632,0.5402,0.43234,0.24215,0.36467,-0.20064,-0.23972,-0.20587,-0.10139,-0.1056,0.040512
-0.24511,-0.49746,0.75693,0,0.020269,-0.29155,-0.10169,-0.45279,-0.047956,-0.26084,0.10998,-0.1724,-0.025611,0.11929,-0.42463,-0.34739,-0.24893,0.13059,0.084311,0.16158,-0.43477,-0.41801,-0.12439,-0.47151,-0.1558,0.17179,-0.31582,-0.53877,-0.52327,-0.49932,-0.45131,-0.53762,0.088535,0.25651,-0.12708,0.21547,0.11979,0.035696,0.020269,-0.055686,-0.33611,-0.3956,-0.45373,-0.55665,-0.59319,-0.5823,-0.28875,-0.081457,-0.41831,0.1983,0.29276,0.23212,0.14582,-0.0067055,0.057382,-0.38058,-0.43078,-0.4428,-0.28919,0.54598,-0.19899,-0.28277,-0.26575,0.09981,-0.021201,-0.24602,-0.15659,-0.33827,-0.46366,-0.36447,-0.49406,-0.34362,-0.51167,-0.37666,-0.3608,0.37272,0.40098,0.16757,0.25754,0.18497,0.2055,0.72021,0.239,0.11342,0.26468,0.20316,0.27662,-0.23166,-0.27024,-0.5411,-0.24628,-0.16431,-0.37228,0.2928,0.058028,0.37511,0.38627,0.21525,0.41835,-0.095772,-0.18078,-0.1422,-0.13505,-0.039927,0.15713
0.2511,-0.16256,-0.04477,0.020269,0,0.017609,0.18441,-0.11308,0.16394,0.15185,0.080772,0.074259,-0.055007,0.095985,-0.5086,-0.27544,0.010218,-0.13598,0.086107,0.051296,-0.40994,-0.32279,0.37205,-0.082495,0.22553,0.03531,-0.20207,-0.24338,-0.0050956,-0.4601,-0.18884,0.0027939,-0.30658,-0.012759,-0.29227,0.090158,0.038077,-0.0080758,0.33207,0.13579,0.0042841,-0.084297,-0.16804,-0.18098,-0.40206,-0.23693,-0.44082,-0.368,-0.34549,-0.087051,-0.13424,-0.043319,0.4267,0.19053,0.16635,-0.13122,-0.3418,-0.51346,-0.44836,0.2784,-0.00016631,-0.33551,-0.16861,-0.27492,-0.27557,-0.37362,-0.42614,-0.15966,-0.30055,-0.1927,-0.19175,-0.21536,-0.099943,-0.39635,-0.34197,0.28591,0.045082,-0.37426,-0.21198,-0.37673,-0.34985,-0.068339,-0.2486,-0.28232,0.068339,-0.25604,-0.12027,-0.58685,-0.45787,-0.77496,-0.49249,0.25644,0.28641,0.23511,0.17396,0.054169,-0.00011309,0.0078696,0.0011176,-0.14971,-0.16871,-0.11301,-0.091588,0.17599,-0.029496
-0.0829,0.41195,-0.23631,-0.29155,0.017609,0,-0.091695,0.33378,0.1429,0.24262,-0.33151,0.23115,-0.21757,0.056178,0.12173,0.10514,-0.16756,-0.40393,0.0429,-0.26088,-0.15585,-0.091548,0.21874,0.32152,-0.025412,-0.23352,0.035789,0.19129,0.051249,-0.10356,-0.20473,0.051282,-0.59376,-0.17523,-0.63856,-0.17835,-0.25868,-0.17238,-0.035417,0.1615,-0.090697,0.4326,-0.25397,0.0053617,-0.11261,-0.19519,-0.22796,-0.37418,0.010684,-0.3857,-0.11662,-0.12275,-0.025052,0.23926,0.1368,-0.08149,-0.24026,-0.24411,-0.48057,-0.030933,0.23305,-0.16837,-0.074711,-0.52374,-0.41593,-0.30894,-0.39814,0.095839,0.041184,-0.15547,-0.17149,-0.33117,-0.13991,-0.29857,-0.2969,-0.18015,-0.1637,-0.56071,-0.42337,-0.84231,-0.64065,-0.23382,-0.45548,-0.32756,-0.14447,-0.55606,-0.27769,-0.28646,-0.40726,-0.1876,-0.30763,-0.29915,0.07696,-0.35198,0.22602,-0.2741,-0.17562,-0.46024,-0.24283,-0.37882,-0.19216,-0.42104,-0.14661,-0.1734,-0.1623
0.25942,-0.28265,-0.16972,-0.10169,0.18441,-0.091695,0,0.14074,-0.039135,0.02609,0.18568,0.095054,-0.4104,-0.05693,-0.48622,-0.49857,-0.21113,-0.22425,-0.030068,-0.088528,-0.69023,-0.37708,-0.030993,-0.068611,-0.10861,-0.14825,-0.22249,-0.085116,0.049559,-0.11657,-0.30372,-0.12345,-0.40182,-0.080113,-0.28485,-0.082887,0.20297,0.17426,0.54971,0.2408,0.18234,0.032037,-0.053976,-0.16087,-0.30185,-0.37785,-0.37848,-0.42306,-0.32142,-0.31246,-0.061194,-0.11395,0.29807,0.097309,0.056584,-0.019099,-0.081816,-0.13285,-0.23099,-0.019558,-0.16873,-0.033314,0.14966,-0.2699,-0.21954,-0.46449,-0.50613,-0.14022,-0.44678,-0.36591,-0.24783,-0.41332,-0.33688,-0.41328,-0.35923,0.18799,0.10348,-0.34945,-0.11488,-0.24453,-0.1965,-0.2215,-0.26543,-0.22099,-0.059345,-0.17167,-0.13266,-0.24051,-0.27311,-0.36764,-0.38015,0.033887,0.19817,-0.02329,0.014775,-0.093311,-0.071419,-0.096165,-0.076993,-0.1274,-0.10675,-0.023848,0.058733,0.15798,0.055899
-0.11724,0.18705,-0.48095,-0.45279,-0.11308,0.33378,0.14074,0,-0.15675,0.068319,-0.24845,0.27168,-0.41696,-0.16972,-0.066336,-0.21447,-0.16503,-0.47407,-0.027135,-0.27153,-0.33332,-0.26808,0.020708,0.34946,-0.032144,-0.33448,-0.1657,0.15084,0.27885,0.22185,-0.12571,0.027008,-0.61018,-0.4304,-0.4968,-0.40338,-0.16946,-0.13376,0.056491,0.24066,0.011289,0.32454,-0.12565,0.0069383,-0.068565,-0.24522,-0.2973,-0.51567,-0.10651,-0.46534,-0.21912,-0.35256,-0.19408,-0.051442,-0.15918,-0.034326,-0.11004,-0.10606,-0.38715,-0.28931,-0.028798,-0.015719,0.080286,-0.51715,-0.35166,-0.34017,-0.4422,-0.047763,-0.086765,-0.19198,-0.10806,-0.37584,-0.23092,-0.38314,-0.3453,-0.25399,-0.19242,-0.5714,-0.43893,-0.56398,-0.52321,-0.36154,-0.41085,-0.38779,-0.30843,-0.43548,-0.36121,-0.30672,-0.41453,-0.054469,-0.42598,-0.20425,0.15746,-0.4624,0.034851,-0.45221,-0.36437,-0.48215,-0.43014,-0.2953,-0.18563,-0.2944,-0.12402,-0.20601,-0.2456
-0.056378,-0.092746,0.0067454,-0.047956,0.16394,0.1429,-0.039135,-0.15675,0,0.35127,0.07831,-0.0094329,-0.07382,0.20321,-0.19316,0.028538,-0.17965,-0.083206,0.15468,0.029928,-0.17879,-0.038124,0.22998,-0.033893,0.1027,0.25966,0.13361,-0.022984,-0.14327,-0.2604,-0.3356,0.092626,-0.43965,0.017988,-0.39719,-0.044284,-0.087584,-0.075543,0.17633,0.10417,-0.13751,-0.041736,-0.27435,-0.24994,-0.20732,-0.19862,-0.20682,-0.34852,-0.037366,-0.2118,-0.076474,0.077964,0.094968,0.048402,0.090231,-0.18122,-0.39802,-0.44565,-0.51184,0.12864,0.16781,-0.18123,0.026695,-0.31385,-0.19378,-0.30738,-0.4425,0.22189,-0.12638,-0.19886,-0.19433,-0.31113,-0.12788,-0.15691,-0.11464,0.1456,0.06921,-0.34748,-0.15541,-0.46042,-0.31515,-0.20387,-0.24852,-0.065984,0.13386,-0.26533,-0.042634,-0.24422,-0.33613,-0.42391,-0.19536,-0.0016498,0.064361,-0.11721,0.08753,-0.018979,-0.00043905,-0.13394,0.046805,-0.18,-0.03384,-0.39932,0.036794,-0.084144,-0.02315
0.092673,0.11294,-0.24781,-0.26084,0.15185,0.24262,0.02609,0.068319,0.35127,0,0.092167,0.21374,-0.19471,0.0083153,-0.09391,-0.019125,-0.18219,-0.36762,-0.048043,-0.26929,-0.25383,-0.24029,0.016345,-0.0061134,0.050411,0.0050823,-0.0011575,0.097243,0.19461,-0.1334,-0.085847,0.24065,-0.60364,-0.17727,-0.24593,-0.038656,-0.072536,0.0055879,0.25485,0.2682,-0.10113,0.15492,0.10941,0.096158,0.075124,0.090803,-0.15929,-0.37116,-0.24334,-0.45389,-0.32736,-0.23739,0.10602,0.13485,0.10018,-0.25891,-0.23678,-0.32273,-0.41519,-0.10419,0.12337,-0.12963,-0.039448,-0.53378,-0.31901,-0.16469,-0.27985,0.19934,-0.016212,-0.065891,-0.0058207,-0.12521,0.12069,-0.026749,0.0057808,0.050577,-0.049719,-0.57251,-0.41272,-0.55764,-0.47348,-0.33125,-0.45342,-0.43928,-0.29646,-0.41411,-0.36335,-0.32707,-0.35159,-0.23705,-0.1723,-0.16672,0.036853,-0.22747,-0.036188,-0.30486,-0.28406,-0.41407,-0.31753,-0.3735,-0.20109,-0.50733,-0.13596,-0.27143,-0.28418
-0.015759,-0.43049,0.15165,0.10998,0.080772,-0.33151,0.18568,-0.24845,0.07831,0.092167,0,-0.11461,-0.078031,0.095453,-0.55199,-0.3097,-0.027055,0.10717,0.1209,0.17068,-0.45823,-0.46097,-0.19228,-0.42436,0.072669,0.44475,-0.29932,-0.3796,-0.27097,-0.30907,-0.2017,-0.19898,-0.19549,0.030993,-0.086659,0.025964,0.41051,0.21648,0.45557,0.20299,-0.272,-0.30938,-0.13997,-0.35053,-0.17805,-0.19969,-0.31784,-0.31162,-0.59426,-0.055313,0.0012839,-0.19346,0.07215,-0.20189,-0.025784,-0.36271,-0.34876,-0.40443,-0.38469,-0.012732,-0.24614,-0.24326,-0.11584,-0.25871,-0.14979,-0.36563,-0.38051,-0.15252,-0.57377,-0.37909,-0.33715,-0.27041,-0.23524,-0.10316,-0.14014,0.42638,0.277,0.012879,0.18612,0.12682,0.19702,-0.077831,-0.028432,0.02327,0.044351,0.26041,0.15066,-0.25265,-0.35202,-0.37974,-0.22847,0.10902,-0.09687,0.11017,-0.16116,0.10363,0.037106,0.019624,-0.021427,-0.19571,-0.20764,-0.22616,0.029889,-0.080173,-0.13125
-0.013092,0.13334,-0.27195,-0.1724,0.074259,0.23115,0.095054,0.27168,-0.0094329,0.21374,-0.11461,0,-0.35546,-0.0017828,-0.14256,-0.20809,-0.386,-0.50807,0.13232,-0.27937,-0.42458,-0.31923,0.19023,0.38853,-0.049,-0.26013,-0.091821,0.15941,0.30844,-0.0075769,-0.27102,-0.13186,-0.49999,-0.24346,-0.2376,-0.20769,-0.13717,-0.11805,0.19924,0.4786,0.079175,0.27768,-0.16272,-0.14546,-0.11656,-0.25081,-0.44869,-0.66273,-0.17875,-0.44834,-0.24106,-0.17785,0.093105,0.066982,0.056278,-0.20908,-0.28966,-0.30217,-0.50155,0.036414,0.26227,-0.033135,0.066636,-0.29296,-0.25885,-0.38879,-0.43755,-0.020496,0.010271,-0.27917,-0.21872,-0.35836,-0.28591,-0.37487,-0.37332,0.049699,0.01554,-0.64577,-0.49045,-0.51671,-0.43745,-0.18959,-0.31976,-0.41801,-0.31931,-0.40223,-0.27203,-0.50917,-0.46052,-0.23366,-0.43061,-0.17387,0.12451,-0.17543,0.26853,-0.30883,-0.20708,-0.4088,-0.24966,-0.085621,-0.018779,-0.23295,-0.11479,-0.16542,-0.024108
-0.21706,-0.3547,0.12194,-0.025611,-0.055007,-0.21757,-0.4104,-0.41696,-0.07382,-0.19471,-0.078031,-0.35546,0,0.3386,-0.37846,0.018167,0.20816,0.36182,0.15339,0.2545,-0.078949,-0.047377,-0.05375,-0.36242,0.078709,0.16594,-0.19542,-0.37541,-0.37809,-0.31906,0.21692,-0.064261,0.31754,0.16484,-0.13578,0.071558,0.076301,-0.0034725,-0.16822,-0.1069,-0.63846,-0.43813,-0.4391,-0.41247,-0.2665,-0.095912,-0.43314,-0.24297,-0.33547,0.51472,0.024687,-0.074718,-0.2862,-0.29713,-0.0010311,-0.7373,-0.93235,-0.78489,-0.66773,-0.10467,-0.12624,-0.32069,-0.30848,-0.14416,-0.11146,-0.28627,-0.23492,-0.018839,-0.16527,0.072184,-0.11572,-0.10076,-0.095673,-0.13015,-0.27295,-0.16507,-0.32891,0.17042,0.094036,-0.0055879,0.039927,0.059957,0.15861,-0.13429,0.017775,0.17922,0.16842,-0.50965,-0.63747,-0.51705,-0.42992,0.0012373,-0.15026,-0.0066256,-0.25701,0.26276,0.10651,0.061873,0.0060336,-0.2507,-0.11273,-0.19915,-0.14685,-0.34582,-0.25947
-0.053424,-0.21254,0.24178,0.11929,0.095985,0.056178,-0.05693,-0.16972,0.20321,0.0083153,0.095453,-0.0017828,0.3386,0,-0.31725,-0.0023083,-0.0011309,0.1822,0.52935,0.27548,-0.26797,-0.1006,0.16588,-0.093471,0.087278,0.2049,-0.070101,-0.1561,-0.25106,-0.22513,-0.10893,-0.13898,-0.021726,0.4557,-0.30468,0.1481,0.25443,0.24069,0.15179,0.27682,-0.35003,-0.10554,-0.49559,-0.40194,-0.31762,-0.2884,-0.4942,-0.4302,-0.26308,0.1648,0.33853,0.1034,0.051269,-0.0090537,0.3195,-0.51644,-0.8422,-0.6574,-0.8075,0.14533,0.070614,-0.1337,-0.039521,-0.19957,-0.15424,-0.48773,-0.47329,0.082215,-0.20161,-0.19523,-0.29347,-0.36335,-0.31345,-0.26986,-0.4139,0.13518,-0.036767,-0.0064926,0.15961,-0.15815,0.012606,0.055107,0.059438,-0.066769,0.20059,0.10335,0.36535,-0.43369,-0.6355,-0.52117,-0.4672,-0.045841,0.01248,0.014389,0.091881,0.29962,0.27441,-0.020502,0.13821,-0.13263,0.019039,-0.1629,0.058766,-0.17841,-0.029037
-0.32307,0.3129,-0.36675,-0.42463,-0.5086,0.12173,-0.48622,-0.066336,-0.19316,-0.09391,-0.55199,-0.14256,-0.37846,-0.31725,0,0.37415,-0.36853,-0.46554,-0.34282,-0.55331,0.26159,0.04,-0.27763,0.059704,-0.32033,-0.40373,0.098254,0.19499,-0.15882,-0.05097,-0.18847,-0.19741,-0.44363,-0.37444,-0.35709,-0.31667,-0.48993,-0.27202,-0.49819,-0.28355,-0.15717,0.24679,-0.17363,0.09079,0.056385,0.091289,0.21106,0.070787,0.11689,-0.5764,-0.33023,-0.23912,-0.36929,-0.060023,-0.14105,-0.1074,-0.079993,0.038497,-0.060509,-0.31997,0.018054,-0.0077432,-0.1689,-0.30985,-0.28586,0.08773,0.037113,-0.0071645,0.27578,-0.0039914,0.0074173,-0.034252,0.012952,0.097189,0.0097788,-0.51419,-0.43387,-0.32225,-0.39824,-0.45078,-0.37996,-0.35872,-0.42171,-0.25513,-0.42087,-0.47117,-0.38827,0.095054,0.099744,0.19921,0.09826,-0.62727,-0.35273,-0.57748,-0.26791,-0.57146,-0.44649,-0.68992,-0.4659,-0.24872,-0.20429,-0.32081,-0.20831,-0.43417,-0.3806
-0.22122,0.20525,-0.15565,-0.34739,-0.27544,0.10514,-0.49857,-0.21447,0.028538,-0.019125,-0.3097,-0.20809,0.018167,-0.0023083,0.37415,0,-0.02921,-0.11948,-0.042202,-0.17594,0.31739,0.15648,-0.086286,-0.022418,-0.048016,-0.098453,0.098859,0.012386,-0.25919,-0.20354,-0.0092267,-0.041111,-0.28111,-0.17754,-0.38902,-0.21448,-0.28617,-0.17159,-0.32778,-0.16849,-0.2809,0.032237,-0.31753,-0.11439,0.090491,0.22261,-0.091801,-0.088182,0.050617,-0.25195,-0.25498,-0.21694,-0.35305,-0.16666,-0.012194,-0.28656,-0.3979,-0.26403,-0.36859,-0.20762,0.12535,-0.1942,-0.1986,-0.29032,-0.25424,-0.11095,-0.1342,0.1551,0.13831,0.030767,-0.030461,0.028245,0.099125,0.21011,-0.026469,-0.35403,-0.43147,-0.16927,-0.21303,-0.38642,-0.21979,-0.30813,-0.22547,-0.085768,-0.15907,-0.21122,-0.083333,-0.15248,-0.17526,-0.063017,-0.065511,-0.26475,-0.14149,-0.3928,-0.30141,-0.2256,-0.25034,-0.38689,-0.29265,-0.17432,-0.085262,-0.23399,-0.015413,-0.37088,-0.34685
-0.19359,-0.18895,-0.081916,-0.24893,0.010218,-0.16756,-0.21113,-0.16503,-0.17965,-0.18219,-0.027055,-0.386,0.20816,-0.0011309,-0.36853,-0.02921,0,0.14926,0.023077,0.21507,-0.19242,-0.3219,-0.10195,-0.31824,0.17515,0.085375,-0.47945,-0.54924,-0.33058,-0.4173,0.22016,-0.028292,-0.12607,-0.18354,-0.4063,-0.23367,0.0057875,-0.099158,-0.11955,-0.14608,-0.4515,-0.34668,-0.2638,-0.26986,-0.093531,0.0053218,-0.28995,-0.16817,-0.48373,0.093364,-0.0771,-0.431,-0.334,-0.37498,-0.18677,-0.31045,-0.43375,-0.32646,-0.38624,-0.29271,-0.36965,-0.52239,-0.43222,-0.39651,-0.34771,-0.1957,-0.21707,-0.25595,-0.46733,-0.12877,-0.19384,0.013697,0.054023,-0.042415,-0.11256,-0.17324,-0.235,0.065811,0.073594,-0.10549,-0.051136,-0.21065,-0.11989,-0.046406,0.084776,0.069163,0.059358,-0.31845,-0.42467,-0.27476,-0.27228,0.11772,-0.01371,-0.18176,-0.31178,-0.0082954,-0.17904,-0.0054881,-0.252,-0.36697,-0.37746,-0.1942,-0.11739,-0.21508,-0.50769
-0.26179,-0.59415,0.27429,0.13059,-0.13598,-0.40393,-0.22425,-0.47407,-0.083206,-0.36762,0.10717,-0.50807,0.36182,0.1822,-0.46554,-0.11948,0.14926,0,0.14925,0.72879,-0.21285,-0.059983,-0.20425,-0.49773,-0.097056,0.25956,-0.29006,-0.51056,-0.6856,-0.39248,-0.042688,-0.27397,0.22414,0.11318,-0.26584,-0.090923,0.14738,-0.010417,-0.13991,-0.16498,-0.67703,-0.59637,-0.56534,-0.706,-0.36574,-0.31178,-0.34354,-0.11504,-0.36615,0.54472,0.15134,0.09864,-0.2689,-0.36983,-0.089978,-0.55634,-0.70767,-0.53367,-0.47698,-0.038763,-0.22789,-0.25778,-0.16188,0.082621,0.036714,-0.33489,-0.26592,-0.145,-0.51135,-0.11713,-0.23679,-0.18903,-0.2431,-0.12594,-0.22134,-0.099691,-0.11031,0.40841,0.44371,0.25148,0.34739,0.14233,0.44291,0.14393,0.26566,0.51765,0.40671,-0.23285,-0.40065,-0.45823,-0.25994,0.053451,-0.2342,0.019478,-0.32196,0.39384,0.24192,0.21076,0.17887,-0.16877,-0.072396,-0.032137,0.082056,-0.061161,-0.040293
-0.17469,-0.18053,0.17438,0.084311,0.086107,0.0429,-0.030068,-0.027135,0.15468,-0.048043,0.1209,0.13232,0.15339,0.52935,-0.34282,-0.042202,0.023077,0.14925,0,0.39168,-0.26481,-0.15669,0.28067,0.039262,0.25928,0.26823,-0.08908,-0.16562,-0.24786,-0.16505,-0.16874,-0.16696,-0.12728,0.052174,-0.38768,-0.1134,0.18968,0.031372,0.23016,0.39342,-0.28001,-0.11144,-0.66725,-0.58089,-0.32862,-0.37553,-0.62721,-0.5586,-0.21083,0.086273,0.1512,0.0010311,-0.090171,-0.17156,0.09085,-0.4114,-0.79956,-0.68953,-0.99361,0.16966,0.17074,-0.1799,0.023043,-0.17758,-0.098447,-0.62467,-0.63156,0.050138,-0.23526,-0.28611,-0.33268,-0.475,-0.4131,-0.37203,-0.50445,0.11763,0.051708,-0.045215,0.088096,-0.14795,-0.0048961,0.052546,0.07674,0.079175,0.24588,0.13448,0.39971,-0.49647,-0.70815,-0.50272,-0.57764,0.16424,0.1581,0.027587,0.18725,0.22042,0.25026,-0.019824,0.13251,-0.025837,0.089919,-0.13927,0.19862,-0.098886,0.052673
-0.23766,-0.45141,0.25295,0.16158,0.051296,-0.26088,-0.088528,-0.27153,0.029928,-0.26929,0.17068,-0.27937,0.2545,0.27548,-0.55331,-0.17594,0.21507,0.72879,0.39168,0,-0.3183,-0.1826,0.020037,-0.30284,0.10141,0.34676,-0.34397,-0.50548,-0.4851,-0.36028,-0.12227,-0.23767,0.034665,0.061068,-0.36122,-0.14099,0.15677,-0.025811,0.026503,0.023702,-0.51327,-0.47129,-0.59428,-0.72634,-0.39182,-0.41049,-0.46831,-0.30074,-0.37173,0.46244,0.20664,0.061992,-0.18087,-0.33174,-0.10098,-0.44624,-0.7487,-0.59003,-0.63834,0.075104,-0.16561,-0.29344,-0.12138,-0.0088009,-0.041949,-0.43388,-0.41934,-0.18823,-0.55727,-0.22894,-0.32585,-0.27166,-0.3124,-0.26272,-0.31598,0.057895,0.044011,0.18225,0.32108,0.096012,0.20013,0.13838,0.36722,0.16212,0.42609,0.38285,0.47301,-0.37712,-0.55353,-0.52326,-0.40478,0.20608,-0.052892,0.025485,-0.13084,0.36045,0.21408,0.22747,0.17649,-0.10649,-0.066137,-0.056797,0.094595,0.0098121,-0.01077
-0.29877,0.028265,-0.33126,-0.43477,-0.40994,-0.15585,-0.69023,-0.33332,-0.17879,-0.25383,-0.45823,-0.42458,-0.078949,-0.26797,0.26159,0.31739,-0.19242,-0.21285,-0.26481,-0.3183,0,0.29901,-0.19804,-0.13204,-0.051369,-0.17236,0.25986,0.009832,-0.3124,-0.080153,-0.089706,-0.034818,-0.17028,-0.24432,-0.25377,-0.19906,-0.37584,-0.27833,-0.53489,-0.48249,-0.23333,-0.13027,-0.34046,-0.031751,-0.17207,0.074385,-0.055267,-0.038683,0.24859,-0.25904,-0.37161,-0.20412,-0.46434,-0.24911,-0.30701,-0.14242,-0.22079,-0.31048,-0.20411,-0.33488,-0.0064194,-0.11603,-0.20861,-0.22062,-0.07525,-0.14583,-0.15163,0.0085016,0.25069,0.037346,0.060642,-0.13968,-0.031771,-0.056424,-0.19306,-0.57424,-0.66173,-0.1287,-0.2573,-0.28927,-0.29344,-0.36305,-0.30737,-0.12504,-0.25383,-0.29304,-0.24585,-0.13181,-0.048714,-0.17643,-0.18356,-0.19553,-0.22134,-0.28969,-0.3118,-0.29593,-0.25793,-0.34177,-0.25772,-0.055786,-0.05065,-0.17674,-0.1078,-0.37646,-0.35366
-0.11159,-0.13632,-0.35145,-0.41801,-0.32279,-0.091548,-0.37708,-0.26808,-0.038124,-0.24029,-0.46097,-0.31923,-0.047377,-0.1006,0.04,0.15648,-0.3219,-0.059983,-0.15669,-0.1826,0.29901,0,-0.085282,0.0096325,-0.26578,-0.28718,0.46988,0.23907,-0.23298,0.011276,-0.11336,0.065811,-0.13369,-0.1156,-0.36152,-0.2387,-0.31546,-0.24165,-0.40342,-0.35933,-0.18887,-0.11853,-0.43779,-0.2133,-0.27248,-0.13042,-0.24944,-0.22463,0.4697,-0.19673,-0.32183,0.14018,-0.30405,-0.13119,-0.11687,-0.19871,-0.34113,-0.3589,-0.34368,-0.24063,0.23759,0.10512,0.18806,0.0095127,0.102,-0.35653,-0.33126,0.30856,0.21331,0.11642,0.14527,-0.28299,-0.1299,-0.19434,-0.29867,-0.60812,-0.6797,-0.25836,-0.2773,-0.41559,-0.3565,-0.34304,-0.17824,-0.24357,-0.19801,-0.32726,-0.22873,-0.18966,-0.17123,-0.31678,-0.27316,-0.15086,-0.05212,-0.26814,-0.23122,-0.15958,-0.083592,-0.26854,-0.066695,0.015493,0.3192,0.017815,0.14189,-0.12913,0.020961
-0.0076501,0.020782,-0.1213,-0.12439,0.37205,0.21874,-0.030993,0.020708,0.22998,0.016345,-0.19228,0.19023,-0.05375,0.16588,-0.27763,-0.086286,-0.10195,-0.20425,0.28067,0.020037,-0.19804,-0.085282,0,0.321,0.32421,-0.018633,0.0081291,-0.017189,0.029862,-0.27679,-0.26477,-0.018081,-0.35199,-0.11571,-0.48843,-0.17758,-0.13268,-0.17407,0.11441,0.15925,0.042501,0.092985,-0.49293,-0.32394,-0.37946,-0.32945,-0.5246,-0.57476,-0.022425,-0.11762,-0.095999,-0.027028,0.067421,0.026902,0.12313,-0.033807,-0.48701,-0.56316,-0.70699,0.2197,0.22229,-0.29768,-0.070081,-0.32486,-0.30396,-0.55814,-0.69189,-0.0043772,-0.066276,-0.22104,-0.2654,-0.40069,-0.26525,-0.4817,-0.50085,0.055486,-0.096025,-0.44272,-0.30068,-0.56428,-0.45736,-0.17804,-0.30976,-0.15363,0.097336,-0.36645,-0.06621,-0.62374,-0.59386,-0.57152,-0.62821,0.22756,0.48618,-0.032756,0.35111,0.005222,-0.00029935,-0.060915,-0.0042974,-0.043479,-0.009699,-0.15415,-0.056231,0.039568,0.025338
-0.082934,0.27413,-0.50794,-0.47151,-0.082495,0.32152,-0.068611,0.34946,-0.033893,-0.0061134,-0.42436,0.38853,-0.36242,-0.093471,0.059704,-0.022418,-0.31824,-0.49773,0.039262,-0.30284,-0.13204,0.0096325,0.321,0,-0.041111,-0.39117,0.095673,0.42947,0.23954,0.084756,-0.24632,-0.058859,-0.57926,-0.38944,-0.47924,-0.46242,-0.36028,-0.29235,-0.1035,0.11162,0.14737,0.47301,-0.3214,-0.11499,-0.13522,-0.19807,-0.31266,-0.54141,0.14516,-0.50688,-0.29243,-0.19001,-0.15655,-0.049739,-0.053963,0.015766,-0.25884,-0.19915,-0.45461,-0.16655,0.2903,0.020077,0.13681,-0.35325,-0.33044,-0.39025,-0.51749,0.059817,0.18656,-0.16916,-0.095513,-0.35126,-0.21149,-0.35072,-0.37026,-0.28837,-0.31877,-0.68778,-0.55633,-0.77241,-0.6161,-0.46192,-0.45986,-0.35953,-0.28495,-0.5857,-0.31936,-0.35447,-0.33423,-0.14512,-0.4086,-0.12524,0.28463,-0.38125,0.15116,-0.44696,-0.32988,-0.52421,-0.35811,-0.047364,0.042947,-0.15312,-0.054701,-0.11363,-0.10448
-0.10916,-0.052546,-0.075443,-0.1558,0.22553,-0.025412,-0.10861,-0.032144,0.1027,0.050411,0.072669,-0.049,0.078709,0.087278,-0.32033,-0.048016,0.17515,-0.097056,0.25928,0.10141,-0.051369,-0.26578,0.32421,-0.041111,0,0.32734,-0.12315,-0.23047,-0.074658,-0.22415,-0.065731,0.040832,-0.26302,-0.16468,-0.30512,-0.10155,0.065046,-0.024261,0.18789,0.14717,-0.12927,-0.089859,-0.34161,-0.22352,-0.24053,-0.11558,-0.43391,-0.45468,-0.23248,-0.031658,-0.12138,-0.32944,-0.13996,-0.21404,-0.10026,-0.15975,-0.46564,-0.63485,-0.66481,-0.025059,-0.066143,-0.3893,-0.23927,-0.50968,-0.31107,-0.43822,-0.5583,-0.086719,-0.17254,-0.19577,-0.21661,-0.2765,-0.15388,-0.28018,-0.36353,0.085209,-0.11202,-0.17588,-0.11649,-0.24416,-0.20893,-0.20363,-0.24897,-0.017522,0.067846,-0.089207,0.030274,-0.58131,-0.59332,-0.4858,-0.60126,0.38729,0.28642,-0.019977,0.0095792,-0.0057808,-0.094848,-0.035503,-0.14145,-0.1253,-0.19046,-0.2732,-0.093717,-0.19386,-0.31101
-0.25742,-0.36731,0.33002,0.17179,0.03531,-0.23352,-0.14825,-0.33448,0.25966,0.0050823,0.44475,-0.26013,0.16594,0.2049,-0.40373,-0.098453,0.085375,0.25956,0.26823,0.34676,-0.17236,-0.28718,-0.018633,-0.39117,0.32734,0,-0.1747,-0.42839,-0.44108,-0.38487,-0.1951,-0.15487,-0.10746,0.044936,-0.23338,-0.00083153,0.2291,0.06017,0.17194,0.056577,-0.42556,-0.35846,-0.42075,-0.48325,-0.27684,-0.22832,-0.26723,-0.23536,-0.38122,0.14329,0.10626,-0.11373,-0.124,-0.27371,-0.056844,-0.36291,-0.56496,-0.62312,-0.5558,0.068112,-0.18276,-0.38276,-0.23626,-0.29768,-0.15467,-0.3367,-0.39416,-0.075729,-0.41148,-0.27524,-0.34706,-0.29374,-0.23456,-0.11798,-0.16712,0.26744,0.17,0.15251,0.2736,0.076049,0.15105,0.011355,0.0031399,0.2567,0.29404,0.25096,0.31456,-0.27194,-0.43897,-0.45762,-0.26976,0.17166,-0.1121,0.064753,-0.099172,0.25313,0.14996,0.13334,0.10666,-0.21497,-0.21243,-0.36811,-0.017974,-0.18855,-0.18224
-0.072543,-0.084084,-0.302,-0.31582,-0.20207,0.035789,-0.22249,-0.1657,0.13361,-0.0011575,-0.29932,-0.091821,-0.19542,-0.070101,0.098254,0.098859,-0.47945,-0.29006,-0.08908,-0.34397,0.25986,0.46988,0.0081291,0.095673,-0.12315,-0.1747,0,0.43759,-0.12613,0.062884,-0.2722,0.077978,-0.26698,-0.075962,-0.26391,-0.058959,-0.19263,-0.10586,-0.1409,-0.18409,0.050557,0.093857,-0.35564,-0.10288,-0.34347,-0.15048,-0.21789,-0.26791,0.48824,-0.41581,-0.29976,0.09544,-0.096943,0.076647,-0.00091136,-0.10375,-0.2324,-0.39794,-0.32784,-0.10845,0.35313,0.18011,0.24582,-0.17396,0.044736,-0.37859,-0.4076,0.48092,0.37958,-0.019245,0.080506,-0.45816,-0.21776,-0.28332,-0.35675,-0.33182,-0.42193,-0.3499,-0.30141,-0.47855,-0.42042,-0.35326,-0.38884,-0.2242,-0.20706,-0.41656,-0.24951,-0.17249,-0.12777,-0.39408,-0.31705,-0.12599,0.025039,-0.11427,0.015447,-0.18713,-0.021061,-0.32478,-0.0087211,0.058753,0.30499,-0.14517,0.16472,-0.16326,0.048116
0.049353,0.15977,-0.55916,-0.53877,-0.24338,0.19129,-0.085116,0.15084,-0.022984,0.097243,-0.3796,0.15941,-0.37541,-0.1561,0.19499,0.012386,-0.54924,-0.51056,-0.16562,-0.50548,0.009832,0.23907,-0.017189,0.42947,-0.23047,-0.42839,0.43759,0,0.19649,0.233,-0.18373,0.05695,-0.50466,-0.27979,-0.31978,-0.27483,-0.2903,-0.1498,-0.13335,-0.00049227,0.10075,0.48232,-0.14464,0.078902,-0.074984,-0.058227,-0.15878,-0.3794,0.24552,-0.63095,-0.39788,-0.097642,-0.12559,0.066629,0.0061201,-0.078317,-0.1498,-0.15584,-0.30018,-0.27838,0.35132,0.2761,0.30256,-0.31393,-0.18133,-0.31452,-0.39099,0.32544,0.4029,-0.002774,0.13336,-0.32507,-0.11365,-0.21316,-0.25824,-0.40875,-0.47567,-0.63786,-0.55864,-0.68267,-0.59809,-0.51991,-0.51419,-0.48585,-0.47956,-0.61303,-0.4721,-0.17557,-0.16887,-0.1123,-0.25821,-0.28905,0.06629,-0.39136,-0.058866,-0.49377,-0.31734,-0.65766,-0.35459,-0.1219,0.11612,-0.1848,-0.021394,-0.22003,-0.10044
0.12339,0.14503,-0.66639,-0.52327,-0.0050956,0.051249,0.049559,0.27885,-0.14327,0.19461,-0.27097,0.30844,-0.37809,-0.25106,-0.15882,-0.25919,-0.33058,-0.6856,-0.24786,-0.4851,-0.3124,-0.23298,0.029862,0.23954,-0.074658,-0.44108,-0.12613,0.19649,0,0.15806,-0.029356,0.19942,-0.51993,-0.39725,-0.15921,-0.27157,-0.24757,-0.1229,0.026117,0.10655,0.17928,0.18693,0.18509,0.18673,0.047956,0.0073108,-0.33468,-0.59587,-0.11767,-0.53035,-0.53926,-0.38916,-0.054755,-0.028432,-0.14604,-0.10403,-0.11063,-0.16606,-0.29583,-0.30022,0.0039248,-0.0067387,0.039015,-0.3886,-0.28704,-0.21279,-0.28589,-0.014841,0.12765,-0.017469,0.077006,-0.12051,-0.014562,-0.24628,-0.21757,-0.19987,-0.32913,-0.9247,-0.78875,-0.65574,-0.67619,-0.48542,-0.49515,-0.7524,-0.59717,-0.62892,-0.64027,-0.54002,-0.36609,-0.13554,-0.40506,-0.18268,0.17239,-0.40374,-0.12765,-0.53546,-0.56599,-0.43194,-0.53014,-0.14378,-0.096305,-0.19516,-0.27238,-0.31928,-0.29789
-0.21796,-0.080259,-0.57442,-0.49932,-0.4601,-0.10356,-0.11657,0.22185,-0.2604,-0.1334,-0.30907,-0.0075769,-0.31906,-0.22513,-0.05097,-0.20354,-0.4173,-0.39248,-0.16505,-0.36028,-0.080153,0.011276,-0.27679,0.084756,-0.22415,-0.38487,0.062884,0.233,0.15806,0,-0.11113,0.046819,-0.25705,-0.28078,-0.12347,-0.28171,-0.20802,-0.10549,-0.17246,-0.065052,-0.050191,-0.02003,-0.10058,0.016118,-0.11304,-0.18984,-0.2983,-0.48374,0.14128,-0.41291,-0.3224,-0.25389,-0.38358,-0.24982,-0.40595,-0.24641,-0.12852,-0.16659,-0.27721,-0.49525,-0.04159,0.40981,0.31633,-0.185,0.026962,-0.27943,-0.28846,0.085954,0.17027,-0.066948,0.088408,-0.391,-0.3142,-0.33189,-0.36493,-0.48062,-0.45863,-0.38665,-0.37837,-0.32238,-0.3272,-0.39231,-0.1862,-0.40863,-0.4805,-0.28276,-0.34419,-0.24704,-0.24472,-0.057176,-0.40216,-0.31162,-0.097243,-0.45676,-0.21997,-0.4784,-0.36241,-0.49685,-0.35534,0.0063596,0.13793,-0.14878,-0.040652,-0.43333,-0.21286
-0.099458,-0.15494,-0.35041,-0.45131,-0.18884,-0.20473,-0.30372,-0.12571,-0.3356,-0.085847,-0.2017,-0.27102,0.21692,-0.10893,-0.18847,-0.0092267,0.22016,-0.042688,-0.16874,-0.12227,-0.089706,-0.11336,-0.26477,-0.24632,-0.065731,-0.1951,-0.2722,-0.18373,-0.029356,-0.11113,0,0.17557,-0.014655,-0.27054,-0.16651,-0.20882,-0.00013305,0.0098719,-0.20867,-0.12631,-0.4633,-0.23427,-0.056032,-0.091236,0.088721,0.30682,-0.28744,-0.21289,-0.38932,-0.040945,-0.37919,-0.39109,-0.42988,-0.31349,-0.13141,-0.6071,-0.506,-0.36491,-0.38447,-0.49628,-0.18097,-0.15686,-0.20871,-0.26376,-0.13629,-0.08022,-0.04924,0.02903,-0.044716,0.42513,0.29364,0.20323,0.30123,0.089905,-0.045927,-0.45354,-0.60327,-0.11363,-0.2187,-0.15978,-0.1857,-0.26984,-0.15424,-0.48362,-0.41809,-0.096178,-0.29342,-0.43733,-0.45099,-0.18617,-0.30099,-0.11898,-0.093138,-0.34343,-0.54562,-0.2046,-0.33647,-0.19482,-0.4257,-0.35234,-0.16687,-0.15139,-0.17565,-0.54845,-0.55535
0.075796,0.0071711,-0.48422,-0.53762,0.0027939,0.051282,-0.12345,0.027008,0.092626,0.24065,-0.19898,-0.13186,-0.064261,-0.13898,-0.19741,-0.041111,-0.028292,-0.27397,-0.16696,-0.23767,-0.034818,0.065811,-0.018081,-0.058859,0.040832,-0.15487,0.077978,0.05695,0.19942,0.046819,0.17557,0,-0.38564,-0.24465,-0.34998,-0.17183,-0.15347,-0.097941,-0.032064,-0.11323,-0.11927,-0.10356,0.0087278,0.0952,-0.030035,0.10159,-0.32475,-0.43375,0.027427,-0.3242,-0.51536,-0.23974,-0.16849,-0.058846,-0.17375,-0.20604,-0.23274,-0.37251,-0.39035,-0.33573,0.063968,-0.093218,0.055127,-0.35427,-0.058713,-0.24159,-0.29028,0.2998,0.074558,0.16431,0.27794,-0.1386,0.1555,-0.16707,-0.15468,-0.34888,-0.45621,-0.51555,-0.45425,-0.62079,-0.62368,-0.45275,-0.4103,-0.49243,-0.28617,-0.4631,-0.46523,-0.43824,-0.38795,-0.33426,-0.35922,-0.014449,0.17678,-0.32754,-0.21223,-0.26434,-0.30713,-0.23197,-0.2706,-0.22458,0.0060669,-0.24274,-0.024387,-0.3252,-0.29704
-0.37943,-0.76577,0.092433,0.088535,-0.30658,-0.59376,-0.40182,-0.61018,-0.43965,-0.60364,-0.19549,-0.49999,0.31754,-0.021726,-0.44363,-0.28111,-0.12607,0.22414,-0.12728,0.034665,-0.17028,-0.13369,-0.35199,-0.57926,-0.26302,-0.10746,-0.26698,-0.50466,-0.51993,-0.25705,-0.014655,-0.38564,0,0.13605,0.17565,0.10574,0.045914,-0.03847,-0.31542,-0.34956,-0.47387,-0.66988,-0.42909,-0.5256,-0.50555,-0.32413,-0.41271,-0.099105,-0.31959,0.44813,0.025551,-0.014482,-0.33044,-0.36806,-0.18525,-0.65769,-0.5379,-0.52138,-0.28214,-0.14202,-0.36373,-0.17505,-0.29893,0.16465,0.080745,-0.23464,-0.086898,-0.23737,-0.22576,-0.036042,-0.19573,-0.19783,-0.37449,-0.27827,-0.39212,-0.23477,-0.318,0.36853,0.16449,0.36514,0.26864,0.19344,0.30918,-0.105,-0.11489,0.29414,0.1153,-0.34531,-0.33714,-0.47412,-0.40428,-0.14846,-0.39908,0.11184,-0.3458,0.24186,0.16181,0.18544,0.12848,-0.058719,-0.058307,-0.013484,-0.20415,-0.308,-0.10035
-0.0061467,-0.39188,0.30644,0.25651,-0.012759,-0.17523,-0.080113,-0.4304,0.017988,-0.17727,0.030993,-0.24346,0.16484,0.4557,-0.37444,-0.17754,-0.18354,0.11318,0.052174,0.061068,-0.24432,-0.1156,-0.11571,-0.38944,-0.16468,0.044936,-0.075962,-0.27979,-0.39725,-0.28078,-0.27054,-0.24465,0.13605,0,-0.13012,0.53541,0.20711,0.28206,-0.0028206,-0.075869,-0.28621,-0.28063,-0.35371,-0.2785,-0.49782,-0.38635,-0.38431,-0.23026,-0.2297,0.15249,0.37074,0.23156,0.19753,0.10205,0.17892,-0.41803,-0.45227,-0.47594,-0.3568,0.15746,-0.13468,-0.10517,-0.12753,-0.039375,-0.029948,-0.39221,-0.29114,-0.1076,-0.27813,-0.27989,-0.34616,-0.39358,-0.42473,-0.34982,-0.45716,0.11984,-0.046313,0.09848,0.24824,-0.024447,0.079455,0.14894,0.076182,-0.069144,0.17369,0.096524,0.25559,-0.26304,-0.32125,-0.58097,-0.35421,-0.19998,-0.23169,0.15823,-0.0020356,0.3649,0.36616,0.08447,0.31077,-0.069596,-0.0247,-0.06132,-0.040718,-0.13675,0.04626
-0.27526,-0.53422,-0.22776,-0.12708,-0.29227,-0.63856,-0.28485,-0.4968,-0.39719,-0.24593,-0.086659,-0.2376,-0.13578,-0.30468,-0.35709,-0.38902,-0.4063,-0.26584,-0.38768,-0.36122,-0.25377,-0.36152,-0.48843,-0.47924,-0.30512,-0.23338,-0.26391,-0.31978,-0.15921,-0.12347,-0.16651,-0.34998,0.17565,-0.13012,0,0.077133,-0.15289,-0.14475,-0.20156,-0.26507,-0.16856,-0.45342,0.086346,-0.15344,-0.21034,-0.096538,-0.21449,-0.16497,-0.38279,-0.13704,-0.32137,-0.31484,-0.22472,-0.36338,-0.35127,-0.49246,-0.16059,-0.26946,-0.052413,-0.3097,-0.40903,-0.091794,-0.30605,-0.06939,-0.12874,-0.037339,0.0064726,-0.29635,-0.1015,-0.13778,-0.14457,-0.062225,-0.2188,-0.11472,-0.12683,-0.11942,-0.24053,-0.11648,-0.23378,0.13374,0.022997,-0.1584,-0.052599,-0.3583,-0.54117,-0.038537,-0.25519,-0.29345,-0.12717,-0.23876,-0.21342,-0.26022,-0.43589,0.0084284,-0.41944,-0.25058,-0.27361,-0.20392,-0.25301,-0.073501,-0.19758,-0.23136,-0.4234,-0.38937,-0.28589
0.02452,-0.36563,0.16233,0.21547,0.090158,-0.17835,-0.082887,-0.40338,-0.044284,-0.038656,0.025964,-0.20769,0.071558,0.1481,-0.31667,-0.21448,-0.23367,-0.090923,-0.1134,-0.14099,-0.19906,-0.2387,-0.17758,-0.46242,-0.10155,-0.00083153,-0.058959,-0.27483,-0.27157,-0.28171,-0.20882,-0.17183,0.10574,0.53541,0.077133,0,0.17121,0.28428,0.055992,-0.095121,-0.17007,-0.23606,-0.12373,-0.071439,-0.49963,-0.24294,-0.28886,-0.113,-0.2873,0.012307,0.070866,0.081177,0.27131,0.23908,0.13452,-0.40655,-0.28785,-0.48861,-0.23443,0.14812,-0.16432,-0.10663,-0.22193,-0.12593,-0.068106,-0.22104,-0.14342,-0.12334,-0.15506,-0.13717,-0.17998,-0.26586,-0.26868,-0.32449,-0.37818,0.13197,-0.07982,-0.023256,0.031086,-0.049007,-0.049506,0.15476,-0.059198,-0.23709,-0.056285,-0.033507,-0.013112,-0.31452,-0.24366,-0.65456,-0.36467,-0.20658,-0.25451,0.30347,-0.042854,0.15894,0.18078,-0.015573,0.1567,-0.12485,-0.13541,-0.16575,-0.17316,-0.18766,-0.07398
0.011821,-0.47761,0.17794,0.11979,0.038077,-0.25868,0.20297,-0.16946,-0.087584,-0.072536,0.41051,-0.13717,0.076301,0.25443,-0.48993,-0.28617,0.0057875,0.14738,0.18968,0.15677,-0.37584,-0.31546,-0.13268,-0.36028,0.065046,0.2291,-0.19263,-0.2903,-0.24757,-0.20802,-0.00013305,-0.15347,0.045914,0.20711,-0.15289,0.17121,0,0.72214,0.41642,0.20753,-0.24755,-0.21676,-0.29955,-0.37644,-0.34801,-0.26019,-0.48296,-0.31931,-0.48152,0.080486,0.15532,-0.071119,0.054941,-0.064706,0.17716,-0.44012,-0.51106,-0.52194,-0.46736,0.010484,-0.20138,-0.10139,-0.023156,-0.1919,-0.019052,-0.47648,-0.40772,-0.020516,-0.39655,-0.17468,-0.21239,-0.35192,-0.31854,-0.25949,-0.39312,0.19393,0.023396,0.15387,0.32709,0.16002,0.2167,0.043373,-0.012972,-0.03529,0.063376,0.30052,0.21433,-0.34962,-0.47677,-0.52532,-0.48215,0.089247,-0.0062398,0.14083,-0.11157,0.33475,0.25806,0.1932,0.13601,-0.12463,-0.0493,-0.048016,0.12259,-0.18329,-0.069336
0.11089,-0.31359,0.058274,0.035696,-0.0080758,-0.17238,0.17426,-0.13376,-0.075543,0.0055879,0.21648,-0.11805,-0.0034725,0.24069,-0.27202,-0.17159,-0.099158,-0.010417,0.031372,-0.025811,-0.27833,-0.24165,-0.17407,-0.29235,-0.024261,0.06017,-0.10586,-0.1498,-0.1229,-0.10549,0.0098719,-0.097941,-0.03847,0.28206,-0.14475,0.28428,0.72214,0,0.27897,0.15758,-0.15899,-0.06446,-0.1565,-0.14398,-0.27102,-0.13381,-0.32911,-0.23201,-0.36764,-0.068112,0.11316,-0.051315,0.12774,0.098713,0.24284,-0.40253,-0.41438,-0.38805,-0.34384,-0.034339,-0.16572,0.06307,0.034352,-0.19963,-0.036022,-0.31106,-0.2592,0.030793,-0.22223,-0.06903,-0.082029,-0.23969,-0.21087,-0.1721,-0.31766,0.10922,-0.094276,0.030328,0.18511,0.016444,0.095427,-0.035084,-0.086399,-0.17428,-0.054968,0.11302,0.072277,-0.27898,-0.32492,-0.41557,-0.3831,-0.11327,-0.062717,-0.0029669,-0.16636,0.12414,0.076454,0.0086679,0.0080027,-0.089925,-0.030274,-0.017555,0.080945,-0.27574,-0.15414
0.14429,-0.26048,0.004171,0.020269,0.33207,-0.035417,0.54971,0.056491,0.17633,0.25485,0.45557,0.19924,-0.16822,0.15179,-0.49819,-0.32778,-0.11955,-0.13991,0.23016,0.026503,-0.53489,-0.40342,0.11441,-0.1035,0.18789,0.17194,-0.1409,-0.13335,0.026117,-0.17246,-0.20867,-0.032064,-0.31542,-0.0028206,-0.20156,0.055992,0.41642,0.27897,0,0.53687,0.034366,-0.017456,-0.14479,-0.25304,-0.2687,-0.28425,-0.49911,-0.53345,-0.37368,-0.18747,-0.042767,-0.13369,0.27081,0.055007,0.15798,-0.21524,-0.32041,-0.44127,-0.50342,0.11777,-0.041843,-0.14506,0.059012,-0.34997,-0.19223,-0.51962,-0.58082,0.014881,-0.3419,-0.30734,-0.25925,-0.41449,-0.29793,-0.34354,-0.35701,0.43996,0.21185,-0.27192,-0.065398,-0.19522,-0.13093,-0.1154,-0.21451,-0.13946,0.0045435,-0.057655,-0.0029603,-0.43723,-0.50061,-0.51145,-0.49374,0.17962,0.25216,0.10445,0.10056,0.067254,0.05995,-0.0077565,0.017868,-0.1302,-0.07533,-0.19393,0.07237,-0.024381,0.0050091
0.011954,-0.035124,-0.042342,-0.055686,0.13579,0.1615,0.2408,0.24066,0.10417,0.2682,0.20299,0.4786,-0.1069,0.27682,-0.28355,-0.16849,-0.14608,-0.16498,0.39342,0.023702,-0.48249,-0.35933,0.15925,0.11162,0.14717,0.056577,-0.18409,-0.00049227,0.10655,-0.065052,-0.12631,-0.11323,-0.34956,-0.075869,-0.26507,-0.095121,0.20753,0.15758,0.53687,0,-0.13443,0.15025,-0.21609,-0.25613,-0.092353,-0.23971,-0.49189,-0.64506,-0.37448,-0.16278,-0.0051555,-0.17085,0.056431,-0.024354,0.18279,-0.36539,-0.49295,-0.43603,-0.73907,0.046858,0.099378,-0.10447,0.042322,-0.38662,-0.29616,-0.48874,-0.56256,0.030181,-0.20524,-0.2472,-0.26302,-0.3442,-0.2761,-0.26612,-0.33874,0.2266,0.10786,-0.32821,-0.17339,-0.26894,-0.16131,-0.091063,-0.14009,-0.22394,-0.12643,-0.082441,-0.0087344,-0.50549,-0.6909,-0.29339,-0.48827,-0.040958,0.15674,-0.13634,0.091003,-0.072017,-0.059119,-0.22845,-0.16428,-0.21938,-0.10034,-0.28209,-0.04614,-0.18362,-0.090743
0.10963,-0.07074,-0.44358,-0.33611,0.0042841,-0.090697,0.18234,0.011289,-0.13751,-0.10113,-0.272,0.079175,-0.63846,-0.35003,-0.15717,-0.2809,-0.4515,-0.67703,-0.28001,-0.51327,-0.23333,-0.18887,0.042501,0.14737,-0.12927,-0.42556,0.050557,0.10075,0.17928,-0.050191,-0.4633,-0.11927,-0.47387,-0.28621,-0.16856,-0.17007,-0.24755,-0.15899,0.034366,-0.13443,0,0.17257,-0.048615,0.028545,-0.30937,-0.22747,-0.27128,-0.3387,0.094622,-0.65575,-0.3842,-0.24794,0.12001,0.0707,-0.12476,0.33977,0.16943,-0.026722,-0.020822,-0.099079,-0.080299,-0.040253,0.027959,-0.27676,-0.26513,-0.32622,-0.37994,-0.13708,-0.021607,-0.32675,-0.17126,-0.35457,-0.30112,-0.41771,-0.38873,-0.078823,-0.20348,-0.60182,-0.46176,-0.50576,-0.47822,-0.47279,-0.57514,-0.26821,-0.26473,-0.54433,-0.37083,-0.22743,-0.001397,-0.28092,-0.34665,-0.042342,0.20975,-0.092593,0.025997,-0.35923,-0.29859,-0.267,-0.21144,0.151,-0.022372,0.017429,-0.067028,0.047337,-0.021686
0.06327,0.37364,-0.38357,-0.3956,-0.084297,0.4326,0.032037,0.32454,-0.041736,0.15492,-0.30938,0.27768,-0.43813,-0.10554,0.24679,0.032237,-0.34668,-0.59637,-0.11144,-0.47129,-0.13027,-0.11853,0.092985,0.47301,-0.089859,-0.35846,0.093857,0.48232,0.18693,-0.02003,-0.23427,-0.10356,-0.66988,-0.28063,-0.45342,-0.23606,-0.21676,-0.06446,-0.017456,0.15025,0.17257,0,-0.12974,0.13591,-0.051801,-0.064407,-0.087317,-0.28379,-0.019777,-0.63842,-0.21646,-0.23924,0.003712,0.20581,0.16697,0.059864,-0.10323,-0.050185,-0.26303,-0.14823,0.14427,0.0044903,0.0049892,-0.5528,-0.48239,-0.25379,-0.36316,0.04171,0.13283,-0.15337,-0.0892,-0.25951,-0.10787,-0.1959,-0.2426,-0.18322,-0.25544,-0.57763,-0.45048,-0.67348,-0.53781,-0.42797,-0.63874,-0.36129,-0.32983,-0.58005,-0.36054,-0.14791,-0.17409,-0.054981,-0.22881,-0.30077,0.10348,-0.36755,0.059438,-0.46258,-0.34089,-0.61702,-0.42048,-0.25163,-0.17972,-0.25618,-0.14024,-0.1745,-0.22787
0.05083,-0.081816,-0.53716,-0.45373,-0.16804,-0.25397,-0.053976,-0.12565,-0.27435,0.10941,-0.13997,-0.16272,-0.4391,-0.49559,-0.17363,-0.31753,-0.2638,-0.56534,-0.66725,-0.59428,-0.34046,-0.43779,-0.49293,-0.3214,-0.34161,-0.42075,-0.35564,-0.14464,0.18509,-0.10058,-0.056032,0.0087278,-0.42909,-0.35371,0.086346,-0.12373,-0.29955,-0.1565,-0.14479,-0.21609,-0.048615,-0.12974,0,0.44939,0.19057,0.20467,0.058181,-0.11739,-0.39294,-0.54579,-0.55714,-0.51852,-0.096205,-0.12124,-0.32643,-0.18366,0.20511,0.14855,0.17495,-0.50239,-0.39242,-0.12657,-0.2702,-0.38036,-0.36124,0.19226,0.12303,-0.27804,-0.15999,-0.079401,0.040406,0.19506,0.20617,0.075017,0.2042,-0.20607,-0.2668,-0.51311,-0.52355,-0.32414,-0.39375,-0.47073,-0.43673,-0.65527,-0.6817,-0.43864,-0.70103,-0.11985,0.023323,0.045481,0.057582,-0.40869,-0.29948,-0.3835,-0.50815,-0.65415,-0.75281,-0.48404,-0.66916,-0.39313,-0.44186,-0.3402,-0.47508,-0.37243,-0.55728
