,,,,,,,,,,,,,,,,,,,,,,,,,,,,,,,,,,,,,,,,,,,,,,,,,,,,,,,,,,,,,,,,,,,,,,,,,,,,,,,,,,,,,,,,,,,,,,,,,,,,,,,,
0,0.17104,-0.45822,-0.3425,-0.1718,-0.46157,0.3304,0.12219,0.39587,-0.2873,0.27686,0.049414,-0.79507,-0.85758,-0.71917,-0.66932,-0.49121,-0.28279,-0.50952,-0.25228,-0.81444,-0.70771,-0.37625,-0.32781,0.27954,0.15089,-0.69101,-0.62182,-0.73814,-0.47777,0.067862,-0.2265,-0.65007,-0.94844,0.1453,-0.36745,0.24398,0.15089,0.53153,0.69587,0.08049,-0.020502,0.27314,-0.061629,0.18966,0.44435,-0.46975,-0.67614,-0.57217,-0.73749,-0.73436,-0.3718,-0.19352,-0.43375,-0.54703,-0.32956,0.10205,-0.15792,-0.13212,0.083429,-0.32208,-0.93487,-0.92336,-0.793,-0.56656,-0.27604,-0.40257,-0.62597,-0.56096,-0.51963,-0.51375,-0.030029,0.067472,0.18229,0.047156,0.17921,0.067059,-0.71852,-0.77819,-0.06803,-0.19654,-0.58719,-0.35923,-0.43381,-0.64996,-0.039456,-0.37266,-0.41533,-0.47646,-0.092298,-0.11833,0.076218,-0.32181,-0.060599,-0.20473,-0.25306,-0.36711,-0.45068,-0.45579,-0.69927,-0.55028,-0.23649,-0.46075,-0.62921,-0.278
0.17104,0,-0.39325,-0.38084,-0.22231,-0.1301,-0.12088,0.20027,-0.083801,0.014136,-0.11072,0.049652,-0.66858,-0.70547,-0.52661,-0.50284,-0.32579,-0.20754,-0.22269,-0.2075,-0.5003,-0.46737,-0.15042,-0.030401,-0.1155,0.30008,-0.47174,-0.5437,-0.66205,-0.46782,-0.22385,-0.14066,-0.58152,-0.73061,-0.11453,-0.23615,-0.10516,-0.16045,-0.046283,0.18698,-0.19654,0.2082,-0.13754,0.13463,-0.14478,0.12607,-0.36402,-0.48743,-0.33796,-0.66434,-0.55703,-0.41639,-0.17693,-0.17078,-0.46764,-0.26269,-0.041912,-0.36952,-0.3626,-0.070539,-0.28145,-1,-0.69312,-0.84223,-0.61873,-0.33683,-0.3159,-0.84858,-0.57492,-0.57772,-0.56248,-0.37702,-0.20062,-0.12619,-0.074927,-0.10971,0.17404,-0.61819,-0.59994,-0.37122,-0.32769,-0.48541,-0.42329,-0.36028,-0.39316,-0.25495,-0.43017,-0.45498,-0.37671,-0.074298,-0.20288,-0.060989,-0.15414,-0.15113,-0.10468,-0.22826,-0.26646,-0.34514,-0.19557,-0.64243,-0.44839,-0.28639,-0.43335,-0.38843,-0.14277
-0.45822,-0.39325,0,0.01708,-0.62543,-0.42432,-0.50944,-0.42946,-0.37908,-0.4222,-0.33766,-0.40609,-0.13886,-0.15201,-0.25352,-0.3585,-0.47152,-0.25622,-0.18765,-0.26612,-0.36019,-0.32798,-0.43262,-0.32689,-0.46954,-0.59768,-0.3285,-0.20376,-0.2722,-0.31388,-0.36876,-0.47969,0.036186,-0.21656,-0.35822,-0.32435,-0.2168,-0.21552,-0.41254,-0.41251,-0.76128,-0.54953,-0.51454,-0.60917,-0.39116,-0.40174,-0.15737,-0.15394,-0.23381,-0.025839,-0.19382,-0.14129,-0.33832,-0.17608,-0.10768,-0.47987,-0.57564,-0.22339,-0.23303,-0.28029,-0.38461,-0.25401,-0.24307,-0.35692,-0.3517,-0.096895,-0.05727,-0.34282,-0.39842,-0.2805,-0.1851,-0.2887,-0.3808,-0.29531,-0.24782,-0.17879,-0.23674,0.03078,-0.10679,-0.23564,-0.10351,-0.049041,-0.32228,-0.25108,-0.33219,-0.23715,-0.1403,-0.18429,-0.2354,-0.29234,-0.20037,-0.23305,-0.26255,-0.47813,-0.44496,-0.077045,-0.1119,-0.21609,-0.26161,-0.30974,-0.31207,-0.29502,-0.31086,0.012832,-0.24663
-0.3425,-0.38084,0.01708,0,-0.68817,-0.66134,-0.31439,-0.46887,-0.22637,-0.50908,-0.18279,-0.39787,-0.12461,-0.13934,-0.23317,-0.37835,-0.32408,0.00037245,-0.38832,-0.37929,-0.4123,-0.35024,-0.33264,-0.40231,-0.21713,-0.42089,-0.59509,-0.54961,-0.38531,-0.47308,-0.13841,-0.40944,0.20387,-0.18593,-0.19962,-0.31778,-0.092862,-0.082149,-0.22484,-0.27684,-0.40421,-0.46489,-0.32805,-0.52564,-0.18127,-0.23896,-0.24827,-0.24473,-0.1894,-0.13711,-0.29431,0.17155,-0.52046,-0.48465,-0.43024,-0.53487,-0.53326,-0.061483,-0.0059767,-0.077313,-0.30838,-0.33687,-0.36267,-0.45911,-0.34294,-0.13486,-0.097541,-0.28136,-0.36692,-0.35255,-0.12461,-0.10505,-0.11903,-0.083365,0.013839,-0.13384,-0.29401,-0.12389,-0.10878,-0.10581,-0.098973,-0.17544,0.035214,-0.44428,-0.33918,-0.23727,-0.17678,-0.12459,-0.35655,-0.095464,0.030087,-0.22728,-0.4296,-0.37127,-0.44541,-0.18591,-0.22487,-0.39555,-0.47272,-0.25277,-0.24149,-0.14154,-0.16417,-0.22117,-0.37656
-0.1718,-0.22231,-0.62543,-0.68817,0,-0.10203,-0.32321,-0.34743,-0.22363,-0.18384,-0.3135,-0.37554,-0.68883,-0.72182,-0.37681,-0.34294,-0.2908,-0.42457,-0.27973,-0.27373,-0.3886,-0.49218,-0.19907,-0.36189,-0.23975,-0.21922,-0.29136,-0.36694,-0.67957,-0.53593,-0.45127,-0.52094,-0.86766,-0.74627,-0.27909,-0.58215,-0.36057,-0.37434,-0.26935,-0.24904,-0.27383,-0.2625,-0.2493,-0.34932,-0.34116,-0.25323,-0.42652,-0.46778,-0.50561,-0.56842,-0.60257,-0.65003,-0.049105,-0.1242,-0.1798,-0.22005,-0.16472,-0.45016,-0.55457,-0.31331,-0.28296,-0.60573,-0.49771,-0.37288,-0.49566,-0.40235,-0.44542,-0.40023,-0.36125,-0.50099,-0.67639,-0.4499,-0.48342,-0.36686,-0.48226,-0.46971,-0.37372,-0.68133,-0.73121,-0.44955,-0.57199,-0.35399,-0.41145,-0.34907,-0.46015,-0.42272,-0.41594,-0.55235,-0.40712,-0.38112,-0.54586,-0.28853,-0.31159,-0.1462,-0.1979,-0.33752,-0.45834,-0.23263,-0.30722,-0.47703,-0.46418,-0.36016,-0.50271,-0.3627,-0.081235
-0.46157,-0.1301,-0.42432,-0.66134,-0.10203,0,-0.64652,-0.25191,-0.62597,-0.012076,-0.60653,-0.34322,-0.5002,-0.4962,-0.26813,-0.23636,-0.19355,-0.42702,0.078733,-0.22925,-0.1489,-0.27138,-0.073827,0.0019146,-0.64134,-0.2356,0.016266,-0.084837,-0.33029,-0.39081,-0.676,-0.34387,-0.57783,-0.47249,-0.49706,-0.26228,-0.61474,-0.68598,-0.62249,-0.46803,-0.62975,-0.1702,-0.52955,-0.17265,-0.64007,-0.41877,-0.2586,-0.2211,-0.2259,-0.404,-0.29039,-0.60679,-0.14572,0.17098,-0.20335,-0.14122,-0.33094,-0.74073,-0.80462,-0.49129,-0.30365,-0.52121,-0.25553,-0.40717,-0.48878,-0.40273,-0.29681,-0.5192,-0.35402,-0.46216,-0.59064,-0.78165,-0.68171,-0.57214,-0.50011,-0.62222,-0.2925,-0.50246,-0.46269,-0.81361,-0.64261,-0.30149,-0.57056,-0.24778,-0.21849,-0.58633,-0.50029,-0.54283,-0.25971,-0.40094,-0.65087,-0.3724,-0.11471,-0.2826,-0.12815,-0.34576,-0.33877,-0.2172,-0.045171,-0.36255,-0.29901,-0.47671,-0.43899,-0.16066,-0.11122
0.3304,-0.12088,-0.50944,-0.31439,-0.32321,-0.64652,0,0.081171,0.36078,-0.51563,0.3602,-0.045678,-0.65453,-0.68187,-0.78283,-0.73136,-0.50834,-0.31315,-0.71558,-0.3769,-0.82635,-0.69211,-0.53692,-0.50148,0.38499,-0.015753,-0.6865,-0.6149,-0.5283,-0.33097,0.35304,-0.16034,-0.57111,-0.73583,0.073448,-0.35787,0.15937,0.075229,0.488,0.26662,0.29758,-0.19792,0.2707,-0.16994,0.29845,0.26947,-0.568,-0.66908,-0.60078,-0.63709,-0.64614,-0.34769,-0.30842,-0.64587,-0.68018,-0.37695,-0.0026828,-0.10923,0.0169,0.0097186,-0.3758,-0.64803,-0.82829,-0.5789,-0.52001,-0.24054,-0.37365,-0.42994,-0.45413,-0.41769,-0.40525,0.10709,0.12597,0.13653,0.052393,0.2101,-0.049065,-0.57348,-0.63753,-0.01665,-0.15192,-0.55516,-0.26418,-0.47186,-0.68285,0.045823,-0.35588,-0.34773,-0.43727,-0.17658,-0.078872,-0.018506,-0.46276,-0.18098,-0.38642,-0.41581,-0.48716,-0.56705,-0.65169,-0.52667,-0.51179,-0.16131,-0.40958,-0.75694,-0.46409
0.12219,0.20027,-0.42946,-0.46887,-0.34743,-0.25191,0.081171,0,-0.04715,-0.26997,-0.00052376,0.035616,-0.75876,-0.78341,-0.6448,-0.57229,-0.42878,-0.3066,-0.34404,-0.2906,-0.52314,-0.51868,-0.3488,-0.17616,-0.12465,0.17318,-0.37043,-0.39335,-0.41396,-0.2623,-0.037577,0.14354,-0.65694,-0.80993,-0.026904,-0.086484,-0.11406,-0.22069,-0.036151,0.1051,-0.13593,0.10228,-0.02972,0.23712,-0.096534,0.14597,-0.49044,-0.5152,-0.34373,-0.66468,-0.58152,-0.44073,-0.09682,-0.27571,-0.49729,-0.16446,0.059179,-0.40195,-0.31081,-0.11211,-0.34144,-0.78642,-0.6434,-0.65838,-0.50072,-0.33487,-0.36659,-0.62861,-0.42446,-0.51403,-0.48765,-0.27829,-0.13092,-0.14268,-0.091215,-0.0027003,0.081933,-0.56827,-0.64806,-0.28421,-0.28604,-0.48644,-0.44558,-0.29238,-0.41959,-0.064399,-0.40941,-0.50764,-0.3229,-0.18698,-0.28087,-0.077278,-0.2849,-0.10852,-0.15354,-0.37614,-0.3936,-0.46727,-0.34296,-0.50004,-0.35891,-0.25051,-0.42199,-0.48818,-0.28471
0.39587,-0.083801,-0.37908,-0.22637,-0.22363,-0.62597,0.36078,-0.04715,0,-0.42582,0.63919,-0.035982,-0.67231,-0.71982,-0.53708,-0.61977,-0.43884,-0.16365,-0.56569,-0.33147,-0.73862,-0.58986,-0.41724,-0.46623,0.48968,-0.059295,-0.63201,-0.62039,-0.65092,-0.42884,0.18854,-0.28145,-0.49763,-0.79596,0.11446,-0.4713,0.31458,0.20497,0.50528,0.3478,0.076562,-0.19785,0.13127,-0.28547,0.27134,0.27564,-0.52814,-0.6161,-0.5573,-0.53429,-0.67261,-0.34856,-0.27409,-0.53247,-0.52738,-0.44756,-0.070713,-0.010609,0.055064,0.23077,-0.26642,-0.6205,-0.70112,-0.5909,-0.47176,-0.19199,-0.30204,-0.36045,-0.35681,-0.40372,-0.36399,0.19617,0.19479,0.2679,0.10869,0.25335,-0.044549,-0.49497,-0.60988,0.16696,-0.020118,-0.50311,-0.20834,-0.4241,-0.65249,0.07978,-0.26526,-0.33557,-0.45282,-0.10671,-0.019158,-0.025053,-0.51621,-0.11829,-0.35306,-0.26559,-0.40549,-0.48421,-0.57967,-0.51672,-0.47362,-0.054354,-0.36783,-0.58475,-0.33271
-0.2873,0.014136,-0.4222,-0.50908,-0.18384,-0.012076,-0.51563,-0.26997,-0.42582,0,-0.45891,-0.11036,-0.53605,-0.51773,-0.23471,-0.13737,-0.26097,-0.1912,-0.02031,-0.11271,-0.21148,-0.14717,0.065156,0.22705,-0.48418,-0.017971,-0.25931,-0.36828,-0.49721,-0.52258,-0.53032,-0.28392,-0.51641,-0.47244,-0.31333,-0.25217,-0.41226,-0.39694,-0.44746,-0.28349,-0.44,0.085047,-0.41469,-0.10634,-0.51336,-0.36419,-0.38844,-0.46255,-0.2638,-0.55798,-0.43971,-0.39786,-0.33388,-0.10575,-0.3333,-0.35642,-0.28534,-0.61114,-0.68364,-0.29389,-0.068164,-0.60932,-0.39648,-0.5646,-0.49272,-0.52441,-0.47089,-0.6573,-0.41117,-0.54391,-0.51674,-0.68307,-0.48295,-0.45625,-0.45915,-0.53225,-0.27788,-0.57919,-0.46194,-0.68998,-0.46211,-0.41532,-0.37103,-0.44438,-0.22828,-0.5595,-0.48718,-0.61643,-0.4915,-0.24011,-0.5215,-0.4921,-0.24269,-0.33499,-0.16643,-0.31291,-0.31863,-0.26227,-0.063386,-0.44355,-0.26332,-0.29898,-0.28394,-0.27618,0.0063491
0.27686,-0.11072,-0.33766,-0.18279,-0.3135,-0.60653,0.3602,-0.00052376,0.63919,-0.45891,0,-0.029959,-0.70213,-0.74513,-0.52222,-0.58812,-0.46913,-0.098507,-0.57495,-0.36985,-0.72776,-0.52634,-0.43992,-0.41377,0.35426,-0.057858,-0.61054,-0.5487,-0.57622,-0.44624,0.25236,-0.24785,-0.45193,-0.80971,0.2299,-0.39555,0.45116,0.20863,0.39878,0.29304,-0.022557,-0.18217,0.23962,-0.26578,0.29223,0.23432,-0.52361,-0.57157,-0.50775,-0.50913,-0.66217,-0.32049,-0.26651,-0.52178,-0.5287,-0.42305,-0.092967,-0.049693,0.096162,0.37696,-0.21917,-0.59396,-0.70189,-0.62245,-0.49767,-0.17037,-0.28768,-0.32835,-0.33397,-0.42871,-0.37088,0.27652,0.25807,0.33663,0.17101,0.3712,-0.057474,-0.50553,-0.61078,0.15002,-0.0015131,-0.50975,-0.18694,-0.48303,-0.6313,0.087014,-0.34062,-0.35525,-0.45271,-0.061769,-0.046638,-0.075311,-0.60069,-0.08791,-0.34402,-0.29971,-0.45622,-0.57665,-0.65704,-0.47306,-0.39042,-0.04967,-0.32761,-0.60401,-0.35159
0.049414,0.049652,-0.40609,-0.39787,-0.37554,-0.34322,-0.045678,0.035616,-0.035982,-0.11036,-0.029959,0,-0.58425,-0.57273,-0.57634,-0.60421,-0.36057,-0.27941,-0.32807,-0.18646,-0.52399,-0.4618,-0.24348,-0.090494,-0.119,0.12148,-0.41173,-0.38005,-0.36051,-0.24004,-0.088119,-0.14949,-0.53283,-0.5873,-0.13394,-0.29851,-0.085885,-0.12635,-0.064178,0.052853,-0.12497,-0.033922,-0.12465,-0.10099,-0.064015,0.021422,-0.49282,-0.53789,-0.43253,-0.46811,-0.37212,-0.35925,-0.40864,-0.48313,-0.71325,-0.4451,-0.082748,-0.24223,-0.2031,-0.13893,-0.27098,-0.55908,-0.45797,-0.667,-0.47905,-0.2335,-0.3002,-0.54627,-0.39384,-0.24414,-0.25742,-0.18632,-0.037181,-0.00076236,-0.0010941,-0.10456,0.072174,-0.53663,-0.46976,-0.23627,-0.086397,-0.64372,-0.40553,-0.45599,-0.60324,-0.12373,-0.49602,-0.39232,-0.44549,-0.1604,-0.23189,-0.21273,-0.43861,-0.36323,-0.42072,-0.38394,-0.38303,-0.48664,-0.41267,-0.54144,-0.38829,-0.26092,-0.40006,-0.67215,-0.38183
-0.79507,-0.66858,-0.13886,-0.12461,-0.68883,-0.5002,-0.65453,-0.75876,-0.67231,-0.53605,-0.70213,-0.58425,0,1,-0.25394,-0.41673,-0.26352,-0.46165,-0.31627,-0.5207,-0.18142,-0.30429,-0.45325,-0.55154,-0.53437,-0.76698,-0.33835,-0.39974,-0.096342,-0.13796,-0.54708,-0.54568,0.14224,0.56633,-0.83831,-0.52527,-0.61522,-0.51941,-0.63963,-0.7102,-0.5317,-0.82825,-0.84542,-0.73115,-0.48731,-0.62568,-0.14416,0.020037,-0.15368,0.10655,0.074932,-0.17766,-0.61874,-0.45562,-0.37089,-0.51377,-0.76554,-0.19067,-0.26485,-0.69979,-0.62523,0.048977,-0.042552,-0.19803,-0.30254,-0.24977,-0.14391,-0.29227,-0.39265,-0.023773,-0.034062,-0.48394,-0.56896,-0.52561,-0.42005,-0.54278,-0.42903,0.26034,0.50691,-0.40387,-0.3564,-0.1707,-0.29019,-0.25487,-0.19356,-0.44267,-0.19358,0.098007,-0.12,-0.42503,-0.17599,-0.44379,-0.30089,-0.98691,-0.8247,-0.3011,-0.15559,-0.2042,-0.31617,-0.2818,-0.39675,-0.52855,-0.41517,-0.13829,-0.54006
-0.85758,-0.70547,-0.15201,-0.13934,-0.72182,-0.4962,-0.68187,-0.78341,-0.71982,-0.51773,-0.74513,-0.57273,1,0,-0.2318,-0.36397,-0.25759,-0.46179,-0.31752,-0.48073,-0.14795,-0.269,-0.43118,-0.51549,-0.59541,-0.76937,-0.31626,-0.36185,-0.057072,-0.14456,-0.5589,-0.52477,0.13022,0.79492,-0.84555,-0.46571,-0.66028,-0.55369,-0.68767,-0.77546,-0.54091,-0.81258,-0.87198,-0.72288,-0.53836,-0.68204,-0.15686,-0.017994,-0.1732,0.096709,0.11486,-0.16294,-0.66804,-0.47849,-0.38152,-0.53035,-0.77243,-0.2378,-0.30038,-0.74151,-0.59639,0.095289,0.0048302,-0.13542,-0.25538,-0.26975,-0.15871,-0.2689,-0.36173,-0.032281,-0.019984,-0.50781,-0.58177,-0.57029,-0.4565,-0.59468,-0.48146,0.2217,0.51273,-0.44763,-0.36046,-0.14816,-0.27951,-0.27327,-0.19319,-0.48134,-0.21296,0.033026,-0.16157,-0.45295,-0.23492,-0.50017,-0.31265,-0.98533,-0.80127,-0.34812,-0.18929,-0.20867,-0.30989,-0.22377,-0.35796,-0.49534,-0.35828,-0.15749,-0.54719
-0.71917,-0.52661,-0.25352,-0.23317,-0.37681,-0.26813,-0.78283,-0.6448,-0.53708,-0.23471,-0.52222,-0.57634,-0.25394,-0.2318,0,0.24934,-0.06139,0.031088,-0.071004,-0.42934,0.16544,0.26284,-0.013961,-0.21236,-0.61651,-0.48177,-0.059761,-0.27414,-0.30813,-0.55335,-0.60793,-0.38904,-0.12502,-0.1648,-0.46801,-0.36181,-0.57567,-0.57589,-0.71647,-0.683,-0.65729,-0.36715,-0.69316,-0.52617,-0.69123,-0.67849,-0.24745,-0.13222,-0.019612,-0.19378,-0.35717,-0.28933,-0.3949,-0.19281,-0.11392,-0.44706,-0.64862,-0.45193,-0.48672,-0.32401,-0.012023,-0.078232,0.023365,-0.18488,-0.1233,-0.4355,-0.29379,-0.047761,0.11486,-0.41782,-0.27834,-0.51054,-0.4758,-0.55378,-0.53152,-0.6518,-0.71571,-0.12889,-0.13561,-0.45572,-0.3987,-0.14487,-0.099019,-0.31854,0.059947,-0.55203,-0.2689,-0.38054,-0.36089,-0.31272,-0.47919,-0.77387,-0.58923,-0.32035,-0.27699,-0.29536,-0.29648,-0.23642,-0.23378,0.00022114,0.0034044,-0.1407,0.038944,0.013443,-0.13766
-0.66932,-0.50284,-0.3585,-0.37835,-0.34294,-0.23636,-0.73136,-0.57229,-0.61977,-0.13737,-0.58812,-0.60421,-0.41673,-0.36397,0.24934,0,-0.27657,-0.083656,-0.1243,-0.3415,0.040248,0.16563,-0.040748,-0.081986,-0.74147,-0.4028,-0.14474,-0.23905,-0.37662,-0.72,-0.64337,-0.3158,-0.30267,-0.25661,-0.38634,-0.15003,-0.60015,-0.57708,-0.69587,-0.65992,-0.63014,-0.21195,-0.56486,-0.37507,-0.89854,-0.77502,-0.31655,-0.3619,-0.18147,-0.41454,-0.46782,-0.31357,-0.35293,-0.1516,-0.05745,-0.35653,-0.5463,-0.72943,-0.73064,-0.36494,0.10598,-0.2397,-0.18907,-0.14949,-0.13335,-0.6552,-0.53476,-0.18176,-0.086129,-0.69987,-0.5115,-0.64039,-0.57734,-0.69186,-0.73498,-0.69453,-0.86278,-0.37285,-0.35591,-0.66052,-0.57619,-0.16423,-0.16682,-0.41071,0.018302,-0.70449,-0.3806,-0.61032,-0.53178,-0.3599,-0.67318,-0.91878,-0.48689,-0.19721,-0.079262,-0.38163,-0.39482,-0.2477,-0.16039,-0.033771,0.041551,-0.16415,0.14108,-0.12,-0.083237
-0.49121,-0.32579,-0.47152,-0.32408,-0.2908,-0.19355,-0.50834,-0.42878,-0.43884,-0.26097,-0.46913,-0.36057,-0.26352,-0.25759,-0.06139,-0.27657,0,-0.16146,-0.073512,-0.25378,0.10057,-0.076672,0.11193,-0.27743,-0.40034,-0.2548,-0.074193,-0.32757,-0.27753,-0.31726,-0.45265,-0.32188,-0.38457,-0.25625,-0.50717,-0.47593,-0.62124,-0.64602,-0.56882,-0.52762,-0.32577,-0.3574,-0.58062,-0.34279,-0.40817,-0.36361,-0.19092,0.015666,-0.05081,-0.28378,-0.2989,-0.31298,-0.32858,-0.29423,-0.43619,-0.30736,-0.36358,-0.25859,-0.30616,-0.4127,-0.30056,-0.22992,-0.095213,-0.32138,-0.21391,-0.14661,-0.012989,-0.28352,-0.10067,-0.22338,-0.1473,-0.4876,-0.37087,-0.41074,-0.29728,-0.60265,-0.39289,-0.21549,-0.10245,-0.45869,-0.39231,-0.23549,-0.17066,-0.23611,-0.096977,-0.36011,-0.24402,-0.20687,-0.069736,-0.37945,-0.40531,-0.45879,-0.45394,-0.38907,-0.37388,-0.41627,-0.32096,-0.34116,-0.3478,-0.082218,-0.1999,-0.20924,-0.23372,-0.1989,-0.27314
-0.28279,-0.20754,-0.25622,0.00037245,-0.42457,-0.42702,-0.31315,-0.3066,-0.16365,-0.1912,-0.098507,-0.27941,-0.46165,-0.46179,0.031088,-0.083656,-0.16146,0,-0.24567,-0.37882,-0.20638,-0.00027934,-0.009579,-0.13079,-0.2227,-0.13203,-0.39127,-0.53515,-0.51715,-0.64458,-0.21014,-0.21598,-0.19103,-0.42373,-0.077854,-0.26771,-0.166,-0.21572,-0.27643,-0.23378,-0.3609,-0.11305,-0.2999,-0.32262,-0.28146,-0.27215,-0.41306,-0.35928,-0.10084,-0.37252,-0.54328,-0.1729,-0.37547,-0.30925,-0.34986,-0.48984,-0.44627,-0.32064,-0.24087,0.18856,0.15326,-0.40434,-0.38951,-0.47696,-0.36199,-0.35154,-0.27183,-0.24477,-0.14496,-0.58228,-0.34584,-0.26041,-0.15092,-0.18847,-0.16767,-0.24621,-0.36787,-0.32247,-0.32064,-0.28299,-0.23206,-0.28122,0.092676,-0.56533,-0.19561,-0.34827,-0.36855,-0.41754,-0.48444,-0.017412,-0.22161,-0.49328,-0.68729,-0.15025,-0.23067,-0.28672,-0.3531,-0.44364,-0.39557,-0.18835,-0.049268,0.10951,0.055431,-0.25644,-0.15179
-0.50952,-0.22269,-0.18765,-0.38832,-0.27973,0.078733,-0.71558,-0.34404,-0.56569,-0.02031,-0.57495,-0.32807,-0.31627,-0.31752,-0.071004,-0.1243,-0.073512,-0.24567,0,-0.13717,0.08848,-0.16782,0.16641,0.081316,-0.65694,-0.26273,0.126,-0.054093,-0.21826,-0.38167,-0.63307,-0.2912,-0.39449,-0.31237,-0.45666,-0.25183,-0.59036,-0.61006,-0.64999,-0.50408,-0.70115,-0.1987,-0.65658,-0.27709,-0.66592,-0.42706,-0.083644,-0.020293,0.091221,-0.27276,-0.29563,-0.29162,-0.09256,0.19463,-0.10933,-0.17997,-0.38627,-0.50854,-0.6124,-0.42861,-0.19281,-0.3822,-0.08908,-0.39964,-0.27533,-0.27351,-0.16358,-0.44213,-0.21777,-0.41204,-0.34288,-0.71464,-0.61014,-0.48905,-0.42302,-0.5566,-0.31441,-0.2448,-0.20491,-0.62005,-0.5017,-0.10404,-0.30401,-0.095929,0.0064248,-0.39695,-0.21549,-0.34964,-0.12205,-0.26762,-0.50454,-0.42989,-0.22136,-0.33833,-0.20698,-0.17211,-0.15166,-0.075695,0.02592,-0.20722,-0.063904,-0.31506,-0.24787,0.088247,0.056578
-0.25228,-0.2075,-0.26612,-0.37929,-0.27373,-0.22925,-0.3769,-0.2906,-0.33147,-0.11271,-0.36985,-0.18646,-0.5207,-0.48073,-0.42934,-0.3415,-0.25378,-0.37882,-0.13717,0,-0.34454,-0.40667,-0.19277,-0.20493,-0.43388,-0.24522,-0.30999,-0.19572,-0.34342,-0.38121,-0.3674,-0.42576,-0.54182,-0.5133,-0.2123,-0.22571,-0.36364,-0.39364,-0.37687,-0.34512,-0.41703,-0.27364,-0.29091,-0.26182,-0.3514,-0.23264,-0.29549,-0.40166,-0.44561,-0.46021,-0.35179,-0.29906,-0.29041,-0.25476,-0.35495,-0.32476,-0.20744,-0.40033,-0.44248,-0.34548,-0.357,-0.54016,-0.40074,-0.35497,-0.36867,-0.21297,-0.23441,-0.57066,-0.46306,-0.39545,-0.34622,-0.43523,-0.39919,-0.35429,-0.32502,-0.36585,-0.22532,-0.49607,-0.42352,-0.47597,-0.32296,-0.23012,-0.35836,-0.30163,-0.4092,-0.33448,-0.15657,-0.4787,-0.31149,-0.37545,-0.49463,-0.22559,-0.1308,-0.24312,-0.20237,-0.23672,-0.29831,-0.28857,-0.18241,-0.27381,-0.31175,-0.20575,-0.35223,-0.30861,-0.12284
-0.81444,-0.5003,-0.36019,-0.4123,-0.3886,-0.1489,-0.82635,-0.52314,-0.73862,-0.21148,-0.72776,-0.52399,-0.18142,-0.14795,0.16544,0.040248,0.10057,-0.20638,0.08848,-0.34454,0,0.13702,0.052405,-0.17277,-0.78651,-0.42827,0.14013,-0.18525,-0.14741,-0.32077,-0.73277,-0.26879,-0.3216,-0.10572,-0.6019,-0.27115,-0.91754,-0.90984,-0.97812,-0.82503,-0.64409,-0.35782,-0.83229,-0.37288,-0.75766,-0.70443,-0.22963,0.041068,0.17483,-0.19172,-0.22694,-0.33199,-0.25534,-0.1004,-0.12854,-0.21328,-0.49566,-0.54146,-0.6034,-0.59725,-0.26021,-0.087124,0.13873,-0.11157,-0.077359,-0.42493,-0.26578,-0.25686,-0.035592,-0.33708,-0.23801,-0.81865,-0.67188,-0.78225,-0.64861,-0.85952,-0.62374,-0.11548,-0.042512,-0.64491,-0.55567,-0.060314,-0.22625,-0.17464,0.23386,-0.53017,-0.30323,-0.38194,-0.1375,-0.43744,-0.61893,-0.81362,-0.47653,-0.44272,-0.3288,-0.43404,-0.33458,-0.23022,-0.17681,0.038781,0.074897,-0.31712,-0.1777,-0.0020718,-0.19023
-0.70771,-0.46737,-0.32798,-0.35024,-0.49218,-0.27138,-0.69211,-0.51868,-0.58986,-0.14717,-0.52634,-0.4618,-0.30429,-0.269,0.26284,0.16563,-0.076672,-0.00027934,-0.16782,-0.40667,0.13702,0,-0.090406,-0.13224,-0.6378,-0.40425,-0.079134,-0.27156,-0.27684,-0.46185,-0.58401,-0.29815,-0.20311,-0.18439,-0.4989,-0.30708,-0.58902,-0.57995,-0.74315,-0.64959,-0.57294,-0.28208,-0.64614,-0.38576,-0.67086,-0.73136,-0.35099,-0.19875,-0.11508,-0.27226,-0.32533,-0.35012,-0.46062,-0.26348,-0.25025,-0.40679,-0.54371,-0.5077,-0.46742,-0.35065,-0.011883,-0.068839,-0.07403,-0.22602,-0.16136,-0.45643,-0.33277,-0.17069,-0.021468,-0.40439,-0.26569,-0.54858,-0.43926,-0.62271,-0.55677,-0.62377,-0.63341,-0.18788,-0.15474,-0.53039,-0.33787,-0.28299,-0.19977,-0.38757,0.034231,-0.53135,-0.40642,-0.45111,-0.34289,-0.43429,-0.54389,-0.95624,-0.62886,-0.41328,-0.32711,-0.49719,-0.44922,-0.45552,-0.34186,-0.0072104,-0.010126,-0.16782,-0.020549,-0.1668,-0.2682
-0.37625,-0.15042,-0.43262,-0.33264,-0.19907,-0.073827,-0.53692,-0.3488,-0.41724,0.065156,-0.43992,-0.24348,-0.45325,-0.43118,-0.013961,-0.040748,0.11193,-0.009579,0.16641,-0.19277,0.052405,-0.090406,0,0.15958,-0.47495,-0.034324,-0.11542,-0.29832,-0.42397,-0.56909,-0.47736,-0.21099,-0.45726,-0.38123,-0.3204,-0.25302,-0.50349,-0.5025,-0.49651,-0.38799,-0.41623,-0.025955,-0.49591,-0.19693,-0.55037,-0.36614,-0.24082,-0.24235,-0.017575,-0.42393,-0.43125,-0.24014,-0.23747,-0.099246,-0.30509,-0.28291,-0.32393,-0.49155,-0.54432,-0.27344,0.017662,-0.44697,-0.21142,-0.43562,-0.23358,-0.35689,-0.26296,-0.38731,-0.16732,-0.51948,-0.37207,-0.59299,-0.40408,-0.38735,-0.35283,-0.58554,-0.41658,-0.43997,-0.33241,-0.59207,-0.49662,-0.24081,-0.15269,-0.36258,-0.1106,-0.47624,-0.40039,-0.44714,-0.36582,-0.21045,-0.50475,-0.529,-0.417,-0.20437,-0.12023,-0.3414,-0.29849,-0.23929,-0.16433,-0.18737,-0.04946,-0.16606,-0.061879,-0.19608,-0.032607
-0.32781,-0.030401,-0.32689,-0.40231,-0.36189,0.0019146,-0.50148,-0.17616,-0.46623,0.22705,-0.41377,-0.090494,-0.55154,-0.51549,-0.21236,-0.081986,-0.27743,-0.13079,0.081316,-0.20493,-0.17277,-0.13224,0.15958,0,-0.56881,0.021538,-0.16098,-0.18218,-0.36207,-0.53348,-0.44395,-0.10135,-0.43993,-0.44517,-0.25603,-0.021206,-0.3773,-0.38286,-0.45334,-0.29106,-0.51506,0.19629,-0.39396,-0.021509,-0.58985,-0.3735,-0.30193,-0.38499,-0.14251,-0.48555,-0.40119,-0.25466,-0.27159,-0.06803,-0.32958,-0.25839,-0.26762,-0.64853,-0.6274,-0.25287,0.05056,-0.55,-0.31428,-0.57413,-0.33198,-0.43651,-0.39042,-0.52545,-0.30937,-0.58734,-0.45626,-0.58447,-0.37973,-0.37565,-0.34763,-0.44737,-0.31044,-0.54813,-0.45435,-0.64465,-0.42536,-0.37191,-0.33866,-0.40966,-0.20687,-0.46325,-0.56043,-0.58483,-0.47272,-0.21059,-0.54781,-0.50437,-0.31922,-0.23576,-0.072552,-0.37967,-0.34977,-0.33377,-0.14668,-0.31992,-0.072919,-0.27035,-0.11456,-0.28286,-0.090901
0.27954,-0.1155,-0.46954,-0.21713,-0.23975,-0.64134,0.38499,-0.12465,0.48968,-0.48418,0.35426,-0.119,-0.53437,-0.59541,-0.61651,-0.74147,-0.40034,-0.2227,-0.65694,-0.43388,-0.78651,-0.6378,-0.47495,-0.56881,0,-0.08734,-0.74967,-0.77654,-0.66352,-0.42109,0.12962,-0.35687,-0.46499,-0.66337,-0.044735,-0.59983,0.20001,0.12734,0.51017,0.28309,0.21735,-0.27987,0.10221,-0.32253,0.44144,0.27489,-0.47351,-0.54141,-0.55409,-0.53576,-0.63374,-0.37428,-0.34333,-0.61237,-0.64222,-0.47087,-0.14411,0.077749,0.14842,0.099305,-0.36577,-0.60887,-0.79472,-0.6504,-0.61016,-0.18317,-0.28386,-0.40714,-0.46227,-0.37227,-0.39592,0.15485,0.10063,0.2725,0.13394,0.19257,-0.0089504,-0.48227,-0.52537,0.079285,-0.13408,-0.56931,-0.20764,-0.48437,-0.64142,-0.014898,-0.3024,-0.20194,-0.39462,-0.078907,0.13295,0.0067914,-0.4921,-0.23372,-0.45739,-0.27074,-0.38149,-0.49515,-0.62512,-0.6079,-0.59145,-0.18411,-0.45391,-0.64226,-0.42018
0.15089,0.30008,-0.59768,-0.42089,-0.21922,-0.2356,-0.015753,0.17318,-0.059295,-0.017971,-0.057858,0.12148,-0.76698,-0.76937,-0.48177,-0.4028,-0.2548,-0.13203,-0.26273,-0.24522,-0.42827,-0.40425,-0.034324,0.021538,-0.08734,0,-0.42575,-0.51373,-0.55098,-0.50632,-0.10872,0.033387,-0.68878,-0.72936,0.0016527,-0.18615,-0.14229,-0.20018,-0.034882,0.11423,-0.009771,0.40938,-0.024192,0.22635,-0.14905,0.097297,-0.41168,-0.54542,-0.29545,-0.82965,-0.7041,-0.32771,-0.20948,-0.32414,-0.59409,-0.27067,0.022789,-0.38265,-0.34883,-0.04186,-0.11172,-0.85215,-0.66745,-0.79366,-0.50699,-0.38126,-0.41585,-0.6374,-0.39327,-0.61325,-0.52975,-0.32815,-0.11533,-0.084843,-0.10298,-0.18716,-0.087334,-0.7465,-0.63664,-0.39994,-0.39016,-0.54383,-0.25837,-0.46296,-0.36321,-0.24185,-0.48131,-0.48954,-0.45817,-0.020822,-0.29758,-0.23685,-0.37083,-0.087735,-0.10594,-0.36221,-0.36902,-0.40565,-0.31803,-0.50354,-0.30697,-0.17297,-0.24407,-0.53936,-0.15507
-0.69101,-0.47174,-0.3285,-0.59509,-0.29136,0.016266,-0.6865,-0.37043,-0.63201,-0.25931,-0.61054,-0.41173,-0.33835,-0.31626,-0.059761,-0.14474,-0.074193,-0.39127,0.126,-0.30999,0.14013,-0.079134,-0.11542,-0.16098,-0.74967,-0.42575,0,0.23264,0.036337,-0.14811,-0.57035,-0.23064,-0.44292,-0.29382,-0.57484,-0.29621,-0.74433,-0.78412,-0.80664,-0.70182,-0.63594,-0.36843,-0.71289,-0.36153,-0.73771,-0.5794,-0.27722,-0.044968,-0.066581,-0.20158,-0.22911,-0.43115,-0.17322,-0.052684,-0.16662,-0.16928,-0.38979,-0.56092,-0.5996,-0.56954,-0.2426,-0.12999,0.16943,-0.16408,-0.12934,-0.27041,-0.19581,-0.148,0.10947,-0.22195,-0.22064,-0.63214,-0.58948,-0.62724,-0.54931,-0.6862,-0.4994,-0.17501,-0.21984,-0.58418,-0.43255,-0.15051,-0.37163,-0.039311,-0.080793,-0.34421,-0.27714,-0.41971,-0.091768,-0.55551,-0.72251,-0.56536,-0.38743,-0.42759,-0.35017,-0.47607,-0.40246,-0.25835,-0.24559,0.011738,-0.04726,-0.2963,-0.24923,-0.05961,-0.20163
-0.62182,-0.5437,-0.20376,-0.54961,-0.36694,-0.084837,-0.6149,-0.39335,-0.62039,-0.36828,-0.5487,-0.38005,-0.39974,-0.36185,-0.27414,-0.23905,-0.32757,-0.53515,-0.054093,-0.19572,-0.18525,-0.27156,-0.29832,-0.18218,-0.77654,-0.51373,0.23264,0,0.057672,-0.19586,-0.48863,-0.34621,-0.42742,-0.34692,-0.47131,-0.24253,-0.55574,-0.58661,-0.67481,-0.65144,-0.70747,-0.45133,-0.5299,-0.42636,-0.6869,-0.56895,-0.24632,-0.184,-0.30541,-0.20127,-0.19661,-0.37089,-0.22559,-0.14329,-0.18319,-0.22312,-0.37868,-0.54369,-0.54378,-0.55634,-0.29155,-0.16259,-0.007513,-0.19058,-0.15628,-0.1916,-0.22533,-0.16127,-0.1168,-0.22288,-0.24679,-0.45879,-0.51276,-0.50166,-0.49227,-0.52419,-0.48821,-0.2956,-0.33829,-0.52134,-0.35884,-0.21515,-0.49521,-0.16539,-0.33982,-0.32009,-0.3402,-0.43636,-0.2244,-0.61403,-0.77164,-0.44702,-0.32673,-0.38559,-0.32984,-0.45032,-0.41868,-0.32137,-0.32291,-0.097553,-0.16661,-0.37808,-0.28396,-0.22058,-0.29609
-0.73814,-0.66205,-0.2722,-0.38531,-0.67957,-0.33029,-0.5283,-0.41396,-0.65092,-0.49721,-0.57622,-0.36051,-0.096342,-0.057072,-0.30813,-0.37662,-0.27753,-0.51715,-0.21826,-0.34342,-0.14741,-0.27684,-0.42397,-0.36207,-0.66352,-0.55098,0.036337,0.057672,0,0.11562,-0.36206,-0.22416,-0.20019,-0.054244,-0.55345,-0.2313,-0.63293,-0.66197,-0.69589,-0.7287,-0.52592,-0.57054,-0.59476,-0.44035,-0.52147,-0.52819,-0.31679,-0.10671,-0.14285,-0.091227,-0.045113,-0.22941,-0.4783,-0.44723,-0.46694,-0.35583,-0.5088,-0.40612,-0.38204,-0.64231,-0.45113,0.0042075,0.09359,-0.18453,-0.20802,-0.23211,-0.2181,-0.1556,-0.090348,0.0022638,0.016772,-0.43726,-0.46694,-0.49996,-0.40318,-0.53477,-0.44871,-0.068083,-0.012937,-0.46722,-0.32386,-0.26379,-0.34071,-0.20065,-0.23621,-0.2862,-0.23997,-0.24815,-0.13957,-0.49963,-0.49372,-0.4661,-0.39632,-0.6543,-0.6181,-0.47903,-0.35487,-0.36079,-0.38208,-0.056799,-0.15617,-0.37923,-0.30271,-0.28118,-0.49032
-0.47777,-0.46782,-0.31388,-0.47308,-0.53593,-0.39081,-0.33097,-0.2623,-0.42884,-0.52258,-0.44624,-0.24004,-0.13796,-0.14456,-0.55335,-0.72,-0.31726,-0.64458,-0.38167,-0.38121,-0.32077,-0.46185,-0.56909,-0.53348,-0.42109,-0.50632,-0.14811,-0.19586,0.11562,0,-0.26594,-0.23468,-0.32725,-0.21457,-0.57406,-0.39354,-0.51303,-0.51045,-0.48324,-0.47727,-0.34818,-0.60068,-0.54414,-0.4067,-0.29433,-0.35479,-0.50704,-0.22768,-0.30814,-0.085995,-0.002159,-0.40012,-0.42941,-0.47865,-0.51981,-0.33905,-0.35992,-0.28917,-0.27747,-0.62925,-0.71161,-0.14645,-0.091733,-0.23245,-0.31457,-0.18883,-0.19249,-0.32259,-0.29284,0.22414,0.054005,-0.38605,-0.39072,-0.44294,-0.32322,-0.39656,-0.20066,-0.060721,-0.11966,-0.30817,-0.18716,-0.35057,-0.52668,-0.15764,-0.44351,-0.13605,-0.28762,-0.25341,-0.088195,-0.62622,-0.36983,-0.26531,-0.31748,-0.77059,-0.76757,-0.54765,-0.40356,-0.43844,-0.45749,-0.29337,-0.42147,-0.47309,-0.62753,-0.38123,-0.63239
0.067862,-0.22385,-0.36876,-0.13841,-0.45127,-0.676,0.35304,-0.037577,0.18854,-0.53032,0.25236,-0.088119,-0.54708,-0.5589,-0.60793,-0.64337,-0.45265,-0.21014,-0.63307,-0.3674,-0.73277,-0.58401,-0.47736,-0.44395,0.12962,-0.10872,-0.57035,-0.48863,-0.36206,-0.26594,0,-0.096139,-0.35703,-0.59579,0.11438,-0.28168,0.17062,0.094631,0.18996,0.060808,0.070806,-0.26879,0.10188,-0.25281,0.14873,0.13877,-0.57858,-0.60442,-0.46774,-0.48726,-0.55368,-0.12128,-0.41223,-0.67821,-0.71265,-0.46035,-0.16569,-0.1179,0.039125,0.069258,-0.27355,-0.53277,-0.611,-0.56796,-0.43278,-0.14912,-0.29176,-0.28075,-0.30962,-0.33243,-0.2144,0.18709,0.2498,0.17868,0.15624,0.101,-0.15683,-0.45463,-0.51509,-0.016853,-0.026741,-0.4617,-0.14481,-0.50641,-0.65682,0.072081,-0.31298,-0.35013,-0.46812,-0.20993,-0.13788,-0.03412,-0.48886,-0.2354,-0.41564,-0.44375,-0.47008,-0.59446,-0.7124,-0.36315,-0.39537,-0.034679,-0.25872,-0.61191,-0.45609
-0.2265,-0.14066,-0.47969,-0.40944,-0.52094,-0.34387,-0.16034,0.14354,-0.28145,-0.28392,-0.24785,-0.14949,-0.54568,-0.52477,-0.38904,-0.3158,-0.32188,-0.21598,-0.2912,-0.42576,-0.26879,-0.29815,-0.21099,-0.10135,-0.35687,0.033387,-0.23064,-0.34621,-0.22416,-0.23468,-0.096139,0,-0.46468,-0.47065,-0.17154,0.095504,-0.3508,-0.38908,-0.29662,-0.22377,-0.18461,0.062671,-0.27576,0.15496,-0.36478,-0.20736,-0.50341,-0.47491,-0.12169,-0.58939,-0.53468,-0.2415,-0.26139,-0.36174,-0.50634,-0.23182,-0.1746,-0.52724,-0.42923,-0.26021,-0.19612,-0.50032,-0.38595,-0.48951,-0.23454,-0.48534,-0.47637,-0.41264,-0.1861,-0.50411,-0.33229,-0.40551,-0.19399,-0.33641,-0.27673,-0.298,-0.30783,-0.42852,-0.45632,-0.40708,-0.37069,-0.40813,-0.29911,-0.32045,-0.2176,-0.21326,-0.41906,-0.53228,-0.40707,-0.27157,-0.42151,-0.38271,-0.41006,-0.20742,-0.1627,-0.5196,-0.38992,-0.43223,-0.32528,-0.26865,-0.14938,-0.18891,-0.13523,-0.40941,-0.32668
-0.65007,-0.58152,0.036186,0.20387,-0.86766,-0.57783,-0.57111,-0.65694,-0.49763,-0.51641,-0.45193,-0.53283,0.14224,0.13022,-0.12502,-0.30267,-0.38457,-0.19103,-0.39449,-0.54182,-0.3216,-0.20311,-0.45726,-0.43993,-0.46499,-0.68878,-0.44292,-0.42742,-0.20019,-0.32725,-0.35703,-0.46468,0,0.12497,-0.50045,-0.36928,-0.33547,-0.29099,-0.49325,-0.53512,-0.59277,-0.6303,-0.6041,-0.66498,-0.42301,-0.54334,-0.26993,-0.18904,-0.18868,0.061932,-0.087869,-0.036931,-0.73092,-0.49905,-0.39083,-0.63861,-0.82928,-0.21931,-0.18879,-0.33902,-0.36558,-0.064434,-0.14138,-0.32368,-0.29406,-0.28796,-0.20215,-0.17785,-0.30583,-0.19604,-0.046178,-0.26378,-0.3097,-0.34521,-0.25486,-0.3475,-0.44514,0.094259,0.095382,-0.24536,-0.14957,-0.25404,-0.20089,-0.41448,-0.26834,-0.40969,-0.25301,-0.12069,-0.36627,-0.31215,-0.12497,-0.41839,-0.41359,-0.61554,-0.58402,-0.25902,-0.20819,-0.37183,-0.4015,-0.24352,-0.29966,-0.32982,-0.21785,-0.16271,-0.51435
-0.94844,-0.73061,-0.21656,-0.18593,-0.74627,-0.47249,-0.73583,-0.80993,-0.79596,-0.47244,-0.80971,-0.5873,0.56633,0.79492,-0.1648,-0.25661,-0.25625,-0.42373,-0.31237,-0.5133,-0.10572,-0.18439,-0.38123,-0.44517,-0.66337,-0.72936,-0.29382,-0.34692,-0.054244,-0.21457,-0.59579,-0.47065,0.12497,0,-0.87792,-0.41697,-0.72536,-0.6058,-0.74899,-0.84461,-0.54278,-0.71576,-0.92267,-0.67941,-0.64258,-0.79001,-0.17188,-0.087951,-0.17108,0.010528,0.053522,-0.18621,-0.73651,-0.49115,-0.39415,-0.57318,-0.85156,-0.32913,-0.37261,-0.74533,-0.48919,0.14318,0.020549,-0.11741,-0.22032,-0.36724,-0.24764,-0.22773,-0.31522,-0.11723,-0.084901,-0.54541,-0.59683,-0.62226,-0.52189,-0.66177,-0.57462,0.12922,0.3893,-0.52089,-0.41707,-0.2065,-0.28487,-0.33738,-0.15741,-0.57821,-0.2813,-0.043024,-0.25868,-0.45445,-0.29418,-0.61212,-0.35587,-0.89494,-0.7066,-0.37747,-0.19471,-0.21003,-0.27335,-0.20223,-0.32924,-0.47887,-0.25942,-0.19398,-0.54932
0.1453,-0.11453,-0.35822,-0.19962,-0.27909,-0.49706,0.073448,-0.026904,0.11446,-0.31333,0.2299,-0.13394,-0.83831,-0.84555,-0.46801,-0.38634,-0.50717,-0.077854,-0.45666,-0.2123,-0.6019,-0.4989,-0.3204,-0.25603,-0.044735,0.0016527,-0.57484,-0.47131,-0.55345,-0.57406,0.11438,-0.17154,-0.50045,-0.87792,0,-0.13957,0.19392,0.036768,0.076422,0.076248,-0.18535,-0.05017,0.36352,-0.12553,0.011045,0.086979,-0.51904,-0.6311,-0.39974,-0.65238,-0.78496,-0.17802,-0.1737,-0.38985,-0.40161,-0.30685,-0.062461,-0.30416,-0.22542,0.23712,-0.13046,-0.75703,-0.72983,-0.62632,-0.4566,-0.33604,-0.46378,-0.43452,-0.3693,-0.63552,-0.47536,-0.056822,0.016952,0.030675,-0.07875,0.010877,-0.24393,-0.7028,-0.75168,-0.14258,-0.23383,-0.39636,-0.14708,-0.53674,-0.49714,-0.1288,-0.37045,-0.59281,-0.56554,-0.047965,-0.31555,-0.16371,-0.48453,0.11054,-0.096761,-0.28968,-0.45558,-0.5044,-0.50585,-0.39956,-0.2333,-0.069823,-0.23543,-0.49739,-0.15081
-0.36745,-0.23615,-0.32435,-0.31778,-0.58215,-0.26228,-0.35787,-0.086484,-0.4713,-0.25217,-0.39555,-0.29851,-0.52527,-0.46571,-0.36181,-0.15003,-0.47593,-0.26771,-0.25183,-0.22571,-0.27115,-0.30708,-0.25302,-0.021206,-0.59983,-0.18615,-0.29621,-0.24253,-0.2313,-0.39354,-0.28168,0.095504,-0.36928,-0.41697,-0.13957,0,-0.39443,-0.42866,-0.43194,-0.36023,-0.47177,-0.02837,-0.28772,0.045445,-0.52192,-0.36075,-0.46051,-0.49786,-0.20949,-0.48755,-0.37656,-0.17472,-0.29389,-0.25573,-0.33805,-0.16228,-0.24873,-0.74654,-0.61153,-0.33095,-0.24029,-0.53877,-0.36648,-0.34112,-0.2191,-0.55909,-0.50787,-0.47896,-0.33943,-0.64521,-0.43076,-0.52399,-0.36351,-0.48708,-0.39306,-0.37983,-0.40742,-0.49966,-0.48886,-0.54391,-0.44092,-0.23514,-0.31941,-0.34873,-0.21872,-0.41065,-0.42797,-0.71864,-0.48465,-0.31618,-0.55922,-0.42755,-0.2571,-0.13649,-0.019664,-0.47582,-0.44656,-0.42079,-0.22506,-0.16857,-0.0091367,-0.2395,-0.1421,-0.31695,-0.27841
0.24398,-0.10516,-0.2168,-0.092862,-0.36057,-0.61474,0.15937,-0.11406,0.31458,-0.41226,0.45116,-0.085885,-0.61522,-0.66028,-0.57567,-0.60015,-0.62124,-0.166,-0.59036,-0.36364,-0.91754,-0.58902,-0.50349,-0.3773,0.20001,-0.14229,-0.74433,-0.55574,-0.63293,-0.51303,0.17062,-0.3508,-0.33547,-0.72536,0.19392,-0.39443,0,0.66229,0.417,0.33331,-0.13775,-0.21918,0.22804,-0.30935,0.18533,0.13988,-0.45945,-0.60784,-0.56204,-0.49003,-0.61732,-0.21359,-0.33169,-0.50052,-0.49675,-0.46203,-0.15495,-0.055245,0.046626,0.31487,-0.23849,-0.66037,-0.77996,-0.74708,-0.55652,-0.17513,-0.32493,-0.41419,-0.48382,-0.45085,-0.38829,0.26016,0.20455,0.37574,0.16104,0.40519,-0.056071,-0.52947,-0.61843,0.10681,0.022487,-0.51554,-0.24131,-0.52477,-0.69294,-0.00035499,-0.36209,-0.34559,-0.52259,-0.073972,-0.028306,0.00049466,-0.44788,-0.16573,-0.33859,-0.23802,-0.40064,-0.54255,-0.62231,-0.58255,-0.46984,-0.1676,-0.35966,-0.55057,-0.33962
0.15089,-0.16045,-0.21552,-0.082149,-0.37434,-0.68598,0.075229,-0.22069,0.20497,-0.39694,0.20863,-0.12635,-0.51941,-0.55369,-0.57589,-0.57708,-0.64602,-0.21572,-0.61006,-0.39364,-0.90984,-0.57995,-0.5025,-0.38286,0.12734,-0.20018,-0.78412,-0.58661,-0.66197,-0.51045,0.094631,-0.38908,-0.29099,-0.6058,0.036768,-0.42866,0.66229,0,0.34425,0.26412,-0.12037,-0.25474,0.078104,-0.35652,0.059726,0.0051736,-0.46133,-0.63613,-0.60467,-0.4512,-0.5519,-0.15169,-0.39728,-0.54119,-0.49703,-0.47306,-0.16753,-0.039264,0.025327,0.14146,-0.24737,-0.6049,-0.72253,-0.69025,-0.47459,-0.19419,-0.34679,-0.40744,-0.51208,-0.41853,-0.33724,0.18648,0.16605,0.23101,0.073181,0.2288,-0.12287,-0.49118,-0.56853,0.092024,0.056275,-0.49977,-0.23447,-0.50025,-0.70232,-0.024791,-0.35882,-0.3254,-0.54339,-0.16959,-0.037588,-0.066744,-0.41392,-0.26784,-0.39603,-0.30014,-0.42853,-0.53776,-0.64477,-0.57421,-0.48805,-0.19558,-0.35355,-0.54503,-0.38875
0.53153,-0.046283,-0.41254,-0.22484,-0.26935,-0.62249,0.488,-0.036151,0.50528,-0.44746,0.39878,-0.064178,-0.63963,-0.68767,-0.71647,-0.69587,-0.56882,-0.27643,-0.64999,-0.37687,-0.97812,-0.74315,-0.49651,-0.45334,0.51017,-0.034882,-0.80664,-0.67481,-0.69589,-0.48324,0.18996,-0.29662,-0.49325,-0.74899,0.076422,-0.43194,0.417,0.34425,0,0.56202,0.14524,-0.17755,0.25539,-0.23272,0.25062,0.31068,-0.47185,-0.68371,-0.6384,-0.61809,-0.67171,-0.31584,-0.31549,-0.5705,-0.60207,-0.42689,-0.056362,-0.051421,0.020886,0.12836,-0.32659,-0.74488,-0.91241,-0.69901,-0.56485,-0.23174,-0.36522,-0.4695,-0.53074,-0.47675,-0.4642,0.16972,0.14832,0.32616,0.12972,0.34251,-0.0032124,-0.59653,-0.66988,0.050857,-0.12541,-0.57022,-0.26768,-0.47795,-0.72156,-0.0069427,-0.33784,-0.30501,-0.49841,-0.08024,0.038746,0.071959,-0.39037,-0.146,-0.33743,-0.27002,-0.39193,-0.48112,-0.57131,-0.65018,-0.57495,-0.19262,-0.40989,-0.67067,-0.39281
0.69587,0.18698,-0.41251,-0.27684,-0.24904,-0.46803,0.26662,0.1051,0.3478,-0.28349,0.29304,0.052853,-0.7102,-0.77546,-0.683,-0.65992,-0.52762,-0.23378,-0.50408,-0.34512,-0.82503,-0.64959,-0.38799,-0.29106,0.28309,0.11423,-0.70182,-0.65144,-0.7287,-0.47727,0.060808,-0.22377,-0.53512,-0.84461,0.076248,-0.36023,0.33331,0.26412,0.56202,0,0.023575,0.0037361,0.17747,-0.07328,0.15062,0.35013,-0.50049,-0.65718,-0.53837,-0.62905,-0.64003,-0.34462,-0.24389,-0.43442,-0.56903,-0.3218,0.043518,-0.15843,-0.10097,0.1552,-0.28902,-0.89644,-0.86325,-0.83768,-0.57301,-0.27907,-0.37963,-0.59551,-0.55602,-0.51239,-0.48433,-0.014304,0.10687,0.21823,0.13,0.26395,0.12692,-0.64499,-0.71329,-0.030506,-0.12893,-0.60697,-0.33221,-0.42899,-0.631,-0.018448,-0.40445,-0.39824,-0.47253,-0.074054,-0.034155,0.035889,-0.34316,-0.12421,-0.25864,-0.28514,-0.40948,-0.51911,-0.49684,-0.68777,-0.4999,-0.23494,-0.45801,-0.61336,-0.33672
0.08049,-0.19654,-0.76128,-0.40421,-0.27383,-0.62975,0.29758,-0.13593,0.076562,-0.44,-0.022557,-0.12497,-0.5317,-0.54091,-0.65729,-0.63014,-0.32577,-0.3609,-0.70115,-0.41703,-0.64409,-0.57294,-0.41623,-0.51506,0.21735,-0.009771,-0.63594,-0.70747,-0.52592,-0.34818,0.070806,-0.18461,-0.59277,-0.54278,-0.18535,-0.47177,-0.13775,-0.12037,0.14524,0.023575,0,-0.21497,-0.0072802,-0.18088,0.041045,0.028021,-0.50743,-0.63364,-0.58482,-0.70866,-0.62805,-0.3563,-0.44432,-0.78359,-0.8455,-0.42845,-0.064504,-0.11572,-0.073058,-0.19332,-0.36783,-0.54302,-0.69445,-0.52971,-0.43239,-0.31798,-0.42085,-0.40603,-0.39696,-0.36812,-0.36688,-0.071342,0.01328,-0.049745,-0.10837,-0.13963,-0.21627,-0.57023,-0.52982,-0.16856,-0.27346,-0.62731,-0.23633,-0.46416,-0.56499,-0.1356,-0.35117,-0.28125,-0.43794,-0.26444,-0.13945,-0.18766,-0.45107,-0.29592,-0.42768,-0.49845,-0.46895,-0.50578,-0.60609,-0.49438,-0.56153,-0.20191,-0.34964,-0.79028,-0.50638
-0.020502,0.2082,-0.54953,-0.46489,-0.2625,-0.1702,-0.19792,0.10228,-0.19785,0.085047,-0.18217,-0.033922,-0.82825,-0.81258,-0.36715,-0.21195,-0.3574,-0.11305,-0.1987,-0.27364,-0.35782,-0.28208,-0.025955,0.19629,-0.27987,0.40938,-0.36843,-0.45133,-0.57054,-0.60068,-0.26879,0.062671,-0.6303,-0.71576,-0.05017,-0.02837,-0.21918,-0.25474,-0.17755,0.0037361,-0.21497,0,-0.12847,0.36171,-0.3527,-0.12944,-0.45648,-0.5987,-0.27764,-0.80313,-0.67872,-0.36442,-0.18971,-0.21216,-0.43654,-0.18936,-0.029557,-0.57499,-0.52201,-0.076701,-0.0084325,-0.82766,-0.5926,-0.69546,-0.39713,-0.56754,-0.55991,-0.62177,-0.36771,-0.77986,-0.61482,-0.44027,-0.20811,-0.2559,-0.26403,-0.25691,-0.21344,-0.75982,-0.70691,-0.45606,-0.42704,-0.53259,-0.32454,-0.41235,-0.26194,-0.34304,-0.52172,-0.67309,-0.53688,-0.1126,-0.41315,-0.38054,-0.3467,0.0027235,0.08244,-0.37929,-0.41648,-0.42774,-0.22666,-0.45079,-0.18777,-0.2071,-0.19614,-0.45516,-0.12932
0.27314,-0.13754,-0.51454,-0.32805,-0.2493,-0.52955,0.2707,-0.02972,0.13127,-0.41469,0.23962,-0.12465,-0.84542,-0.87198,-0.69316,-0.56486,-0.58062,-0.2999,-0.65658,-0.29091,-0.83229,-0.64614,-0.49591,-0.39396,0.10221,-0.024192,-0.71289,-0.5299,-0.59476,-0.54414,0.10188,-0.27576,-0.6041,-0.92267,0.36352,-0.28772,0.22804,0.078104,0.25539,0.17747,-0.0072802,-0.12847,0,-0.11478,0.15877,0.15521,-0.49552,-0.6752,-0.60345,-0.75666,-0.7769,-0.30929,-0.23534,-0.53602,-0.54901,-0.28981,0.057293,-0.21778,-0.13461,0.058894,-0.29622,-0.78114,-0.92876,-0.69044,-0.54364,-0.31785,-0.50038,-0.4909,-0.49847,-0.55741,-0.53463,0.050758,0.066075,0.1028,-0.055332,0.082346,-0.18904,-0.84862,-0.85077,-0.097995,-0.25297,-0.58677,-0.28656,-0.54062,-0.63163,-0.10911,-0.43283,-0.49339,-0.52973,-0.13175,-0.26005,-0.085931,-0.44223,0.0036721,-0.19781,-0.35479,-0.52134,-0.5928,-0.62841,-0.55088,-0.42932,-0.24728,-0.39716,-0.71878,-0.32823
