,,,,,,,,,,,,,,,,,,,,,,,,,,,,,,,,,,,,,,,,,,,,,,,,,,,,,,,,,,,,,,,,,,,,,,,,,,,,,,,,,,,,,,,,,,,,,,,,,,,,,,,,
0,0.21448,-0.43013,-0.19528,0.57016,0.23568,0.57532,0.45904,0.44087,-0.030374,0.24118,0.086093,-0.05047,-0.0035288,-0.22264,-0.41523,-0.10758,-0.24307,-0.13308,-0.19106,-0.10995,-0.38668,0.14836,-0.11365,0.25189,-0.038308,-0.20077,-0.2137,-0.14705,-0.34559,0.16729,-0.33862,-0.048382,-0.072964,0.18126,-0.22801,0.10556,0.088581,0.19456,-0.069941,0.32086,0.031959,0.060402,-0.083696,-0.018869,-0.18895,-0.70705,-0.36474,-0.1796,0.097237,0.069735,-0.72569,0.5195,-0.057018,-0.34613,-0.21854,-0.41228,-0.54015,-0.6045,-0.035214,-0.21178,-0.24319,-0.1988,-0.59356,-0.54564,-0.38649,-0.35606,-0.34955,-0.25841,-0.16619,-0.13496,-0.11548,-0.056902,-0.2306,-0.070985,0.057367,0.064353,-0.076806,0.017547,-0.22465,0.076277,-0.43281,-0.23575,-0.026874,0.014125,-0.029716,-0.17505,-0.63986,-0.50862,-0.5149,-0.18133,-0.0071962,-0.46669,-0.0026136,-0.052868,-0.074234,-0.25739,-0.56079,-0.48079,-0.40492,-0.3377,-0.4717,-0.49304,-0.55572,-0.60262
0.21448,0,-0.33747,-0.28409,0.10272,0.51035,-0.024682,0.41361,0.0033419,0.2213,-0.1561,0.11117,0.15459,0.05426,-0.15647,-0.29866,0.098842,-0.1708,0.16318,0.010902,-0.18822,-0.40011,0.14239,0.061582,-0.15111,-0.035066,-0.10897,-0.2761,-0.29355,-0.37361,0.12137,-0.35859,-0.043354,-0.082097,0.20576,-0.16899,-0.23194,-0.16253,-0.25151,-0.28802,-0.13352,-0.1569,0.16687,0.034073,0.28109,0.1563,-0.57652,-0.12908,-0.17211,-0.10381,-0.056226,-0.58491,0.29604,0.36249,-0.29357,-0.083754,-0.20291,-0.24386,-0.32453,-0.24438,-0.17345,-0.17517,-0.057057,-0.80389,-0.42696,-0.11178,-0.082413,-0.27735,-0.13653,-0.080943,-0.064501,0.02173,0.12454,0.0028778,0.14494,-0.25467,0.31448,0.00020947,0.12574,-0.2114,-0.0093554,-0.36515,-0.1992,0.034054,0.13259,0.029723,0.063528,-0.38429,-0.22003,-0.47678,-0.15289,-0.34129,-0.72281,-0.29717,-0.13776,-0.19437,-0.19302,-0.52297,-0.36913,-0.51006,-0.28093,-0.58039,-0.42093,-0.50283,-0.41724
-0.43013,-0.33747,0,0.28657,-0.51744,-0.4664,-0.54454,-0.42114,-0.2987,-0.26574,-0.40621,-0.23941,-0.17258,-0.21289,-0.26491,-0.50686,-0.29107,-0.44381,-0.18799,-0.17142,-0.41053,-0.62481,-0.18712,-0.35463,-0.48546,-0.36649,-0.37022,-0.46132,-0.37618,-0.22622,-0.24106,-0.30249,-0.082742,-0.24532,-0.21216,-0.25033,-0.37394,-0.26853,-0.44124,-0.448,-0.52385,-0.47617,-0.44508,-0.36617,-0.13678,-0.20168,-0.17258,-0.1999,-0.0028521,-0.33574,-0.34259,0.065591,-0.29783,-0.21539,-0.053351,-0.21778,-0.17941,-0.089251,-0.14931,-0.19729,-0.36487,-0.44993,-0.42341,-0.41652,-0.46695,-0.18468,-0.19867,-0.27878,-0.40245,-0.33694,-0.37437,-0.39472,-0.36427,-0.22225,-0.28121,-0.065797,-0.21493,0.10342,-0.16457,0.42469,-0.065758,0.43861,-0.28942,-0.11611,-0.30829,0.027132,-0.14623,-0.17061,-0.1093,-0.34005,-0.41275,-0.50133,-0.4488,-0.59718,-0.41837,-0.30184,-0.19445,-0.23957,-0.29074,-0.42674,-0.59951,-0.46637,-0.51608,0.016639,-0.41821
-0.19528,-0.28409,0.28657,0,-0.31166,-0.41018,-0.30172,-0.27941,-0.065243,-0.23867,-0.16006,-0.047164,-0.15521,-0.10665,-0.23606,-0.52073,-0.26651,-0.35375,-0.17095,-0.080595,-0.31819,-0.59615,-0.050302,-0.28989,-0.26839,-0.27097,-0.37891,-0.43328,-0.26992,-0.20486,-0.14798,-0.31002,-0.095806,-0.16883,-0.1671,-0.27301,-0.24699,-0.11875,-0.21259,-0.30126,-0.30397,-0.34167,-0.37874,-0.40196,-0.11724,-0.2753,-0.23086,-0.19909,0.065281,-0.21824,-0.28154,-0.14631,-0.17106,-0.30635,-0.20257,-0.31631,-0.3446,-0.2012,-0.26953,0.0094134,-0.25617,-0.45567,-0.41226,-0.43154,-0.53555,-0.20109,-0.20483,-0.29214,-0.39496,-0.33181,-0.34773,-0.35168,-0.31317,-0.20408,-0.21701,0.1573,-0.14601,0.07997,-0.027744,0.24063,0.094704,0.12011,-0.13988,-0.05359,-0.15989,0.064153,-0.097708,-0.27262,-0.29802,-0.30131,-0.29525,-0.32289,-0.36635,-0.49083,-0.33968,-0.27798,-0.15164,-0.31371,-0.27997,-0.36755,-0.54121,-0.42057,-0.54381,-0.083631,-0.45671
0.57016,0.10272,-0.51744,-0.31166,0,0.33323,0.5429,0.25537,0.29166,-0.063554,0.32079,0.046152,-0.064856,-0.03959,-0.22674,-0.33986,-0.17335,-0.2588,-0.17201,-0.25571,-0.19869,-0.41319,0.072094,-0.11084,0.17314,-0.10058,-0.16607,-0.13667,-0.1259,-0.39962,0.011263,-0.41528,-0.071823,-0.10174,0.020216,-0.3018,0.12866,0.03194,0.057992,-0.16558,0.14154,-0.07475,-0.12014,-0.26598,-0.20464,-0.30297,-0.66114,-0.42903,-0.23753,0.24447,0.16867,-0.73788,0.4138,-0.067917,-0.29357,-0.36934,-0.5692,-0.69182,-0.77661,-0.022994,-0.20798,-0.20933,-0.20222,-0.63031,-0.63314,-0.48956,-0.47696,-0.28995,-0.20454,-0.19164,-0.16742,-0.20991,-0.19616,-0.3457,-0.22523,-0.0059136,-0.044875,-0.17517,-0.093061,-0.30885,-0.050657,-0.48352,-0.23483,-0.10786,-0.029851,-0.1305,-0.24041,-0.70065,-0.63041,-0.58423,-0.26659,-0.12964,-0.47807,0.062555,0.026133,-0.07143,-0.25046,-0.48249,-0.39452,-0.41863,-0.40266,-0.41123,-0.54617,-0.58765,-0.4623
0.23568,0.51035,-0.4664,-0.41018,0.33323,0,0.077695,0.39421,0.037418,0.24066,-0.063709,0.091739,0.04233,-0.032333,-0.15054,-0.23818,0.0064421,-0.19115,0.035891,-0.11438,-0.18907,-0.31602,0.10014,0.078443,-0.089084,0.030734,-0.03408,-0.1339,-0.24262,-0.40696,0.002794,-0.41938,-0.071649,-0.13797,0.12451,-0.24583,-0.12467,-0.14299,-0.23086,-0.27523,-0.11624,-0.13344,-0.020022,-0.13331,-0.00017725,-0.021241,-0.62149,-0.29189,-0.20821,0.045288,0.10721,-0.65878,0.3721,0.30455,-0.27675,-0.26675,-0.41321,-0.45588,-0.51469,-0.19921,-0.16498,-0.12328,-0.058101,-0.83521,-0.53514,-0.29112,-0.26525,-0.25777,-0.10783,-0.12981,-0.091185,-0.11953,-0.049903,-0.17219,-0.068298,-0.2692,0.19449,-0.13936,-0.037251,-0.3244,-0.1132,-0.48133,-0.26477,-0.10681,0.013384,-0.074053,-0.081569,-0.52127,-0.39471,-0.61396,-0.27566,-0.33259,-0.65762,-0.18883,-0.053222,-0.11187,-0.21207,-0.47495,-0.33801,-0.52778,-0.32568,-0.48611,-0.4275,-0.54025,-0.31654
0.57532,-0.024682,-0.54454,-0.30172,0.5429,0.077695,0,0.27722,0.34993,-0.12222,0.37397,0.0070737,-0.12797,-0.081446,-0.25514,-0.41446,-0.18507,-0.27166,-0.22881,-0.28983,-0.077044,-0.37697,0.058862,-0.166,0.44493,-0.05406,-0.21768,-0.17503,-0.055775,-0.33756,0.15936,-0.32269,-0.11035,-0.093376,0.043122,-0.27222,0.33085,0.18832,0.3119,0.0089558,0.55605,0.082535,0.016813,-0.1843,-0.20505,-0.29753,-0.76707,-0.45745,-0.27693,0.13924,0.055278,-0.80225,0.1851,-0.215,-0.38222,-0.31945,-0.50899,-0.65105,-0.72583,-0.045346,-0.21882,-0.238,-0.22599,-0.45409,-0.50744,-0.51757,-0.47982,-0.34074,-0.29739,-0.14969,-0.14011,-0.10783,-0.097746,-0.37241,-0.21092,0.03493,-0.098191,-0.18472,-0.075059,-0.3259,-0.012997,-0.51848,-0.25586,-0.079255,-0.034995,-0.11579,-0.26557,-0.73468,-0.65302,-0.52971,-0.19024,0.014247,-0.44188,0.081453,-0.083889,-0.10657,-0.35494,-0.62657,-0.56393,-0.33166,-0.32513,-0.40299,-0.47262,-0.62779,-0.62049
0.45904,0.41361,-0.42114,-0.27941,0.25537,0.39421,0.27722,0,0.16409,0.18096,0.017657,0.16515,0.038566,0.011953,-0.14555,-0.31917,0.0082919,-0.20872,0.055278,-0.0267,-0.023967,-0.32945,0.26201,0.09134,0.088111,0.21241,-0.072507,-0.15202,-0.11431,-0.25407,0.32859,-0.23396,0.0083886,-0.033106,0.43752,-0.096767,0.017431,0.10774,-0.0082919,-0.080711,0.16885,0.061988,0.25872,0.080486,0.18458,0.079596,-0.71327,-0.26302,-0.16368,0.023309,0.030535,-0.65648,0.38467,0.10516,-0.29254,-0.15332,-0.31943,-0.37304,-0.44328,-0.14493,-0.092803,-0.12914,-0.060325,-0.57583,-0.3967,-0.28354,-0.21588,-0.29198,-0.22841,-0.0041153,0.027312,0.071707,0.18662,-0.1322,0.040338,-0.16261,0.25234,-0.090044,0.097437,-0.26937,0.073467,-0.47712,-0.2224,-0.019681,0.1309,0.013635,0.013145,-0.54613,-0.40151,-0.54791,-0.20103,-0.22938,-0.64466,-0.19675,-0.17098,-0.16478,-0.29979,-0.64675,-0.49704,-0.41804,-0.21646,-0.47462,-0.35053,-0.54358,-0.50577
0.44087,0.0033419,-0.2987,-0.065243,0.29166,0.037418,0.34993,0.16409,0,-0.091591,0.42972,0.21796,-0.039835,0.0003835,-0.23979,-0.42994,-0.046061,-0.16754,-0.098771,-0.19537,-0.16391,-0.44223,0.16756,-0.1962,0.28064,-0.045817,-0.24353,-0.21013,-0.15331,-0.29146,0.13144,-0.35703,0.016471,-0.032932,0.084914,-0.25039,0.16585,0.15536,0.15567,-0.088659,0.14977,-0.12738,-0.1105,-0.27825,-0.054582,-0.21297,-0.56198,-0.29568,-0.12012,0.17234,0.088388,-0.68045,0.22734,-0.19523,-0.37832,-0.4119,-0.49042,-0.47157,-0.50978,0.15263,-0.20852,-0.26678,-0.29729,-0.61946,-0.69874,-0.33223,-0.31911,-0.30848,-0.23296,-0.20587,-0.18917,-0.15492,-0.12498,-0.19439,-0.093454,0.2124,0.046442,0.018592,0.044411,-0.031766,0.19878,-0.30313,-0.13426,-0.010541,0.013667,0.0041604,-0.18541,-0.55353,-0.5226,-0.46901,-0.15967,-0.11526,-0.57375,-0.07629,-0.10066,-0.1293,-0.26516,-0.51391,-0.42254,-0.37236,-0.42003,-0.48372,-0.57037,-0.47613,-0.47832
-0.030374,0.2213,-0.26574,-0.23867,-0.063554,0.24066,-0.12222,0.18096,-0.091591,0,-0.17202,0.19602,0.016278,-0.053686,-0.0395,-0.22271,-0.012572,-0.26489,0.11852,9.9902e-05,-0.091346,-0.19771,0.1039,0.15844,-0.22132,0.14714,-0.0071897,-0.16324,-0.24453,-0.2405,0.036832,-0.28494,-0.10215,-0.16297,0.13376,-0.21205,-0.1809,-0.15113,-0.29933,-0.24273,-0.25305,-0.062542,-0.099931,-0.18319,0.074575,0.1046,-0.51776,-0.2071,-0.068227,-0.078507,-0.021782,-0.49565,0.032571,0.2885,-0.1807,-0.25,-0.41063,-0.25611,-0.33051,-0.239,-0.10816,-0.14796,0.029458,-0.75032,-0.42378,-0.17325,-0.11406,-0.1737,-0.14172,-0.073673,-0.026294,-0.060035,0.10982,-0.070006,0.023593,-0.26154,0.38525,-0.070122,0.05221,-0.26585,-0.053512,-0.36096,-0.30584,-0.060183,0.0074024,0.074298,0.11704,-0.36902,-0.27238,-0.48267,-0.26494,-0.4069,-0.61786,-0.45668,-0.15374,-0.10868,-0.17397,-0.44405,-0.3292,-0.56564,-0.34639,-0.43756,-0.36175,-0.36334,-0.30465
0.24118,-0.1561,-0.40621,-0.16006,0.32079,-0.063709,0.37397,0.017657,0.42972,-0.17202,0,0.11749,-0.064211,0.00057041,-0.22321,-0.38441,-0.21807,-0.25974,-0.21518,-0.27738,-0.18072,-0.46541,0.014112,-0.24043,0.24822,-0.14884,-0.21079,-0.093202,-0.066893,-0.29623,0.024824,-0.34195,-0.0090718,-0.019597,-0.079816,-0.34837,0.33362,0.24835,0.12324,-0.14903,0.061659,-0.20957,-0.2844,-0.45921,-0.24815,-0.36522,-0.59846,-0.33791,-0.24482,0.43352,0.1398,-0.70611,0.066777,-0.31607,-0.3285,-0.5517,-0.74004,-0.62865,-0.70317,0.14725,-0.14792,-0.15865,-0.24354,-0.46927,-0.66399,-0.4836,-0.46065,-0.19412,-0.21167,-0.12147,-0.1202,-0.16534,-0.18877,-0.33526,-0.25012,0.2758,-0.03736,-0.084127,-0.027499,-0.19381,0.14616,-0.43436,-0.1236,-0.042703,0.013848,-0.062001,-0.19798,-0.61054,-0.62698,-0.51808,-0.27667,-0.076496,-0.51153,-0.072326,-0.17364,-0.10293,-0.22767,-0.48583,-0.38032,-0.25761,-0.4217,-0.32717,-0.53007,-0.58591,-0.49157
0.086093,0.11117,-0.23941,-0.047164,0.046152,0.091739,0.0070737,0.16515,0.21796,0.19602,0.11749,0,0.096792,0.061492,-0.16105,-0.31336,0.052429,-0.049529,0.12754,0.048001,-0.17949,-0.37385,0.22366,-0.0092587,-0.073564,0.071192,-0.14034,-0.20183,-0.19115,-0.29151,0.078385,-0.31441,-0.01292,-0.019545,0.044109,-0.24875,-0.10796,-0.0053593,-0.20792,-0.27852,-0.16603,-0.26329,-0.1698,-0.35876,0.088697,0.036368,-0.43694,-0.045423,0.014757,0.085384,0.0049854,-0.5594,0.020718,-0.10171,-0.36288,-0.43799,-0.50873,-0.21811,-0.27696,0.052359,-0.0022849,-0.17441,-0.13583,-0.73016,-0.59404,-0.071275,-0.03823,-0.19524,-0.11242,-0.11501,-0.099757,-0.0056493,0.06679,0.10182,0.14297,-0.060196,0.3623,0.10224,0.29553,-0.088169,0.16853,-0.35841,-0.0046954,0.094021,0.23223,0.15771,0.089896,-0.31517,-0.32493,-0.32815,-0.060074,-0.32693,-0.71305,-0.46318,-0.24181,-0.28134,-0.20754,-0.55319,-0.28855,-0.37607,-0.34644,-0.47586,-0.45648,-0.52758,-0.31122
-0.05047,0.15459,-0.17258,-0.15521,-0.064856,0.04233,-0.12797,0.038566,-0.039835,0.016278,-0.064211,0.096792,0,0.78221,-0.088439,-0.21657,0.10371,-0.14812,0.2201,0.15269,-0.2122,-0.52181,0.13471,-0.0090202,-0.23073,-0.07482,-0.086345,-0.1875,-0.16066,-0.22755,0.09763,-0.3141,0.37287,0.41547,0.15367,-0.046564,-0.19752,-0.080705,-0.34295,-0.4222,-0.27098,-0.4087,-0.091192,-0.26251,0.15877,0.1381,-0.42952,0.11184,-0.16818,0.13849,0.18611,-0.41773,-0.013719,-0.03504,-0.25994,-0.32752,-0.33045,-0.12436,-0.27016,-0.11956,-0.0031421,-0.052661,-0.053132,-0.51687,-0.35405,-0.012346,0.036509,-0.10953,-0.11835,0.023316,0.01359,0.13178,0.10762,0.0005833,0.088852,-0.091449,0.27174,0.23947,0.43784,-0.037483,0.19133,-0.27541,0.15501,0.17465,0.47078,0.20022,0.29295,-0.19795,-0.19374,-0.40194,-0.19243,-0.49455,-0.78935,-0.41728,-0.36325,-0.26806,-0.1518,-0.51689,-0.33791,-0.22848,-0.21423,-0.40454,-0.41578,-0.46483,-0.34586
-0.0035288,0.05426,-0.21289,-0.10665,-0.03959,-0.032333,-0.081446,0.011953,0.0003835,-0.053686,0.00057041,0.061492,0.78221,0,-0.073673,-0.21132,0.074666,-0.14623,0.1776,0.1532,-0.15692,-0.48425,0.16776,-0.045101,-0.19742,-0.058114,-0.10276,-0.16821,-0.10497,-0.14085,0.081459,-0.25085,0.42463,0.65073,0.14531,0.017902,-0.17489,-0.058984,-0.2717,-0.39247,-0.22099,-0.38339,-0.1241,-0.28377,0.10885,0.031688,-0.39672,0.10788,-0.145,0.21277,0.28618,-0.42128,-0.030232,-0.15345,-0.31299,-0.36178,-0.37985,-0.1775,-0.30177,-0.073763,-0.0075249,-0.067969,-0.071024,-0.45429,-0.32371,-0.035581,0.010561,-0.085223,-0.12801,0.010844,0.012771,0.12848,0.083161,-0.025913,0.063831,-0.018959,0.19577,0.2205,0.51731,-0.087009,0.27516,-0.32831,0.18679,0.17258,0.53226,0.16023,0.27355,-0.19662,-0.22667,-0.38609,-0.21876,-0.43946,-0.66995,-0.35438,-0.32497,-0.22982,-0.11496,-0.49582,-0.33956,-0.18034,-0.22331,-0.34784,-0.439,-0.44248,-0.36863
-0.22264,-0.15647,-0.26491,-0.23606,-0.22674,-0.15054,-0.25514,-0.14555,-0.23979,-0.0395,-0.22321,-0.16105,-0.088439,-0.073673,0,0.27381,0.08396,-0.053235,0.089007,0.23014,0.1869,-0.10706,0.11017,0.40555,-0.43854,0.061073,0.66272,0.2633,0.30745,0.16568,0.021208,0.018334,0.0083435,-0.036194,-0.10165,0.0040187,-0.2699,-0.25842,-0.50004,-0.57743,-0.38567,-0.37572,-0.30466,-0.31856,-0.18692,-0.058842,-0.35276,-0.26469,0.040757,-0.12182,-0.10176,-0.11859,-0.1595,-0.16227,-0.25252,-0.41471,-0.49073,-0.3704,-0.36956,0.073983,0.2323,0.35779,0.50867,-0.43871,-0.18485,-0.26825,-0.26082,0.46201,0.30171,0.26904,0.33587,-0.044992,-0.10812,-0.22861,-0.23357,-0.22721,-0.11699,-0.15238,-0.04619,-0.36842,0.013274,-0.44293,-0.097501,-0.16632,-0.042284,0.023406,0.1135,-0.29409,-0.34054,-0.7151,-0.67982,-0.57801,-0.64299,-0.40156,-0.33927,-0.22299,-0.22106,-0.32246,-0.24014,-0.11156,-0.12655,0.066068,-0.10354,-0.30398,-0.18543
-0.41523,-0.29866,-0.50686,-0.52073,-0.33986,-0.23818,-0.41446,-0.31917,-0.42994,-0.22271,-0.38441,-0.31336,-0.21657,-0.21132,0.27381,0,-0.060969,-0.0075313,-0.11167,0.019526,-0.071849,0.03591,-0.20289,0.15499,-0.6581,-0.12423,0.2945,0.22051,0.081517,0.021543,-0.27671,-0.084218,-0.17941,-0.12162,-0.28605,-0.019178,-0.52801,-0.52419,-0.72916,-0.83289,-0.58263,-0.58301,-0.44564,-0.47482,-0.34702,-0.15467,-0.31074,-0.28389,-0.16903,-0.26222,-0.18869,-0.20651,-0.3748,-0.3289,-0.39761,-0.64304,-0.59786,-0.37232,-0.33912,-0.13149,0.21377,0.30996,0.33491,-0.44519,-0.17503,-0.2477,-0.25081,0.19255,0.29869,0.0028521,0.1186,-0.14143,-0.20754,-0.20757,-0.2486,-0.47208,-0.29499,-0.42144,-0.25806,-0.59437,-0.29513,-0.66424,-0.099087,-0.43563,-0.19347,-0.31661,-0.12738,-0.25624,-0.42554,-0.54847,-0.65196,-0.81366,-0.7128,-0.50734,-0.47036,-0.48912,-0.43313,-0.37806,-0.24235,-0.067138,0.040357,0.1138,-0.07861,-0.47516,-0.021859
-0.10758,0.098842,-0.29107,-0.26651,-0.17335,0.0064421,-0.18507,0.0082919,-0.046061,-0.012572,-0.21807,0.052429,0.10371,0.074666,0.08396,-0.060969,0,0.36436,0.46671,0.27284,0.059261,-0.24068,0.30629,0.17489,-0.3105,0.14698,0.084566,-0.10322,-0.10014,-0.12285,0.11001,-0.13141,0.062839,0.10179,-0.020138,0.040093,-0.31139,-0.26297,-0.44658,-0.48178,-0.26441,-0.39406,-0.029239,-0.1599,0.087866,0.25518,-0.32126,0.017019,-0.030747,-0.14252,-0.063696,-0.38005,-0.12325,-0.13782,-0.53747,-0.32964,-0.23212,-0.12072,-0.086577,-0.023419,0.0095938,-0.0050886,0.032011,-0.62957,-0.251,0.12238,0.10481,-0.025578,0.1922,0.04193,0.040699,0.19534,0.12943,0.11851,0.096341,-0.30603,0.058385,0.066448,0.24163,-0.21058,0.11131,-0.38192,0.10727,0.087608,0.20379,0.085874,0.098816,-0.14839,-0.15247,-0.47944,-0.276,-0.54704,-0.90357,-0.38937,-0.26832,-0.36818,-0.30643,-0.5558,-0.38103,-0.20959,-0.12532,-0.31589,-0.21689,-0.44907,-0.22423
-0.24307,-0.1708,-0.44381,-0.35375,-0.2588,-0.19115,-0.27166,-0.20872,-0.16754,-0.26489,-0.25974,-0.049529,-0.14812,-0.14623,-0.053235,-0.0075313,0.36436,0,0.026648,0.075226,-0.059165,-0.15228,-0.0056171,0.0094714,-0.43252,-0.04211,-0.025875,-0.10107,-0.12879,-0.2626,-0.16855,-0.17854,-0.16893,-0.07406,-0.31131,-0.14025,-0.4535,-0.43991,-0.57003,-0.67877,-0.3578,-0.58958,-0.26638,-0.38702,-0.21128,-0.032842,-0.25387,-0.099248,-0.090721,-0.25563,-0.21795,-0.37242,-0.31265,-0.41751,-0.76866,-0.54247,-0.40079,-0.22993,-0.12292,0.039745,0.049709,-0.050973,-0.075446,-0.57103,-0.28387,0.062368,0.00040283,-0.095671,0.25924,-0.14892,-0.12114,-0.02037,-0.10355,0.073867,-0.036187,-0.39405,-0.20005,-0.15202,-0.011811,-0.35854,-0.11826,-0.53231,0.21724,-0.10995,-0.018656,-0.12765,-0.16747,-0.15928,-0.28607,-0.37594,-0.27875,-0.53678,-0.76228,-0.48796,-0.40521,-0.60559,-0.47622,-0.62537,-0.38002,-0.04124,-0.030947,-0.18764,-0.11821,-0.64015,-0.20126
-0.13308,0.16318,-0.18799,-0.17095,-0.17201,0.035891,-0.22881,0.055278,-0.098771,0.11852,-0.21518,0.12754,0.2201,0.1776,0.089007,-0.11167,0.46671,0.026648,0,0.42772,-0.073525,-0.39322,0.42347,0.20091,-0.31997,0.19276,0.058862,-0.16111,-0.12738,-0.045649,0.12756,-0.13552,0.15037,0.12556,0.073867,0.052436,-0.28223,-0.16726,-0.43038,-0.40404,-0.31675,-0.33438,-0.069974,-0.15934,0.18638,0.25686,-0.23118,0.17539,-0.036896,-0.0764,-0.03716,-0.31724,-0.066732,0.01582,-0.30346,-0.27278,-0.24775,-0.052307,-0.089135,-0.10531,-0.032455,-0.025198,0.024592,-0.65618,-0.29446,0.10224,0.10622,0.058043,0.066674,0.10066,0.057134,0.16108,0.11684,0.077527,0.03823,-0.29904,0.1881,0.13078,0.37042,-0.16768,0.18722,-0.31691,0.022356,0.13707,0.40439,0.11017,0.45447,-0.074421,-0.064959,-0.48814,-0.31512,-0.64702,-0.88548,-0.42372,-0.19658,-0.24427,-0.092062,-0.39635,-0.20978,-0.36129,-0.2841,-0.40251,-0.35981,-0.29851,-0.13948
-0.19106,0.010902,-0.17142,-0.080595,-0.25571,-0.11438,-0.28983,-0.0267,-0.19537,9.9902e-05,-0.27738,0.048001,0.15269,0.1532,0.23014,0.019526,0.27284,0.075226,0.42772,0,0.01212,-0.2799,0.26923,0.38744,-0.42461,0.14418,0.1584,-0.074859,0.020654,0.030889,0.064166,-0.053912,0.10651,0.1437,0.02436,0.12513,-0.39437,-0.24596,-0.50736,-0.54114,-0.36964,-0.41369,-0.13813,-0.21917,0.12291,0.26685,-0.269,0.059075,0.11397,-0.15667,-0.1162,-0.1505,-0.14937,-0.14081,-0.35995,-0.34072,-0.29945,-0.03767,-0.085964,-0.016954,0.25138,0.041401,0.13527,-0.49154,-0.1654,0.1004,0.1369,0.07183,0.058778,0.10558,0.13166,0.11051,0.085172,0.071063,0.051766,-0.27118,0.066158,0.020944,0.29185,-0.20248,0.11901,-0.35404,0.18861,-0.00035771,0.26279,0.14252,0.46916,-0.099609,-0.17824,-0.46479,-0.3778,-0.66376,-0.75699,-0.59041,-0.42651,-0.41262,-0.22726,-0.48699,-0.2735,-0.1603,-0.083244,-0.22195,-0.17687,-0.32805,-0.19282
-0.10995,-0.18822,-0.41053,-0.31819,-0.19869,-0.18907,-0.077044,-0.023967,-0.16391,-0.091346,-0.18072,-0.17949,-0.2122,-0.15692,0.1869,-0.071849,0.059261,-0.059165,-0.073525,0.01212,0,0.045494,0.11207,0.1921,-0.21863,0.14553,0.22745,0.17187,0.22703,0.097153,0.18298,0.26549,-0.058095,-0.03999,-0.031824,0.054692,-0.12339,-0.1194,-0.25931,-0.33945,-0.098707,-0.16105,-0.065797,-0.10388,-0.14541,-0.026493,-0.61435,-0.40173,-0.0009249,-0.14726,-0.11051,-0.33931,-0.20783,-0.3159,-0.50044,-0.30708,-0.37484,-0.43568,-0.39803,-0.056709,0.070567,0.03834,0.133,-0.24179,0.0086593,-0.34001,-0.28828,0.0022784,-0.033519,0.22464,0.28283,0.12416,0.10099,-0.26638,-0.17642,-0.21481,-0.15206,-0.18913,-0.068626,-0.40853,0.029922,-0.52088,-0.18637,-0.081182,-0.11604,0.026597,-0.073899,-0.50323,-0.45724,-0.66821,-0.51737,-0.31158,-0.53441,-0.32086,-0.36524,-0.32137,-0.48598,-0.69699,-0.67119,-0.064108,-0.051946,0.0018079,0.062142,-0.48796,-0.51271
-0.38668,-0.40011,-0.62481,-0.59615,-0.41319,-0.31602,-0.37697,-0.32945,-0.44223,-0.19771,-0.46541,-0.37385,-0.52181,-0.48425,-0.10706,0.03591,-0.24068,-0.15228,-0.39322,-0.2799,0.045494,0,-0.35541,-0.091391,-0.52577,-0.14035,-0.03087,-0.0064808,-0.17354,-0.1869,-0.36359,-0.089387,-0.45469,-0.40329,-0.35042,-0.22889,-0.50408,-0.57872,-0.52648,-0.55975,-0.42537,-0.32579,-0.39105,-0.3666,-0.40507,-0.23182,-0.54001,-0.55013,-0.17295,-0.43025,-0.3159,-0.39405,-0.46787,-0.43685,-0.6325,-0.52623,-0.55739,-0.47234,-0.36641,-0.32291,-0.11501,-0.13578,-0.01872,-0.40806,-0.15519,-0.36122,-0.33039,-0.23877,-0.10897,-0.26297,-0.13875,-0.26856,-0.20533,-0.26808,-0.24268,-0.52094,-0.3567,-0.53868,-0.42282,-0.70098,-0.45695,-0.75986,-0.42706,-0.51962,-0.47241,-0.37172,-0.39538,-0.46564,-0.50787,-0.46744,-0.52543,-0.40452,-0.38133,-0.5323,-0.47223,-0.48746,-0.63957,-0.58298,-0.56156,-0.23823,-0.05386,-0.043773,0.031869,-0.57337,-0.35747
0.14836,0.14239,-0.18712,-0.050302,0.072094,0.10014,0.058862,0.26201,0.16756,0.1039,0.014112,0.22366,0.13471,0.16776,0.11017,-0.20289,0.30629,-0.0056171,0.42347,0.26923,0.11207,-0.35541,0,0.23425,-0.10101,0.33323,0.088936,-0.059268,0.063664,-0.031495,0.39646,-0.057708,0.27168,0.17316,0.22726,0.066951,-0.029742,0.054047,-0.18295,-0.26866,-0.041672,-0.15675,-0.010612,-0.10688,0.10154,0.093144,-0.38366,-0.12577,0.12869,0.10836,0.11269,-0.35625,0.15952,-0.034711,-0.28557,-0.23976,-0.3164,-0.2968,-0.32137,0.14547,-0.001563,-0.064933,-0.015975,-0.54441,-0.34369,-0.14345,-0.12982,-0.0025491,-0.0066806,0.10256,0.079081,0.099622,0.079919,-0.076619,-0.032185,-0.053654,0.13599,0.19324,0.36262,-0.10051,0.43185,-0.29482,-0.01076,0.25318,0.30165,0.29114,0.19608,-0.33391,-0.29189,-0.56148,-0.32558,-0.40059,-0.66313,-0.25018,-0.10364,-0.15862,-0.183,-0.49061,-0.3658,-0.2964,-0.30752,-0.31925,-0.35493,-0.34981,-0.34832
-0.11365,0.061582,-0.35463,-0.28989,-0.11084,0.078443,-0.166,0.09134,-0.1962,0.15844,-0.24043,-0.0092587,-0.0090202,-0.045101,0.40555,0.15499,0.17489,0.0094714,0.20091,0.38744,0.1921,-0.091391,0.23425,0,-0.36029,0.25731,0.50442,0.16137,0.1361,-0.02989,0.10076,-0.053422,-0.012468,-0.036832,0.0325,0.021241,-0.28077,-0.22585,-0.46223,-0.48862,-0.28975,-0.26464,-0.11033,-0.1805,-0.050225,0.14886,-0.46875,-0.26383,0.066506,-0.12114,-0.073699,-0.25498,-0.050973,-0.016162,-0.31341,-0.34813,-0.40991,-0.32578,-0.34692,-0.034092,0.29785,0.16154,0.36707,-0.52032,-0.17896,-0.19791,-0.16203,0.10117,0.14273,0.18456,0.27838,0.036625,0.049303,-0.14699,-0.10008,-0.32933,0.010296,-0.17356,0.016529,-0.38303,-0.037689,-0.47383,-0.062845,-0.11722,0.046268,0.051321,0.1701,-0.37982,-0.39559,-0.66685,-0.49526,-0.58495,-0.70082,-0.45796,-0.32607,-0.33857,-0.33689,-0.52086,-0.36276,-0.22699,-0.051237,-0.1009,-0.060074,-0.41631,-0.21384
0.25189,-0.15111,-0.48546,-0.26839,0.17314,-0.089084,0.44493,0.088111,0.28064,-0.22132,0.24822,-0.073564,-0.23073,-0.19742,-0.43854,-0.6581,-0.3105,-0.43252,-0.31997,-0.42461,-0.21863,-0.52577,-0.10101,-0.36029,0,-0.18865,-0.39823,-0.34078,-0.24957,-0.41557,0.035594,-0.44343,-0.21989,-0.23892,-0.050857,-0.42432,0.43649,0.34361,0.56185,0.29462,0.43507,0.092087,-0.01903,-0.21319,-0.20521,-0.37049,-0.8132,-0.47518,-0.37986,0.022478,-0.099828,-0.87144,0.024592,-0.2876,-0.41298,-0.32709,-0.46497,-0.60917,-0.69077,-0.20759,-0.39809,-0.40744,-0.44146,-0.42967,-0.60833,-0.5899,-0.53422,-0.47836,-0.50909,-0.26363,-0.29196,-0.22474,-0.20575,-0.48175,-0.31843,0.01029,-0.14245,-0.21321,-0.18259,-0.24322,-0.084778,-0.42263,-0.3786,-0.14128,-0.16269,-0.18531,-0.3232,-0.78261,-0.64639,-0.55961,-0.17894,0.11844,-0.41202,0.057051,-0.15708,-0.069703,-0.30882,-0.58257,-0.57439,-0.45686,-0.49326,-0.583,-0.57326,-0.51841,-0.64305
-0.038308,-0.035066,-0.36649,-0.27097,-0.10058,0.030734,-0.05406,0.21241,-0.045817,0.14714,-0.14884,0.071192,-0.07482,-0.058114,0.061073,-0.12423,0.14698,-0.04211,0.19276,0.14418,0.14553,-0.14035,0.33323,0.25731,-0.18865,0,0.10854,0.0081565,-0.0044892,-0.027538,0.11327,-0.054711,0.01562,-0.02389,0.12738,0.01921,-0.11307,-0.06842,-0.25381,-0.2242,-0.09598,-0.088652,-0.06842,-0.11638,-0.03058,0.091056,-0.41378,-0.20551,-0.066648,-0.053673,0.011598,-0.41251,-0.027454,-0.1121,-0.34011,-0.33368,-0.41131,-0.3026,-0.28735,-0.061678,0.018901,-0.018005,0.012952,-0.4884,-0.26889,-0.1809,-0.12623,-0.096606,-0.083225,0.0095487,0.054299,0.022923,0.07484,-0.12238,-0.094131,-0.30845,0.073634,-0.12942,0.074814,-0.34514,0.043348,-0.50292,-0.15339,-0.084263,0.084708,-0.0052368,0.072822,-0.34183,-0.32837,-0.58217,-0.39477,-0.46509,-0.6198,-0.35342,-0.23549,-0.22185,-0.30355,-0.5372,-0.4042,-0.32325,-0.16581,-0.24444,-0.1812,-0.38024,-0.27223
-0.20077,-0.10897,-0.37022,-0.37891,-0.16607,-0.03408,-0.21768,-0.072507,-0.24353,-0.0071897,-0.21079,-0.14034,-0.086345,-0.10276,0.66272,0.2945,0.084566,-0.025875,0.058862,0.1584,0.22745,-0.03087,0.088936,0.50442,-0.39823,0.10854,0,0.52015,0.2885,0.047247,0.025965,0.024985,0.014621,-0.051121,-0.074034,-0.02523,-0.24064,-0.24172,-0.51021,-0.58731,-0.36744,-0.37708,-0.2725,-0.29416,-0.18003,0.01047,-0.4732,-0.31464,0.015233,-0.050367,-0.020783,-0.21222,-0.13888,-0.13806,-0.30786,-0.44304,-0.52594,-0.43442,-0.4204,0.0049854,0.26704,0.51493,0.56507,-0.45146,-0.18328,-0.31605,-0.29291,0.39079,0.33639,0.33684,0.45324,-0.0062165,-0.066087,-0.24114,-0.22688,-0.28715,-0.087234,-0.17975,-0.080015,-0.41268,-0.046016,-0.5462,-0.13267,-0.17102,-0.061807,0.018804,0.07531,-0.38812,-0.39796,-0.81601,-0.68634,-0.5556,-0.68755,-0.40557,-0.37293,-0.25858,-0.29606,-0.42693,-0.31792,-0.11638,-0.096831,0.032874,-0.033583,-0.45027,-0.20469
-0.2137,-0.2761,-0.46132,-0.43328,-0.13667,-0.1339,-0.17503,-0.15202,-0.21013,-0.16324,-0.093202,-0.20183,-0.1875,-0.16821,0.2633,0.22051,-0.10322,-0.10107,-0.16111,-0.074859,0.17187,-0.0064808,-0.059268,0.16137,-0.34078,0.0081565,0.52015,0,0.30146,0.020776,-0.088742,0.018708,0.0022913,-0.055414,-0.14543,-0.088259,-0.15447,-0.18465,-0.42551,-0.56169,-0.34151,-0.42076,-0.40055,-0.42558,-0.31784,-0.1772,-0.55623,-0.43998,-0.091101,0.052694,0.045907,-0.30733,-0.18913,-0.31897,-0.34583,-0.63185,-0.72855,-0.60859,-0.57607,0.059958,0.24899,0.43765,0.2335,-0.32467,-0.2614,-0.46978,-0.43357,0.23109,0.16306,0.19582,0.33536,-0.11305,-0.16945,-0.35258,-0.33009,-0.21461,-0.1841,-0.29443,-0.21417,-0.4482,-0.086461,-0.6112,-0.14641,-0.27834,-0.17793,-0.12134,-0.12526,-0.54147,-0.59832,-0.83439,-0.75427,-0.48066,-0.62518,-0.34434,-0.43365,-0.31605,-0.42466,-0.4908,-0.4095,-0.015272,-0.095793,0.20701,-0.020925,-0.55074,-0.2698
-0.14705,-0.29355,-0.37618,-0.26992,-0.1259,-0.24262,-0.055775,-0.11431,-0.15331,-0.24453,-0.066893,-0.19115,-0.16066,-0.10497,0.30745,0.081517,-0.10014,-0.12879,-0.12738,0.020654,0.22703,-0.17354,0.063664,0.1361,-0.24957,-0.0044892,0.2885,0.30146,0,0.20739,0.11526,0.12143,0.040615,0.042562,-0.068285,0.063393,-0.083728,-0.066139,-0.28728,-0.45372,-0.16884,-0.3113,-0.25483,-0.32673,-0.2729,-0.18231,-0.51403,-0.40227,-0.0035159,-0.012591,-0.056625,-0.22406,-0.18958,-0.37412,-0.31549,-0.47225,-0.54884,-0.51137,-0.52494,0.16505,0.23503,0.22183,0.18994,-0.20262,-0.17653,-0.45557,-0.42497,0.188,0.015337,0.25995,0.29778,-0.014486,-0.12973,-0.36075,-0.30132,-0.087318,-0.26425,-0.22421,-0.10761,-0.37702,0.013094,-0.53461,-0.091159,-0.2029,-0.081955,-0.057753,-0.073235,-0.48949,-0.57072,-0.67137,-0.6043,-0.43523,-0.56668,-0.27562,-0.40962,-0.30991,-0.40551,-0.50765,-0.43544,0.084978,-0.090231,0.082806,-0.15519,-0.46249,-0.36777
-0.34559,-0.37361,-0.22622,-0.20486,-0.39962,-0.40696,-0.33756,-0.25407,-0.29146,-0.2405,-0.29623,-0.29151,-0.22755,-0.14085,0.16568,0.021543,-0.12285,-0.2626,-0.045649,0.030889,0.097153,-0.1869,-0.031495,-0.02989,-0.41557,-0.027538,0.047247,0.020776,0.20739,0,-0.029549,0.31093,0.021653,0.017631,-0.05116,0.30616,-0.27919,-0.17356,-0.36758,-0.41591,-0.36213,-0.33004,-0.30347,-0.2719,-0.15965,-0.13007,-0.31985,-0.24348,-0.027886,-0.20168,-0.17236,-0.11603,-0.34531,-0.38136,-0.25499,-0.42179,-0.40349,-0.2728,-0.26659,-0.11089,-0.0059909,0.010612,0.021144,-0.20288,-0.10082,-0.30685,-0.26676,0.13289,-0.12848,0.13534,0.161,-0.038765,-0.10371,-0.26772,-0.25703,-0.217,-0.251,-0.23992,-0.13479,-0.32806,0.00062842,-0.40846,-0.21312,-0.27996,-0.14523,-0.17497,0.016329,-0.28173,-0.35855,-0.54085,-0.64155,-0.62814,-0.6042,-0.39767,-0.40875,-0.31078,-0.33521,-0.37042,-0.37257,-0.14137,-0.21089,-0.072494,-0.24804,-0.19249,-0.27508
0.16729,0.12137,-0.24106,-0.14798,0.011263,0.002794,0.15936,0.32859,0.13144,0.036832,0.024824,0.078385,0.09763,0.081459,0.021208,-0.27671,0.11001,-0.16855,0.12756,0.064166,0.18298,-0.36359,0.39646,0.10076,0.035594,0.11327,0.025965,-0.088742,0.11526,-0.029549,0,-0.012249,0.17903,0.11962,0.36153,0.043902,0.097489,0.23319,-0.051701,-0.15804,0.10174,-0.057914,0.22612,0.034228,0.16687,0.12484,-0.65066,-0.22636,-0.028182,0.026577,-0.01243,-0.45145,0.074066,-0.073841,-0.28837,-0.14311,-0.24456,-0.30265,-0.3713,-0.023728,-0.026713,-0.046951,0.016593,-0.39618,-0.25265,-0.27658,-0.22182,-0.090083,-0.14656,0.28747,0.23343,0.3003,0.27825,-0.16226,-0.0073315,-0.0064679,0.096541,0.10225,0.22298,-0.11929,0.34722,-0.32987,-0.13454,0.18574,0.17911,0.25905,0.13171,-0.47218,-0.36305,-0.56174,-0.26926,-0.27369,-0.70392,-0.23413,-0.26159,-0.18919,-0.31609,-0.64791,-0.55774,-0.23889,-0.21619,-0.36986,-0.30784,-0.46676,-0.56086
-0.33862,-0.35859,-0.30249,-0.31002,-0.41528,-0.41938,-0.32269,-0.23396,-0.35703,-0.28494,-0.34195,-0.31441,-0.3141,-0.25085,0.018334,-0.084218,-0.13141,-0.17854,-0.13552,-0.053912,0.26549,-0.089387,-0.057708,-0.053422,-0.44343,-0.054711,0.024985,0.018708,0.12143,0.31093,-0.012249,0,-0.06182,-0.061988,-0.13622,0.22177,-0.30337,-0.22785,-0.38384,-0.46508,-0.29616,-0.31869,-0.24195,-0.15082,-0.20185,-0.091404,-0.41209,-0.3168,-0.012823,-0.26864,-0.24441,-0.15395,-0.38906,-0.43794,-0.38793,-0.28911,-0.31134,-0.32652,-0.26018,-0.1695,-0.056838,-0.047344,-0.013642,-0.10967,0.10236,-0.30723,-0.27528,0.036877,-0.10815,0.14734,0.15884,0.053261,-0.0093812,-0.22563,-0.22136,-0.28203,-0.30662,-0.21541,-0.15513,-0.37274,-0.036909,-0.46183,-0.25117,-0.15727,-0.2073,-0.127,-0.10694,-0.35071,-0.33541,-0.49679,-0.57532,-0.48351,-0.52514,-0.44791,-0.44214,-0.44526,-0.51582,-0.60031,-0.59885,-0.07339,-0.16065,-0.049213,-0.06657,-0.43414,-0.51584
-0.048382,-0.043354,-0.082742,-0.095806,-0.071823,-0.071649,-0.11035,0.0083886,0.016471,-0.10215,-0.0090718,-0.01292,0.37287,0.42463,0.0083435,-0.17941,0.062839,-0.16893,0.15037,0.10651,-0.058095,-0.45469,0.27168,-0.012468,-0.21989,0.01562,0.014621,0.0022913,0.040615,0.021653,0.17903,-0.06182,0,0.59588,0.25692,0.19107,-0.076696,0.050941,-0.26444,-0.40644,-0.21812,-0.38373,-0.17728,-0.22742,0.073692,0.050979,-0.41306,-0.077289,-0.015382,0.27142,0.32988,-0.28395,0.016342,-0.1467,-0.18446,-0.3419,-0.35885,-0.27352,-0.3443,0.058095,0.015221,0.013377,-0.062832,-0.35758,-0.31761,-0.18212,-0.14467,0.010876,-0.095723,0.13151,0.12551,0.074131,0.014318,-0.11578,-0.069812,0.05999,0.085823,0.2421,0.24951,0.037019,0.44003,-0.23185,0.05669,0.133,0.20714,0.21673,0.16535,-0.30525,-0.28445,-0.53297,-0.40999,-0.48278,-0.71372,-0.3071,-0.3297,-0.22532,-0.22751,-0.4898,-0.40634,-0.14004,-0.26222,-0.2512,-0.37137,-0.38446,-0.39764
-0.072964,-0.082097,-0.24532,-0.16883,-0.10174,-0.13797,-0.093376,-0.033106,-0.032932,-0.16297,-0.019597,-0.019545,0.41547,0.65073,-0.036194,-0.12162,0.10179,-0.07406,0.12556,0.1437,-0.03999,-0.40329,0.17316,-0.036832,-0.23892,-0.02389,-0.051121,-0.055414,0.042562,0.017631,0.11962,-0.061988,0.59588,0,0.13975,0.24514,-0.17365,-0.049284,-0.28492,-0.44098,-0.20739,-0.42418,-0.13869,-0.27172,0.044328,0.0395,-0.40302,0.032565,-0.10518,0.17978,0.25802,-0.37473,-0.12564,-0.28514,-0.36253,-0.40973,-0.3776,-0.20487,-0.2849,-0.0005124,0.087782,0.0086206,-0.038778,-0.31107,-0.21795,-0.07725,-0.029516,-0.030554,-0.087311,0.10988,0.11985,0.24012,0.12477,-0.032133,0.039758,-0.027318,0.040428,0.11743,0.35721,-0.12681,0.31287,-0.37492,0.24867,0.10036,0.37132,0.086145,0.1581,-0.22732,-0.28725,-0.38578,-0.28458,-0.48863,-0.73004,-0.34562,-0.39071,-0.34745,-0.294,-0.59812,-0.45077,-0.011721,-0.11942,-0.22221,-0.3385,-0.4966,-0.39867
0.18126,0.20576,-0.21216,-0.1671,0.020216,0.12451,0.043122,0.43752,0.084914,0.13376,-0.079816,0.044109,0.15367,0.14531,-0.10165,-0.28605,-0.020138,-0.31131,0.073867,0.02436,-0.031824,-0.35042,0.22726,0.0325,-0.050857,0.12738,-0.074034,-0.14543,-0.068285,-0.05116,0.36153,-0.13622,0.25692,0.13975,0,0.14526,-0.046706,0.11654,-0.066725,-0.14887,-0.011263,-0.043999,0.15706,0.074021,0.38067,0.18754,-0.6517,-0.20868,-0.05377,0.039913,0.12441,-0.47237,0.21196,0.082187,-0.16999,-0.14404,-0.24413,-0.25052,-0.3517,-0.15588,-0.080705,-0.12743,-0.060286,-0.46285,-0.33875,-0.24001,-0.15254,-0.24605,-0.28356,0.037109,0.084198,0.087582,0.2081,-0.10176,0.090134,-0.053377,0.25267,0.016007,0.13528,-0.095194,0.17479,-0.32163,-0.22107,-0.041704,0.088916,0.090727,0.11439,-0.46015,-0.3345,-0.50115,-0.26685,-0.34551,-0.66305,-0.27314,-0.27056,-0.16014,-0.28894,-0.58236,-0.5114,-0.37318,-0.23176,-0.45382,-0.40085,-0.38802,-0.50329
-0.22801,-0.16899,-0.25033,-0.27301,-0.3018,-0.24583,-0.27222,-0.096767,-0.25039,-0.21205,-0.34837,-0.24875,-0.046564,0.017902,0.0040187,-0.019178,0.040093,-0.14025,0.052436,0.12513,0.054692,-0.22889,0.066951,0.021241,-0.42432,0.01921,-0.02523,-0.088259,0.063393,0.30616,0.043902,0.22177,0.19107,0.24514,0.14526,0,-0.35984,-0.2335,-0.38073,-0.4655,-0.2714,-0.33719,-0.078056,-0.049413,0.027119,0.10025,-0.37089,-0.15458,-0.025726,-0.20111,-0.074234,-0.19876,-0.22705,-0.26714,-0.32802,-0.25553,-0.17427,-0.16009,-0.1708,-0.16356,-0.0068481,-0.06795,-0.017367,-0.25105,-0.011824,-0.12323,-0.077676,-0.093157,-0.14808,0.053074,0.098758,0.118,0.070869,-0.07861,-0.028801,-0.26841,-0.17393,-0.14417,-0.0069964,-0.2609,0.011573,-0.38376,-0.093144,-0.1704,-0.031521,-0.12326,0.0059845,-0.24834,-0.26845,-0.40833,-0.42572,-0.6427,-0.68225,-0.38563,-0.39819,-0.44262,-0.46461,-0.57909,-0.53299,-0.12319,-0.056587,-0.19825,-0.23392,-0.35089,-0.38511
0.10556,-0.23194,-0.37394,-0.24699,0.12866,-0.12467,0.33085,0.017431,0.16585,-0.1809,0.33362,-0.10796,-0.19752,-0.17489,-0.2699,-0.52801,-0.31139,-0.4535,-0.28223,-0.39437,-0.12339,-0.50408,-0.029742,-0.28077,0.43649,-0.11307,-0.24064,-0.15447,-0.083728,-0.27919,0.097489,-0.30337,-0.076696,-0.17365,-0.046706,-0.35984,0,0.56752,0.29785,0.1224,0.23388,0.02891,-0.17468,-0.27965,-0.29502,-0.38609,-0.71829,-0.51041,-0.32485,0.1881,0.0050306,-0.64266,0.023967,-0.25735,-0.21062,-0.3498,-0.55569,-0.70116,-0.78507,-0.089696,-0.3149,-0.25111,-0.31874,-0.32298,-0.5445,-0.68019,-0.62513,-0.2702,-0.39098,-0.10885,-0.1572,-0.21363,-0.23037,-0.55389,-0.42823,0.10276,-0.15599,-0.15528,-0.18108,-0.22029,0.02086,-0.36315,-0.37676,-0.080647,-0.15891,-0.090992,-0.269,-0.76406,-0.63324,-0.69483,-0.39141,-0.019081,-0.41634,0.059294,-0.14093,0.050528,-0.26862,-0.48199,-0.52279,-0.37144,-0.50827,-0.37418,-0.48822,-0.44743,-0.60274
0.088581,-0.16253,-0.26853,-0.11875,0.03194,-0.14299,0.18832,0.10774,0.15536,-0.15113,0.24835,-0.0053593,-0.080705,-0.058984,-0.25842,-0.52419,-0.26297,-0.43991,-0.16726,-0.24596,-0.1194,-0.57872,0.054047,-0.22585,0.34361,-0.06842,-0.24172,-0.18465,-0.066139,-0.17356,0.23319,-0.22785,0.050941,-0.049284,0.11654,-0.2335,0.56752,0,0.23281,0.10543,0.14926,-0.039519,-0.087543,-0.2096,-0.09406,-0.23497,-0.69457,-0.35233,-0.24859,0.16997,-0.022098,-0.56532,0.027209,-0.23438,-0.18675,-0.31337,-0.4589,-0.4899,-0.59282,-0.091436,-0.21277,-0.22945,-0.29463,-0.28402,-0.47953,-0.53099,-0.45628,-0.25764,-0.42419,-0.0063905,-0.068214,-0.087647,-0.098011,-0.4195,-0.2962,0.1198,-0.02835,-0.073119,-0.048936,-0.1103,0.18398,-0.30968,-0.26751,-0.017779,-0.025095,-0.0090396,-0.09192,-0.64637,-0.53828,-0.61379,-0.33449,-0.13735,-0.53661,-0.12772,-0.2718,-0.087157,-0.2571,-0.54762,-0.51195,-0.33312,-0.4385,-0.41956,-0.46684,-0.41471,-0.58441
0.19456,-0.25151,-0.44124,-0.21259,0.057992,-0.23086,0.3119,-0.0082919,0.15567,-0.29933,0.12324,-0.20792,-0.34295,-0.2717,-0.50004,-0.72916,-0.44658,-0.57003,-0.43038,-0.50736,-0.25931,-0.52648,-0.18295,-0.46223,0.56185,-0.25381,-0.51021,-0.42551,-0.28728,-0.36758,-0.051701,-0.38384,-0.26444,-0.28492,-0.066725,-0.38073,0.29785,0.23281,0,0.42321,0.5032,0.22778,-0.077934,-0.16404,-0.26382,-0.47507,-0.75047,-0.54809,-0.40034,-0.099164,-0.18018,-0.79021,-0.012791,-0.33753,-0.32275,-0.2402,-0.42239,-0.63659,-0.71389,-0.25994,-0.49487,-0.51803,-0.51948,-0.32951,-0.56956,-0.64992,-0.5929,-0.56336,-0.63459,-0.356,-0.36827,-0.31611,-0.26795,-0.5232,-0.35906,0.054743,-0.2488,-0.28088,-0.26949,-0.25577,-0.12949,-0.36876,-0.48753,-0.22586,-0.2751,-0.27853,-0.41373,-0.80156,-0.64898,-0.45888,-0.20712,0.18268,-0.25661,0.10218,-0.12246,-0.061704,-0.35003,-0.53365,-0.62261,-0.49863,-0.53475,-0.56811,-0.62786,-0.42945,-0.79352
-0.069941,-0.28802,-0.448,-0.30126,-0.16558,-0.27523,0.0089558,-0.080711,-0.088659,-0.24273,-0.14903,-0.27852,-0.4222,-0.39247,-0.57743,-0.83289,-0.48178,-0.67877,-0.40404,-0.54114,-0.33945,-0.55975,-0.26866,-0.48862,0.29462,-0.2242,-0.58731,-0.56169,-0.45372,-0.41591,-0.15804,-0.46508,-0.40644,-0.44098,-0.14887,-0.4655,0.1224,0.10543,0.42321,0,0.20377,0.3875,-0.054659,-0.11138,-0.2755,-0.45393,-0.66468,-0.51619,-0.52867,-0.28318,-0.33893,-0.77635,-0.15589,-0.27239,-0.28985,-0.17214,-0.32749,-0.51072,-0.57858,-0.48104,-0.62541,-0.62234,-0.59813,-0.37183,-0.5276,-0.61405,-0.54644,-0.64668,-0.77635,-0.42305,-0.46155,-0.36955,-0.29247,-0.57598,-0.43383,-0.24076,-0.26424,-0.38087,-0.35301,-0.34132,-0.27843,-0.34908,-0.63405,-0.30716,-0.33923,-0.37631,-0.40187,-0.69462,-0.53065,-0.47632,-0.22178,-0.022781,-0.2759,-0.047576,-0.12882,-0.051682,-0.31074,-0.46449,-0.57233,-0.71018,-0.60588,-0.70013,-0.61162,-0.28262,-0.64763
0.32086,-0.13352,-0.52385,-0.30397,0.14154,-0.11624,0.55605,0.16885,0.14977,-0.25305,0.061659,-0.16603,-0.27098,-0.22099,-0.38567,-0.58263,-0.26441,-0.3578,-0.31675,-0.36964,-0.098707,-0.42537,-0.041672,-0.28975,0.43507,-0.09598,-0.36744,-0.34151,-0.16884,-0.36213,0.10174,-0.29616,-0.21812,-0.20739,-0.011263,-0.2714,0.23388,0.14926,0.5032,0.20377,0,0.24505,0.14588,-0.0049081,-0.22045,-0.33065,-0.76626,-0.51244,-0.35206,-0.11501,-0.15484,-0.75822,0.043064,-0.29444,-0.42805,-0.15267,-0.32091,-0.59402,-0.63637,-0.20034,-0.37284,-0.4014,-0.3796,-0.3258,-0.40512,-0.53908,-0.49458,-0.50031,-0.48031,-0.25385,-0.26712,-0.16278,-0.13884,-0.43549,-0.27206,-0.077914,-0.23018,-0.24493,-0.17392,-0.33021,-0.10315,-0.46389,-0.3713,-0.12715,-0.16735,-0.19998,-0.36226,-0.74221,-0.59436,-0.48866,-0.16966,0.098771,-0.337,0.096296,-0.13535,-0.16412,-0.4402,-0.6903,-0.71643,-0.37665,-0.34241,-0.48347,-0.44444,-0.55045,-0.79066
0.031959,-0.1569,-0.47617,-0.34167,-0.07475,-0.13344,0.082535,0.061988,-0.12738,-0.062542,-0.20957,-0.26329,-0.4087,-0.38339,-0.37572,-0.58301,-0.39406,-0.58958,-0.33438,-0.41369,-0.16105,-0.32579,-0.15675,-0.26464,0.092087,-0.088652,-0.37708,-0.42076,-0.3113,-0.33004,-0.057914,-0.31869,-0.38373,-0.42418,-0.043999,-0.33719,0.02891,-0.039519,0.22778,0.3875,0.24505,0,0.04688,0.053312,-0.2492,-0.35039,-0.70047,-0.59728,-0.36474,-0.29315,-0.28444,-0.65634,-0.046042,-0.10688,-0.23049,-0.029181,-0.29569,-0.55659,-0.60923,-0.43272,-0.50171,-0.4979,-0.37037,-0.42497,-0.38907,-0.5932,-0.53224,-0.5214,-0.57891,-0.32973,-0.32739,-0.30739,-0.19643,-0.51561,-0.35579,-0.27221,-0.23601,-0.37812,-0.31835,-0.43527,-0.28317,-0.41406,-0.66714,-0.28526,-0.32744,-0.29453,-0.34549,-0.72444,-0.53114,-0.52315,-0.28928,-0.066622,-0.22485,-0.065056,-0.021647,-0.011115,-0.34496,-0.47849,-0.60004,-0.69617,-0.49291,-0.55873,-0.48592,-0.30405,-0.66493
