,,,,,,,,,,,,,,,,,,,,,,,,,,,,,,,,,,,,,,,,,,,,,,,,,,,,,,,,,,,,,,,,,,,,,,,,,,,,,,,,,,,,,,,,,,,,,,,,,,,,,,,,
0,0.13472,-0.44598,-0.2273,0.39446,0.11891,0.42162,0.31488,0.41683,-0.069215,0.14372,-0.037517,-0.20551,-0.14208,-0.12992,-0.31116,-0.11655,-0.19935,-0.16446,-0.20006,-0.031848,-0.18606,0.12269,-0.067416,0.17568,-0.020863,-0.089202,-0.061298,-0.028469,-0.19757,0.17816,-0.2142,-0.098878,-0.13374,0.16478,-0.19848,-0.017876,0.031306,0.085529,-0.1985,0.22804,-0.15315,-0.0060952,-0.1884,-0.075541,-0.23307,-0.6795,-0.48763,-0.071522,-0.05902,-0.042182,-0.64818,0.3978,-0.12674,-0.30371,-0.32826,-0.49185,-0.66873,-0.66627,0.06515,-0.15217,-0.1873,-0.16334,-0.5974,-0.6035,-0.47314,-0.459,-0.22887,-0.18667,-0.080218,-0.023608,-0.10523,-0.10006,-0.29574,-0.15239,0.13911,-0.011816,-0.13571,-0.081504,-0.19041,0.027368,-0.52227,-0.30041,-0.10779,-0.058265,-0.11318,-0.21125,-0.71109,-0.65043,-0.56224,-0.33988,-0.22369,-0.5228,-0.098267,-0.16303,-0.15711,-0.36823,-0.51144,-0.46643,-0.36704,-0.34002,-0.32522,-0.48514,-0.49987,-0.48672
0.13472,0,-0.28078,-0.27189,-0.031001,0.26235,-0.098844,0.26858,0.070144,0.17533,-0.17925,0.011176,-0.16604,-0.20766,-0.076562,-0.13867,0.10155,-0.058951,0.059349,-0.052654,-0.17609,-0.043358,0.056091,0.11712,-0.22703,-0.029006,0.00741,-0.15027,-0.24085,-0.28744,0.015051,-0.27677,-0.18366,-0.2383,0.092472,-0.20885,-0.33214,-0.30064,-0.30413,-0.40439,-0.19579,-0.26284,-0.012329,-0.11459,0.081273,0.025344,-0.53868,-0.31119,-0.099553,-0.28229,-0.1938,-0.5481,0.19892,0.17289,-0.25671,-0.30042,-0.38534,-0.39531,-0.38596,-0.10743,-0.10336,-0.15422,-0.05774,-0.88688,-0.57868,-0.23582,-0.22299,-0.26151,-0.031053,-0.11704,-0.052568,-0.10942,-0.0061125,-0.085408,0.038936,-0.21114,0.26419,-0.056512,-0.035504,-0.1224,-0.11754,-0.40715,-0.24171,-0.081775,-0.021769,-0.11367,-0.035107,-0.48408,-0.41856,-0.50249,-0.29036,-0.45776,-0.68912,-0.32268,-0.17293,-0.26823,-0.29854,-0.43791,-0.31475,-0.46345,-0.26518,-0.43238,-0.36744,-0.45379,-0.30343
-0.44598,-0.28078,0,-0.085996,-0.51538,-0.36087,-0.51104,-0.37397,-0.37396,-0.21746,-0.52378,-0.34153,-0.39745,-0.37844,-0.1464,-0.32261,-0.11825,-0.24426,-0.15172,-0.24865,-0.19702,-0.24994,-0.18563,-0.18103,-0.50667,-0.28356,-0.22819,-0.38247,-0.32597,-0.26132,-0.28296,-0.28279,-0.23915,-0.36098,-0.26815,-0.22813,-0.38446,-0.39396,-0.53031,-0.46657,-0.47838,-0.40953,-0.33704,-0.24916,-0.2894,-0.2244,-0.31221,-0.41145,-0.11861,-0.49989,-0.3693,0.03419,-0.33082,-0.2052,-0.1877,-0.2104,-0.18723,-0.3334,-0.27818,-0.28611,-0.32472,-0.43362,-0.29924,-0.45075,-0.29442,-0.3051,-0.30712,-0.32574,-0.29572,-0.28638,-0.35214,-0.37819,-0.3858,-0.36899,-0.37876,-0.34637,-0.24841,-0.0055762,-0.24608,0.017767,-0.28698,0.14969,-0.32135,-0.0094974,-0.34571,-0.098117,-0.20291,-0.33603,-0.20804,-0.50453,-0.49265,-0.55617,-0.38746,-0.41168,-0.18144,-0.27129,-0.21428,-0.25627,-0.31192,-0.36523,-0.40661,-0.25156,-0.24642,-0.074601,-0.20892
-0.2273,-0.27189,-0.085996,0,-0.27171,-0.32734,-0.21641,-0.18294,-0.17302,-0.13366,-0.2027,-0.042493,-0.28438,-0.21821,-0.18574,-0.33704,-0.27737,-0.22274,-0.16352,-0.047672,-0.21382,-0.26084,-0.049096,-0.040216,-0.26178,-0.10286,-0.24817,-0.29924,-0.2663,-0.35166,-0.24156,-0.24996,-0.3043,-0.28492,-0.3038,-0.38902,-0.25331,-0.22113,-0.24121,-0.25455,-0.22846,-0.17148,-0.35975,-0.39228,-0.33407,-0.33433,-0.27071,-0.2996,-0.18205,-0.32282,-0.32938,-0.30217,-0.27143,-0.40705,-0.36121,-0.46483,-0.51986,-0.39091,-0.38807,-0.093089,-0.10805,-0.38764,-0.31019,-0.38889,-0.40255,-0.26205,-0.24207,-0.35504,-0.32222,-0.32011,-0.31505,-0.35914,-0.2555,-0.29835,-0.28696,-0.17441,-0.14612,-0.081487,-0.00057088,-0.17143,-0.048629,-0.19686,-0.07858,0.0069544,-0.070415,-0.04525,-0.0033734,-0.35855,-0.40982,-0.38947,-0.286,-0.3244,-0.24286,-0.50301,-0.27623,-0.35468,-0.18373,-0.42247,-0.29435,-0.34595,-0.38497,-0.29536,-0.21639,-0.30916,-0.40262
0.39446,-0.031001,-0.51538,-0.27171,0,0.23455,0.4023,0.094329,0.25306,-0.10453,0.22377,-0.023458,-0.054834,-0.022858,-0.18042,-0.30223,-0.22037,-0.2761,-0.18241,-0.26324,-0.18101,-0.33758,0.062636,-0.10153,0.15587,-0.065669,-0.086186,0.024583,-0.076072,-0.30309,-0.011994,-0.33088,-0.027518,-0.07598,0.015823,-0.28937,0.082842,0.072595,0.018211,-0.23101,0.051518,-0.19346,-0.20316,-0.36429,-0.18414,-0.28156,-0.58539,-0.44724,-0.12295,0.22625,0.15761,-0.66889,0.21097,-0.15372,-0.31863,-0.46491,-0.60334,-0.69235,-0.72407,0.034293,-0.18526,-0.14566,-0.17473,-0.61257,-0.72249,-0.48615,-0.48716,-0.18222,-0.16202,-0.14498,-0.074682,-0.19622,-0.19461,-0.32548,-0.23083,0.086434,-0.098215,-0.14623,-0.093735,-0.20109,0.050146,-0.52207,-0.30379,-0.19989,-0.066926,-0.098463,-0.23113,-0.64615,-0.64502,-0.56777,-0.33463,-0.18646,-0.48508,-0.1173,-0.18457,-0.13529,-0.33113,-0.47262,-0.41111,-0.41384,-0.45761,-0.39208,-0.59555,-0.5645,-0.46514
0.11891,0.26235,-0.36087,-0.32734,0.23455,0,-0.032125,0.12618,0.026832,0.09246,-0.12116,0.0013494,0.030684,-0.044702,-0.14889,-0.21942,-0.092616,-0.2277,0.0045325,-0.18976,-0.26397,-0.24986,0.058461,0.02321,-0.14723,-0.027235,0.0036387,-0.047897,-0.23882,-0.34575,-0.072151,-0.36221,-0.024046,-0.1436,0.10017,-0.25328,-0.16555,-0.15892,-0.26039,-0.36905,-0.21289,-0.26981,-0.15487,-0.24842,0.041519,-0.0074792,-0.51313,-0.32371,-0.086342,0.0093475,0.082738,-0.56421,0.18871,0.16237,-0.28529,-0.3801,-0.46399,-0.46185,-0.47676,-0.13681,-0.19296,-0.10403,-0.073252,-0.85973,-0.70288,-0.30778,-0.30587,-0.21104,-0.068829,-0.15096,-0.068339,-0.17692,-0.11317,-0.15083,-0.078465,-0.20834,0.086452,-0.053969,-0.064827,-0.13186,-0.033838,-0.43234,-0.33995,-0.20783,-0.090171,-0.053213,-0.10351,-0.48589,-0.41445,-0.55793,-0.31771,-0.32287,-0.59715,-0.26497,-0.19262,-0.1634,-0.26897,-0.4149,-0.31652,-0.53628,-0.43878,-0.51936,-0.53569,-0.51671,-0.34903
0.42162,-0.098844,-0.51104,-0.21641,0.4023,-0.032125,0,0.20238,0.39071,-0.13081,0.34798,-0.017409,-0.21383,-0.16992,-0.20968,-0.32602,-0.26106,-0.27657,-0.2573,-0.25668,-0.11803,-0.2579,0.053848,-0.13589,0.38933,-0.051685,-0.14351,-0.029398,0.022011,-0.2377,0.15345,-0.18076,-0.14333,-0.14046,0.014849,-0.27856,0.18127,0.17522,0.26563,-0.1038,0.42491,-0.066684,-0.10444,-0.30123,-0.26313,-0.34157,-0.65023,-0.51857,-0.20336,0.0064181,-0.048952,-0.72544,0.071989,-0.3038,-0.30217,-0.46015,-0.62072,-0.75146,-0.76411,0.07271,-0.14614,-0.18923,-0.23429,-0.44911,-0.62184,-0.5545,-0.53883,-0.25318,-0.25776,-0.099709,-0.067964,-0.13764,-0.1313,-0.38259,-0.24923,0.18554,-0.14547,-0.19057,-0.11957,-0.23841,0.020742,-0.54442,-0.27539,-0.13392,-0.073932,-0.15958,-0.26265,-0.74149,-0.7669,-0.52588,-0.28955,-0.17834,-0.46568,-0.12019,-0.21545,-0.20377,-0.41704,-0.56711,-0.5052,-0.33968,-0.39179,-0.34789,-0.48354,-0.58309,-0.56141
0.31488,0.26858,-0.37397,-0.18294,0.094329,0.12618,0.20238,0,0.31857,0.12944,0.039045,0.16576,-0.19078,-0.21483,-0.15376,-0.21628,-0.09543,-0.14013,-0.017974,-0.023597,-0.17376,-0.1069,0.20116,0.089381,0.036387,0.21252,-0.018309,-0.05281,-0.11281,-0.22709,0.22469,-0.10191,-0.1756,-0.20832,0.1647,-0.23079,-0.1242,-0.05928,-0.046749,-0.2002,0.10526,-0.087161,0.022974,-0.13729,-0.041496,-0.075455,-0.55635,-0.35474,-0.17266,-0.17507,-0.15894,-0.66967,0.14032,-0.13,-0.26027,-0.41834,-0.54374,-0.50504,-0.4922,0.0013205,-0.040729,-0.11878,-0.17366,-0.62465,-0.61545,-0.34684,-0.31862,-0.2708,-0.17126,-0.068846,-0.020684,-0.07038,0.044921,-0.18253,-0.056085,-0.11543,0.14265,-0.1052,-0.010028,-0.16204,0.0061759,-0.52249,-0.21717,-0.079566,0.045521,-0.13673,-0.024796,-0.58097,-0.58514,-0.52807,-0.2706,-0.36309,-0.61695,-0.30444,-0.25267,-0.27976,-0.35887,-0.54943,-0.39222,-0.44021,-0.32395,-0.45371,-0.35581,-0.5299,-0.44143
0.41683,0.070144,-0.37396,-0.17302,0.25306,0.026832,0.39071,0.31857,0,-0.020529,0.30502,0.097938,-0.21401,-0.16914,-0.10891,-0.2166,-0.040885,-0.10822,-0.055878,-0.12225,-0.079803,-0.20338,0.24453,-0.0249,0.20993,0.044581,-0.051028,0.0099703,0.021751,-0.12005,0.26587,-0.13701,-0.086919,-0.10682,0.11498,-0.18554,0.0078598,0.070473,0.048548,-0.20141,0.15003,-0.18648,-0.088845,-0.29342,-0.1544,-0.25057,-0.57949,-0.43534,-0.10041,-0.062717,-0.05627,-0.66673,0.1738,-0.21544,-0.25613,-0.48839,-0.58712,-0.66243,-0.64232,0.22746,-0.06519,-0.16277,-0.22238,-0.59904,-0.69443,-0.45595,-0.44725,-0.16438,-0.13661,-0.029605,-0.019162,-0.082675,-0.10274,-0.30321,-0.18391,0.16677,0.016631,-0.10188,-0.046657,-0.083332,0.066868,-0.46185,-0.17862,-0.025724,0.049246,-0.15602,-0.13996,-0.68513,-0.73982,-0.56653,-0.3369,-0.38645,-0.64868,-0.13622,-0.13152,-0.21908,-0.36212,-0.48901,-0.4,-0.35645,-0.3838,-0.31228,-0.47656,-0.45551,-0.35834
-0.069215,0.17533,-0.21746,-0.13366,-0.10453,0.09246,-0.13081,0.12944,-0.020529,0,-0.12,0.24142,-0.15172,-0.23615,-0.16632,-0.21496,-0.15989,-0.22942,0.028665,-0.035735,-0.32621,-0.058115,0.029288,0.076977,-0.22865,0.061361,-0.044252,-0.16725,-0.33713,-0.36383,-0.088476,-0.25794,-0.2969,-0.3358,-0.11058,-0.41075,-0.27826,-0.28982,-0.29648,-0.31263,-0.26503,-0.13629,-0.26326,-0.33757,-0.15226,-0.091837,-0.38349,-0.24996,-0.17677,-0.21673,-0.19542,-0.59337,-0.09272,0.0059856,-0.17868,-0.4766,-0.61423,-0.38086,-0.39472,-0.17026,-0.14801,-0.20866,-0.18222,-0.84489,-0.69255,-0.22559,-0.21321,-0.23362,-0.12527,-0.2314,-0.18872,-0.2319,-0.045584,-0.12585,-0.076556,-0.24674,0.27007,-0.02776,-0.0079924,-0.14082,-0.12251,-0.37618,-0.27825,-0.06109,-0.031785,-0.071043,0.087305,-0.40128,-0.43649,-0.43974,-0.24203,-0.42943,-0.5374,-0.49858,-0.2156,-0.22879,-0.19026,-0.39364,-0.23563,-0.63575,-0.51301,-0.53904,-0.40781,-0.43231,-0.34238
0.14372,-0.17925,-0.52378,-0.2027,0.22377,-0.12116,0.34798,0.039045,0.30502,-0.12,0,0.074238,-0.18156,-0.1509,-0.20958,-0.28771,-0.28329,-0.24575,-0.2417,-0.21477,-0.21306,-0.33286,-0.016982,-0.16995,0.19667,-0.073413,-0.112,0.10016,-0.066505,-0.28961,-0.030943,-0.2437,-0.17768,-0.14712,-0.17922,-0.41453,0.089756,0.09652,0.039864,-0.20969,0.034541,-0.22164,-0.36165,-0.53697,-0.37351,-0.42289,-0.54028,-0.39795,-0.28245,0.10895,-0.047539,-0.78155,-0.045348,-0.38248,-0.2921,-0.6781,-0.88526,-0.74857,-0.77229,0.15009,-0.066084,-0.10958,-0.27158,-0.46897,-0.73696,-0.51942,-0.50708,-0.13394,-0.18252,-0.10393,-0.083828,-0.19965,-0.2007,-0.38346,-0.31376,0.22262,-0.064187,-0.18121,-0.089612,-0.23511,0.043606,-0.59731,-0.15664,-0.10793,0.038117,-0.17649,-0.17756,-0.64271,-0.79198,-0.54725,-0.36407,-0.26541,-0.51737,-0.23947,-0.2859,-0.2301,-0.31861,-0.49988,-0.37277,-0.3115,-0.44267,-0.28295,-0.45564,-0.60088,-0.45607
-0.037517,0.011176,-0.34153,-0.042493,-0.023458,0.0013494,-0.017409,0.16576,0.097938,0.24142,0.074238,0,-0.043681,-0.11952,-0.21661,-0.19979,-0.15236,-0.075876,0.05849,0.084278,-0.32807,-0.20262,0.12524,0.073869,-0.14198,0.17175,-0.078592,-0.086561,-0.24295,-0.35745,-0.064844,-0.20942,-0.22643,-0.18267,-0.14907,-0.39238,-0.228,-0.16635,-0.2474,-0.33414,-0.19259,-0.23688,-0.3024,-0.46656,-0.15816,-0.084635,-0.33702,-0.11099,-0.16506,-0.087645,-0.15509,-0.66665,-0.15976,-0.26879,-0.37676,-0.66491,-0.7456,-0.33204,-0.35514,0.018534,0.077958,-0.13047,-0.21338,-0.67998,-0.71094,-0.15168,-0.1307,-0.20904,-0.10084,-0.18875,-0.14278,-0.11313,0.040492,-0.017323,0.0025373,-0.18169,0.21691,-0.023902,0.20266,-0.13196,0.04988,-0.51222,-0.04006,-0.042228,0.259,-0.057919,0.1592,-0.35462,-0.50087,-0.33588,-0.11114,-0.40409,-0.6067,-0.55423,-0.35614,-0.41001,-0.29836,-0.56068,-0.26734,-0.4487,-0.41487,-0.49598,-0.37933,-0.61501,-0.36324
-0.20551,-0.16604,-0.39745,-0.28438,-0.054834,0.030684,-0.21383,-0.19078,-0.21401,-0.15172,-0.18156,-0.043681,0,0.50189,-0.21567,-0.11953,-0.18622,-0.13855,-0.046328,-0.078229,-0.35941,-0.31079,-0.083966,-0.063818,-0.38887,-0.095764,-0.082974,-0.028267,-0.274,-0.40669,-0.25952,-0.31681,0.10108,0.19309,-0.17199,-0.25726,-0.32897,-0.31745,-0.45987,-0.62988,-0.39749,-0.50095,-0.37914,-0.49842,-0.12022,0.008298,-0.28914,-0.030672,-0.19762,0.13111,0.17989,-0.46459,-0.24649,-0.29365,-0.5418,-0.59745,-0.56429,-0.23993,-0.30015,-0.15685,-0.050382,-0.0048381,-0.08482,-0.53537,-0.46037,-0.039847,-0.038987,-0.15141,-0.033671,-0.21764,-0.10379,-0.093965,-0.049921,0.031699,0.0019087,-0.28601,-0.09513,0.0050169,0.14803,-0.17678,0.040048,-0.48539,-0.060174,-0.21322,0.057907,-0.001136,-0.016654,-0.18927,-0.30502,-0.3152,-0.20898,-0.36192,-0.53405,-0.53001,-0.50641,-0.44804,-0.37765,-0.58283,-0.385,-0.29828,-0.30452,-0.41762,-0.40623,-0.71602,-0.44487
-0.14208,-0.20766,-0.37844,-0.21821,-0.022858,-0.044702,-0.16992,-0.21483,-0.16914,-0.23615,-0.1509,-0.11952,0.50189,0,-0.17437,-0.14179,-0.16873,-0.15014,-0.075057,-0.12614,-0.25637,-0.29564,-0.057273,-0.12499,-0.33389,-0.14105,-0.13269,-0.057804,-0.18615,-0.28522,-0.22822,-0.27061,0.25087,0.47052,-0.10181,-0.13691,-0.27442,-0.24681,-0.36817,-0.57605,-0.33386,-0.50185,-0.34744,-0.46765,-0.095211,-0.094306,-0.32315,-0.0972,-0.14005,0.15759,0.31292,-0.41577,-0.20798,-0.35091,-0.54781,-0.53198,-0.51057,-0.31201,-0.35707,-0.11314,-0.078056,-0.064331,-0.074671,-0.46405,-0.40041,-0.11643,-0.11084,-0.1358,-0.080916,-0.17852,-0.073021,-0.059337,-0.084699,-0.046121,-0.029773,-0.17169,-0.12933,0.027795,0.18773,-0.19889,0.12437,-0.47946,-0.066782,-0.16925,0.074394,-0.012686,-0.042995,-0.23687,-0.31481,-0.31609,-0.25093,-0.32171,-0.46704,-0.40414,-0.41653,-0.36683,-0.32726,-0.52908,-0.39375,-0.21572,-0.28267,-0.31345,-0.45278,-0.61565,-0.43301
-0.12992,-0.076562,-0.1464,-0.18574,-0.18042,-0.14889,-0.20968,-0.15376,-0.10891,-0.16632,-0.20958,-0.21661,-0.21567,-0.17437,0,0.14787,0.11029,0.034709,0.040602,0.0015627,0.023527,-0.079232,0.061102,0.19367,-0.36461,-0.12661,0.35928,0.046542,0.15482,-0.017957,0.021261,-0.12766,-0.076989,-0.14407,-0.1165,-0.11058,-0.28376,-0.30136,-0.4323,-0.60735,-0.30768,-0.46486,-0.24821,-0.32039,-0.22175,-0.2121,-0.39244,-0.38647,-0.046801,-0.27727,-0.21329,-0.17741,-0.05266,-0.16754,-0.21213,-0.35533,-0.41445,-0.51466,-0.47465,0.15122,0.026088,0.095465,0.25243,-0.56487,-0.37389,-0.3527,-0.3811,0.21823,0.2605,0.19678,0.16109,-0.11795,-0.25166,-0.30383,-0.28191,-0.1295,-0.16459,-0.074255,-0.096012,-0.25039,-0.062053,-0.35486,-0.14852,-0.068875,-0.074175,-0.075858,-0.020044,-0.41477,-0.41875,-0.67158,-0.62226,-0.5493,-0.62111,-0.25623,-0.21987,-0.20468,-0.21695,-0.25343,-0.21105,-0.16413,-0.21566,0.0093533,-0.25955,-0.26594,-0.18665
-0.31116,-0.13867,-0.32261,-0.33704,-0.30223,-0.21942,-0.32602,-0.21628,-0.2166,-0.21496,-0.28771,-0.19979,-0.11953,-0.14179,0.14787,0,0.024525,0.072445,0.06831,0.083764,-0.30187,-0.11961,-0.1171,0.062232,-0.50864,-0.19715,0.11624,-0.05044,-0.056846,-0.10247,-0.14827,-0.1636,-0.16901,-0.10089,-0.21564,-0.12365,-0.48843,-0.49198,-0.58377,-0.76508,-0.46422,-0.57209,-0.31802,-0.43442,-0.26293,-0.15787,-0.2519,-0.16124,-0.28834,-0.3383,-0.26161,-0.31829,-0.30026,-0.32064,-0.33193,-0.59445,-0.50768,-0.31344,-0.30589,-0.067618,0.097748,0.15702,0.090949,-0.57662,-0.39938,-0.17487,-0.2025,0.041657,0.22608,-0.0041519,0.015183,-0.087351,-0.19443,-0.16542,-0.17036,-0.35382,-0.20483,-0.21889,-0.10655,-0.3649,-0.2127,-0.49493,0.021411,-0.25617,0.010201,-0.31081,0.028279,-0.23144,-0.39964,-0.45712,-0.44661,-0.78965,-0.80069,-0.4258,-0.37925,-0.44243,-0.29938,-0.31373,-0.13714,-0.18987,-0.14149,-0.21355,-0.28697,-0.40152,-0.084376
-0.11655,0.10155,-0.11825,-0.27737,-0.22037,-0.092616,-0.26106,-0.09543,-0.040885,-0.15989,-0.28329,-0.15236,-0.18622,-0.16873,0.11029,0.024525,0,0.38817,0.24966,0.011487,-0.017248,-0.11032,0.13398,0.067411,-0.39617,-0.089294,0.045711,-0.12601,-0.076354,-0.049419,0.027991,-0.11723,-0.016031,-0.051334,-0.018845,0.07854,-0.41321,-0.36653,-0.47885,-0.63898,-0.3178,-0.53709,-0.093677,-0.19548,0.0022086,0.023602,-0.37991,-0.25804,0.055681,-0.33396,-0.21233,-0.28569,-0.06312,-0.12875,-0.37579,-0.31007,-0.25141,-0.31832,-0.25605,0.059845,-0.049638,-0.11621,-0.042303,-0.68302,-0.3877,-0.15057,-0.18043,-0.058,0.19505,0.014434,-0.0028083,0.039754,-0.099282,-0.076845,-0.052712,-0.22458,-0.07835,0.014065,-0.025984,-0.030724,-0.062088,-0.29432,-0.085569,0.0024508,-0.019156,-0.12714,-0.099761,-0.357,-0.35327,-0.47512,-0.40487,-0.6684,-0.86552,-0.2809,-0.19277,-0.39483,-0.40258,-0.42176,-0.34446,-0.21959,-0.16795,-0.19063,-0.32284,-0.33823,-0.15224
-0.19935,-0.058951,-0.24426,-0.22274,-0.2761,-0.2277,-0.27657,-0.14013,-0.10822,-0.22942,-0.24575,-0.075876,-0.13855,-0.15014,0.034709,0.072445,0.38817,0,0.1562,0.18329,-0.098602,-0.15389,0.050105,0.097275,-0.44824,-0.064787,0.0011418,-0.116,-0.076672,-0.14689,-0.049771,-0.097806,-0.11192,-0.038174,-0.18726,-0.066546,-0.47924,-0.4057,-0.53043,-0.71948,-0.33954,-0.59715,-0.19662,-0.33958,-0.11829,-0.012081,-0.30223,-0.13729,-0.060347,-0.34189,-0.30034,-0.31185,-0.21147,-0.33013,-0.50322,-0.45444,-0.37312,-0.22761,-0.18756,0.1307,0.16433,-0.054234,-0.058496,-0.5607,-0.33353,-0.038549,-0.067232,-0.052193,0.20872,-0.022017,-0.012202,0.083597,-0.04623,0.010795,-0.018614,-0.26755,-0.12821,-0.069325,0.057463,-0.13832,-0.055797,-0.40541,0.18133,-0.029052,0.12035,-0.14115,-0.034178,-0.26467,-0.38564,-0.35914,-0.31686,-0.67551,-0.85965,-0.46535,-0.39885,-0.60322,-0.49243,-0.5587,-0.3581,-0.085391,-0.029773,-0.14744,-0.19574,-0.48575,-0.22361
-0.16446,0.059349,-0.15172,-0.16352,-0.18241,0.0045325,-0.2573,-0.017974,-0.055878,0.028665,-0.2417,0.05849,-0.046328,-0.075057,0.040602,0.06831,0.24966,0.1562,0,0.2165,-0.23766,-0.16431,0.29775,0.1973,-0.40183,0.1958,0.083222,-0.093204,-0.17398,-0.11262,-0.050492,-0.08121,-0.033302,-0.062146,-0.049655,-0.073339,-0.3932,-0.34786,-0.46931,-0.54964,-0.35956,-0.42077,-0.23207,-0.29738,-0.013811,0.0864,-0.1565,-0.044131,-0.048744,-0.221,-0.13901,-0.35103,-0.13416,-0.14118,-0.33198,-0.4749,-0.43871,-0.22274,-0.17441,0.0024104,-0.037177,-0.039858,-0.072168,-0.77457,-0.5165,-0.0089496,-0.047556,-0.0076118,0.19061,-0.080454,-0.062399,-0.044564,-0.06105,0.054136,-0.018516,-0.33939,0.012283,0.043301,0.13254,-0.10658,0.04224,-0.36518,-0.076245,-0.072185,0.14776,-0.12403,0.1939,-0.19088,-0.28978,-0.43268,-0.35032,-0.66935,-0.76965,-0.42376,-0.226,-0.35648,-0.24968,-0.35223,-0.16738,-0.41664,-0.35978,-0.38762,-0.39312,-0.34242,-0.13359
-0.20006,-0.052654,-0.24865,-0.047672,-0.26324,-0.18976,-0.25668,-0.023597,-0.12225,-0.035735,-0.21477,0.084278,-0.078229,-0.12614,0.0015627,0.083764,0.011487,0.18329,0.2165,0,-0.26445,-0.091295,0.11309,0.31892,-0.4246,0.16993,0.081821,-0.082271,-0.15695,-0.21272,-0.098878,-0.070882,-0.21804,-0.14604,-0.20326,-0.2304,-0.49455,-0.42949,-0.4831,-0.59728,-0.33543,-0.40926,-0.28061,-0.38398,-0.16672,-0.014866,-0.1811,-0.050007,-0.13589,-0.29971,-0.28563,-0.35888,-0.24038,-0.33087,-0.43017,-0.59286,-0.57293,-0.20661,-0.20142,0.037286,0.21846,-0.032471,-0.12549,-0.57973,-0.41948,0.0084364,-0.00019029,-0.080143,0.046905,-0.15502,-0.10515,-0.10914,-0.060975,-0.0041519,-0.04604,-0.32314,-0.046109,-0.086884,0.13742,-0.19712,-0.061644,-0.47202,0.15281,-0.11419,0.20422,-0.12978,0.30733,-0.20357,-0.42188,-0.39823,-0.32948,-0.64633,-0.65211,-0.62214,-0.46937,-0.53693,-0.33493,-0.49202,-0.23595,-0.29593,-0.22057,-0.31865,-0.19525,-0.43515,-0.26907
-0.031848,-0.17609,-0.19702,-0.21382,-0.18101,-0.26397,-0.11803,-0.17376,-0.079803,-0.32621,-0.21306,-0.32807,-0.35941,-0.25637,0.023527,-0.30187,-0.017248,-0.098602,-0.23766,-0.26445,0,-0.030776,-0.046051,-0.1195,-0.17798,-0.23745,-0.082334,-0.11251,0.063662,-0.070744,0.090696,-0.033561,-0.052775,-0.13688,-0.042147,-0.038647,-0.14376,-0.11458,-0.1913,-0.38564,-0.066776,-0.35136,-0.027264,-0.10266,-0.13843,-0.2406,-0.68254,-0.59305,0.066442,-0.29214,-0.22921,-0.2524,-0.045659,-0.2831,-0.40782,-0.11441,-0.20611,-0.59425,-0.52758,-0.012531,-0.19079,-0.23962,-0.070057,-0.33511,-0.17613,-0.47839,-0.46997,-0.15348,-0.15847,0.11178,0.089981,-0.033953,-0.15092,-0.37321,-0.26829,0.066523,-0.25065,-0.066113,-0.17211,-0.12129,-0.014722,-0.26952,-0.29801,0.063553,-0.2589,0.012594,-0.28749,-0.64801,-0.47217,-0.6079,-0.51422,-0.27129,-0.46755,-0.15409,-0.22982,-0.27453,-0.4813,-0.55002,-0.64557,-0.074313,-0.17862,0.026047,-0.21142,-0.38599,-0.51825
-0.18606,-0.043358,-0.24994,-0.26084,-0.33758,-0.24986,-0.2579,-0.1069,-0.20338,-0.058115,-0.33286,-0.20262,-0.31079,-0.29564,-0.079232,-0.11961,-0.11032,-0.15389,-0.16431,-0.091295,-0.030776,0,-0.16031,-0.04386,-0.36049,-0.2224,-0.080108,-0.23145,-0.18302,-0.15665,-0.014261,0.0063028,-0.29533,-0.26825,-0.083193,-0.15984,-0.4318,-0.41843,-0.35582,-0.47259,-0.2702,-0.28543,-0.045302,-0.14334,-0.076845,-0.065669,-0.54872,-0.3681,-0.12776,-0.43824,-0.34188,-0.39743,-0.26291,-0.247,-0.40616,-0.27368,-0.33533,-0.32341,-0.30987,-0.25746,-0.13453,-0.20666,-0.016267,-0.49875,-0.2157,-0.25027,-0.21989,-0.23546,-0.15657,-0.056639,-0.0019029,0.00077848,0.094559,-0.15312,-0.0045094,-0.23702,-0.098284,-0.1295,-0.11094,-0.27458,-0.21627,-0.41974,-0.28654,-0.089594,-0.20288,-0.13329,-0.071124,-0.42797,-0.3891,-0.38795,-0.30895,-0.42732,-0.52677,-0.4761,-0.36287,-0.38842,-0.41743,-0.54503,-0.49711,-0.30428,-0.19618,-0.30907,-0.20054,-0.45422,-0.47988
0.12269,0.056091,-0.18563,-0.049096,0.062636,0.058461,0.053848,0.20116,0.24453,0.029288,-0.016982,0.12524,-0.083966,-0.057273,0.061102,-0.1171,0.13398,0.050105,0.29775,0.11309,-0.046051,-0.16031,0,0.22925,-0.12587,0.38246,0.13205,0.038734,0.02945,-0.076712,0.21702,0.0087939,0.050578,-0.011746,0.097373,-0.074717,-0.13515,-0.091884,-0.19856,-0.35807,-0.051368,-0.2505,-0.11929,-0.23752,-0.063403,-0.045152,-0.34504,-0.27641,0.087126,-0.07497,-0.023279,-0.41597,0.054701,-0.18055,-0.31014,-0.42622,-0.48461,-0.45238,-0.40973,0.27348,-0.015529,-0.078794,-0.11659,-0.61234,-0.53354,-0.246,-0.26139,-0.031554,0.033463,-0.0037886,0.0057088,-0.027293,-0.054009,-0.14296,-0.11026,-0.076579,-0.012277,0.11951,0.15836,-0.0091572,0.26829,-0.37055,-0.11884,0.064078,0.13667,0.024058,0.042707,-0.42745,-0.4794,-0.53402,-0.36602,-0.44959,-0.61753,-0.27047,-0.17071,-0.25561,-0.31028,-0.45426,-0.33988,-0.35727,-0.38908,-0.31649,-0.40149,-0.38522,-0.32793
-0.067416,0.11712,-0.18103,-0.040216,-0.10153,0.02321,-0.13589,0.089381,-0.0249,0.076977,-0.16995,0.073869,-0.063818,-0.12499,0.19367,0.062232,0.067411,0.097275,0.1973,0.31892,-0.1195,-0.04386,0.22925,0,-0.30944,0.13184,0.31609,0.036087,-0.059395,-0.23164,0.035856,-0.13684,-0.12569,-0.16524,-0.072012,-0.21838,-0.31196,-0.28946,-0.39432,-0.50892,-0.24745,-0.31334,-0.16698,-0.27879,-0.11433,0.0028083,-0.36025,-0.27017,-0.030626,-0.23798,-0.20515,-0.32405,-0.03607,-0.12186,-0.30585,-0.45314,-0.49159,-0.37559,-0.36518,0.11025,0.18519,0.0086844,0.060744,-0.64326,-0.45331,-0.18776,-0.19207,-0.062751,0.12395,-0.010997,0.053358,-0.11681,-0.065519,-0.13266,-0.10159,-0.22199,0.015218,-0.0044402,0.087726,-0.11788,0.00978,-0.34069,-0.016014,-0.021192,0.088418,0.047107,0.21818,-0.38396,-0.44858,-0.5598,-0.38183,-0.5193,-0.61701,-0.46857,-0.32258,-0.38054,-0.30499,-0.45827,-0.27488,-0.31565,-0.22927,-0.27381,-0.18937,-0.42213,-0.29123
0.17568,-0.22703,-0.50667,-0.26178,0.15587,-0.14723,0.38933,0.036387,0.20993,-0.22865,0.19667,-0.14198,-0.38887,-0.33389,-0.36461,-0.50864,-0.39617,-0.44824,-0.40183,-0.4246,-0.17798,-0.36049,-0.12587,-0.30944,0,-0.20176,-0.29656,-0.14958,-0.11503,-0.27348,-0.0029467,-0.27236,-0.25002,-0.29615,-0.060174,-0.36422,0.30646,0.38754,0.51855,0.1065,0.31355,-0.036779,-0.16465,-0.31278,-0.31264,-0.45399,-0.77728,-0.66392,-0.268,-0.074867,-0.14736,-0.75055,-0.019664,-0.34919,-0.28566,-0.45189,-0.59702,-0.88013,-0.87857,-0.10959,-0.30064,-0.3488,-0.4094,-0.39395,-0.69301,-0.74173,-0.69767,-0.38209,-0.45503,-0.20128,-0.20713,-0.28883,-0.28033,-0.54485,-0.39749,0.13776,-0.21971,-0.31212,-0.31053,-0.23988,-0.13077,-0.49153,-0.424,-0.23985,-0.27592,-0.2708,-0.38793,-0.95932,-0.85847,-0.61555,-0.36693,-0.12275,-0.40736,-0.064573,-0.20736,-0.15782,-0.41126,-0.52662,-0.5384,-0.42096,-0.51412,-0.40353,-0.52991,-0.49863,-0.55058
-0.020863,-0.029006,-0.28356,-0.10286,-0.065669,-0.027235,-0.051685,0.21252,0.044581,0.061361,-0.073413,0.17175,-0.095764,-0.14105,-0.12661,-0.19715,-0.089294,-0.064787,0.1958,0.16993,-0.23745,-0.2224,0.38246,0.13184,-0.20176,0,0.011585,-0.041011,-0.16101,-0.21461,0.028838,-0.0022489,-0.11342,-0.14989,-0.052527,-0.232,-0.22374,-0.17059,-0.23855,-0.31822,-0.10391,-0.19629,-0.2109,-0.26859,-0.1362,-0.044737,-0.25011,-0.17467,-0.12745,-0.11607,-0.13354,-0.48592,-0.071309,-0.2304,-0.30096,-0.48878,-0.58022,-0.36414,-0.33329,0.030078,-0.074959,-0.094363,-0.23121,-0.5859,-0.54812,-0.18011,-0.18631,-0.11628,-0.087536,-0.15164,-0.11905,-0.11984,-0.045717,-0.09761,-0.12741,-0.25414,-0.019698,-0.020465,0.10038,-0.13092,0.10797,-0.47031,-0.15567,-0.067168,0.11879,-0.082922,0.095776,-0.33956,-0.4486,-0.47974,-0.33894,-0.46145,-0.57055,-0.44051,-0.32256,-0.33864,-0.32576,-0.49545,-0.32039,-0.46844,-0.43466,-0.44007,-0.35919,-0.44911,-0.40154
-0.089202,0.00741,-0.22819,-0.24817,-0.086186,0.0036387,-0.14351,-0.018309,-0.051028,-0.044252,-0.112,-0.078592,-0.082974,-0.13269,0.35928,0.11624,0.045711,0.0011418,0.083222,0.081821,-0.082334,-0.080108,0.13205,0.31609,-0.29656,0.011585,0,0.3688,0.049384,-0.17058,0.026889,-0.12035,-0.04224,-0.13085,-0.096751,-0.21845,-0.24211,-0.25664,-0.41418,-0.58339,-0.28827,-0.40775,-0.27877,-0.34349,-0.19471,-0.09569,-0.41317,-0.31915,-0.073062,-0.13071,-0.10636,-0.32929,-0.031687,-0.13563,-0.24501,-0.4758,-0.54533,-0.50295,-0.47593,0.1357,0.10071,0.28011,0.15237,-0.59619,-0.47232,-0.32499,-0.33872,0.1898,0.29539,0.18387,0.21477,-0.11191,-0.1689,-0.24808,-0.2328,-0.14174,-0.043353,0.0093475,-0.03002,-0.15155,0.0096358,-0.44323,-0.1252,-0.068091,-0.0024969,0.015691,0.08283,-0.42339,-0.45881,-0.7337,-0.58174,-0.50402,-0.66209,-0.34689,-0.32132,-0.24247,-0.24279,-0.36498,-0.24948,-0.24829,-0.29151,-0.19031,-0.24445,-0.43211,-0.2725
-0.061298,-0.15027,-0.38247,-0.29924,0.024583,-0.047897,-0.029398,-0.05281,0.0099703,-0.16725,0.10016,-0.086561,-0.028267,-0.057804,0.046542,-0.05044,-0.12601,-0.116,-0.093204,-0.082271,-0.11251,-0.23145,0.038734,0.036087,-0.14958,-0.041011,0.3688,0,0.0445,-0.21833,-0.019168,-0.13805,0.039581,-0.032004,-0.13707,-0.28062,-0.076343,-0.082928,-0.28713,-0.48972,-0.21421,-0.41543,-0.35703,-0.45321,-0.27656,-0.21925,-0.48656,-0.34929,-0.19272,0.099864,0.034466,-0.47199,-0.073563,-0.30243,-0.32282,-0.61615,-0.69123,-0.62991,-0.61432,0.15081,0.068114,0.29032,-0.034864,-0.44826,-0.52036,-0.42851,-0.42746,0.13395,0.084393,0.17414,0.22089,-0.11816,-0.18823,-0.33272,-0.30791,-0.022997,-0.094951,-0.06041,-0.072306,-0.16347,0.10927,-0.5237,-0.10478,-0.10757,-0.0076176,-0.03314,-0.04435,-0.51914,-0.58582,-0.76414,-0.58331,-0.39013,-0.62746,-0.30013,-0.39634,-0.26599,-0.31946,-0.46879,-0.36007,-0.18825,-0.33144,-0.17231,-0.27708,-0.56845,-0.38495
-0.028469,-0.24085,-0.32597,-0.2663,-0.076072,-0.23882,0.022011,-0.11281,0.021751,-0.33713,-0.066505,-0.24295,-0.274,-0.18615,0.15482,-0.056846,-0.076354,-0.076672,-0.17398,-0.15695,0.063662,-0.18302,0.02945,-0.059395,-0.11503,-0.16101,0.049384,0.0445,0,0.1574,0.24476,-0.0098434,-0.023181,-0.040406,-0.0034541,0.0021855,-0.083332,-0.054649,-0.19676,-0.45244,-0.048145,-0.43078,-0.12957,-0.32808,-0.25932,-0.29394,-0.56428,-0.53325,-0.06673,-0.18432,-0.15042,-0.30468,-0.10633,-0.39996,-0.3147,-0.40753,-0.44936,-0.65959,-0.62591,0.23657,0.0042672,0.0018568,-0.013378,-0.34873,-0.38116,-0.5305,-0.5407,0.050417,-0.079872,0.23657,0.15394,-0.0085517,-0.24716,-0.41872,-0.326,0.035614,-0.32149,-0.20329,-0.18333,-0.28112,-0.076204,-0.49542,-0.1892,-0.16006,-0.13874,-0.18594,-0.22703,-0.61233,-0.65557,-0.6206,-0.53625,-0.45134,-0.61657,-0.12097,-0.30959,-0.27992,-0.43857,-0.44091,-0.42468,-0.020269,-0.19612,0.0085863,-0.36276,-0.39244,-0.32814
-0.19757,-0.28744,-0.26132,-0.35166,-0.30309,-0.34575,-0.2377,-0.22709,-0.12005,-0.36383,-0.28961,-0.35745,-0.40669,-0.28522,-0.017957,-0.10247,-0.049419,-0.14689,-0.11262,-0.21272,-0.070744,-0.15665,-0.076712,-0.23164,-0.27348,-0.21461,-0.17058,-0.21833,0.1574,0,0.091653,0.10067,-0.11057,-0.11911,0.013373,0.23357,-0.28781,-0.22833,-0.29243,-0.45413,-0.22416,-0.50138,-0.11374,-0.25777,-0.16971,-0.27422,-0.44498,-0.46225,-0.12491,-0.35722,-0.25103,-0.26921,-0.24671,-0.41052,-0.3244,-0.34738,-0.3201,-0.50062,-0.43829,-0.091936,-0.23006,-0.18376,-0.18454,-0.41963,-0.3501,-0.44214,-0.45897,-0.021671,-0.18976,0.033694,-0.051726,-0.01952,-0.273,-0.37085,-0.30598,-0.21157,-0.36996,-0.30447,-0.29463,-0.3474,-0.21589,-0.45029,-0.33145,-0.27471,-0.26346,-0.39465,-0.2701,-0.49894,-0.53237,-0.52619,-0.56538,-0.6372,-0.70535,-0.12569,-0.25182,-0.28408,-0.42832,-0.32125,-0.38346,-0.22014,-0.30552,-0.12058,-0.483,-0.17207,-0.19653
0.17816,0.015051,-0.28296,-0.24156,-0.011994,-0.072151,0.15345,0.22469,0.26587,-0.088476,-0.030943,-0.064844,-0.25952,-0.22822,0.021261,-0.14827,0.027991,-0.049771,-0.050492,-0.098878,0.090696,-0.014261,0.21702,0.035856,-0.0029467,0.028838,0.026889,-0.019168,0.24476,0.091653,0,0.12911,-0.059724,-0.10689,0.27428,0.0067065,-0.069631,-0.011279,-0.089306,-0.31425,0.1145,-0.26434,0.14574,-0.13754,-0.056719,-0.10764,-0.63001,-0.49744,-0.024369,-0.2157,-0.16019,-0.47396,0.024167,-0.23962,-0.29337,-0.3332,-0.41263,-0.57313,-0.53258,0.13779,-0.036721,-0.080697,-0.071747,-0.49077,-0.44955,-0.43731,-0.42886,-0.098302,-0.10798,0.20993,0.17643,0.14679,0.0059741,-0.27387,-0.1345,-0.0097973,-0.11714,-0.11493,-0.10312,-0.15415,0.0022893,-0.44509,-0.24618,-0.040452,-0.093804,-0.12708,-0.1611,-0.65814,-0.63993,-0.56166,-0.38053,-0.42528,-0.70977,-0.18463,-0.25239,-0.29214,-0.50159,-0.56164,-0.5169,-0.24769,-0.24802,-0.21785,-0.35179,-0.43885,-0.41794
-0.2142,-0.27677,-0.28279,-0.24996,-0.33088,-0.36221,-0.18076,-0.10191,-0.13701,-0.25794,-0.2437,-0.20942,-0.31681,-0.27061,-0.12766,-0.1636,-0.11723,-0.097806,-0.08121,-0.070882,-0.033561,0.0063028,0.0087939,-0.13684,-0.27236,-0.0022489,-0.12035,-0.13805,-0.0098434,0.10067,0.12911,0,-0.14833,-0.11799,-0.073592,0.0071562,-0.27017,-0.22192,-0.24409,-0.37875,-0.11728,-0.31197,-0.083343,-0.16599,-0.17593,-0.13047,-0.3784,-0.31769,-0.19703,-0.32972,-0.28514,-0.3792,-0.33643,-0.49966,-0.4491,-0.38637,-0.39429,-0.36972,-0.2988,-0.11628,-0.14925,-0.13261,-0.20197,-0.28299,-0.20373,-0.28559,-0.27972,-0.12257,-0.18667,0.040902,0.0044863,0.12558,0.018857,-0.2098,-0.16972,-0.25782,-0.28626,-0.16207,-0.11805,-0.27893,-0.033947,-0.47285,-0.2292,-0.1106,-0.15486,-0.23401,-0.13994,-0.39211,-0.44517,-0.42767,-0.40118,-0.47686,-0.59713,-0.3734,-0.40697,-0.43886,-0.52599,-0.59326,-0.54952,-0.22594,-0.27728,-0.26085,-0.23774,-0.43082,-0.50418
-0.098878,-0.18366,-0.23915,-0.3043,-0.027518,-0.024046,-0.14333,-0.1756,-0.086919,-0.2969,-0.17768,-0.22643,0.10108,0.25087,-0.076989,-0.16901,-0.016031,-0.11192,-0.033302,-0.21804,-0.052775,-0.29533,0.050578,-0.12569,-0.25002,-0.11342,-0.04224,0.039581,-0.023181,-0.11057,-0.059724,-0.14833,0,0.44094,0.096814,0.092166,-0.12408,-0.084964,-0.3109,-0.51243,-0.24292,-0.50518,-0.21029,-0.291,-0.030441,-0.065525,-0.44678,-0.30228,-0.02441,0.092034,0.34562,-0.30226,-0.079278,-0.26535,-0.41559,-0.36639,-0.34175,-0.44766,-0.42792,-0.039253,-0.15292,-0.050486,-0.060964,-0.42508,-0.36414,-0.29813,-0.29854,-0.06515,-0.063651,0.02362,0.068454,0.010553,-0.14034,-0.20204,-0.16407,-0.10096,-0.1796,0.10779,0.013459,-0.034484,0.1699,-0.35398,-0.19404,-0.074376,-0.069123,0.013378,-0.15161,-0.40293,-0.34364,-0.52068,-0.43199,-0.37416,-0.56315,-0.19645,-0.28608,-0.26085,-0.37737,-0.48733,-0.47007,-0.16436,-0.28741,-0.20722,-0.43464,-0.48686,-0.3783
-0.13374,-0.2383,-0.36098,-0.28492,-0.07598,-0.1436,-0.14046,-0.20832,-0.10682,-0.3358,-0.14712,-0.18267,0.19309,0.47052,-0.14407,-0.10089,-0.051334,-0.038174,-0.062146,-0.14604,-0.13688,-0.26825,-0.011746,-0.16524,-0.29615,-0.14989,-0.13085,-0.032004,-0.040406,-0.11911,-0.10689,-0.11799,0.44094,0,-0.021244,0.07771,-0.24421,-0.19287,-0.33285,-0.58285,-0.25817,-0.55643,-0.24421,-0.39086,-0.076187,-0.086798,-0.37806,-0.16971,-0.10671,0.053219,0.22533,-0.38909,-0.22279,-0.43179,-0.57189,-0.4909,-0.42296,-0.34649,-0.35328,-0.03276,-0.059032,-0.048727,-0.091647,-0.37512,-0.32386,-0.17644,-0.175,-0.097172,-0.064937,-0.052037,0.016971,0.12151,-0.051466,-0.087178,-0.043952,-0.1224,-0.2066,0.01437,0.11629,-0.15972,0.14599,-0.47827,-0.036969,-0.12363,0.050567,-0.086382,-0.13178,-0.30378,-0.36881,-0.33475,-0.28924,-0.39744,-0.58271,-0.30242,-0.39712,-0.41552,-0.44674,-0.58635,-0.48587,-0.070934,-0.19831,-0.21758,-0.42745,-0.59626,-0.41322
0.16478,0.092472,-0.26815,-0.3038,0.015823,0.10017,0.014849,0.1647,0.11498,-0.11058,-0.17922,-0.14907,-0.17199,-0.10181,-0.1165,-0.21564,-0.018845,-0.18726,-0.049655,-0.20326,-0.042147,-0.083193,0.097373,-0.072012,-0.060174,-0.052527,-0.096751,-0.13707,-0.0034541,0.013373,0.27428,-0.073592,0.096814,-0.021244,0,0.1461,-0.12384,-0.040983,-0.11704,-0.30343,-0.021278,-0.2811,0.21276,-0.02464,0.2172,0.0063605,-0.64861,-0.45003,-0.0057261,-0.1645,0.0080674,-0.45148,0.1046,-0.1068,-0.30072,-0.23751,-0.28865,-0.48883,-0.46824,-0.11129,-0.18455,-0.17247,-0.09295,-0.56279,-0.46099,-0.38825,-0.36293,-0.23913,-0.21399,0.016636,0.054984,0.058645,-0.016982,-0.21703,-0.045677,-0.11031,-0.062913,-0.074567,-0.09712,-0.11867,-0.042465,-0.41687,-0.34927,-0.13632,-0.14376,-0.13896,-0.16131,-0.59863,-0.47938,-0.5236,-0.33905,-0.38596,-0.62612,-0.13779,-0.19281,-0.20466,-0.4107,-0.49711,-0.48942,-0.35079,-0.28726,-0.35961,-0.48123,-0.41249,-0.38446
-0.19848,-0.20885,-0.22813,-0.38902,-0.28937,-0.25328,-0.27856,-0.23079,-0.18554,-0.41075,-0.41453,-0.39238,-0.25726,-0.13691,-0.11058,-0.12365,0.07854,-0.066546,-0.073339,-0.2304,-0.038647,-0.15984,-0.074717,-0.21838,-0.36422,-0.232,-0.21845,-0.28062,0.0021855,0.23357,0.0067065,0.0071562,0.092166,0.07771,0.1461,0,-0.35877,-0.29273,-0.35863,-0.52962,-0.24356,-0.52777,0.061777,-0.072254,0.034859,-0.067313,-0.45195,-0.37865,-0.050099,-0.34646,-0.15803,-0.21132,-0.21861,-0.33509,-0.45665,-0.19833,-0.081429,-0.33593,-0.28024,-0.18395,-0.25469,-0.23615,-0.14124,-0.41053,-0.20164,-0.28158,-0.29023,-0.2002,-0.18899,-0.049142,-0.065415,0.094115,-0.15263,-0.20847,-0.12576,-0.28229,-0.35345,-0.17797,-0.19241,-0.2264,-0.16816,-0.35779,-0.29025,-0.22556,-0.23776,-0.29398,-0.28837,-0.40052,-0.34332,-0.39801,-0.40054,-0.56944,-0.66528,-0.15277,-0.25984,-0.38311,-0.52124,-0.46161,-0.51506,-0.16779,-0.1616,-0.21661,-0.44599,-0.30763,-0.29258
-0.017876,-0.33214,-0.38446,-0.25331,0.082842,-0.16555,0.18127,-0.1242,0.0078598,-0.27826,0.089756,-0.228,-0.32897,-0.27442,-0.28376,-0.48843,-0.41321,-0.47924,-0.3932,-0.49455,-0.14376,-0.4318,-0.13515,-0.31196,0.30646,-0.22374,-0.24211,-0.076343,-0.083332,-0.28781,-0.069631,-0.27017,-0.12408,-0.24421,-0.12384,-0.35877,0,0.59704,0.20808,0.0086671,0.10321,-0.10794,-0.28024,-0.34741,-0.39168,-0.47935,-0.67063,-0.664,-0.2951,0.010282,-0.061217,-0.55337,-0.076568,-0.33962,-0.19336,-0.40347,-0.555,-0.93379,-0.89865,-0.11528,-0.33123,-0.27371,-0.31497,-0.30656,-0.58829,-0.77357,-0.74702,-0.29074,-0.39078,-0.11766,-0.15398,-0.30738,-0.33946,-0.59667,-0.49644,0.090759,-0.28036,-0.21669,-0.30072,-0.23327,-0.048658,-0.37066,-0.44481,-0.16781,-0.30236,-0.1662,-0.38433,-0.81171,-0.65011,-0.68323,-0.46713,-0.075639,-0.33018,-0.029392,-0.16459,-0.037684,-0.33003,-0.43741,-0.49969,-0.35906,-0.53726,-0.3009,-0.47518,-0.47152,-0.55132
0.031306,-0.30064,-0.39396,-0.22113,0.072595,-0.15892,0.17522,-0.05928,0.070473,-0.28982,0.09652,-0.16635,-0.31745,-0.24681,-0.30136,-0.49198,-0.36653,-0.4057,-0.34786,-0.42949,-0.11458,-0.41843,-0.091884,-0.28946,0.38754,-0.17059,-0.25664,-0.082928,-0.054649,-0.22833,-0.011279,-0.22192,-0.084964,-0.19287,-0.040983,-0.29273,0.59704,0,0.21351,-0.011348,0.12929,-0.17819,-0.21564,-0.32494,-0.27641,-0.39559,-0.69836,-0.60383,-0.23445,0.003483,-0.068777,-0.55935,-0.058692,-0.37732,-0.28805,-0.41834,-0.53345,-0.80629,-0.77735,-0.07478,-0.26093,-0.26454,-0.32385,-0.30997,-0.58331,-0.69109,-0.65023,-0.30111,-0.40317,-0.082109,-0.11287,-0.22662,-0.27425,-0.5127,-0.41227,0.074549,-0.22872,-0.21756,-0.25377,-0.20374,-0.00038059,-0.42424,-0.38773,-0.16678,-0.25151,-0.16712,-0.33313,-0.8051,-0.66297,-0.64192,-0.42531,-0.11373,-0.40477,-0.092218,-0.242,-0.15147,-0.38404,-0.51761,-0.52204,-0.31567,-0.46731,-0.29773,-0.45247,-0.50007,-0.52586
0.085529,-0.30413,-0.53031,-0.24121,0.018211,-0.26039,0.26563,-0.046749,0.048548,-0.29648,0.039864,-0.2474,-0.45987,-0.36817,-0.4323,-0.58377,-0.47885,-0.53043,-0.46931,-0.4831,-0.1913,-0.35582,-0.19856,-0.39432,0.51855,-0.23855,-0.41418,-0.28713,-0.19676,-0.29243,-0.089306,-0.24409,-0.3109,-0.33285,-0.11704,-0.35863,0.20808,0.21351,0,0.31056,0.44295,0.12104,-0.1462,-0.23053,-0.36006,-0.5258,-0.7053,-0.66533,-0.35296,-0.17789,-0.22136,-0.72845,-0.10147,-0.40608,-0.29357,-0.3596,-0.52179,-0.82657,-0.81255,-0.22909,-0.41353,-0.45089,-0.46401,-0.30367,-0.55623,-0.72726,-0.68356,-0.47744,-0.55485,-0.29267,-0.29195,-0.33025,-0.28775,-0.56232,-0.41718,0.041115,-0.30593,-0.35665,-0.3373,-0.33555,-0.17058,-0.47044,-0.48732,-0.26177,-0.32798,-0.33227,-0.44125,-0.85865,-0.73919,-0.52155,-0.33262,-0.04578,-0.2674,-0.054367,-0.17344,-0.1453,-0.406,-0.51479,-0.58486,-0.45283,-0.51831,-0.43094,-0.52335,-0.46028,-0.66283
-0.1985,-0.40439,-0.46657,-0.25455,-0.23101,-0.36905,-0.1038,-0.2002,-0.20141,-0.31263,-0.20969,-0.33414,-0.62988,-0.57605,-0.60735,-0.76508,-0.63898,-0.71948,-0.54964,-0.59728,-0.38564,-0.47259,-0.35807,-0.50892,0.1065,-0.31822,-0.58339,-0.48972,-0.45244,-0.45413,-0.31425,-0.37875,-0.51243,-0.58285,-0.30343,-0.52962,0.0086671,-0.011348,0.31056,0,0.040614,0.30387,-0.27449,-0.22657,-0.47009,-0.61242,-0.57577,-0.66575,-0.5024,-0.36255,-0.41461,-0.67481,-0.2589,-0.38457,-0.21282,-0.32697,-0.47392,-0.70862,-0.68277,-0.45182,-0.60829,-0.65378,-0.65377,-0.32657,-0.58491,-0.72947,-0.6853,-0.671,-0.75329,-0.49875,-0.51876,-0.55354,-0.42741,-0.64049,-0.54616,-0.2469,-0.37825,-0.46971,-0.49014,-0.39429,-0.35485,-0.34503,-0.63966,-0.36733,-0.48923,-0.45483,-0.51103,-0.7474,-0.60098,-0.49776,-0.34092,-0.094796,-0.14569,-0.18822,-0.14915,-0.15631,-0.33496,-0.40487,-0.49876,-0.68111,-0.68227,-0.60232,-0.51774,-0.34301,-0.61444
0.22804,-0.19579,-0.47838,-0.22846,0.051518,-0.21289,0.42491,0.10526,0.15003,-0.26503,0.034541,-0.19259,-0.39749,-0.33386,-0.30768,-0.46422,-0.3178,-0.33954,-0.35956,-0.33543,-0.066776,-0.2702,-0.051368,-0.24745,0.31355,-0.10391,-0.28827,-0.21421,-0.048145,-0.22416,0.1145,-0.11728,-0.24292,-0.25817,-0.021278,-0.24356,0.10321,0.12929,0.44295,0.040614,0,0.037667,0.024571,-0.12278,-0.28757,-0.38715,-0.68903,-0.62712,-0.24794,-0.20988,-0.23184,-0.63672,-0.012213,-0.3665,-0.31837,-0.29934,-0.453,-0.7356,-0.70601,-0.08076,-0.28468,-0.3497,-0.35949,-0.31603,-0.46723,-0.61187,-0.5874,-0.39738,-0.41889,-0.18773,-0.18631,-0.19238,-0.18102,-0.45806,-0.31888,0.048698,-0.28153,-0.27785,-0.24522,-0.27017,-0.10223,-0.47688,-0.37733,-0.16813,-0.23425,-0.24732,-0.38705,-0.80431,-0.7301,-0.51279,-0.31388,-0.14867,-0.37766,-0.087224,-0.22218,-0.25021,-0.51132,-0.61347,-0.63951,-0.34314,-0.36438,-0.35117,-0.41826,-0.50143,-0.66851
-0.15315,-0.26284,-0.40953,-0.17148,-0.19346,-0.26981,-0.066684,-0.087161,-0.18648,-0.13629,-0.22164,-0.23688,-0.50095,-0.50185,-0.46486,-0.57209,-0.53709,-0.59715,-0.42077,-0.40926,-0.35136,-0.28543,-0.2505,-0.31334,-0.036779,-0.19629,-0.40775,-0.41543,-0.43078,-0.50138,-0.26434,-0.31197,-0.50518,-0.55643,-0.2811,-0.52777,-0.10794,-0.17819,0.12104,0.30387,0.037667,0,-0.22553,-0.15017,-0.4331,-0.47262,-0.48177,-0.55274,-0.43177,-0.36679,-0.39442,-0.63492,-0.21752,-0.27047,-0.19174,-0.30703,-0.48656,-0.59381,-0.58047,-0.40507,-0.5004,-0.54183,-0.49026,-0.41399,-0.51822,-0.55367,-0.52838,-0.59638,-0.5653,-0.46674,-0.44948,-0.50454,-0.30581,-0.49651,-0.41679,-0.26179,-0.28804,-0.33661,-0.34319,-0.35152,-0.29508,-0.33535,-0.54561,-0.27293,-0.37664,-0.31809,-0.35571,-0.60049,-0.51199,-0.46896,-0.28167,-0.1199,-0.11903,-0.29981,-0.13924,-0.16173,-0.27643,-0.41605,-0.45458,-0.7113,-0.62827,-0.65485,-0.42626,-0.38373,-0.66094
