,,,,,,,,,,,,,,,,,,,,,,,,,,,,,,,,,,,,,,,,,,,,,,,,,,,,,,,,,,,,,,,,,,,,,,,,,,,,,,,,,,,,,,,,,,,,,,,,,,,,,,,,
0,0.29235,-0.43521,-0.23327,0.37936,0.12149,0.43667,0.32064,0.34359,-0.033082,0.17109,-0.0090832,-0.16864,-0.12217,-0.14746,-0.22345,0.015388,-0.023178,-0.10782,-0.15572,-0.094055,-0.11787,0.17005,-0.066457,0.23009,-0.041474,-0.052767,-0.073161,-0.087604,-0.22662,0.081046,-0.18307,-0.16466,-0.11146,0.023335,-0.18678,-0.15357,-0.098076,0.027143,-0.32932,0.18555,-0.20859,0.017177,-0.12386,-0.11004,-0.15213,-0.57451,-0.37447,-0.032283,-0.10683,-0.051114,-0.61833,0.37205,-0.084319,-0.38243,-0.2979,-0.41663,-0.54949,-0.56306,0.0986,-0.13444,-0.18116,-0.18919,-0.64706,-0.52754,-0.29353,-0.31226,-0.2234,-0.021237,-0.14935,-0.13287,-0.088656,-0.052452,-0.12911,-0.010945,0.12522,0.019651,-0.029151,-0.026153,-0.14084,-0.0050169,-0.52098,-0.20607,0.053521,-0.010163,-0.07171,-0.25125,-0.5921,-0.60273,-0.40719,-0.19462,-0.28831,-0.58082,-0.13858,-0.15473,-0.25573,-0.42185,-0.52314,-0.45157,-0.3175,-0.26636,-0.32504,-0.45805,-0.53328,-0.44984
0.29235,0,-0.26823,-0.19047,0.15696,0.29556,0.068268,0.37953,0.20979,0.28465,0.0098931,0.14945,-0.15331,-0.18182,-0.16195,-0.15051,0.011108,-0.04707,-0.038802,-0.10074,-0.24359,-0.085219,0.071693,0.018183,-0.020816,-0.094589,0.0029809,-0.12035,-0.23195,-0.33376,-0.057283,-0.3283,-0.24933,-0.22738,-0.028549,-0.28417,-0.31511,-0.27511,-0.22111,-0.40585,-0.12604,-0.22669,-0.079961,-0.20684,-0.097733,-0.076535,-0.51752,-0.29782,-0.058262,-0.20619,-0.11979,-0.611,0.26654,0.13986,-0.27609,-0.3936,-0.46985,-0.42624,-0.45291,-0.027553,-0.078948,-0.2012,-0.19204,-0.90051,-0.67442,-0.19744,-0.2097,-0.28615,-0.00509,-0.22731,-0.20251,-0.20413,-0.092064,-0.069882,0.037823,-0.071614,0.35945,0.011592,-0.020062,-0.019229,-0.1399,-0.42487,-0.17757,0.058706,0.0080034,-0.071969,-0.1326,-0.50871,-0.53985,-0.4164,-0.15173,-0.44587,-0.65685,-0.31335,-0.15874,-0.28611,-0.30715,-0.43278,-0.28493,-0.4449,-0.32165,-0.44329,-0.43619,-0.48324,-0.28312
-0.43521,-0.26823,0,-0.1501,-0.47997,-0.35454,-0.49973,-0.38762,-0.32096,-0.28204,-0.51749,-0.40178,-0.3973,-0.32804,-0.101,-0.11129,-0.17734,-0.29897,-0.2246,-0.31738,-0.24683,-0.2092,-0.31858,-0.24008,-0.48814,-0.4576,-0.22134,-0.35346,-0.28824,-0.20676,-0.32536,-0.39306,-0.22479,-0.29733,-0.18414,-0.15753,-0.37885,-0.34088,-0.50528,-0.44894,-0.53209,-0.43461,-0.30337,-0.25038,-0.24552,-0.30557,-0.41501,-0.45537,-0.22011,-0.5258,-0.34652,-0.034432,-0.28049,-0.17142,-0.056035,-0.28168,-0.17814,-0.37602,-0.34198,-0.32096,-0.24776,-0.34886,-0.19569,-0.42908,-0.32552,-0.40489,-0.37967,-0.32273,-0.28347,-0.22065,-0.26727,-0.36368,-0.41291,-0.42548,-0.37048,-0.29222,-0.22806,-0.16439,-0.29896,-0.15251,-0.3441,0.047542,-0.30208,-0.16498,-0.32454,-0.28576,-0.17213,-0.39625,-0.24255,-0.55824,-0.53267,-0.62084,-0.41385,-0.26722,-0.087947,-0.17713,-0.080315,-0.10062,-0.16842,-0.31807,-0.30362,-0.22287,-0.29517,0.0033915,0.055017
-0.23327,-0.19047,-0.1501,0,-0.31201,-0.33603,-0.25206,-0.17912,-0.18396,-0.14355,-0.22833,-0.073605,-0.23371,-0.15378,-0.13642,-0.1165,-0.18817,-0.10297,-0.11565,0.01306,-0.234,-0.10377,-0.11802,-0.030557,-0.34439,-0.1521,-0.21805,-0.28381,-0.30363,-0.32742,-0.26646,-0.22884,-0.30332,-0.2187,-0.27513,-0.29451,-0.38189,-0.31336,-0.27855,-0.32023,-0.29087,-0.21071,-0.29555,-0.31584,-0.23193,-0.25154,-0.23264,-0.14593,-0.26368,-0.40103,-0.36772,-0.32462,-0.27755,-0.39046,-0.41613,-0.46998,-0.44807,-0.23497,-0.21394,-0.13429,-0.0097694,-0.28388,-0.19424,-0.39127,-0.29103,-0.043571,-0.02266,-0.34221,-0.19484,-0.25393,-0.22837,-0.24739,-0.12192,-0.12471,-0.12346,-0.23169,-0.061558,-0.11696,0.041614,-0.3245,-0.048026,-0.27121,0.054151,-0.03171,0.01721,-0.15387,0.077762,-0.2186,-0.29613,-0.26846,-0.20755,-0.35759,-0.29016,-0.47999,-0.2546,-0.40957,-0.13895,-0.3953,-0.22129,-0.27299,-0.18659,-0.267,-0.10174,-0.3382,-0.30373
0.37936,0.15696,-0.47997,-0.31201,0,0.38825,0.32818,0.15533,0.18993,-0.047672,0.18796,-0.016969,0.047199,0.025,-0.14862,-0.2083,-0.020129,-0.086789,-0.02383,-0.184,-0.16201,-0.24942,0.19483,-0.051277,0.078712,-0.032036,0.020951,0.052733,-0.10815,-0.29935,-0.034483,-0.27765,-0.05734,-0.042019,-0.033515,-0.239,-0.062272,-0.091271,-0.10412,-0.39725,-0.0073847,-0.24375,-0.13469,-0.23713,-0.14506,-0.12269,-0.46616,-0.27267,-0.069595,0.20557,0.19679,-0.59295,0.32362,-0.014055,-0.37812,-0.3401,-0.45569,-0.52145,-0.55833,0.048352,-0.18678,-0.060197,-0.12055,-0.68594,-0.55656,-0.25024,-0.2892,-0.14277,0.075062,-0.14954,-0.09365,-0.12121,-0.086631,-0.1068,-0.051175,0.057582,-0.00034308,0.066547,0.010967,-0.089016,0.092936,-0.4809,-0.22433,-0.058875,0.0064173,0.061445,-0.20601,-0.46641,-0.46214,-0.44058,-0.2188,-0.24917,-0.58424,-0.15866,-0.17593,-0.19143,-0.36666,-0.47818,-0.39304,-0.35247,-0.3372,-0.39072,-0.54193,-0.60888,-0.45096
0.12149,0.29556,-0.35454,-0.33603,0.38825,0,0.01437,0.11909,0.02446,0.10037,-0.053211,0.018729,0.059511,-0.030917,-0.21522,-0.20975,-0.091102,-0.18384,-0.026164,-0.21823,-0.31231,-0.27415,0.034769,-0.074612,-0.10879,-0.14171,-0.01063,-0.072115,-0.25111,-0.37956,-0.16239,-0.41284,-0.12972,-0.14132,-0.053448,-0.2953,-0.23028,-0.24783,-0.29657,-0.47248,-0.22718,-0.29427,-0.18166,-0.2808,-0.10906,-0.050658,-0.43148,-0.23148,-0.083532,0.064494,0.14634,-0.57797,0.17931,0.19123,-0.32989,-0.38598,-0.45715,-0.39942,-0.44818,-0.12975,-0.21163,-0.12597,-0.15979,-0.8941,-0.68168,-0.18231,-0.22039,-0.2371,-0.001856,-0.2569,-0.20238,-0.23153,-0.15663,-0.062508,-0.021541,-0.15951,0.11168,0.038819,-0.04865,-0.022756,-0.085906,-0.42214,-0.28448,-0.13378,-0.073301,0.0054949,-0.18143,-0.39654,-0.38447,-0.42139,-0.17955,-0.35797,-0.62897,-0.29209,-0.21269,-0.21891,-0.31311,-0.40812,-0.29304,-0.49135,-0.42308,-0.53426,-0.59864,-0.55668,-0.34484
0.43667,0.068268,-0.49973,-0.25206,0.32818,0.01437,0,0.31676,0.34663,-0.09396,0.31558,-0.0051687,-0.14989,-0.1419,-0.14799,-0.19146,-0.016721,-0.025444,-0.085084,-0.14236,-0.086721,-0.13641,0.23735,-0.042312,0.40664,0.056085,-0.031012,0.017767,-0.0015186,-0.21757,0.18196,-0.062553,-0.14735,-0.10151,-0.012081,-0.19875,0.051654,0.052638,0.1697,-0.23381,0.41367,-0.10621,0.0051181,-0.11238,-0.19577,-0.1634,-0.54033,-0.35568,-0.1608,-0.058825,-0.07257,-0.63881,0.13533,-0.21556,-0.36647,-0.3335,-0.45333,-0.58171,-0.58042,0.13764,-0.11974,-0.087351,-0.15493,-0.49859,-0.45449,-0.33341,-0.34572,-0.20138,-0.024106,-0.054409,-0.046603,-0.0087233,0.033948,-0.16834,-0.064511,0.11629,-0.076682,-0.029539,-0.019353,-0.19381,0.082598,-0.52557,-0.16692,0.024663,0.021845,-0.067216,-0.22709,-0.57761,-0.59747,-0.40689,-0.17244,-0.24042,-0.57313,-0.12185,-0.17353,-0.26871,-0.44921,-0.57985,-0.48199,-0.25822,-0.22792,-0.32559,-0.38643,-0.62909,-0.51826
0.32064,0.37953,-0.38762,-0.17912,0.15533,0.11909,0.31676,0,0.34274,0.16561,0.15781,0.23948,-0.15147,-0.18613,-0.20415,-0.1382,-0.041704,-0.014657,-0.027795,-0.036794,-0.24675,-0.089719,0.18187,0.0067885,0.1394,0.057126,-0.020034,-0.073408,-0.14833,-0.27409,0.067042,-0.13475,-0.24687,-0.17797,-0.013037,-0.25033,-0.23046,-0.17385,-0.063943,-0.30415,0.092733,-0.1274,-0.0055062,-0.16128,-0.15281,-0.076029,-0.46265,-0.24797,-0.16535,-0.18669,-0.14239,-0.7085,0.084432,-0.13622,-0.33209,-0.46184,-0.53998,-0.41794,-0.42575,0.03757,-0.026637,-0.13594,-0.2287,-0.66001,-0.59679,-0.184,-0.19299,-0.29013,-0.05757,-0.18307,-0.16843,-0.10636,0.030163,-0.043701,0.064505,-0.082553,0.16361,-0.033358,0.028453,-0.10233,-0.057733,-0.54516,-0.10832,0.057508,0.1004,-0.13422,-0.12443,-0.48588,-0.61889,-0.34357,-0.071271,-0.43393,-0.6838,-0.33062,-0.2519,-0.38642,-0.41936,-0.56346,-0.37081,-0.38852,-0.28468,-0.46388,-0.38584,-0.59052,-0.40817
0.34359,0.20979,-0.32096,-0.18396,0.18993,0.02446,0.34663,0.34274,0,0.0066873,0.26451,0.084438,-0.14414,-0.11431,-0.031164,-0.033015,0.2333,0.16222,0.10701,-0.023172,-0.039297,-0.041412,0.39708,0.052874,0.21969,0.078695,0.067109,0.056901,0.0088133,-0.096586,0.24224,-0.053217,-0.076445,-0.035951,0.11844,-0.084314,-0.098211,0.00029246,-0.013313,-0.31953,0.098785,-0.2237,0.014393,-0.15288,-0.078909,-0.090669,-0.50935,-0.31819,-0.018791,-0.11318,-0.058802,-0.56071,0.22773,-0.13136,-0.29651,-0.39572,-0.43064,-0.50964,-0.48848,0.28245,-0.015866,-0.078189,-0.12867,-0.61596,-0.51425,-0.26451,-0.2772,-0.10598,0.10148,0.0064004,0.0045669,0.033436,0.040529,-0.11165,-0.0013836,0.17852,0.07964,0.055101,0.054927,-0.0063948,0.10699,-0.42117,-0.078656,0.13363,0.13351,-0.085619,-0.09342,-0.5636,-0.63929,-0.46019,-0.24399,-0.46058,-0.76069,-0.13807,-0.088656,-0.27732,-0.38725,-0.49413,-0.38978,-0.2783,-0.23671,-0.27899,-0.40264,-0.45713,-0.28787
-0.033082,0.28465,-0.28204,-0.14355,-0.047672,0.10037,-0.09396,0.16561,0.0066873,0,-0.049348,0.33526,-0.18836,-0.26554,-0.2405,-0.1466,-0.16553,-0.16982,-0.03045,-0.085366,-0.43633,-0.14037,-0.033819,-0.037992,-0.18241,-0.037334,-0.094843,-0.21596,-0.3882,-0.42013,-0.19785,-0.34504,-0.38912,-0.35373,-0.21316,-0.42743,-0.39061,-0.39062,-0.30709,-0.33772,-0.27082,-0.14197,-0.28026,-0.38493,-0.23479,-0.15711,-0.27988,-0.1565,-0.23805,-0.26274,-0.23314,-0.68897,-0.074865,0.035607,-0.19674,-0.57258,-0.65762,-0.31799,-0.34064,-0.1617,-0.13847,-0.24026,-0.27853,-1,-0.83236,-0.099173,-0.13239,-0.29542,-0.056288,-0.34352,-0.32477,-0.30498,-0.13831,-0.036862,-0.043414,-0.29074,0.2937,-0.10294,-0.059404,-0.19855,-0.2168,-0.44953,-0.21234,-0.068976,-0.008324,-0.21472,-0.076732,-0.31999,-0.47164,-0.31262,-0.098442,-0.50861,-0.58654,-0.47113,-0.17616,-0.29579,-0.19198,-0.33543,-0.11942,-0.64606,-0.49543,-0.58773,-0.46293,-0.44147,-0.23262
0.17109,0.0098931,-0.51749,-0.22833,0.18796,-0.053211,0.31558,0.15781,0.26451,-0.049348,0,0.10544,-0.12996,-0.15412,-0.17795,-0.16409,-0.042582,0.025636,-0.050759,-0.07797,-0.24235,-0.28847,0.15599,-0.066502,0.091721,0.097385,-0.030861,0.092362,-0.12883,-0.3067,-0.038751,-0.18997,-0.22299,-0.15679,-0.22276,-0.35301,-0.083313,-0.10832,-0.079679,-0.3363,0.031777,-0.23766,-0.28396,-0.40161,-0.34994,-0.28399,-0.36058,-0.20412,-0.29127,-0.016468,-0.10504,-0.7128,0.037357,-0.26594,-0.30395,-0.5585,-0.69894,-0.58805,-0.59922,0.23065,-0.068819,-0.048881,-0.24833,-0.56125,-0.60332,-0.2697,-0.30132,-0.13172,0.067778,-0.14943,-0.14873,-0.14987,-0.11412,-0.18469,-0.17611,0.048684,0.021344,-0.063166,-0.015652,-0.20924,0.029848,-0.56522,-0.012267,0.040754,0.17963,-0.15153,-0.17355,-0.45754,-0.64735,-0.42227,-0.24451,-0.38486,-0.63359,-0.23764,-0.21723,-0.30576,-0.34029,-0.47277,-0.30112,-0.28513,-0.29086,-0.29234,-0.37134,-0.6075,-0.38009
-0.0090832,0.14945,-0.40178,-0.073605,-0.016969,0.018729,-0.0051687,0.23948,0.084438,0.33526,0.10544,0,-0.029314,-0.11581,-0.23934,-0.09027,-0.10384,0.023622,0.054753,0.085129,-0.38479,-0.14556,0.071001,0.033701,-0.14128,0.13558,-0.080855,-0.11046,-0.30349,-0.38645,-0.12714,-0.2311,-0.28626,-0.18803,-0.17784,-0.36063,-0.34795,-0.26879,-0.27633,-0.3963,-0.20332,-0.2379,-0.25631,-0.42753,-0.16032,-0.027846,-0.26753,0.034376,-0.22128,-0.15085,-0.17975,-0.71278,-0.1357,-0.20713,-0.39206,-0.67775,-0.70424,-0.20842,-0.22872,-0.023931,0.075467,-0.11365,-0.23099,-0.73032,-0.67563,0.10511,0.079679,-0.25373,0.0012373,-0.24996,-0.21392,-0.12823,0.074556,0.21479,0.15643,-0.24304,0.35444,-0.03131,0.17018,-0.19071,-0.04216,-0.57879,0.027463,-0.020996,0.28543,-0.13681,0.058408,-0.2438,-0.47382,-0.18531,0.055894,-0.46002,-0.65255,-0.54657,-0.33083,-0.47639,-0.30629,-0.53818,-0.21854,-0.44052,-0.32454,-0.50794,-0.35181,-0.64466,-0.30337
-0.16864,-0.15331,-0.3973,-0.23371,0.047199,0.059511,-0.14989,-0.15147,-0.14414,-0.18836,-0.12996,-0.029314,0,0.51625,-0.13618,-0.053223,-0.090281,-0.036378,0.092295,-0.028155,-0.26885,-0.29382,0.033296,0.017317,-0.33717,-0.020377,0.023228,0.088453,-0.17296,-0.33142,-0.20482,-0.29391,0.14197,0.1964,-0.095759,-0.18673,-0.23374,-0.18148,-0.43642,-0.66162,-0.35344,-0.47463,-0.30506,-0.42238,-0.045146,0.11876,-0.26475,0.027233,-0.080506,0.34139,0.25118,-0.35339,-0.14461,-0.22906,-0.52713,-0.49911,-0.44903,-0.17132,-0.21085,-0.06712,-0.030388,0.11962,-0.0078346,-0.51622,-0.38908,0.084303,0.04221,-0.071873,0.087368,-0.13139,-0.023965,-0.057778,-0.023847,0.12711,0.035928,-0.22198,-0.078268,0.13265,0.20264,-0.10043,0.18073,-0.45153,-0.041749,-0.2104,0.10106,0.17002,0.073628,-0.12549,-0.21156,-0.32337,-0.20694,-0.33008,-0.54475,-0.44294,-0.42214,-0.39965,-0.32787,-0.53049,-0.32226,-0.24218,-0.23062,-0.37422,-0.39795,-0.66573,-0.34992
-0.12217,-0.18182,-0.32804,-0.15378,0.025,-0.030917,-0.1419,-0.18613,-0.11431,-0.26554,-0.15412,-0.11581,0.51625,0,-0.07473,-0.05122,-0.039994,-0.012823,0.084381,-0.056642,-0.15795,-0.24872,0.065456,-0.031597,-0.31371,-0.054708,-0.033211,0.017649,-0.10672,-0.21224,-0.16967,-0.22393,0.32137,0.4806,0.00084927,-0.035039,-0.21054,-0.10621,-0.35456,-0.61571,-0.30298,-0.48866,-0.24656,-0.34411,0.039466,0.06117,-0.28656,-0.036192,0.013391,0.25292,0.33116,-0.27169,-0.10429,-0.26976,-0.53647,-0.40334,-0.34633,-0.19828,-0.21344,-0.03261,-0.050776,0.038335,0.021159,-0.45225,-0.30132,0.040984,0.01081,-0.051879,0.054573,-0.084016,0.012148,0.0048031,-0.024623,0.098273,0.048223,-0.12699,-0.11702,0.19983,0.2793,-0.11472,0.32705,-0.41826,-0.051642,-0.14293,0.11053,0.1562,0.05806,-0.14554,-0.16953,-0.30669,-0.24901,-0.30559,-0.47903,-0.33496,-0.33471,-0.3317,-0.29199,-0.48832,-0.34844,-0.16719,-0.19248,-0.27426,-0.41517,-0.54546,-0.33406
-0.14746,-0.16195,-0.101,-0.13642,-0.14862,-0.21522,-0.14799,-0.20415,-0.031164,-0.2405,-0.17795,-0.23934,-0.13618,-0.07473,0,0.37013,0.1546,0.11354,0.052756,0.0052587,0.10838,0.023757,0.052413,0.18031,-0.29103,-0.13461,0.33645,0.097643,0.24449,0.029623,0.06464,-0.12394,0.019663,-0.029792,0.0036783,0.0086558,-0.17394,-0.13334,-0.35514,-0.60261,-0.26282,-0.44034,-0.15606,-0.26249,-0.11133,-0.1413,-0.45533,-0.40802,0.052756,-0.22167,-0.16924,-0.06896,-0.010849,-0.16717,-0.20313,-0.29278,-0.27758,-0.46193,-0.45455,0.20832,0.067143,0.16894,0.34741,-0.45239,-0.25967,-0.33988,-0.35384,0.26434,0.29944,0.29966,0.27508,-0.0070922,-0.15947,-0.26366,-0.20639,0.054454,-0.20749,-0.029888,-0.052188,-0.20612,0.0062598,-0.27162,-0.10785,-0.11075,-0.063043,-0.0033971,0.036963,-0.42773,-0.40669,-0.64466,-0.55886,-0.48975,-0.58536,-0.16508,-0.16308,-0.17334,-0.22384,-0.28222,-0.25798,-0.060624,-0.087722,0.055754,-0.24817,-0.24138,-0.11322
-0.22345,-0.15051,-0.11129,-0.1165,-0.2083,-0.20975,-0.19146,-0.1382,-0.033015,-0.1466,-0.16409,-0.09027,-0.053223,-0.05122,0.37013,0,0.10211,0.17324,0.18667,0.19522,-0.12216,0.01369,0.080287,0.25343,-0.33108,-0.0020697,0.37295,0.16001,0.088616,-0.020006,0.025332,-0.052992,-0.012565,-0.0088583,-0.017868,-0.032508,-0.26945,-0.19175,-0.42651,-0.6342,-0.32639,-0.44965,-0.21542,-0.35129,-0.11044,-0.030759,-0.31885,-0.23412,-0.069955,-0.21449,-0.16364,-0.17828,-0.15747,-0.25181,-0.2287,-0.51554,-0.42303,-0.31747,-0.30215,0.15545,0.2419,0.28262,0.14485,-0.47249,-0.35529,-0.1866,-0.19783,0.18456,0.28999,0.18139,0.1622,0.00091676,-0.093105,-0.14581,-0.13211,-0.1376,-0.12874,-0.021569,0.027227,-0.18225,-0.0076772,-0.36147,0.037486,-0.12909,0.065726,-0.10137,0.23285,-0.29478,-0.42119,-0.55351,-0.45968,-0.64282,-0.68943,-0.33266,-0.27415,-0.3176,-0.2218,-0.32776,-0.1796,-0.14073,-0.13726,-0.12534,-0.21753,-0.3115,-0.036282
0.015388,0.011108,-0.17734,-0.18817,-0.020129,-0.091102,-0.016721,-0.041704,0.2333,-0.16553,-0.042582,-0.10384,-0.090281,-0.039994,0.1546,0.10211,0,0.3707,0.27694,0.083808,0.086772,0.010287,0.33521,0.23273,-0.078301,0.035292,0.13404,0.096282,0.15043,0.027272,0.23763,-0.10242,0.055951,0.014989,0.15126,0.029094,-0.11534,-0.037801,-0.23812,-0.49618,-0.15244,-0.41963,-0.050495,-0.18687,0.02599,0.034139,-0.55657,-0.33526,0.11884,-0.12733,-0.059274,-0.27594,0.10136,-0.15057,-0.3373,-0.3111,-0.27283,-0.4626,-0.4383,0.27615,0.025922,-0.018999,0.043301,-0.54884,-0.34815,-0.25776,-0.25482,0.018054,0.1625,0.20596,0.22823,0.13278,0.0034702,-0.16497,-0.051198,0.13863,-0.029049,0.075247,0.0022835,-0.012458,0.043723,-0.26744,-0.0049044,-0.053223,0.045889,0.015546,0.023138,-0.54449,-0.51076,-0.55956,-0.37069,-0.49063,-0.74592,-0.10004,-0.09099,-0.24419,-0.30637,-0.41746,-0.33402,-0.098386,-0.039381,-0.09126,-0.31725,-0.35166,-0.084123
-0.023178,-0.04707,-0.29897,-0.10297,-0.086789,-0.18384,-0.025444,-0.014657,0.16222,-0.16982,0.025636,0.023622,-0.036378,-0.012823,0.11354,0.17324,0.3707,0,0.17593,0.30838,0.01824,0.02883,0.22992,0.31423,-0.14904,0.14792,0.13257,0.15045,0.11091,-0.061429,0.18853,-0.021631,-0.016749,0.043363,0.014044,-0.052525,-0.22492,-0.07757,-0.284,-0.56999,-0.14819,-0.46457,-0.10267,-0.30175,-0.016434,0.057289,-0.48438,-0.2287,0.014258,-0.15451,-0.15565,-0.3218,-0.031732,-0.30469,-0.43562,-0.454,-0.40028,-0.34929,-0.33881,0.42778,0.34078,0.09216,0.028673,-0.4646,-0.32216,-0.12672,-0.11843,0.037008,0.21035,0.18802,0.23313,0.21243,0.12143,-0.039438,0.030478,0.036676,-0.015264,0.0047807,0.12511,-0.11508,0.091434,-0.41861,0.25714,-0.0095951,0.22042,0.0047582,0.12424,-0.44039,-0.55628,-0.44052,-0.29476,-0.50099,-0.75226,-0.32136,-0.31714,-0.46157,-0.40283,-0.57379,-0.37099,0.00021935,0.085883,-0.046507,-0.15803,-0.49604,-0.19459
-0.10782,-0.038802,-0.2246,-0.11565,-0.02383,-0.026164,-0.085084,-0.027795,0.10701,-0.03045,-0.050759,0.054753,0.092295,0.084381,0.052756,0.18667,0.27694,0.17593,0,0.24016,-0.1661,-0.074111,0.41535,0.26732,-0.21917,0.21305,0.11671,0.057216,-0.013965,-0.047503,0.044331,-0.099151,0.018442,0.028751,0.039066,-0.076007,-0.20134,-0.1687,-0.32115,-0.49506,-0.26805,-0.35852,-0.1981,-0.32559,-0.027317,0.075889,-0.26619,-0.06716,-0.032267,-0.01851,0.016164,-0.33947,-0.071339,-0.18046,-0.32886,-0.47675,-0.43294,-0.28416,-0.27043,0.10505,5.6243e-06,0.058954,0.011867,-0.63389,-0.43728,-0.026429,-0.058915,0.056985,0.19066,0.019325,0.086603,0.040416,0.031575,0.0021316,0.017075,-0.11619,0.025647,0.097019,0.15179,-0.090247,0.10612,-0.33639,0.019027,-0.13691,0.21029,-0.019179,0.31642,-0.26718,-0.37612,-0.41396,-0.2749,-0.55692,-0.71875,-0.29668,-0.16506,-0.26642,-0.20359,-0.35589,-0.17155,-0.2796,-0.22017,-0.29516,-0.41375,-0.37127,-0.073656
-0.15572,-0.10074,-0.31738,0.01306,-0.184,-0.21823,-0.14236,-0.036794,-0.023172,-0.085366,-0.07797,0.085129,-0.028155,-0.056642,0.0052587,0.19522,0.083808,0.30838,0.24016,0,-0.21004,-0.0024184,0.17213,0.37655,-0.29533,0.28161,0.092739,0.03194,-0.070973,-0.16621,-0.023054,-0.056468,-0.1837,-0.10427,-0.14736,-0.20409,-0.37759,-0.31,-0.37139,-0.55731,-0.2554,-0.36381,-0.24285,-0.38215,-0.13545,0.017036,-0.25388,-0.050816,-0.13778,-0.20942,-0.23195,-0.34651,-0.19647,-0.35624,-0.44073,-0.59405,-0.5406,-0.22442,-0.22015,0.13195,0.23937,0.038498,-0.08378,-0.4972,-0.36723,0.049769,0.037615,-0.046564,0.086564,-0.067576,-0.009072,-0.0291,0.026901,-0.0037233,-0.010028,-0.19169,-0.033667,-0.078543,0.11731,-0.23048,-0.024128,-0.46801,0.286,-0.16271,0.23268,-0.095619,0.33661,-0.24658,-0.48776,-0.38251,-0.26778,-0.55003,-0.61504,-0.48141,-0.3828,-0.48349,-0.28014,-0.48118,-0.21978,-0.188,-0.086288,-0.23805,-0.16951,-0.44614,-0.18623
-0.094055,-0.24359,-0.24683,-0.234,-0.16201,-0.31231,-0.086721,-0.24675,-0.039297,-0.43633,-0.24235,-0.38479,-0.26885,-0.15795,0.10838,-0.12216,0.086772,0.01824,-0.1661,-0.21004,0,0.068751,-0.060191,-0.063453,-0.10075,-0.23821,-0.088864,-0.11406,0.17462,0.0042913,0.11218,-0.057345,0.040546,-0.026018,0.084055,0.13092,-0.058526,0.077531,-0.097165,-0.36819,-0.045202,-0.34193,0.10933,0.051687,-0.009207,-0.14961,-0.76159,-0.59051,0.13286,-0.26843,-0.21179,-0.11245,-0.00077615,-0.26319,-0.40835,0.010191,0.035726,-0.50167,-0.46955,-0.00074803,-0.15764,-0.16982,0.098189,-0.27292,-0.015596,-0.45124,-0.42481,-0.099736,-0.10587,0.2162,0.25236,0.10615,-0.053993,-0.31426,-0.17577,0.25186,-0.32962,-0.084106,-0.14254,-0.13095,0.0022891,-0.18715,-0.242,-0.091569,-0.22889,0.025253,-0.21046,-0.65582,-0.41808,-0.5461,-0.44638,-0.25064,-0.46511,-0.033425,-0.15908,-0.26504,-0.47227,-0.53522,-0.63876,0.052407,0.034426,0.05824,-0.21989,-0.35402,-0.39592
-0.11787,-0.085219,-0.2092,-0.10377,-0.24942,-0.27415,-0.13641,-0.089719,-0.041412,-0.14037,-0.28847,-0.14556,-0.29382,-0.24872,0.023757,0.01369,0.010287,0.02883,-0.074111,-0.0024184,0.068751,0,-0.038633,0.098369,-0.16486,-0.080051,-0.065281,-0.21589,-0.058538,-0.082863,0.11318,0.029348,-0.19711,-0.19252,0.074651,-0.018796,-0.31057,-0.18823,-0.1699,-0.33136,-0.11748,-0.18872,0.12303,0.0018335,0.072891,0.0209,-0.58186,-0.4216,0.069387,-0.41859,-0.33915,-0.26318,-0.13077,-0.21015,-0.3702,-0.21849,-0.17938,-0.27263,-0.24033,-0.10332,-0.046648,-0.20588,0.014207,-0.4616,-0.22405,-0.23982,-0.2069,-0.19349,-0.10707,0.015045,0.046097,0.061029,0.12277,-0.11301,0.037514,-0.10243,-0.16134,-0.11242,-0.057058,-0.21517,-0.13749,-0.32611,-0.2076,-0.10606,-0.14776,-0.10552,-0.03063,-0.48166,-0.42001,-0.37517,-0.24239,-0.38525,-0.48755,-0.3192,-0.20467,-0.35838,-0.3774,-0.51773,-0.45923,-0.233,-0.1041,-0.2435,-0.19724,-0.35608,-0.3158
0.17005,0.071693,-0.31858,-0.11802,0.19483,0.034769,0.23735,0.18187,0.39708,-0.033819,0.15599,0.071001,0.033296,0.065456,0.052413,0.080287,0.33521,0.22992,0.41535,0.17213,-0.060191,-0.038633,0,0.26299,0.025911,0.32756,0.16274,0.16192,0.098324,-0.046288,0.24775,0.0022328,0.022407,0.066496,0.11737,-0.054342,-0.069736,-0.033054,-0.10861,-0.39682,-0.0046625,-0.25524,-0.064269,-0.19949,-0.049128,0.022807,-0.38657,-0.19617,-0.010951,0.019078,0.056558,-0.43861,0.10035,-0.19002,-0.36267,-0.41621,-0.43547,-0.43386,-0.41812,0.31777,0.019657,0.052137,-0.024494,-0.57308,-0.42768,-0.14747,-0.17177,-0.00056243,0.19629,0.066929,0.11394,0.10499,0.09613,-0.05171,0.027784,0.064426,0.01554,0.12629,0.16328,-0.09847,0.23481,-0.40947,0.014589,-0.02266,0.23571,0.016136,0.071985,-0.41873,-0.50461,-0.45128,-0.25243,-0.42719,-0.6765,-0.16754,-0.12944,-0.24763,-0.30093,-0.45476,-0.31464,-0.22798,-0.1825,-0.26034,-0.3858,-0.45317,-0.25449
-0.066457,0.018183,-0.24008,-0.030557,-0.051277,-0.074612,-0.042312,0.0067885,0.052874,-0.037992,-0.066502,0.033701,0.017317,-0.031597,0.18031,0.25343,0.23273,0.31423,0.26732,0.37655,-0.063453,0.098369,0.26299,0,-0.20326,0.16386,0.30782,0.15943,0.030461,-0.17083,0.10862,-0.10371,-0.087913,-0.087925,-0.03185,-0.16233,-0.20767,-0.18336,-0.31684,-0.52376,-0.19992,-0.31109,-0.12699,-0.25795,-0.065816,0.083988,-0.4238,-0.23119,-0.040382,-0.16079,-0.16022,-0.29278,-0.028313,-0.17493,-0.36306,-0.43085,-0.41368,-0.3501,-0.35407,0.19775,0.21271,0.11597,0.13138,-0.54409,-0.34052,-0.11785,-0.11937,-0.010996,0.25574,0.1129,0.20118,0.029573,0.083583,-0.074848,-0.0073116,-0.077424,0.0056018,0.033386,0.10077,-0.14864,0.051299,-0.31575,0.12548,-0.080022,0.13141,0.10864,0.25439,-0.39549,-0.45875,-0.51104,-0.29287,-0.4438,-0.61915,-0.35275,-0.25957,-0.35836,-0.27962,-0.46938,-0.27565,-0.15813,-0.027407,-0.18226,-0.14724,-0.45897,-0.21015
0.23009,-0.020816,-0.48814,-0.34439,0.078712,-0.10879,0.40664,0.1394,0.21969,-0.18241,0.091721,-0.14128,-0.33717,-0.31371,-0.29103,-0.33108,-0.078301,-0.14904,-0.21917,-0.29533,-0.10075,-0.16486,0.025911,-0.20326,0,-0.10295,-0.21944,-0.15291,-0.12602,-0.22781,0.10462,-0.085906,-0.24409,-0.2266,-0.055321,-0.21293,0.04649,0.077362,0.36924,-0.066856,0.44404,-0.067402,0.058144,-0.0094263,-0.22098,-0.23736,-0.67038,-0.495,-0.22255,-0.21521,-0.19574,-0.69453,0.011811,-0.25787,-0.3921,-0.28403,-0.36103,-0.65017,-0.6157,-0.062627,-0.26995,-0.29675,-0.31484,-0.45546,-0.46164,-0.46383,-0.45512,-0.35674,-0.22644,-0.14451,-0.16808,-0.089499,-0.057222,-0.29461,-0.16312,0.033425,-0.1744,-0.1745,-0.21537,-0.18969,-0.098695,-0.43319,-0.29046,-0.06072,-0.18723,-0.23184,-0.39134,-0.76778,-0.67692,-0.43378,-0.18528,-0.2299,-0.56057,-0.022812,-0.11316,-0.28444,-0.52636,-0.59849,-0.59598,-0.31928,-0.28931,-0.37346,-0.40386,-0.55615,-0.52619
-0.041474,-0.094589,-0.4576,-0.1521,-0.032036,-0.14171,0.056085,0.057126,0.078695,-0.037334,0.097385,0.13558,-0.020377,-0.054708,-0.13461,-0.0020697,0.035292,0.14792,0.21305,0.28161,-0.23821,-0.080051,0.32756,0.16386,-0.10295,0,-0.014387,0.05342,-0.093161,-0.17101,0.067582,0.06252,-0.15614,-0.08527,-0.11434,-0.21379,-0.19497,-0.16599,-0.17097,-0.37261,-0.075697,-0.23685,-0.21644,-0.33961,-0.17962,-0.018757,-0.25763,-0.079297,-0.20528,-0.05766,-0.10618,-0.51633,-0.15454,-0.3468,-0.41331,-0.57544,-0.58724,-0.33975,-0.32505,0.093448,-0.015439,-0.023082,-0.18745,-0.51522,-0.45244,-0.049651,-0.076237,-0.067002,0.043318,-0.092987,-0.052357,0.019291,0.10113,-0.017418,-0.024049,-0.1724,-0.070832,-0.06,0.078555,-0.25966,0.034691,-0.52902,0.05703,-0.13079,0.20084,-0.13648,0.055596,-0.31024,-0.52927,-0.33977,-0.18314,-0.44481,-0.59505,-0.35736,-0.28454,-0.39196,-0.33608,-0.51955,-0.30857,-0.29254,-0.22843,-0.3313,-0.3165,-0.53839,-0.31088
-0.052767,0.0029809,-0.22134,-0.21805,0.020951,-0.01063,-0.031012,-0.020034,0.067109,-0.094843,-0.030861,-0.080855,0.023228,-0.033211,0.33645,0.37295,0.13404,0.13257,0.11671,0.092739,-0.088864,-0.065281,0.16274,0.30782,-0.21944,-0.014387,0,0.42463,0.11191,-0.15939,0.04122,-0.1824,-0.0081609,-0.037396,-0.026659,-0.13799,-0.18951,-0.18783,-0.37205,-0.64388,-0.22989,-0.38966,-0.18996,-0.30867,-0.15681,-0.057042,-0.41899,-0.30565,-0.030602,-0.078358,-0.052745,-0.27958,0.073088,-0.085703,-0.21709,-0.44321,-0.44531,-0.46053,-0.47894,0.2649,0.14605,0.36834,0.15989,-0.55931,-0.42378,-0.26717,-0.29144,0.15651,0.49606,0.12579,0.15371,-0.072272,-0.13085,-0.19243,-0.15255,0.0030821,-0.072058,0.059078,0.012025,-0.082981,0.018684,-0.38146,-0.030692,-0.087885,0.053037,0.053296,0.061642,-0.40878,-0.48493,-0.67006,-0.46915,-0.51581,-0.68519,-0.25467,-0.25075,-0.24393,-0.26069,-0.36028,-0.24065,-0.17008,-0.1667,-0.16836,-0.27571,-0.41613,-0.18109
-0.073161,-0.12035,-0.35346,-0.28381,0.052733,-0.072115,0.017767,-0.073408,0.056901,-0.21596,0.092362,-0.11046,0.088453,0.017649,0.097643,0.16001,0.096282,0.15045,0.057216,0.03194,-0.11406,-0.21589,0.16192,0.15943,-0.15291,0.05342,0.42463,0,0.080433,-0.1994,0.015557,-0.14651,0.059438,0.041384,-0.10262,-0.16891,-0.067677,-0.068684,-0.31425,-0.59904,-0.17909,-0.43033,-0.25442,-0.36613,-0.22873,-0.10268,-0.40748,-0.28012,-0.15176,0.072537,0.022334,-0.34832,-0.0084927,-0.24501,-0.31927,-0.52284,-0.50053,-0.52643,-0.53523,0.31552,0.090304,0.36412,-0.0046738,-0.43883,-0.40615,-0.28958,-0.31231,0.12309,0.34556,0.11651,0.13488,-0.050669,-0.12871,-0.22996,-0.21578,0.0022385,-0.15058,0.020951,-0.023391,-0.093729,0.10679,-0.40342,0.056327,-0.10159,0.064331,0.010951,-0.048223,-0.43629,-0.54265,-0.67942,-0.46837,-0.45282,-0.68067,-0.21757,-0.30447,-0.3153,-0.35076,-0.45746,-0.33692,-0.093965,-0.14638,-0.13228,-0.24129,-0.52732,-0.26569
-0.087604,-0.23195,-0.28824,-0.30363,-0.10815,-0.25111,-0.0015186,-0.14833,0.0088133,-0.3882,-0.12883,-0.30349,-0.17296,-0.10672,0.24449,0.088616,0.15043,0.11091,-0.013965,-0.070973,0.17462,-0.058538,0.098324,0.030461,-0.12602,-0.093161,0.11191,0.080433,0,0.21929,0.32677,0.06554,0.063836,0.031001,0.10199,0.12608,-0.018706,0.040799,-0.19751,-0.51729,-0.05176,-0.43968,0.003847,-0.13716,-0.11843,-0.11812,-0.57264,-0.45434,-0.028515,-0.17633,-0.14123,-0.15642,-0.055124,-0.33018,-0.32343,-0.21561,-0.21764,-0.52514,-0.50527,0.20771,-0.027103,0.16422,0.17267,-0.30603,-0.16121,-0.41963,-0.42102,0.12793,0.050562,0.48043,0.39207,0.19494,-0.086974,-0.29997,-0.19743,0.09563,-0.32108,-0.11266,-0.12499,-0.24362,-0.0075422,-0.39319,-0.1412,-0.1835,-0.10924,-0.077042,-0.12579,-0.53924,-0.49504,-0.57602,-0.48656,-0.43145,-0.66587,-0.055967,-0.26094,-0.25887,-0.43458,-0.44528,-0.43716,0.11972,0.049561,0.054415,-0.28147,-0.3782,-0.27597
-0.22662,-0.33376,-0.20676,-0.32742,-0.29935,-0.37956,-0.21757,-0.27409,-0.096586,-0.42013,-0.3067,-0.38645,-0.33142,-0.21224,0.029623,-0.020006,0.027272,-0.061429,-0.047503,-0.16621,0.0042913,-0.082863,-0.046288,-0.17083,-0.22781,-0.17101,-0.15939,-0.1994,0.21929,0,0.1404,0.15062,-0.03464,-0.050259,0.098825,0.30152,-0.20069,-0.081957,-0.2302,-0.4402,-0.19015,-0.49206,-0.03243,-0.15939,-0.082846,-0.18563,-0.46055,-0.46446,-0.055096,-0.32703,-0.22956,-0.13142,-0.22487,-0.39838,-0.31825,-0.24123,-0.15863,-0.43164,-0.37212,-0.061772,-0.21308,-0.13776,-0.095433,-0.33825,-0.20953,-0.41001,-0.4176,0.039713,-0.15109,0.11151,0.03374,0.073678,-0.18741,-0.32583,-0.24738,-0.1374,-0.4162,-0.27458,-0.25599,-0.31593,-0.16454,-0.3482,-0.29004,-0.30096,-0.24908,-0.33847,-0.20781,-0.48913,-0.49088,-0.48951,-0.52567,-0.59812,-0.67893,-0.061738,-0.21026,-0.2629,-0.43172,-0.33159,-0.40871,-0.12605,-0.17457,-0.050557,-0.43071,-0.12809,-0.14138
0.081046,-0.057283,-0.32536,-0.26646,-0.034483,-0.16239,0.18196,0.067042,0.24224,-0.19785,-0.038751,-0.12714,-0.20482,-0.16967,0.06464,0.025332,0.23763,0.18853,0.044331,-0.023054,0.11218,0.11318,0.24775,0.10862,0.10462,0.067582,0.04122,0.015557,0.32677,0.1404,0,0.20872,-0.039016,-0.043189,0.25084,0.09185,-0.013543,0.11913,-0.034893,-0.3548,0.13085,-0.29583,0.22835,-0.031985,-0.0064679,0.0083802,-0.63908,-0.45676,0.0022103,-0.22136,-0.17614,-0.36245,-0.0022778,-0.26562,-0.35478,-0.26322,-0.26179,-0.49403,-0.45886,0.19336,-0.015067,-0.011175,0.01239,-0.43195,-0.29557,-0.35721,-0.35068,-0.03387,0.025495,0.32081,0.25726,0.33442,0.13274,-0.18782,-0.041254,0.036822,-0.19466,-0.10837,-0.08824,-0.20177,0.0025703,-0.40449,-0.14577,-0.090101,-0.067267,-0.11657,-0.13237,-0.64003,-0.6222,-0.48127,-0.29977,-0.42248,-0.74577,-0.10092,-0.1935,-0.32617,-0.51183,-0.55957,-0.50483,-0.10575,-0.037852,-0.1335,-0.29379,-0.43727,-0.31108
-0.18307,-0.3283,-0.39306,-0.22884,-0.27765,-0.41284,-0.062553,-0.13475,-0.053217,-0.34504,-0.18997,-0.2311,-0.29391,-0.22393,-0.12394,-0.052992,-0.10242,-0.021631,-0.099151,-0.056468,-0.057345,0.029348,0.0022328,-0.10371,-0.085906,0.06252,-0.1824,-0.14651,0.06554,0.15062,0.20872,0,-0.12801,-0.068858,0.0065298,0.076777,-0.15524,-0.0022103,-0.023543,-0.25933,0.044207,-0.25817,0.023324,-0.10329,-0.13682,-0.12771,-0.41933,-0.37571,-0.2012,-0.31938,-0.28593,-0.33717,-0.30547,-0.5465,-0.43849,-0.37948,-0.31053,-0.36623,-0.29919,-0.059573,-0.12319,-0.13943,-0.18781,-0.21754,-0.18237,-0.30558,-0.29458,-0.12611,-0.19498,0.045011,0.0054387,0.15721,0.046884,-0.21714,-0.14881,-0.19146,-0.3868,-0.25917,-0.15168,-0.35765,-0.065911,-0.46431,-0.16961,-0.21005,-0.14913,-0.31831,-0.17179,-0.45323,-0.55695,-0.36022,-0.31529,-0.44849,-0.5558,-0.24136,-0.32749,-0.45099,-0.54684,-0.58717,-0.55399,-0.14942,-0.14686,-0.19236,-0.24247,-0.39111,-0.4061
-0.16466,-0.24933,-0.22479,-0.30332,-0.05734,-0.12972,-0.14735,-0.24687,-0.076445,-0.38912,-0.22299,-0.28626,0.14197,0.32137,0.019663,-0.012565,0.055951,-0.016749,0.018442,-0.1837,0.040546,-0.19711,0.022407,-0.087913,-0.24409,-0.15614,-0.0081609,0.059438,0.063836,-0.03464,-0.039016,-0.12801,0,0.62126,0.20444,0.25799,-0.059196,0.10632,-0.29457,-0.5622,-0.24971,-0.52016,-0.11077,-0.19182,0.088318,0.036704,-0.46955,-0.2994,0.10114,0.10187,0.26744,-0.14353,-0.075422,-0.25455,-0.42622,-0.25686,-0.14694,-0.33534,-0.31648,-0.026125,-0.11844,0.032958,0.093521,-0.34862,-0.19214,-0.23805,-0.23983,0.015979,0.020191,0.13286,0.19528,0.12515,-0.057582,-0.12776,-0.086085,-0.022745,-0.25493,0.151,0.036687,-0.0046963,0.23071,-0.28118,-0.17266,-0.13425,-0.075692,0.08387,-0.079679,-0.3567,-0.24688,-0.46715,-0.40108,-0.36124,-0.55882,-0.14107,-0.24295,-0.26653,-0.38879,-0.47953,-0.47733,-0.058988,-0.13714,-0.14578,-0.40162,-0.43911,-0.28878
-0.11146,-0.22738,-0.29733,-0.2187,-0.042019,-0.14132,-0.10151,-0.17797,-0.035951,-0.35373,-0.15679,-0.18803,0.1964,0.4806,-0.029792,-0.0088583,0.014989,0.043363,0.028751,-0.10427,-0.026018,-0.19252,0.066496,-0.087925,-0.2266,-0.08527,-0.037396,0.041384,0.031001,-0.050259,-0.043189,-0.068858,0.62126,0,0.16754,0.21845,-0.14462,0.069443,-0.26558,-0.56426,-0.20624,-0.51197,-0.11639,-0.23875,0.10514,0.05739,-0.39518,-0.18741,0.073819,0.10673,0.23498,-0.23748,-0.10874,-0.34017,-0.51348,-0.35492,-0.25186,-0.25589,-0.23853,0.026552,-0.026845,0.046372,0.021136,-0.34213,-0.22601,-0.11455,-0.12011,-0.016462,0.015636,0.057762,0.11728,0.16972,0.012936,0.0024072,0.018746,-0.043976,-0.20584,0.14125,0.17677,-0.065889,0.36007,-0.41317,-0.079578,-0.10067,0.044854,0.039483,-0.031333,-0.27597,-0.2748,-0.35203,-0.31108,-0.36204,-0.56168,-0.23612,-0.32222,-0.36279,-0.41133,-0.55128,-0.47172,-0.059359,-0.13319,-0.18429,-0.38647,-0.50349,-0.33598
0.023335,-0.028549,-0.18414,-0.27513,-0.033515,-0.053448,-0.012081,-0.013037,0.11844,-0.21316,-0.22276,-0.17784,-0.095759,0.00084927,0.0036783,-0.017868,0.15126,0.014044,0.039066,-0.14736,0.084055,0.074651,0.11737,-0.03185,-0.055321,-0.11434,-0.026659,-0.10262,0.10199,0.098825,0.25084,0.0065298,0.20444,0.16754,0,0.41924,-0.1303,0.078195,-0.14098,-0.41448,-0.073245,-0.35761,0.31434,0.070647,0.35315,0.17997,-0.62078,-0.40236,0.27548,-0.15852,0.01599,-0.27776,0.027379,-0.14334,-0.38398,-0.17049,-0.089488,-0.32592,-0.29388,-0.034128,-0.10206,-0.10195,0.047087,-0.48497,-0.28053,-0.26013,-0.24779,-0.11947,-0.050382,0.1314,0.14647,0.25714,0.1044,-0.063071,0.11334,-0.019556,-0.15317,0.060759,0.0051912,-0.012357,0.051339,-0.3338,-0.25523,-0.076963,-0.10253,-0.032728,-0.10543,-0.50528,-0.38638,-0.39923,-0.25969,-0.41343,-0.66777,-0.12583,-0.16133,-0.28052,-0.45882,-0.52422,-0.51639,-0.19684,-0.15012,-0.26294,-0.4408,-0.39399,-0.28757
-0.18678,-0.28417,-0.15753,-0.29451,-0.239,-0.2953,-0.19875,-0.25033,-0.084314,-0.42743,-0.35301,-0.36063,-0.18673,-0.035039,0.0086558,-0.032508,0.029094,-0.052525,-0.076007,-0.20409,0.13092,-0.018796,-0.054342,-0.16233,-0.21293,-0.21379,-0.13799,-0.16891,0.12608,0.30152,0.09185,0.076777,0.25799,0.21845,0.41924,0,-0.17902,0.058999,-0.2119,-0.45509,-0.17985,-0.47868,0.12154,-0.0093645,0.20152,0.0053993,-0.55892,-0.44437,0.16774,-0.2367,-0.083318,-0.095517,-0.16681,-0.33365,-0.42238,-0.16005,0.012295,-0.3084,-0.25235,-0.10414,-0.16082,-0.1422,-0.0044544,-0.29768,-0.11661,-0.32073,-0.30493,-0.073105,-0.15172,0.13751,0.11534,0.20827,-0.052154,-0.18803,-0.08365,-0.086125,-0.35539,-0.090624,-0.11306,-0.13261,-0.011204,-0.29869,-0.28057,-0.19645,-0.21247,-0.16219,-0.16582,-0.45827,-0.34765,-0.42287,-0.41324,-0.44745,-0.58331,-0.10558,-0.22944,-0.313,-0.47844,-0.48235,-0.55603,-0.084229,-0.12386,-0.1271,-0.39699,-0.27628,-0.26191
-0.15357,-0.31511,-0.37885,-0.38189,-0.062272,-0.23028,0.051654,-0.23046,-0.098211,-0.39061,-0.083313,-0.34795,-0.23374,-0.21054,-0.17394,-0.26945,-0.11534,-0.22492,-0.20134,-0.37759,-0.058526,-0.31057,-0.069736,-0.20767,0.04649,-0.19497,-0.18951,-0.067677,-0.018706,-0.20069,-0.013543,-0.15524,-0.059196,-0.14462,-0.1303,-0.17902,0,0.32002,0.024224,-0.17567,0.0049325,-0.21325,-0.16561,-0.13976,-0.31287,-0.29498,-0.57761,-0.50665,-0.30523,-0.09374,-0.11958,-0.37645,-0.14963,-0.32434,-0.28907,-0.19638,-0.25934,-0.7086,-0.66845,-0.10723,-0.32215,-0.15537,-0.12511,-0.26618,-0.25594,-0.56192,-0.55531,-0.21024,-0.17415,0.040388,-0.0022553,-0.07653,-0.15992,-0.42659,-0.34483,-0.024117,-0.35717,-0.12781,-0.25279,-0.28055,-0.022323,-0.2335,-0.30544,-0.16784,-0.24606,-0.12539,-0.3416,-0.6195,-0.40208,-0.53771,-0.36875,-0.15118,-0.43257,0.10037,-0.065956,-0.11838,-0.38645,-0.43742,-0.50016,-0.15118,-0.20521,-0.19269,-0.34378,-0.49726,-0.44713
-0.098076,-0.27511,-0.34088,-0.31336,-0.091271,-0.24783,0.052638,-0.17385,0.00029246,-0.39062,-0.10832,-0.26879,-0.18148,-0.10621,-0.13334,-0.19175,-0.037801,-0.07757,-0.1687,-0.31,0.077531,-0.18823,-0.033054,-0.18336,0.077362,-0.16599,-0.18783,-0.068684,0.040799,-0.081957,0.11913,-0.0022103,0.10632,0.069443,0.078195,0.058999,0.32002,0,0.032435,-0.24623,0.042042,-0.32296,0.020304,-0.073206,-0.087812,-0.12989,-0.65039,-0.47362,-0.13966,-0.12607,-0.094899,-0.35283,-0.14182,-0.37601,-0.41883,-0.22373,-0.17607,-0.51237,-0.46577,-0.035574,-0.17353,-0.13372,-0.081699,-0.23534,-0.20629,-0.43118,-0.40784,-0.1903,-0.14926,0.17237,0.11131,0.1878,0.024516,-0.25613,-0.15946,0.0046738,-0.30772,-0.07401,-0.13006,-0.19358,0.12322,-0.29441,-0.2257,-0.067739,-0.17051,-0.10193,-0.27932,-0.59984,-0.42604,-0.41991,-0.28088,-0.21247,-0.53468,-0.020225,-0.17115,-0.3074,-0.52638,-0.6154,-0.63924,-0.055973,-0.10504,-0.14597,-0.29782,-0.53675,-0.44093
0.027143,-0.22111,-0.50528,-0.27855,-0.10412,-0.29657,0.1697,-0.063943,-0.013313,-0.30709,-0.079679,-0.27633,-0.43642,-0.35456,-0.35514,-0.42651,-0.23812,-0.284,-0.32115,-0.37139,-0.097165,-0.1699,-0.10861,-0.31684,0.36924,-0.17097,-0.37205,-0.31425,-0.19751,-0.2302,-0.034893,-0.023543,-0.29457,-0.26558,-0.14098,-0.2119,0.024224,0.032435,0,0.17107,0.49848,0.094809,0.0060967,0.07207,-0.28347,-0.35257,-0.57356,-0.51089,-0.30186,-0.30825,-0.28668,-0.61022,-0.15219,-0.38956,-0.41039,-0.18923,-0.29003,-0.60169,-0.5471,-0.21125,-0.39467,-0.42309,-0.36545,-0.30533,-0.31044,-0.4842,-0.46867,-0.43234,-0.36921,-0.22777,-0.24451,-0.15253,-0.1003,-0.34833,-0.23606,-0.049291,-0.32302,-0.24349,-0.25101,-0.32644,-0.12534,-0.39921,-0.37604,-0.10646,-0.26785,-0.29808,-0.43046,-0.65646,-0.53325,-0.33198,-0.18777,-0.11529,-0.33309,-0.040157,-0.092621,-0.25621,-0.48958,-0.5648,-0.6449,-0.33659,-0.32536,-0.37513,-0.39011,-0.48027,-0.6534
-0.32932,-0.40585,-0.44894,-0.32023,-0.39725,-0.47248,-0.23381,-0.30415,-0.31953,-0.33772,-0.3363,-0.3963,-0.66162,-0.61571,-0.60261,-0.6342,-0.49618,-0.56999,-0.49506,-0.55731,-0.36819,-0.33136,-0.39682,-0.52376,-0.066856,-0.37261,-0.64388,-0.59904,-0.51729,-0.4402,-0.3548,-0.25933,-0.5622,-0.56426,-0.41448,-0.45509,-0.17567,-0.24623,0.17107,0,-0.075658,0.26676,-0.26075,-0.10143,-0.48821,-0.544,-0.43243,-0.51358,-0.55939,-0.5312,-0.52478,-0.63313,-0.43199,-0.44558,-0.33251,-0.25002,-0.32794,-0.51894,-0.461,-0.53513,-0.64091,-0.72262,-0.59786,-0.28996,-0.36458,-0.53718,-0.51065,-0.69529,-0.64873,-0.49658,-0.51959,-0.43821,-0.31589,-0.49666,-0.43225,-0.36628,-0.429,-0.44481,-0.47101,-0.44649,-0.39992,-0.25543,-0.54995,-0.29633,-0.48538,-0.5146,-0.5463,-0.55099,-0.41863,-0.26668,-0.1905,-0.15822,-0.15956,-0.23094,-0.11143,-0.27755,-0.39576,-0.42368,-0.53363,-0.5813,-0.53523,-0.57461,-0.40637,-0.36396,-0.61836
0.18555,-0.12604,-0.53209,-0.29087,-0.0073847,-0.22718,0.41367,0.092733,0.098785,-0.27082,0.031777,-0.20332,-0.35344,-0.30298,-0.26282,-0.32639,-0.15244,-0.14819,-0.26805,-0.2554,-0.045202,-0.11748,-0.0046625,-0.19992,0.44404,-0.075697,-0.22989,-0.17909,-0.05176,-0.19015,0.13085,0.044207,-0.24971,-0.20624,-0.073245,-0.17985,0.0049325,0.042042,0.49848,-0.075658,0,-0.031209,0.10213,0.054269,-0.24979,-0.2657,-0.63168,-0.50043,-0.23964,-0.26195,-0.25285,-0.59579,-0.052255,-0.36689,-0.41777,-0.22597,-0.33806,-0.61276,-0.58055,-0.058352,-0.24791,-0.27372,-0.28025,-0.32174,-0.31278,-0.45286,-0.44151,-0.33855,-0.25607,-0.12701,-0.14228,-0.055872,-0.030489,-0.29857,-0.17184,0.029404,-0.2707,-0.20426,-0.1878,-0.28989,-0.085866,-0.49945,-0.27301,-0.059539,-0.17701,-0.22039,-0.37147,-0.69309,-0.64366,-0.3793,-0.20107,-0.1853,-0.45041,-0.092222,-0.21392,-0.3333,-0.56849,-0.65421,-0.65722,-0.22962,-0.20355,-0.30076,-0.32246,-0.5696,-0.64951
-0.20859,-0.22669,-0.43461,-0.21071,-0.24375,-0.29427,-0.10621,-0.1274,-0.2237,-0.14197,-0.23766,-0.2379,-0.47463,-0.48866,-0.44034,-0.44965,-0.41963,-0.46457,-0.35852,-0.36381,-0.34193,-0.18872,-0.25524,-0.31109,-0.067402,-0.23685,-0.38966,-0.43033,-0.43968,-0.49206,-0.29583,-0.25817,-0.52016,-0.51197,-0.35761,-0.47868,-0.21325,-0.32296,0.094809,0.26676,-0.031209,0,-0.2283,-0.078363,-0.4373,-0.41986,-0.37484,-0.40299,-0.45539,-0.4265,-0.42858,-0.63922,-0.28891,-0.28402,-0.2788,-0.28891,-0.41876,-0.46513,-0.44401,-0.41508,-0.47271,-0.50848,-0.42559,-0.41971,-0.41007,-0.40335,-0.39276,-0.57353,-0.44668,-0.44357,-0.42263,-0.41527,-0.2251,-0.36905,-0.30952,-0.28738,-0.27131,-0.28223,-0.29648,-0.36043,-0.30218,-0.32266,-0.44133,-0.20947,-0.32592,-0.32287,-0.35186,-0.45087,-0.38346,-0.30958,-0.14775,-0.15494,-0.16693,-0.31406,-0.12049,-0.22955,-0.28624,-0.41333,-0.42314,-0.59661,-0.50714,-0.6335,-0.3695,-0.43803,-0.63069
