,,,,,,,,,,,,,,,,,,,,,,,,,,,,,,,,,,,,,,,,,,,,,,,,,,,,,,,,,,,,,,,,,,,,,,,,,,,,,,,,,,,,,,,,,,,,,,,,,,,,,,,,
0,0.36293,-0.51703,-0.47035,0.19025,-0.097446,0.42009,0.11838,-0.34282,-0.2355,-0.17421,-0.33152,-1,-0.90741,-0.49863,-0.47734,-0.55744,-0.50443,-0.48661,-0.3965,-0.54263,-0.40723,-0.33445,-0.34987,-0.093906,-0.19705,-0.29515,-0.0099661,-0.17205,-0.3367,-0.18743,-0.13249,-0.77407,-0.70777,-0.50387,-0.45698,-0.30607,-0.39064,0.21055,-0.025741,0.21449,-0.038368,-0.2584,-0.1797,-0.45959,-0.58555,0.15022,-0.50758,-0.38481,-0.61064,-0.64062,-0.40474,0.068456,-0.079503,-0.14094,-0.39502,-0.49933,-0.64949,-0.64949,-0.31406,-0.35678,-0.46093,-0.53063,-0.38186,-0.44318,-0.51289,-0.65664,-0.30684,-0.30242,-0.3758,-0.46572,-0.49511,-0.43782,-0.40034,-0.54278,-0.40284,-0.41358,-0.85853,-0.66385,-0.84926,-0.67726,-0.5619,-0.51032,-0.38569,-0.44196,-0.81737,-0.59505,-0.56002,-0.5909,-0.082497,-0.27267,0.073404,0.17841,0.38227,0.32528,0.13075,0.10576,0.16943,-0.035867,-0.46185,-0.381,-0.30754,-0.24563,-0.041343,-0.24577
0.36293,0,-0.44745,-0.45984,0.2298,0.1771,0.10995,0.41486,-0.38988,-0.1735,-0.16866,-0.18912,-0.78761,-0.66894,-0.53591,-0.5728,-0.49837,-0.44988,-0.43452,-0.39606,-0.54952,-0.37109,-0.29885,-0.2322,-0.029091,-0.12237,-0.33995,-0.084213,-0.20425,-0.30981,-0.26725,-0.053454,-0.58168,-0.48233,-0.54638,-0.40151,-0.34288,-0.24802,0.061436,0.061288,0.11277,0.11702,-0.32853,0.063764,-0.4802,-0.38246,0.075203,-0.43745,-0.25573,-0.58104,-0.48631,-0.42002,-0.063295,-0.06124,-0.23391,-0.3788,-0.39126,-0.44067,-0.436,-0.45946,-0.36075,-0.48371,-0.46939,-0.4868,-0.46342,-0.52346,-0.57327,-0.32511,-0.33694,-0.39451,-0.45701,-0.59615,-0.42715,-0.39606,-0.48153,-0.21126,-0.23228,-0.53705,-0.41486,-0.53662,-0.57662,-0.59382,-0.47534,-0.27375,-0.31226,-0.65407,-0.5143,-0.39094,-0.42522,0.012716,-0.19865,-0.069846,0.10662,0.02387,0.075091,-0.022272,0.0070559,0.16432,0.063444,-0.47889,-0.36829,-0.36858,-0.17568,-0.12203,-0.20548
-0.51703,-0.44745,0,0.66294,-0.30187,-0.17228,-0.58402,-0.40974,0.22075,0.096478,-0.099762,0.1756,0.30832,0.35316,0.38751,0.27283,0.22408,0.20962,0.085799,-0.012389,0.23673,0.03035,-0.018335,0.047164,-0.27905,-0.14563,0.090028,-0.13331,-0.18596,-0.18847,-0.21701,-0.38069,0.41124,0.34908,0.25368,0.2352,0.092469,0.33513,-0.5379,-0.29792,-0.56566,-0.35494,-0.17372,-0.28851,0.32319,0.21251,-0.36109,-0.019932,0.20938,0.11253,0.33745,0.11639,-0.080935,0.12086,0.11927,-0.024428,0.15648,0.37427,0.35974,0.3954,0.34073,0.12464,0.35221,0.10551,0.064554,0.098895,0.18721,0.14029,0.056447,0.11883,0.095385,0.1848,0.072572,0.21584,0.23806,0.24198,0.26441,0.39185,0.35112,0.23839,0.62416,0.50864,0.17078,0.041634,0.18307,0.26188,0.21946,0.2099,0.21455,-0.052497,-0.16343,-0.47563,-0.56834,-0.41647,-0.23073,-0.2002,-0.086452,-0.28755,-0.1354,0.070416,-0.038291,0.021168,-0.1158,0.13634,0.28761
-0.47035,-0.45984,0.66294,0,-0.4176,-0.28801,-0.5084,-0.39461,0.31323,0.24191,0.0092059,0.27738,0.20859,0.25268,0.51862,0.45038,0.20129,0.20656,0.063984,0.12375,0.18911,0.033569,-0.0021619,0.11375,-0.12108,-0.018964,0.057647,-0.15695,-0.23148,-0.24134,-0.15692,-0.33735,0.22252,0.18478,0.20979,0.10225,0.14503,0.38512,-0.33971,-0.12122,-0.39004,-0.25368,-0.092053,-0.3085,0.2002,0.20824,-0.38481,-0.037536,0.016802,-0.023151,0.11345,-0.033153,-0.11166,0.042151,0.1032,-0.16045,-0.00096811,0.25765,0.26322,0.47562,0.56679,0.041332,0.20501,0.15096,-0.014967,0.054368,0.23515,0.061787,-0.057659,0.042757,0.020764,0.196,0.14834,0.079153,0.19099,0.19597,0.3085,0.2039,0.27276,0.12775,0.53899,0.47538,0.35085,-0.013078,0.24009,0.19597,0.26251,0.11336,0.078963,-0.15823,-0.12482,-0.47926,-0.53488,-0.42533,-0.16943,-0.19982,-0.059381,-0.33021,-0.14819,0.0075845,-0.092552,-0.043939,-0.11814,0.024612,0.2037
0.19025,0.2298,-0.30187,-0.4176,0,0.40951,0.14838,0.18495,-0.29461,-0.25692,-0.12179,-0.22234,-0.46961,-0.42736,-0.37893,-0.53537,-0.34634,-0.42,-0.2832,-0.43357,-0.29382,-0.49373,-0.18892,-0.24597,-0.1411,-0.19759,-0.19872,-0.013922,-0.022391,-0.23804,-0.28077,-0.23422,-0.36745,-0.34295,-0.39292,-0.28692,-0.14305,-0.23964,-0.073879,-0.098842,-0.020793,0.0033498,-0.37918,0.014724,-0.40525,-0.42061,-0.0025895,-0.31027,-0.21316,-0.22241,-0.1814,-0.27676,0.15823,0.10197,-0.069763,-0.11784,-0.19593,-0.38456,-0.38226,-0.32261,-0.3741,-0.31077,-0.286,-0.33004,-0.30731,-0.4676,-0.53811,-0.15832,-0.24713,-0.25938,-0.28573,-0.42688,-0.44673,-0.35544,-0.48218,-0.12471,-0.24852,-0.33668,-0.31639,-0.34354,-0.35943,-0.33755,-0.43525,-0.25677,-0.25629,-0.33574,-0.38877,-0.30857,-0.23928,-0.023056,-0.34769,-0.14892,-0.122,0.11268,0.094613,0.068219,0.0086239,0.10261,-0.0099721,-0.35551,-0.30284,-0.2924,-0.33238,-0.088614,-0.12862
-0.097446,0.1771,-0.17228,-0.28801,0.40951,0,-0.20559,0.16689,-0.35617,-0.18774,-0.21009,-0.11351,-0.30968,-0.23675,-0.35071,-0.53789,-0.35613,-0.43737,-0.35024,-0.4776,-0.30374,-0.49204,-0.31454,-0.23666,-0.17796,-0.22541,-0.32084,-0.26158,-0.20769,-0.27857,-0.44136,-0.29422,-0.19815,-0.12578,-0.26724,-0.14973,-0.16083,-0.0779,-0.25246,-0.080929,-0.20368,-0.025723,-0.28697,0.2328,-0.3625,-0.28543,-0.16835,-0.34096,-0.15351,-0.24995,-0.11185,-0.28889,-0.068682,0.040007,-0.13775,-0.12256,-0.077674,-0.21293,-0.19101,-0.42128,-0.27494,-0.43447,-0.28657,-0.22674,-0.2271,-0.43571,-0.44544,-0.28025,-0.39908,-0.342,-0.33474,-0.453,-0.45391,-0.32506,-0.4511,-0.068153,-0.15115,-0.17654,-0.17886,-0.18487,-0.21206,-0.2506,-0.34408,-0.092819,-0.2008,-0.22612,-0.3498,-0.23037,-0.15556,0.019433,-0.33518,-0.25674,-0.17063,-0.18052,-0.1052,-0.21474,-0.21004,-0.07104,-0.1003,-0.36364,-0.33641,-0.37467,-0.29359,-0.19228,-0.15396
0.42009,0.10995,-0.58402,-0.5084,0.14838,-0.20559,0,0.165,-0.19231,-0.30479,-0.021625,-0.34316,-0.69224,-0.72499,-0.36146,-0.37001,-0.28859,-0.31705,-0.19471,-0.21646,-0.32272,-0.35341,-0.083376,-0.24347,0.023003,-0.068652,-0.12802,0.13862,0.096092,-0.18615,0.069484,-0.021102,-0.67261,-0.74052,-0.47732,-0.50021,-0.15199,-0.40624,0.3022,0.0027083,0.32208,0.06554,-0.27371,-0.15583,-0.4703,-0.46335,-0.026667,-0.34207,-0.41068,-0.35394,-0.49949,-0.35034,0.10284,-0.13028,-0.1683,-0.24579,-0.4328,-0.70785,-0.70194,-0.27935,-0.46559,-0.24043,-0.38814,-0.46011,-0.42467,-0.56864,-0.55399,-0.13813,-0.20297,-0.17449,-0.25848,-0.30396,-0.27137,-0.49945,-0.45009,-0.2694,-0.35756,-0.59457,-0.48327,-0.51571,-0.57865,-0.47384,-0.39657,-0.48158,-0.30289,-0.47569,-0.34797,-0.51213,-0.46354,-0.3409,-0.32402,-0.036675,-0.034668,0.41563,0.24837,0.33985,0.1907,0.15407,-0.036052,-0.39293,-0.33156,-0.26215,-0.29982,-0.16195,-0.25636
0.11838,0.41486,-0.40974,-0.39461,0.18495,0.16689,0.165,0,-0.20027,-0.15965,0.010982,-0.099394,-0.63601,-0.57678,-0.3625,-0.44446,-0.3302,-0.32295,-0.23688,-0.2901,-0.39252,-0.38143,-0.13929,-0.17458,0.10796,0.031449,-0.19822,-0.043636,-0.067185,-0.30024,-0.13862,0.0037833,-0.53154,-0.49607,-0.51035,-0.42847,-0.25529,-0.20148,0.098307,0.18627,0.13733,0.3084,-0.38191,0.12427,-0.57647,-0.35673,-0.069508,-0.30122,-0.3353,-0.43336,-0.38781,-0.49181,0.033985,0.00054048,-0.1132,-0.28029,-0.36243,-0.42032,-0.40842,-0.48414,-0.42152,-0.33397,-0.41914,-0.60881,-0.52293,-0.6466,-0.48711,-0.19076,-0.3159,-0.27664,-0.40703,-0.45837,-0.35269,-0.50237,-0.45426,-0.05223,-0.12974,-0.37586,-0.24973,-0.26594,-0.44316,-0.47235,-0.38934,-0.22069,-0.1726,-0.38544,-0.30575,-0.27886,-0.30069,-0.25671,-0.27583,-0.33134,-0.17875,-0.068771,0.0028033,0.075162,0.087337,0.13002,0.039811,-0.61767,-0.51393,-0.49622,-0.36154,-0.21518,-0.24217
-0.34282,-0.38988,0.22075,0.31323,-0.29461,-0.35617,-0.19231,-0.20027,0,0.24122,0.28155,0.20684,0.054962,0.0184,0.6336,0.50021,0.36754,0.30992,0.33682,0.30268,0.30028,0.039075,0.29403,0.21582,0.10587,0.17451,0.41379,0.08451,-0.057273,-0.25177,-0.010786,-0.22744,-0.012401,-0.10819,-0.06573,-0.17316,0.032173,0.05789,-0.11417,-0.0075013,-0.1218,-0.013862,-0.22418,-0.34598,0.014189,0.082319,-0.29977,0.1058,-0.12973,0.032583,0.060278,-0.18112,0.16901,0.21491,0.22375,-0.086013,-0.11703,0.062933,0.074378,0.39091,0.15071,0.25136,0.24016,-0.09981,-0.19285,-0.10508,0.16213,0.38744,0.072495,0.10581,-0.0047039,0.18192,0.12847,-0.1102,0.11194,0.33125,0.3911,0.14906,0.27181,0.1803,0.21608,0.35597,0.21289,-0.11379,0.38754,0.20296,0.44432,0.14788,0.10655,-0.3942,-0.17173,-0.6525,-0.74101,-0.30141,-0.10312,0.15535,0.261,-0.1534,0.0070499,-0.04458,-0.14307,-0.055372,-0.1954,0.0052444,0.11373
-0.2355,-0.1735,0.096478,0.24191,-0.25692,-0.18774,-0.30479,-0.15965,0.24122,0,0.32104,0.54968,-0.10129,-0.091234,0.23336,0.23557,-0.01385,0.00078993,-0.086738,0.20491,-0.050864,-0.066995,-0.049379,0.24226,0.17467,0.27655,0.037851,-0.06301,-0.34541,-0.3845,-0.214,-0.20609,-0.18406,-0.16738,-0.26596,-0.29342,-0.050668,0.13152,-0.043992,0.25493,-0.048221,0.14545,-0.27481,-0.2834,-0.2208,-0.037661,-0.23786,-0.12004,-0.32024,-0.23023,-0.08176,-0.41588,-0.055253,0.04891,0.20711,-0.42583,-0.39392,-0.050876,-0.050734,0.16215,0.32477,-0.14206,-0.10002,-0.00097405,-0.38156,-0.15438,0.022177,-0.0072638,-0.22642,-0.25683,-0.26797,-0.153,-0.08552,-0.30066,-0.14685,0.16365,0.4284,-0.054772,0.054974,-0.093295,0.034864,0.11395,0.26732,-0.12638,0.16167,-0.11557,0.078031,-0.069169,-0.23669,-0.19518,-0.10483,-0.57199,-0.45939,-0.35606,-0.10497,-0.095575,0.044889,-0.23405,-0.031508,-0.15121,-0.23411,-0.17785,-0.09763,-0.17281,-0.032239
-0.17421,-0.16866,-0.099762,0.0092059,-0.12179,-0.21009,-0.021625,0.010982,0.28155,0.32104,0,0.41498,-0.15787,-0.14913,0.17539,0.12106,0.081707,0.075869,0.081226,0.25445,0.014147,-0.15778,0.16588,0.24775,0.42323,0.50318,0.1511,0.18785,-0.062565,-0.27969,-0.0054226,-0.05988,-0.24175,-0.2735,-0.35987,-0.41099,0.0024411,0.0033735,0.118,0.26571,0.15183,0.36399,-0.46777,-0.26989,-0.30393,-0.085235,-0.32103,-0.029851,-0.41064,-0.058063,-0.041088,-0.39471,-0.015828,-0.038368,0.067987,-0.38227,-0.42958,-0.14605,-0.13836,0.044955,0.0096751,-0.021399,-0.12631,-0.21488,-0.50397,-0.30273,-0.043274,0.18841,-0.12859,-0.10836,-0.17126,-0.1281,-0.024108,-0.37035,-0.1615,0.22657,0.33161,-0.058217,0.099905,-0.012467,-0.055669,0.015478,0.2328,-0.18945,0.27903,-0.047728,0.15029,-0.06598,-0.2016,-0.29543,-0.14927,-0.70894,-0.60351,-0.27135,-0.12908,0.074437,0.15221,-0.15609,0.02169,-0.22109,-0.25444,-0.1509,-0.21722,-0.29647,-0.052391
-0.33152,-0.18912,0.1756,0.27738,-0.22234,-0.11351,-0.34316,-0.099394,0.20684,0.54968,0.41498,0,-0.022076,0.059553,0.26618,0.22211,0.085098,0.12732,0.013411,0.21931,0.050163,-0.05011,0.055883,0.33964,0.19954,0.35123,0.041534,0.017907,-0.19223,-0.2233,-0.12891,-0.10008,-0.022468,0.0057017,-0.16376,-0.14677,0.053816,0.36476,-0.10571,0.1948,-0.11098,0.15774,-0.372,-0.18024,-0.12226,0.11338,-0.35633,-0.067684,-0.19558,-0.096923,0.08046,-0.27386,-0.14839,-0.0090456,0.085989,-0.41242,-0.25523,0.095593,0.11542,0.11741,0.30412,-0.044782,-0.026596,-0.062719,-0.3221,-0.13971,0.091026,0.11962,-0.11305,-0.088787,-0.10779,-0.05909,0.045572,-0.15896,-0.022053,0.40845,0.58544,0.12262,0.31335,0.079848,0.18946,0.12671,0.3807,0.050241,0.36705,0.041385,0.21943,0.049955,-0.10387,-0.10538,-0.10602,-0.75218,-0.57038,-0.48893,-0.21413,-0.17828,-0.0074004,-0.28855,-0.030956,-0.16219,-0.1996,-0.12171,-0.12034,-0.1967,0.095064
-1,-0.78761,0.30832,0.20859,-0.46961,-0.30968,-0.69224,-0.63601,0.054962,-0.10129,-0.15787,-0.022076,0,0.86779,0.25418,0.17537,0.31603,0.22911,0.18021,0.043131,0.33084,0.04502,0.033747,0.045727,-0.33151,-0.17655,0.042995,-0.22384,-0.13646,-0.026745,-0.14576,-0.288,0.65214,0.47336,0.2224,0.17514,0.043868,0.0644,-0.62256,-0.43623,-0.58346,-0.40181,-0.12982,-0.30227,0.28003,0.30235,-0.50039,0.16558,0.099947,0.45887,0.5005,0.13964,-0.33801,-0.22502,-0.1656,0.10517,0.18497,0.41777,0.36588,0.16502,0.1072,0.21117,0.38544,0.13001,0.10197,0.26076,0.39011,0.073303,0.049807,0.12616,0.22304,0.24838,0.14844,0.14958,0.31507,0.056964,0.072174,0.55289,0.33058,0.3836,0.48494,0.35197,0.21129,-0.097897,0.11085,0.44824,0.24462,0.22473,0.26186,-0.15014,-0.059114,-0.41534,-0.63911,-0.58171,-0.58058,-0.38597,-0.39158,-0.53672,-0.32726,0.31056,0.18379,0.12954,-0.048494,-0.21073,0.015781
-0.90741,-0.66894,0.35316,0.25268,-0.42736,-0.23675,-0.72499,-0.57678,0.0184,-0.091234,-0.14913,0.059553,0.86779,0,0.25948,0.16599,0.2609,0.19419,0.12054,0.029774,0.36235,0.0086536,0.0072994,0.062832,-0.27982,-0.16374,-0.016274,-0.21804,-0.12334,0.021352,-0.15301,-0.27213,0.92647,0.78993,0.32607,0.3055,0.097701,0.21376,-0.5748,-0.3751,-0.55706,-0.36566,-0.10631,-0.20091,0.36456,0.39094,-0.57326,0.061882,0.15154,0.34648,0.4869,0.1804,-0.3735,-0.21743,-0.20581,0.016054,0.25738,0.51351,0.5264,0.145,0.18892,0.14187,0.35839,0.17394,0.13387,0.1895,0.33537,0.074604,0.027606,0.14455,0.26862,0.26428,0.19482,0.21425,0.33116,0.11903,0.093805,0.60902,0.44747,0.38242,0.68308,0.34424,0.25398,0.037614,0.17388,0.51143,0.27184,0.19094,0.26363,-0.068177,-0.1176,-0.4224,-0.57378,-0.6219,-0.52945,-0.45505,-0.40723,-0.58422,-0.33819,0.22979,0.14351,0.14047,-0.04382,-0.20224,0.080299
-0.49863,-0.53591,0.38751,0.51862,-0.37893,-0.35071,-0.36146,-0.3625,0.6336,0.23336,0.17539,0.26618,0.25418,0.25948,0,0.68842,0.37815,0.28238,0.25972,0.26135,0.55063,0.00042169,0.177,0.20748,-0.020942,0.092427,0.39291,0.038623,-0.039104,-0.14666,-0.051256,-0.26609,0.20085,0.11322,0.13109,0.019481,0.12556,0.19658,-0.2478,-0.085621,-0.25654,-0.10373,-0.12661,-0.31148,0.17324,0.20919,-0.43841,0.062422,-0.032993,0.1327,0.19193,-0.067554,-0.00050484,0.083566,0.14592,-0.067185,0.0053335,0.23302,0.24055,0.48209,0.38129,0.22795,0.3308,0.080614,-0.12566,-0.0022807,0.27753,0.35036,0.058847,0.14768,0.11125,0.27245,0.19321,-0.0042347,0.23109,0.30896,0.36461,0.28158,0.42359,0.26999,0.51559,0.54226,0.36037,-0.064245,0.43701,0.35725,0.51939,0.16196,0.1359,-0.29397,-0.21994,-0.63897,-0.78211,-0.36918,-0.16757,-0.037792,0.019083,-0.31129,-0.15356,0.029364,-0.093093,-0.014005,-0.17926,-0.03323,0.19545
-0.47734,-0.5728,0.27283,0.45038,-0.53537,-0.53789,-0.37001,-0.44446,0.50021,0.23557,0.12106,0.22211,0.17537,0.16599,0.68842,0,0.3219,0.35747,0.24791,0.45358,0.32475,0.20692,0.16,0.22944,-0.0056661,0.10559,0.22951,-0.011813,-0.1104,-0.10622,0.0089802,-0.1783,0.10132,0.027843,0.084083,-0.043802,0.057902,0.13818,-0.1804,-0.080341,-0.23324,-0.14639,-0.10604,-0.40083,0.14775,0.20953,-0.34878,0.084053,-0.09143,0.023276,0.079575,-0.080014,-0.10381,-0.038528,0.084374,-0.19569,-0.10309,0.16148,0.16571,0.47817,0.34873,0.2528,0.24512,0.051844,-0.079022,0.083008,0.33609,0.21847,0.069056,0.11086,0.11146,0.29938,0.27813,0.016945,0.26508,0.21675,0.29809,0.18772,0.28136,0.14551,0.32552,0.3597,0.40441,-0.040892,0.30492,0.22937,0.53002,0.13422,0.05169,-0.31631,-0.11289,-0.51573,-0.57361,-0.40349,-0.20148,-0.094524,0.020865,-0.32408,-0.12352,0.056055,-0.062487,0.00081368,-0.11652,-0.064679,0.078933
-0.55744,-0.49837,0.22408,0.20129,-0.34634,-0.35613,-0.28859,-0.3302,0.36754,-0.01385,0.081707,0.085098,0.31603,0.2609,0.37815,0.3219,0,0.76629,0.79165,0.37422,0.44759,0.2318,0.4897,0.34628,-0.03304,0.12266,0.27737,0.061133,0.077021,0.03364,0.18861,-0.070553,0.25936,0.12043,0.074823,0.0096157,0.21732,0.12835,-0.26398,-0.19977,-0.25121,-0.15432,-0.18708,-0.22166,0.19357,0.45929,-0.45417,0.16949,0.04265,0.29326,0.27707,0.027707,-0.12635,-0.086862,-0.10605,0.081481,0.10777,0.16183,0.18283,0.3173,0.04445,0.41171,0.49005,-0.056091,0.034412,0.018073,0.25888,0.40381,0.2162,0.44159,0.36117,0.48114,0.42721,0.013548,0.30547,0.3468,0.27096,0.4518,0.43048,0.29828,0.31578,0.34994,0.3325,-0.12865,0.39077,0.39445,0.54523,0.15491,0.23867,-0.29518,-0.051042,-0.46989,-0.64945,-0.37362,-0.28075,-0.037928,0.0077389,-0.25814,-0.042282,0.26757,0.16765,0.19167,0.023169,-0.10737,0.18883
-0.50443,-0.44988,0.20962,0.20656,-0.42,-0.43737,-0.31705,-0.32295,0.30992,0.00078993,0.075869,0.12732,0.22911,0.19419,0.28238,0.35747,0.76629,0,0.62891,0.41373,0.26779,0.42769,0.44658,0.36938,-0.033551,0.15858,0.20168,0.07237,0.014545,0.026192,0.20181,0.028146,0.19902,0.083804,0.021661,-0.018709,0.092439,0.12124,-0.24317,-0.20653,-0.24776,-0.17251,-0.25746,-0.3048,0.19911,0.4673,-0.34833,0.22432,0.037578,0.19831,0.22257,0.012401,-0.18235,-0.13409,-0.11433,-0.044545,0.0075607,0.21243,0.21124,0.28697,0.042318,0.46309,0.38367,-0.1421,-0.0090337,0.1065,0.35041,0.36831,0.30877,0.41593,0.29534,0.41836,0.49462,0.11299,0.42478,0.30852,0.27965,0.35794,0.39634,0.22887,0.23289,0.21657,0.31445,-0.075524,0.3439,0.24501,0.4752,0.24947,0.20783,-0.21752,0.096502,-0.48168,-0.58846,-0.45389,-0.35009,-0.086482,0.017598,-0.25033,0.001859,0.21784,0.16947,0.19328,0.05093,-0.08296,0.16883
-0.48661,-0.43452,0.085799,0.063984,-0.2832,-0.35024,-0.19471,-0.23688,0.33682,-0.086738,0.081226,0.013411,0.18021,0.12054,0.25972,0.24791,0.79165,0.62891,0,0.3665,0.32942,0.23044,0.66294,0.30482,-0.0037061,0.13588,0.29986,0.119,0.20626,0.10315,0.23055,-0.0043119,0.13203,-0.0032191,-0.0095682,-0.080121,0.14442,0.022403,-0.19908,-0.16773,-0.19626,-0.097072,-0.21404,-0.21342,0.092802,0.33103,-0.31668,0.287,0.013755,0.26553,0.19931,-0.026816,-0.07316,-0.066241,-0.10682,0.10636,0.070761,0.096442,0.099008,0.17198,-0.085781,0.57136,0.41599,-0.21073,-0.018554,9.5029e-05,0.21709,0.41118,0.26207,0.43559,0.34365,0.36699,0.35961,-0.017753,0.28553,0.3624,0.22,0.3101,0.34412,0.26882,0.16626,0.17293,0.16856,-0.16168,0.36815,0.33367,0.56952,0.21566,0.28765,-0.34489,-0.02169,-0.46691,-0.61738,-0.35228,-0.27412,0.05093,0.083031,-0.14484,0.061347,0.14286,0.098325,0.044307,-0.10471,-0.09235,0.12542
-0.3965,-0.39606,-0.012389,0.12375,-0.43357,-0.4776,-0.21646,-0.2901,0.30268,0.20491,0.25445,0.21931,0.043131,0.029774,0.26135,0.45358,0.37422,0.41373,0.3665,0,0.14075,0.31591,0.35802,0.54748,0.26457,0.40934,0.091721,0.018186,-0.070214,-0.0079646,0.20912,0.060391,-0.055099,-0.11087,-0.12385,-0.21969,0.12258,0.081754,0.041676,0.10205,0.0032844,0.054962,-0.15538,-0.24957,-0.057991,0.26995,-0.3251,0.10844,-0.25212,-0.040447,-0.020485,-0.23852,-0.20553,-0.19652,-0.10673,-0.25833,-0.21608,-0.015555,0.010703,0.21031,0.10428,0.17611,0.10916,-0.05947,-0.11947,-0.028277,0.22651,0.14675,-0.00063551,0.080448,0.10312,0.22696,0.38874,-0.17694,0.1062,0.23931,0.28542,0.094429,0.18307,0.021227,0.080947,0.12031,0.50395,-0.12686,0.32152,0.10583,0.46897,0.0081071,-0.052539,-0.34665,0.049391,-0.43647,-0.45056,-0.40935,-0.2325,-0.087177,0.036717,-0.29124,-0.00047514,0.10426,0.045418,0.036016,0.027267,-0.27409,-0.033925
-0.54263,-0.54952,0.23673,0.18911,-0.29382,-0.30374,-0.32272,-0.39252,0.30028,-0.050864,0.014147,0.050163,0.33084,0.36235,0.55063,0.32475,0.44759,0.26779,0.32942,0.14075,0,-0.0005286,0.26821,0.16521,-0.12412,-0.016939,0.38083,0.081036,0.14048,0.051517,0.026062,-0.18753,0.36439,0.2479,0.22195,0.17634,0.12749,0.097214,-0.30784,-0.24335,-0.28177,-0.16193,-0.096217,-0.18784,0.30767,0.28626,-0.46911,0.085823,0.10501,0.30431,0.3088,0.087747,-0.040607,0.00040387,-0.034923,0.11956,0.22394,0.27294,0.29379,0.3022,0.17383,0.33469,0.54998,0.077538,-0.0033676,0.034864,0.25109,0.43986,0.20165,0.35204,0.35882,0.42211,0.26518,0.096502,0.32011,0.24841,0.11673,0.38856,0.43476,0.30839,0.48613,0.33924,0.19119,-0.045572,0.30276,0.49356,0.4151,0.14611,0.26731,-0.23576,-0.26063,-0.48173,-0.6887,-0.31925,-0.23067,-0.080763,-0.10023,-0.38623,-0.26125,0.16451,0.066045,0.15108,-0.09959,-0.076272,0.20118
-0.40723,-0.37109,0.03035,0.033569,-0.49373,-0.49204,-0.35341,-0.38143,0.039075,-0.066995,-0.15778,-0.05011,0.04502,0.0086536,0.00042169,0.20692,0.2318,0.42769,0.23044,0.31591,-0.0005286,0,0.18,0.24847,-0.11645,0.041949,-0.063527,-0.12255,-0.15099,0.06867,0.16029,0.12509,0.021144,-0.026703,-0.033391,-0.04701,-0.054826,-0.013013,-0.17826,-0.21569,-0.22447,-0.24222,-0.11488,-0.25997,0.086251,0.2869,-0.1476,0.12294,-0.049558,-0.087082,-0.0092534,-0.073368,-0.27821,-0.23921,-0.17557,-0.13195,-0.083311,0.064293,0.057047,0.11094,-0.025687,0.22334,0.18177,-0.10645,0.11767,0.20668,0.2425,0.015222,0.14706,0.15834,0.16233,0.27759,0.36685,0.079622,0.25145,0.058888,0.024529,0.091311,0.052866,-0.052046,0.0072578,-0.025735,0.11838,-0.074241,-2.3757e-05,-0.014795,0.16289,0.083851,0.036681,-0.17622,0.23947,-0.23339,-0.27829,-0.42651,-0.35585,-0.21539,-0.082622,-0.30223,-0.064536,0.25534,0.23276,0.14847,0.20063,-0.13585,-0.0773
-0.33445,-0.29885,-0.018335,-0.0021619,-0.18892,-0.31454,-0.083376,-0.13929,0.29403,-0.049379,0.16588,0.055883,0.033747,0.0072994,0.177,0.16,0.4897,0.44658,0.66294,0.35802,0.26821,0.18,0,0.44658,0.1064,0.27734,0.27633,0.21799,0.21844,0.084944,0.25829,0.10569,0.003617,-0.087533,-0.12971,-0.13693,0.11939,-0.0051553,-0.053578,-0.053103,-0.03468,0.038439,-0.27478,-0.17684,-0.0071687,0.24421,-0.18643,0.31043,-0.064495,0.11907,0.082432,-0.14519,0.0033498,-0.037584,-0.071355,0.024119,-0.03971,0.045709,0.048863,0.15549,-0.050971,0.436,0.3054,-0.21883,-0.11799,0.0065629,0.22375,0.38741,0.29477,0.341,0.23682,0.29424,0.3373,-0.057724,0.19781,0.32844,0.147,0.14212,0.22794,0.088549,0.082491,0.014427,0.13328,-0.15625,0.2962,0.1628,0.35479,0.15398,0.17276,-0.28668,0.033711,-0.43908,-0.56042,-0.30219,-0.21938,0.072406,0.11368,-0.19326,0.026163,0.10017,0.13756,0.076653,-0.041836,-0.12366,0.13749
-0.34987,-0.2322,0.047164,0.11375,-0.24597,-0.23666,-0.24347,-0.17458,0.21582,0.24226,0.24775,0.33964,0.045727,0.062832,0.20748,0.22944,0.34628,0.36938,0.30482,0.54748,0.16521,0.24847,0.44658,0,0.21849,0.571,0.14,0.10848,-0.021381,0.030665,0.17008,0.16302,0.01119,-0.010198,-0.13129,-0.11478,0.16609,0.18074,-0.0026311,0.12443,0.016529,0.15924,-0.20865,-0.097274,-0.04094,0.38172,-0.24791,0.12996,-0.16687,-0.029518,0.075589,-0.27533,-0.14397,-0.10907,-0.057956,-0.15986,-0.13308,0.10173,0.11474,0.1821,0.16893,0.15009,0.1882,-0.02978,-0.14671,0.016327,0.26026,0.21896,0.063069,0.1323,0.11768,0.19655,0.37444,-0.12319,0.12805,0.37154,0.3225,0.13256,0.25,-0.0018055,0.12884,0.061757,0.40797,-0.11744,0.34491,0.051048,0.30135,0.073903,0.0043001,-0.13638,0.13657,-0.48483,-0.50765,-0.41759,-0.23697,-0.095664,0.013441,-0.31607,-0.0088971,0.16753,0.1671,0.098699,0.1508,-0.23319,0.093413
-0.093906,-0.029091,-0.27905,-0.12108,-0.1411,-0.17796,0.023003,0.10796,0.10587,0.17467,0.42323,0.19954,-0.33151,-0.27982,-0.020942,-0.0056661,-0.03304,-0.033551,-0.0037061,0.26457,-0.12412,-0.11645,0.1064,0.21849,0,0.49053,-0.089084,-0.019784,-0.15318,-0.24634,0.011991,0.019891,-0.36509,-0.36583,-0.385,-0.46985,-0.060409,-0.044729,0.44028,0.57979,0.42579,0.50674,-0.24726,-0.042715,-0.37675,-0.079313,-0.27799,-0.13634,-0.50747,-0.31387,-0.29209,-0.5493,-0.086928,-0.1054,-0.15335,-0.44541,-0.40049,-0.25883,-0.18827,-0.13025,-0.092035,-0.19695,-0.23654,-0.23875,-0.37672,-0.43091,-0.14768,-0.032316,-0.27369,-0.20275,-0.24508,-0.15419,-0.0035814,-0.46766,-0.26093,0.10903,0.14723,-0.19199,-0.030593,-0.16514,-0.18936,-0.12401,0.13245,-0.1041,0.1959,-0.13298,0.06984,-0.19913,-0.23384,-0.35837,-0.12953,-0.45148,-0.30442,-0.28509,-0.057492,-0.011974,0.11864,-0.14095,0.066354,-0.26754,-0.26169,-0.20876,-0.13187,-0.37935,-0.16974
-0.19705,-0.12237,-0.14563,-0.018964,-0.19759,-0.22541,-0.068652,0.031449,0.17451,0.27655,0.50318,0.35123,-0.17655,-0.16374,0.092427,0.10559,0.12266,0.15858,0.13588,0.40934,-0.016939,0.041949,0.27734,0.571,0.49053,0,0.092208,0.13835,-0.043107,-0.11033,0.18185,0.23488,-0.23227,-0.24627,-0.31283,-0.32059,0.051797,0.050472,0.22791,0.40042,0.24978,0.466,-0.28623,-0.09061,-0.2833,0.075661,-0.23831,0.0027855,-0.40157,-0.18257,-0.12595,-0.50406,-0.096828,-0.13506,-0.02229,-0.30682,-0.35162,-0.1176,-0.10344,-0.0084041,0.017764,-0.025955,-0.095676,-0.18312,-0.38391,-0.21065,0.038386,0.11958,-0.098622,-0.032648,-0.10913,-0.016761,0.14432,-0.34639,-0.097517,0.22198,0.24048,-0.081048,0.072887,-0.10217,-0.07844,-0.085698,0.26218,-0.17869,0.24158,-0.10695,0.13706,-0.071699,-0.18695,-0.27375,0.037049,-0.56749,-0.48311,-0.32065,-0.15019,-0.0023638,0.093924,-0.22337,0.0038605,-0.11265,-0.1045,-0.11291,-0.030564,-0.3366,-0.059571
-0.29515,-0.33995,0.090028,0.057647,-0.19872,-0.32084,-0.12802,-0.19822,0.41379,0.037851,0.1511,0.041534,0.042995,-0.016274,0.39291,0.22951,0.27737,0.20168,0.29986,0.091721,0.38083,-0.063527,0.27633,0.14,-0.089084,0.092208,0,0.39596,0.19489,-0.08609,0.022771,-0.11648,0.0023223,-0.10051,-0.095593,-0.11466,-0.037441,-0.097327,-0.19816,-0.15554,-0.1478,-0.01413,-0.2799,-0.32693,0.034697,0.035695,-0.2226,0.13115,-0.031253,0.16887,0.11611,-0.13791,0.17849,0.12761,0.16516,0.087094,-0.053192,0.070161,0.032339,0.2194,0.022955,0.34285,0.26293,-0.17893,-0.30655,-0.053727,0.11728,0.63675,0.27659,0.21628,0.07275,0.11194,0.049219,-0.060884,0.15322,0.18992,0.16393,0.089481,0.18964,0.11877,0.096395,0.13129,0.015626,-0.2551,0.24291,0.088282,0.21691,0.15495,0.092701,-0.28355,-0.19778,-0.58404,-0.75938,-0.16384,-0.11288,0.26306,0.16562,-0.095694,-0.054974,-0.020871,-0.086209,-0.052771,-0.21557,0.056215,0.21055
-0.0099661,-0.084213,-0.13331,-0.15695,-0.013922,-0.26158,0.13862,-0.043636,0.08451,-0.06301,0.18785,0.017907,-0.22384,-0.21804,0.038623,-0.011813,0.061133,0.07237,0.119,0.018186,0.081036,-0.12255,0.21799,0.10848,-0.019784,0.13835,0.39596,0,0.36466,0.026394,0.14399,0.087658,-0.18329,-0.23793,-0.25089,-0.19662,-0.019623,-0.11112,-0.014676,-0.084267,0.036592,0.0847,-0.41472,-0.2648,-0.084178,-0.059393,-0.12124,-0.05561,-0.081291,0.0064085,-0.042692,-0.15032,0.08612,-0.015769,-0.0027499,-0.1342,-0.20495,-0.13075,-0.1596,0.050757,-0.10731,0.17271,0.021993,-0.33084,-0.41787,-0.18124,-0.1029,0.44456,0.27157,0.18748,0.061846,-0.035743,0.012579,-0.10969,0.012954,0.10664,0.023009,-0.13059,0.00042763,-0.14298,-0.13232,-0.15641,-0.093894,-0.29135,0.09649,-0.15985,0.011071,-0.06342,-0.1388,-0.11563,-0.17849,-0.38034,-0.41409,0.009687,0.0041813,0.31797,0.24795,0.026074,0.042953,-0.1359,-0.10488,-0.037703,-0.18005,0.036503,0.20138
-0.17205,-0.20425,-0.18596,-0.23148,-0.022391,-0.20769,0.096092,-0.067185,-0.057273,-0.34541,-0.062565,-0.19223,-0.13646,-0.12334,-0.039104,-0.1104,0.077021,0.014545,0.20626,-0.070214,0.14048,-0.15099,0.21844,-0.021381,-0.15318,-0.043107,0.19489,0.36466,0,0.33086,0.26126,0.08653,-0.056524,-0.12307,-0.039639,-0.018982,0.11465,-0.101,-0.13011,-0.19657,-0.11063,-0.058152,-0.18298,-0.058959,-0.02605,0.0048999,-0.21451,-0.047995,0.035713,0.089577,-0.017563,0.0019243,-0.02681,-0.12891,-0.17563,0.098491,0.047788,-0.13089,-0.15622,-0.096205,-0.23999,0.21529,0.087611,-0.32618,-0.17916,-0.18123,-0.1327,0.22876,0.17786,0.36571,0.30402,0.083192,0.078886,-0.080745,0.059001,0.069995,-0.14871,-0.073582,0.0010513,-0.050977,-0.079741,-0.19917,-0.18593,-0.30072,0.012526,-0.0059571,0.04094,-0.088199,-0.004009,-0.22353,-0.26644,-0.24755,-0.35623,-0.00067708,-0.062879,0.14917,0.023151,-0.04477,-0.098866,-0.12514,-0.082544,-0.11738,-0.2926,-0.053448,0.078915
-0.3367,-0.30981,-0.18847,-0.24134,-0.23804,-0.27857,-0.18615,-0.30024,-0.25177,-0.3845,-0.27969,-0.2233,-0.026745,0.021352,-0.14666,-0.10622,0.03364,0.026192,0.10315,-0.0079646,0.051517,0.06867,0.084944,0.030665,-0.24634,-0.11033,-0.08609,0.026394,0.33086,0,0.24832,0.21531,0.071812,0.05988,0.075293,0.14458,0.1133,-0.026804,-0.20505,-0.2674,-0.22488,-0.21371,-0.016731,0.022314,0.078719,0.19357,-0.23721,-0.0779,0.072406,-0.0026014,-0.026507,0.049985,-0.35878,-0.38838,-0.38488,0.0095266,0.12712,-0.050365,-0.052598,-0.15232,-0.18149,0.12989,0.087415,-0.15511,0.060385,0.016903,-0.028883,0.00080774,0.12455,0.28703,0.46148,0.18711,0.22268,0.035796,0.14252,-0.027529,-0.23103,-0.015911,-0.015389,-0.10932,-0.04012,-0.23857,-0.1137,-0.15214,-0.082075,-0.010934,0.027255,-0.12147,-0.031728,-0.10927,-0.10733,-0.091049,-0.17889,-0.20414,-0.26528,-0.23327,-0.26027,-0.29168,-0.22369,0.0607,0.13878,0.0029518,-0.060527,-0.18571,-0.032613
-0.18743,-0.26725,-0.21701,-0.15692,-0.28077,-0.44136,0.069484,-0.13862,-0.010786,-0.214,-0.0054226,-0.12891,-0.14576,-0.15301,-0.051256,0.0089802,0.18861,0.20181,0.23055,0.20912,0.026062,0.16029,0.25829,0.17008,0.011991,0.18185,0.022771,0.14399,0.26126,0.24832,0,0.3827,-0.13233,-0.18603,-0.05327,-0.083037,0.19954,-0.035363,0.06962,-0.071575,0.050514,-0.039033,-0.062107,-0.070636,-0.064911,0.13546,-0.3026,-0.11115,-0.18433,-0.1004,-0.15138,-0.13403,-0.19838,-0.33369,-0.23966,-0.081345,-0.12382,-0.21009,-0.21093,-0.018798,-0.17448,0.12039,0.013197,-0.18663,-0.080679,-0.16752,-0.068706,0.094476,0.048043,0.34721,0.25054,0.26822,0.38385,-0.17698,0.040845,0.0055414,-0.13197,-0.11321,-0.066217,-0.16652,-0.11765,-0.17642,0.031152,-0.31447,-0.033219,-0.10247,0.058033,-0.22164,-0.17491,-0.31124,-0.055235,-0.18809,-0.27831,-0.075655,-0.11217,0.023728,0.010305,-0.22176,-0.16075,0.04271,0.065914,0.072186,0.026133,-0.24346,-0.10076
-0.13249,-0.053454,-0.38069,-0.33735,-0.23422,-0.29422,-0.021102,0.0037833,-0.22744,-0.20609,-0.05988,-0.10008,-0.288,-0.27213,-0.26609,-0.1783,-0.070553,0.028146,-0.0043119,0.060391,-0.18753,0.12509,0.10569,0.16302,0.019891,0.23488,-0.11648,0.087658,0.08653,0.21531,0.3827,0,-0.26115,-0.25083,-0.27993,-0.18932,-0.096448,-0.14103,0.10491,0.0021916,0.11776,0.10577,-0.21233,0.0081962,-0.24141,0.030284,-0.10706,-0.08337,-0.25961,-0.25192,-0.24257,-0.3271,-0.31263,-0.42176,-0.30706,-0.22533,-0.2681,-0.20087,-0.21587,-0.2722,-0.25981,-0.038706,-0.17172,-0.33767,-0.26313,-0.12767,-0.079961,-0.057225,0.0040328,0.057956,0.00065926,-0.035232,0.13874,-0.20289,-0.055081,-0.075174,-0.18536,-0.22382,-0.14673,-0.27337,-0.29426,-0.44941,-0.10722,-0.23349,-0.13152,-0.29834,-0.12771,-0.17835,-0.25269,-0.15266,0.11498,-0.21726,-0.18723,-0.21595,-0.26342,-0.14506,-0.12984,-0.24266,-0.14879,-0.09317,0.017171,-0.067381,0.061763,-0.35248,-0.19748
-0.77407,-0.58168,0.41124,0.22252,-0.36745,-0.19815,-0.67261,-0.53154,-0.012401,-0.18406,-0.24175,-0.022468,0.65214,0.92647,0.20085,0.10132,0.25936,0.19902,0.13203,-0.055099,0.36439,0.021144,0.003617,0.01119,-0.36509,-0.23227,0.0023223,-0.18329,-0.056524,0.071812,-0.13233,-0.26115,0,0.99228,0.46041,0.49278,0.095047,0.20921,-0.64829,-0.46668,-0.62697,-0.43605,-0.07929,-0.15564,0.54796,0.41427,-0.51256,0.030878,0.32747,0.33491,0.48215,0.29746,-0.31728,-0.16407,-0.21332,0.12484,0.4676,0.55206,0.56192,0.13425,0.12862,0.17253,0.45923,0.11763,0.21921,0.18295,0.25752,0.10584,0.10739,0.26059,0.35565,0.31121,0.20023,0.35553,0.41017,0.11604,0.038493,0.59066,0.41658,0.34845,0.63931,0.29857,0.12531,0.041902,0.13528,0.4556,0.21408,0.20778,0.36613,-0.014254,-0.13809,-0.36036,-0.5147,-0.51876,-0.45574,-0.39107,-0.35594,-0.47322,-0.30374,0.23581,0.16384,0.15665,-0.041587,-0.081083,0.16849
-0.70777,-0.48233,0.34908,0.18478,-0.34295,-0.12578,-0.74052,-0.49607,-0.10819,-0.16738,-0.2735,0.0057017,0.47336,0.78993,0.11322,0.027843,0.12043,0.083804,-0.0032191,-0.11087,0.2479,-0.026703,-0.087533,-0.010198,-0.36583,-0.24627,-0.10051,-0.23793,-0.12307,0.05988,-0.18603,-0.25083,0.99228,0,0.42911,0.57902,0.069086,0.26739,-0.62963,-0.42078,-0.60943,-0.40848,-0.064097,-0.08258,0.44384,0.36579,-0.51194,-0.064542,0.29202,0.18873,0.38168,0.24937,-0.38181,-0.1984,-0.24172,0.023662,0.39201,0.50989,0.53394,0.05893,0.16806,0.041842,0.30131,0.16969,0.1959,0.14896,0.18607,0.0053216,0.012526,0.14526,0.26116,0.20021,0.13956,0.3168,0.29306,0.077935,0.0005286,0.45257,0.33587,0.23827,0.55034,0.19373,0.10168,0.09611,0.066538,0.31234,0.11111,0.12008,0.23121,0.076225,-0.15614,-0.32354,-0.42487,-0.53706,-0.45639,-0.50166,-0.43801,-0.54887,-0.36492,0.17681,0.13004,0.13429,-0.0077567,-0.12894,0.11887
-0.50387,-0.54638,0.25368,0.20979,-0.39292,-0.26724,-0.47732,-0.51035,-0.06573,-0.26596,-0.35987,-0.16376,0.2224,0.32607,0.13109,0.084083,0.074823,0.021661,-0.0095682,-0.12385,0.22195,-0.033391,-0.12971,-0.13129,-0.385,-0.31283,-0.095593,-0.25089,-0.039639,0.075293,-0.05327,-0.27993,0.46041,0.42911,0,0.68165,0.15884,0.18452,-0.45757,-0.40524,-0.51386,-0.49566,0.24041,-0.079593,0.50015,0.2204,-0.48431,-0.17743,0.20461,0.020966,0.083293,0.25278,-0.26074,-0.17254,-0.20689,0.089927,0.4559,0.20473,0.22791,0.10881,0.13196,0.013138,0.24221,0.21307,0.35699,0.03111,0.049795,-0.051036,-0.05735,0.22087,0.2895,0.35132,0.193,0.24506,0.24101,-0.043262,-0.14356,0.15074,0.10794,0.065196,0.39231,0.18303,0.019808,-0.027279,-0.029305,0.21642,0.080192,-0.041551,0.14666,-0.099139,-0.26762,-0.17692,-0.30884,-0.28246,-0.20496,-0.32161,-0.29834,-0.42628,-0.39733,0.098444,0.017711,0.034294,-0.1161,-0.027291,0.052604
-0.45698,-0.40151,0.2352,0.10225,-0.28692,-0.14973,-0.50021,-0.42847,-0.17316,-0.29342,-0.41099,-0.14677,0.17514,0.3055,0.019481,-0.043802,0.0096157,-0.018709,-0.080121,-0.21969,0.17634,-0.04701,-0.13693,-0.11478,-0.46985,-0.32059,-0.11466,-0.19662,-0.018982,0.14458,-0.083037,-0.18932,0.49278,0.57902,0.68165,0,0.099673,0.20567,-0.52994,-0.44953,-0.54972,-0.46692,0.09219,-0.0076914,0.4682,0.22122,-0.38989,-0.19654,0.34345,0.008511,0.1355,0.27916,-0.27108,-0.1667,-0.19916,0.096864,0.48251,0.2523,0.25056,0.031318,0.11049,-0.00059987,0.2335,0.15829,0.26756,0.083055,0.03032,-0.042959,0.021346,0.23192,0.29396,0.25219,0.12768,0.33591,0.23378,-0.033005,-0.18441,0.15848,0.10112,0.024862,0.33309,0.03655,-0.070684,0.02254,-0.098705,0.11506,-0.029661,-0.034305,0.11642,0.060236,-0.24195,-0.16547,-0.28313,-0.27922,-0.24919,-0.37747,-0.359,-0.46633,-0.44368,0.09864,0.075162,0.088977,-0.039348,-0.0050781,0.10592
-0.30607,-0.34288,0.092469,0.14503,-0.14305,-0.16083,-0.15199,-0.25529,0.032173,-0.050668,0.0024411,0.053816,0.043868,0.097701,0.12556,0.057902,0.21732,0.092439,0.14442,0.12258,0.12749,-0.054826,0.11939,0.16609,-0.060409,0.051797,-0.037441,-0.019623,0.11465,0.1133,0.19954,-0.096448,0.095047,0.069086,0.15884,0.099673,0,0.36023,-0.14664,-0.04834,-0.18329,-0.1409,-0.0076142,-0.013571,0.031841,0.20677,-0.44724,-0.18855,-0.064085,-0.0072638,0.040304,-0.029922,-0.16899,-0.15962,-0.11842,-0.053608,0.052319,-0.091596,-0.068658,0.17665,0.10593,0.00032072,0.11097,0.11137,0.071765,-0.15527,-0.06475,0.032607,-0.11134,0.21516,0.27813,0.26362,0.24515,-0.14948,-0.0086714,0.16412,0.033652,0.051963,0.070951,-0.06532,0.20837,0.12038,0.22198,-0.21527,0.099436,0.098438,0.14624,-0.21363,-0.093568,-0.19055,-0.20342,-0.22813,-0.34167,-0.13463,-0.020027,-0.10276,-0.061145,-0.2745,-0.1521,0.061341,0.025022,0.011338,-0.069448,-0.14893,0.10748
-0.39064,-0.24802,0.33513,0.38512,-0.23964,-0.0779,-0.40624,-0.20148,0.05789,0.13152,0.0033735,0.36476,0.0644,0.21376,0.19658,0.13818,0.12835,0.12124,0.022403,0.081754,0.097214,-0.013013,-0.0051553,0.18074,-0.044729,0.050472,-0.097327,-0.11112,-0.101,-0.026804,-0.035363,-0.14103,0.20921,0.26739,0.18452,0.20567,0.36023,0,-0.2617,-0.010334,-0.30593,-0.12629,-0.097262,-0.0040922,0.12292,0.32702,-0.47384,-0.22018,0.066336,-0.097452,0.099222,-0.0033319,-0.23456,-0.063812,-0.069424,-0.23211,0.048073,0.12955,0.1673,0.15107,0.32448,-0.045964,0.10688,0.066764,0.001859,-0.11428,0.01745,0.023793,-0.11472,0.099566,0.1345,0.14395,0.19246,-0.0009978,0.090313,0.35158,0.2561,0.19508,0.29907,0.068789,0.40328,0.16754,0.26574,0.069252,0.21288,0.13524,0.19875,-0.05808,-0.029269,-0.04856,-0.19358,-0.39919,-0.37697,-0.38712,-0.14312,-0.26889,-0.10697,-0.32777,-0.13553,-0.061721,-0.096454,-0.037424,-0.064845,-0.076498,0.18785
0.21055,0.061436,-0.5379,-0.33971,-0.073879,-0.25246,0.3022,0.098307,-0.11417,-0.043992,0.118,-0.10571,-0.62256,-0.5748,-0.2478,-0.1804,-0.26398,-0.24317,-0.19908,0.041676,-0.30784,-0.17826,-0.053578,-0.0026311,0.44028,0.22791,-0.19816,-0.014676,-0.13011,-0.20505,0.06962,0.10491,-0.64829,-0.62963,-0.45757,-0.52994,-0.14664,-0.2617,0,0.40833,0.96442,0.32895,-0.14068,-0.059239,-0.49797,-0.29486,-0.070927,-0.27884,-0.67636,-0.54273,-0.5778,-0.66186,-0.044592,-0.19683,-0.17787,-0.45353,-0.52578,-0.51127,-0.44754,-0.24403,-0.23084,-0.32162,-0.41455,-0.259,-0.39465,-0.47084,-0.32663,-0.19178,-0.32459,-0.27829,-0.33314,-0.23748,-0.11772,-0.54706,-0.413,-0.18994,-0.20204,-0.53225,-0.36142,-0.51118,-0.45111,-0.37813,-0.12543,-0.2592,-0.14266,-0.42246,-0.20672,-0.43173,-0.45967,-0.33583,-0.14824,-0.16902,-0.060913,-0.0055948,0.11905,0.054321,0.10419,-0.094031,-0.051203,-0.32535,-0.27881,-0.25186,-0.14153,-0.35143,-0.31804
-0.025741,0.061288,-0.29792,-0.12122,-0.098842,-0.080929,0.0027083,0.18627,-0.0075013,0.25493,0.26571,0.1948,-0.43623,-0.3751,-0.085621,-0.080341,-0.19977,-0.20653,-0.16773,0.10205,-0.24335,-0.21569,-0.053103,0.12443,0.57979,0.40042,-0.15554,-0.084267,-0.19657,-0.2674,-0.071575,0.0021916,-0.46668,-0.42078,-0.40524,-0.44953,-0.04834,-0.010334,0.40833,0,0.34983,0.58027,-0.17082,0.033171,-0.50527,-0.17835,-0.17392,-0.25323,-0.55105,-0.50031,-0.40747,-0.71257,-0.064596,-0.078167,-0.042074,-0.48425,-0.471,-0.34084,-0.29501,-0.19954,-0.042549,-0.33137,-0.3526,-0.20772,-0.45781,-0.45229,-0.23373,-0.18149,-0.41155,-0.32729,-0.35587,-0.26607,-0.13493,-0.59179,-0.37685,0.033219,0.067375,-0.32518,-0.1563,-0.29155,-0.239,-0.22795,0.017836,-0.16788,0.030463,-0.26944,-0.073641,-0.30394,-0.37803,-0.34583,-0.18241,-0.38973,-0.22555,-0.20604,0.050466,-0.04028,0.068854,-0.13037,-0.007733,-0.3991,-0.38719,-0.39884,-0.21485,-0.34659,-0.21533
0.21449,0.11277,-0.56566,-0.39004,-0.020793,-0.20368,0.32208,0.13733,-0.1218,-0.048221,0.15183,-0.11098,-0.58346,-0.55706,-0.25654,-0.23324,-0.25121,-0.24776,-0.19626,0.0032844,-0.28177,-0.22447,-0.03468,0.016529,0.42579,0.24978,-0.1478,0.036592,-0.11063,-0.22488,0.050514,0.11776,-0.62697,-0.60943,-0.51386,-0.54972,-0.18329,-0.30593,0.96442,0.34983,0,0.42038,-0.19206,-0.047081,-0.50536,-0.29145,-0.082396,-0.25341,-0.65984,-0.46339,-0.51218,-0.68242,-0.029055,-0.1924,-0.19376,-0.3896,-0.51924,-0.47597,-0.42973,-0.26163,-0.25587,-0.31658,-0.39097,-0.27234,-0.467,-0.47804,-0.32232,-0.15032,-0.30298,-0.27779,-0.34499,-0.27308,-0.14477,-0.56612,-0.41468,-0.19298,-0.19645,-0.51111,-0.34738,-0.48994,-0.47065,-0.3898,-0.14407,-0.32271,-0.13713,-0.43848,-0.24009,-0.408,-0.44397,-0.28357,-0.12968,-0.19618,-0.11145,-0.0012948,0.068112,0.081648,0.075768,-0.098664,-0.067132,-0.28413,-0.23292,-0.20437,-0.10051,-0.38296,-0.3077
-0.038368,0.11702,-0.35494,-0.25368,0.0033498,-0.025723,0.06554,0.3084,-0.013862,0.14545,0.36399,0.15774,-0.40181,-0.36566,-0.10373,-0.14639,-0.15432,-0.17251,-0.097072,0.054962,-0.16193,-0.24222,0.038439,0.15924,0.50674,0.466,-0.01413,0.0847,-0.058152,-0.21371,-0.039033,0.10577,-0.43605,-0.40848,-0.49566,-0.46692,-0.1409,-0.12629,0.32895,0.58027,0.42038,0,-0.31683,0.045822,-0.5118,-0.18039,-0.16649,-0.15243,-0.49757,-0.32234,-0.27716,-0.6626,-0.020039,-0.068825,-0.054511,-0.36087,-0.44064,-0.28607,-0.26635,-0.25959,-0.1555,-0.22467,-0.28977,-0.3126,-0.58832,-0.44625,-0.21661,-0.040637,-0.27707,-0.25148,-0.30399,-0.29752,-0.15481,-0.56192,-0.33454,0.078464,0.06551,-0.25908,-0.097036,-0.20551,-0.27939,-0.27899,-0.050918,-0.21513,0.055782,-0.25026,-0.07961,-0.20986,-0.30125,-0.28889,-0.17637,-0.49261,-0.33991,-0.19754,-0.053109,0.046196,0.068504,-0.10458,-0.010994,-0.35218,-0.32722,-0.32555,-0.2044,-0.38699,-0.20175
-0.2584,-0.32853,-0.17372,-0.092053,-0.37918,-0.28697,-0.27371,-0.38191,-0.22418,-0.27481,-0.46777,-0.372,-0.12982,-0.10631,-0.12661,-0.10604,-0.18708,-0.25746,-0.21404,-0.15538,-0.096217,-0.11488,-0.27478,-0.20865,-0.24726,-0.28623,-0.2799,-0.41472,-0.18298,-0.016731,-0.062107,-0.21233,-0.07929,-0.064097,0.24041,0.09219,-0.0076142,-0.097262,-0.14068,-0.17082,-0.19206,-0.31683,0,0.064869,0.0032429,-0.035095,-0.30204,-0.35061,-0.15072,-0.35777,-0.34751,-0.15256,-0.253,-0.26958,-0.30952,-0.013274,0.079943,-0.17619,-0.14587,-0.13403,-0.046635,-0.28023,-0.094803,0.16655,0.17054,-0.16458,-0.17704,-0.34795,-0.3592,-0.12268,-0.051803,0.051434,-0.0020372,-0.1678,-0.11751,-0.30342,-0.3587,-0.25115,-0.26686,-0.29931,-0.07986,-0.11556,-0.15228,-0.24479,-0.25823,-0.14402,-0.16819,-0.35673,-0.17106,-0.27465,-0.26221,0.081446,-0.014248,-0.11156,-0.034596,-0.27636,-0.3099,-0.35441,-0.42013,-0.028568,-0.084837,-0.16252,-0.082331,-0.19855,-0.264
