,,,,,,,,,,,,,,,,,,,,,,,,,,,,,,,,,,,,,,,,,,,,,,,,,,,,,,,,,,,,,,,,,,,,,,,,,,,,,,,,,,,,,,,,,,,,,,,,,,,,,,,,
0,0.38694,-0.45736,-0.37239,0.092518,-0.070011,0.29025,0.15477,-0.34002,-0.24104,-0.29365,-0.35537,-1,-0.89347,-0.40257,-0.44112,-0.48084,-0.43367,-0.44943,-0.39575,-0.26709,-0.30302,-0.23048,-0.2964,-0.18123,-0.22257,-0.16888,0.066651,-0.049581,-0.21399,-0.10658,-0.11343,-0.7261,-0.67573,-0.39905,-0.36217,-0.35869,-0.4103,0.092436,-0.088633,0.18795,-0.044092,-0.0763,-0.022571,-0.38521,-0.5255,0.072018,-0.47515,-0.19848,-0.63362,-0.60871,-0.25822,0.16211,0.012618,-0.13805,-0.13536,-0.30281,-0.61925,-0.60493,-0.27106,-0.32376,-0.43001,-0.45261,-0.30969,-0.3313,-0.50615,-0.58404,-0.26078,-0.25014,-0.27284,-0.41822,-0.48351,-0.4194,-0.39763,-0.49936,-0.41066,-0.3984,-0.78602,-0.63041,-0.81466,-0.65465,-0.52158,-0.58515,-0.40072,-0.43531,-0.816,-0.60198,-0.58728,-0.51732,-0.14537,-0.32156,0.081096,0.17149,0.45833,0.42181,0.1491,0.071032,0.069673,-0.084683,-0.39028,-0.34583,-0.23595,-0.20965,0.0028994,-0.19078
0.38694,0,-0.40436,-0.36249,0.039022,0.14209,0.046711,0.38299,-0.37593,-0.18132,-0.33011,-0.25068,-0.82119,-0.69361,-0.38545,-0.48648,-0.32682,-0.32462,-0.35657,-0.33157,-0.17792,-0.2381,-0.14306,-0.14253,-0.13833,-0.12809,-0.15253,0.051991,-0.060316,-0.12848,-0.10528,0.012362,-0.56755,-0.50167,-0.4238,-0.30516,-0.40726,-0.2839,-0.044436,-0.015139,0.11679,0.10132,-0.065519,0.29422,-0.36681,-0.24713,-0.045259,-0.4339,-0.038118,-0.59544,-0.51871,-0.25284,0.064498,0.02379,-0.20763,-0.038136,-0.16144,-0.48884,-0.43591,-0.36251,-0.32745,-0.4733,-0.35663,-0.35883,-0.30608,-0.55073,-0.53175,-0.24838,-0.23834,-0.23254,-0.36284,-0.51844,-0.39265,-0.44466,-0.46358,-0.26999,-0.24864,-0.50071,-0.41861,-0.5556,-0.58295,-0.49805,-0.55149,-0.37684,-0.3381,-0.64901,-0.49367,-0.54285,-0.40323,-0.11139,-0.26013,-0.029128,0.11772,0.11676,0.19196,0.0064755,-0.02795,0.017595,-0.023271,-0.32304,-0.25372,-0.20871,-0.073663,-0.098311,-0.098142
-0.45736,-0.40436,0,0.59245,-0.3983,-0.24806,-0.55177,-0.33255,0.19947,0.15985,-0.04576,0.24529,0.18985,0.2186,0.42531,0.32536,0.29629,0.31791,0.14235,0.086574,0.1458,0.14648,0.041391,0.14586,-0.22828,-0.00065922,0.056821,-0.15813,-0.24728,-0.27337,-0.17217,-0.26786,0.24603,0.19049,0.17042,0.16626,0.0097424,0.28271,-0.42096,-0.20487,-0.43266,-0.24254,-0.21526,-0.29579,0.24538,0.24946,-0.24009,0.10547,0.010437,0.08928,0.33496,-0.02274,-0.077379,0.069113,0.17358,-0.072082,0.033766,0.31965,0.33984,0.42852,0.41061,0.11163,0.36457,0.15385,0.063425,0.10813,0.22911,0.014865,-0.023574,0.084199,0.029927,0.19823,0.05489,0.15138,0.14124,0.17449,0.27713,0.29859,0.29228,0.1156,0.51241,0.46084,0.24012,-0.04828,0.13007,0.17358,0.19392,0.2217,0.24841,0.030161,0.055042,-0.46533,-0.51495,-0.50268,-0.30024,-0.21251,-0.046163,-0.32349,-0.12159,0.12012,-0.031071,-0.074323,-0.16791,-0.027506,0.099134
-0.37239,-0.36249,0.59245,0,-0.43405,-0.29037,-0.41107,-0.23252,0.22519,0.31773,0.040533,0.36158,0.044138,0.076125,0.51632,0.34028,0.2379,0.30475,0.13088,0.19355,0.19596,0.23538,0.15391,0.24805,-0.093866,0.14977,0.054155,-0.17267,-0.24778,-0.3476,-0.11495,-0.20393,0.017945,-0.0049704,0.050159,-0.002666,-0.044844,0.23266,-0.24464,-0.041653,-0.23487,-0.099793,-0.12003,-0.25381,0.066634,0.15222,-0.21891,0.11237,-0.11047,-0.037307,0.18182,-0.065438,-0.025325,0.054009,0.17419,-0.079544,-0.10024,0.17929,0.21184,0.51848,0.60004,0.051652,0.17818,0.20998,-0.020284,0.079246,0.26311,-0.074813,-0.18904,0.015104,-0.061751,0.13166,0.1218,0.019409,0.098253,0.068057,0.27058,0.076989,0.18533,-0.054727,0.36844,0.2967,0.26487,-0.15695,0.1288,0.052037,0.13166,0.13543,0.1475,-0.063798,0.10036,-0.42365,-0.41962,-0.48442,-0.24555,-0.20922,0.008774,-0.38032,-0.12309,0.033906,-0.14065,-0.14739,-0.20812,-0.12511,-0.090762
0.092518,0.039022,-0.3983,-0.43405,0,0.33706,0.21877,-0.0034594,-0.30705,-0.3256,-0.12411,-0.26076,-0.40654,-0.33806,-0.45707,-0.63265,-0.41485,-0.49184,-0.36676,-0.49601,-0.35255,-0.52621,-0.25581,-0.32888,-0.093551,-0.29147,-0.27816,-0.03047,-0.033614,-0.2096,-0.29399,-0.25874,-0.34523,-0.28094,-0.43857,-0.30529,-0.12935,-0.18581,-0.056716,-0.14956,-0.045988,-0.12981,-0.35336,-0.092069,-0.31326,-0.43986,-0.20966,-0.54471,-0.16162,-0.26979,-0.27556,-0.14813,-0.097203,-0.070781,-0.32959,-0.29949,-0.24904,-0.39583,-0.36938,-0.32618,-0.38701,-0.32376,-0.32106,-0.3664,-0.39571,-0.39926,-0.50487,-0.044343,-0.21581,-0.1644,-0.1512,-0.31638,-0.22059,-0.25759,-0.2875,-0.23587,-0.36049,-0.39503,-0.30278,-0.39956,-0.31235,-0.41575,-0.43361,-0.2337,-0.23361,-0.35577,-0.41535,-0.39262,-0.37574,-0.24162,-0.5439,-0.10265,-0.069737,0.14875,0.096048,-0.060479,-0.089041,-0.01508,-0.084975,-0.44944,-0.34436,-0.14093,-0.15165,0.021912,-0.16819
-0.070011,0.14209,-0.24806,-0.29037,0.33706,0,-0.088119,0.11079,-0.38121,-0.22819,-0.24997,-0.1579,-0.34851,-0.23957,-0.35569,-0.5914,-0.29638,-0.39898,-0.35128,-0.45795,-0.18557,-0.3995,-0.22362,-0.20129,-0.14852,-0.22395,-0.2772,-0.16713,-0.11052,-0.14064,-0.32404,-0.2128,-0.22157,-0.13275,-0.29037,-0.12413,-0.15917,-0.051827,-0.22044,-0.1002,-0.13593,-0.056284,-0.16699,0.2924,-0.26873,-0.21155,-0.33836,-0.51835,-0.028521,-0.30563,-0.21372,-0.13891,-0.12255,-0.037325,-0.31271,-0.10669,-0.0024035,-0.3055,-0.2197,-0.36552,-0.26887,-0.44897,-0.26947,-0.19599,-0.2148,-0.4512,-0.46132,-0.17261,-0.32977,-0.17898,-0.18457,-0.33113,-0.26931,-0.30728,-0.35511,-0.17512,-0.24096,-0.22657,-0.18583,-0.30375,-0.2102,-0.29911,-0.37386,-0.1669,-0.19063,-0.26146,-0.38602,-0.4074,-0.25769,-0.15917,-0.45642,-0.15031,-0.064679,-0.068425,-0.0080915,-0.24432,-0.22491,-0.15761,-0.14976,-0.33994,-0.29587,-0.17835,-0.089788,-0.12103,-0.11686
0.29025,0.046711,-0.55177,-0.41107,0.21877,-0.088119,0,0.16784,-0.24047,-0.28933,-0.077053,-0.32818,-0.5818,-0.56779,-0.39445,-0.48417,-0.40158,-0.43613,-0.23589,-0.36175,-0.3179,-0.38626,-0.1302,-0.33915,-0.02802,-0.19745,-0.17524,0.008144,0.14194,-0.15202,-0.058682,-0.13513,-0.59577,-0.5826,-0.48652,-0.48278,-0.16009,-0.36698,0.17846,-0.074089,0.24246,-0.029157,-0.24053,-0.13603,-0.45195,-0.60188,-0.12158,-0.46561,-0.29034,-0.36123,-0.41006,-0.19093,0.031217,-0.10207,-0.30315,-0.22384,-0.35815,-0.66686,-0.6512,-0.31552,-0.43233,-0.19527,-0.40884,-0.44261,-0.47496,-0.53453,-0.56721,-0.12977,-0.26682,-0.20219,-0.2569,-0.3822,-0.29732,-0.41752,-0.40978,-0.30272,-0.35979,-0.56472,-0.4064,-0.54633,-0.48237,-0.53525,-0.49331,-0.30403,-0.23611,-0.44767,-0.42467,-0.45798,-0.43403,-0.34985,-0.47095,0.034699,0.050118,0.31321,0.11896,0.20704,0.10305,0.11813,-0.044098,-0.53368,-0.51774,-0.31792,-0.36122,-0.049331,-0.39209
0.15477,0.38299,-0.33255,-0.23252,-0.0034594,0.11079,0.16784,0,-0.20669,-0.12123,-0.13257,-0.11472,-0.65281,-0.56335,-0.2307,-0.36814,-0.18903,-0.20603,-0.13283,-0.22323,-0.076265,-0.17087,0.062509,-0.062777,0.0040662,0.049733,-0.045854,0.047341,0.1273,-0.10452,0.068448,0.12166,-0.51611,-0.48556,-0.38042,-0.30372,-0.2775,-0.2009,0.04744,0.10509,0.22192,0.28673,-0.12314,0.33585,-0.45111,-0.24774,-0.14018,-0.30606,-0.14103,-0.44645,-0.35285,-0.25951,0.15536,0.066849,-0.12682,0.0097424,-0.15367,-0.45617,-0.39026,-0.32859,-0.29415,-0.26379,-0.30834,-0.37362,-0.34028,-0.58534,-0.42619,-0.15508,-0.26569,-0.11313,-0.3005,-0.37049,-0.28878,-0.47792,-0.42208,-0.12801,-0.14248,-0.35296,-0.22789,-0.36911,-0.39432,-0.42832,-0.41962,-0.27041,-0.16763,-0.38313,-0.31567,-0.38195,-0.25406,-0.24895,-0.27363,-0.19137,-0.071301,-0.006913,0.05174,0.083511,0.08998,-0.025949,-0.033813,-0.43584,-0.44001,-0.3497,-0.28759,-0.18461,-0.23535
-0.34002,-0.37593,0.19947,0.22519,-0.30705,-0.38121,-0.24047,-0.20669,0,0.25982,0.29748,0.23761,0.0076131,-0.033935,0.50611,0.39317,0.34828,0.27378,0.30236,0.33753,0.078015,0.023213,0.19076,0.19453,0.14487,0.20471,0.23986,0.011738,-0.20408,-0.43904,-0.058443,-0.22827,-0.093417,-0.17364,-0.16701,-0.27407,-0.063332,0.052808,-0.073197,0.045171,-0.11136,0.0029752,-0.3212,-0.40772,-0.073127,0.042196,-0.23214,0.10136,-0.25329,-0.01193,0.034396,-0.27211,0.076446,0.17711,0.22197,-0.21133,-0.27199,0.053012,0.057655,0.33481,0.13778,0.15488,0.19264,-0.12583,-0.26574,-0.073488,0.14889,0.27121,-0.013809,0.018137,-0.10615,0.16152,0.10097,-0.13847,0.071884,0.22654,0.34216,0.081778,0.21213,0.11818,0.17251,0.31986,0.21167,-0.1569,0.25259,0.12376,0.41108,0.13904,0.059674,-0.33317,-0.073739,-0.684,-0.69628,-0.37971,-0.16025,0.084427,0.23574,-0.18493,0.02183,-0.092127,-0.19519,-0.12337,-0.21802,-0.065409,-0.01382
-0.24104,-0.18132,0.15985,0.31773,-0.3256,-0.22819,-0.28933,-0.12123,0.25982,0,0.24137,0.5508,-0.12586,-0.11829,0.34583,0.24531,0.1221,0.12086,0.042972,0.34266,0.050947,0.097034,0.11682,0.43173,0.16374,0.42934,0.088009,-0.057451,-0.33134,-0.41772,-0.17039,-0.1348,-0.22168,-0.22137,-0.29518,-0.31769,-0.069615,0.1535,-0.012537,0.32556,0.012741,0.24064,-0.24921,-0.21048,-0.2527,0.023615,-0.18056,-0.032932,-0.29668,-0.21096,-0.0030744,-0.34756,0.019847,0.11276,0.2211,-0.21793,-0.34682,-0.073547,-0.054954,0.23752,0.35851,-0.082467,-0.031228,0.056185,-0.32143,-0.13198,0.050696,-0.057095,-0.26791,-0.23913,-0.29604,-0.15677,-0.071231,-0.32736,-0.15891,0.15679,0.47828,-0.034384,0.086527,-0.14399,0.065058,0.14506,0.21801,-0.19223,0.14737,-0.11369,0.097693,-0.050847,-0.1374,-0.16078,0.020331,-0.45978,-0.36683,-0.38406,-0.13408,-0.060975,0.13474,-0.25615,0.0073681,-0.084398,-0.22991,-0.22213,-0.14226,-0.21544,-0.14512
-0.29365,-0.33011,-0.04576,0.040533,-0.12411,-0.24997,-0.077053,-0.13257,0.29748,0.24137,0,0.40402,-0.051092,-0.033819,0.14541,0.1205,0.027571,0.031759,0.11245,0.23098,-0.13919,-0.12588,0.069212,0.16131,0.44013,0.34916,-0.0035995,0.015769,-0.1336,-0.36221,-0.079065,-0.090412,-0.1659,-0.17284,-0.32846,-0.38218,0.092816,0.12498,0.15972,0.24123,0.076073,0.20744,-0.55774,-0.38871,-0.29921,-0.10182,-0.28779,-0.03593,-0.47935,-0.026713,0.074713,-0.35347,-0.15184,-0.10066,-0.011283,-0.48646,-0.5106,-0.04709,-0.071365,0.047487,0.058536,0.077975,-0.099484,-0.19435,-0.53072,-0.15426,0.026223,0.13632,-0.19998,-0.14318,-0.14483,-0.094391,0.070332,-0.24318,-0.049727,0.26166,0.27344,-0.015524,0.19597,0.0080856,0.081346,0.001581,0.28306,-0.09169,0.30007,0.018201,0.2096,0.076359,-0.13128,-0.23913,-0.11293,-0.59478,-0.53579,-0.37482,-0.24459,-0.0062947,0.13125,-0.18652,-0.0018901,-0.26835,-0.33422,-0.23883,-0.28565,-0.27434,-0.22293
-0.35537,-0.25068,0.24529,0.36158,-0.26076,-0.1579,-0.32818,-0.11472,0.23761,0.5508,0.40402,0,-0.018936,0.048677,0.34206,0.24847,0.16788,0.21689,0.1225,0.33657,0.052837,0.088429,0.16467,0.47157,0.20646,0.48388,0.027921,-0.032337,-0.21682,-0.31491,-0.10728,-0.051314,-0.061506,-0.042978,-0.18903,-0.17794,0.023598,0.38523,-0.054861,0.23956,-0.067427,0.20341,-0.37926,-0.21373,-0.16065,0.14145,-0.26148,0.046519,-0.2604,-0.058641,0.1933,-0.25085,-0.11469,0.0021935,0.12573,-0.30199,-0.29787,0.11194,0.13141,0.20126,0.37416,0.024379,0.027611,0.0034594,-0.28815,-0.050585,0.16718,0.038515,-0.19608,-0.085815,-0.10851,-0.040942,0.10056,-0.14876,0.0026777,0.33587,0.54362,0.11301,0.33473,0.014509,0.25555,0.13814,0.39124,-0.07231,0.29677,0.040644,0.24015,0.12018,-0.0092991,-0.074241,0.043153,-0.62552,-0.50045,-0.55088,-0.27375,-0.17658,0.053992,-0.32769,-0.020523,-0.11515,-0.21324,-0.18627,-0.18685,-0.26032,-0.097769
-1,-0.82119,0.18985,0.044138,-0.40654,-0.34851,-0.5818,-0.65281,0.0076131,-0.12586,-0.051092,-0.018936,0,0.88397,0.080296,0.1002,0.12094,0.065858,0.094402,-0.020587,-0.10097,-0.10441,-0.14567,-0.084012,-0.25423,-0.19217,-0.14764,-0.34687,-0.26519,-0.14932,-0.27603,-0.32886,0.60809,0.48575,0.10384,0.07997,0.10057,0.076347,-0.49534,-0.37972,-0.57476,-0.41909,-0.34699,-0.48608,0.18873,0.16797,-0.41246,0.087145,-0.12883,0.43056,0.40484,-0.055374,-0.48122,-0.3439,-0.22193,-0.24939,-0.043847,0.35151,0.29423,0.034087,0.047067,0.17708,0.24123,0.0050637,-0.053578,0.20366,0.23391,-0.023324,-0.029636,-0.038725,0.14029,0.18323,0.063268,0.16411,0.21025,0.062602,0.036333,0.45781,0.30181,0.3465,0.44357,0.22133,0.26141,0.022629,0.11519,0.43564,0.20758,0.28293,0.17481,-0.092524,-0.051372,-0.40191,-0.57785,-0.66831,-0.72186,-0.4161,-0.37751,-0.4015,-0.28212,0.12245,0.062585,-0.058834,-0.1442,-0.2411,-0.090704
-0.89347,-0.69361,0.2186,0.076125,-0.33806,-0.23957,-0.56779,-0.56335,-0.033935,-0.11829,-0.033819,0.048677,0.88397,0,0.076329,0.064201,0.081393,0.035289,0.052638,-0.045259,-0.081656,-0.13315,-0.14494,-0.071312,-0.21154,-0.18288,-0.19604,-0.34724,-0.23403,-0.11012,-0.29723,-0.32892,0.76006,0.73701,0.15338,0.15997,0.15133,0.19842,-0.46981,-0.33593,-0.54171,-0.38222,-0.33641,-0.38638,0.22983,0.20646,-0.46548,0.027886,-0.091532,0.37537,0.45086,-0.0093341,-0.4973,-0.32739,-0.25863,-0.2798,0.0068022,0.39008,0.38984,0.022338,0.10309,0.12589,0.21675,0.040749,-0.026252,0.14631,0.19383,-0.032173,-0.070566,-0.028049,0.18597,0.16898,0.084018,0.20822,0.198,0.10639,0.0551,0.49018,0.39859,0.32316,0.59846,0.20776,0.28682,0.10795,0.17576,0.50588,0.20932,0.25442,0.19334,-0.02344,-0.090266,-0.39689,-0.52222,-0.70752,-0.67839,-0.48065,-0.389,-0.42659,-0.27592,0.063273,0.020243,-0.062194,-0.16068,-0.24221,-0.059038
-0.40257,-0.38545,0.42531,0.51632,-0.45707,-0.35569,-0.39445,-0.2307,0.50611,0.34583,0.14541,0.34206,0.080296,0.076329,0,0.52577,0.41236,0.33744,0.24346,0.30626,0.34624,0.09771,0.20076,0.27043,-0.026526,0.19884,0.32915,-0.010997,-0.17076,-0.32375,-0.079334,-0.22046,0.019613,-0.045509,-0.0021935,-0.087711,-0.094788,0.10153,-0.22511,-0.027711,-0.19053,-0.017641,-0.17834,-0.29112,0.047621,0.16132,-0.29042,0.15606,-0.14663,0.061179,0.1579,-0.16405,0.047055,0.12107,0.25878,-0.065572,-0.11794,0.16863,0.20755,0.47029,0.41557,0.11364,0.25857,0.10251,-0.15407,-0.012344,0.24673,0.14358,-0.060864,0.041163,-0.066109,0.15314,0.061955,-0.073943,0.076703,0.14822,0.37938,0.15877,0.28293,0.10413,0.32208,0.4686,0.28018,-0.164,0.24507,0.16111,0.33275,0.13853,0.13499,-0.17628,-0.014124,-0.64415,-0.65862,-0.46009,-0.2312,-0.078593,0.047382,-0.33449,-0.11371,0.025202,-0.1423,-0.1193,-0.23784,-0.1427,0.025517
-0.44112,-0.48648,0.32536,0.34028,-0.63265,-0.5914,-0.48417,-0.36814,0.39317,0.24531,0.1205,0.24847,0.1002,0.064201,0.52577,0,0.23702,0.33445,0.20389,0.47683,0.048426,0.1852,0.050375,0.20335,-0.032768,0.16796,0.089951,-0.1212,-0.27182,-0.28968,-0.043135,-0.15133,0.028481,-0.044179,0.049185,-0.092769,-0.041012,0.078155,-0.15212,-0.038917,-0.22965,-0.099087,-0.23417,-0.44193,-0.0050696,0.1436,-0.15297,0.28151,-0.29301,-0.012111,0.10299,-0.28353,-0.11981,-0.061278,0.24748,-0.24513,-0.24312,0.20558,0.16227,0.31889,0.3253,0.16023,0.14964,0.042598,-0.098404,0.095132,0.33216,-0.017157,-0.060951,-0.07245,-0.10571,0.13939,0.058035,-0.032786,0.078161,0.1961,0.32519,0.14837,0.18912,0.13852,0.2225,0.32798,0.43931,-0.069428,0.15004,0.13025,0.43908,0.25739,0.097179,-0.10945,0.1522,-0.5818,-0.60621,-0.55543,-0.32273,-0.12295,0.015932,-0.30643,-0.10898,0.046128,-0.087717,-0.18854,-0.26328,-0.2235,-0.04562
-0.48084,-0.32682,0.29629,0.2379,-0.41485,-0.29638,-0.40158,-0.18903,0.34828,0.1221,0.027571,0.16788,0.12094,0.081393,0.41236,0.23702,0,0.70534,0.54934,0.30267,0.32894,0.24409,0.35311,0.319,-0.072088,0.14637,0.2937,0.00070006,-0.13252,-0.21851,0.042563,-0.096514,0.060916,-0.028901,-0.076143,-0.11062,-0.18289,0.014806,-0.33082,-0.16839,-0.24731,-0.078745,-0.22521,-0.22047,0.11344,0.37696,-0.33584,0.19563,-0.010898,0.18891,0.22083,-0.056926,-0.040288,0.035201,0.037424,0.046618,-0.018114,0.17011,0.2353,0.26906,0.067736,0.20165,0.45472,-0.073897,-0.056792,-0.0056938,0.21785,0.26725,0.089467,0.26065,0.10242,0.26026,0.17467,-0.028632,0.18339,0.13821,0.31771,0.29852,0.33639,0.18408,0.18591,0.34121,0.1486,-0.21103,0.20778,0.17683,0.3379,0.15579,0.24935,-0.21323,0.040172,-0.60892,-0.63227,-0.51978,-0.35941,-0.10962,0.0081323,-0.28974,-0.0070881,0.18654,0.035685,0.054038,-0.040492,-0.14441,0.021439
-0.43367,-0.32462,0.31791,0.30475,-0.49184,-0.39898,-0.43613,-0.20603,0.27378,0.12086,0.031759,0.21689,0.065858,0.035289,0.33744,0.33445,0.70534,0,0.48103,0.39463,0.22007,0.47852,0.36824,0.39305,-0.083044,0.21878,0.1901,0.0014468,-0.1555,-0.21979,0.1139,0.031362,0.024986,-0.054009,-0.056739,-0.091223,-0.20255,0.024881,-0.27496,-0.15481,-0.2351,-0.0798,-0.26683,-0.28329,0.093376,0.37935,-0.18662,0.37972,-0.066925,0.12567,0.21905,-0.08235,-0.085325,-0.040195,0.089712,-0.032383,-0.11083,0.25943,0.26996,0.29452,0.11562,0.24509,0.34663,-0.087997,-0.033854,0.12959,0.37872,0.1432,0.10785,0.25295,0.084117,0.24909,0.25122,0.068028,0.26918,0.12986,0.29161,0.20851,0.26502,0.11668,0.14766,0.20452,0.20339,-0.20472,0.13271,0.075495,0.30172,0.28136,0.26636,-0.10315,0.26815,-0.59081,-0.58555,-0.59363,-0.40968,-0.15414,0.018411,-0.32105,-0.010326,0.19756,0.078237,0.024811,-0.060607,-0.18251,-0.017239
-0.44943,-0.35657,0.14235,0.13088,-0.36676,-0.35128,-0.23589,-0.13283,0.30236,0.042972,0.11245,0.1225,0.094402,0.052638,0.24346,0.20389,0.54934,0.48103,0,0.28943,0.10295,0.2129,0.4242,0.23629,0.0042762,0.16913,0.2067,-0.0078231,0.029811,-0.080635,0.094951,-0.0073506,0.036677,-0.061004,-0.10943,-0.16076,-0.040317,-0.0031619,-0.18641,-0.12008,-0.16105,-0.04747,-0.32277,-0.27185,0.01249,0.21975,-0.20847,0.26783,-0.098632,0.17717,0.22506,-0.11991,-0.075285,-0.029537,-0.052119,-0.042587,-0.059172,0.098218,0.12575,0.12,-0.024554,0.5141,0.34696,-0.21659,-0.12752,-0.020856,0.17246,0.22162,0.11714,0.2095,0.11367,0.18179,0.13514,-0.018826,0.14717,0.2585,0.30661,0.26375,0.38164,0.16255,0.14363,0.121,0.1191,-0.082712,0.35971,0.21695,0.3976,0.2944,0.33509,-0.19753,0.061867,-0.48698,-0.52478,-0.51008,-0.41736,0.00024502,0.12306,-0.12924,0.13442,0.024094,-0.076499,-0.15637,-0.2335,-0.11444,-0.077029
-0.39575,-0.33157,0.086574,0.19355,-0.49601,-0.45795,-0.36175,-0.22323,0.33753,0.34266,0.23098,0.33657,-0.020587,-0.045259,0.30626,0.47683,0.30267,0.39463,0.28943,0,0.036642,0.30585,0.22292,0.49368,0.20965,0.44071,0.056815,-0.074573,-0.26984,-0.26855,0.063448,0.028399,-0.13954,-0.18115,-0.19184,-0.29728,-0.12568,0.039448,0.0048887,0.14085,-0.031987,0.11362,-0.24636,-0.30428,-0.16233,0.19948,-0.17626,0.23343,-0.35442,-0.086212,0.024514,-0.33552,-0.15109,-0.10813,0.083522,-0.26814,-0.35853,0.071855,0.073086,0.19208,0.16331,0.097564,0.068576,-0.058694,-0.18194,0.022991,0.2764,0.011936,-0.12633,-0.073156,-0.096252,0.080664,0.18882,-0.17945,0.055573,0.17781,0.37045,0.058828,0.16102,0.022553,0.056459,0.13496,0.38663,-0.17288,0.17703,0.016574,0.40769,0.1329,0.0010034,-0.21479,0.18959,-0.58509,-0.50723,-0.59198,-0.32955,-0.14187,0.048566,-0.31726,0.013132,0.045562,-0.060823,-0.1227,-0.097745,-0.3427,-0.17324
-0.26709,-0.17792,0.1458,0.19596,-0.35255,-0.18557,-0.3179,-0.076265,0.078015,0.050947,-0.13919,0.052837,-0.10097,-0.081656,0.34624,0.048426,0.32894,0.22007,0.10295,0.036642,0,0.10266,0.30688,0.16636,-0.2062,0.027909,0.37944,0.064236,-0.04656,-0.18616,-0.028673,-0.1426,-0.09603,-0.13357,-0.066284,-0.052883,-0.39708,-0.15476,-0.36114,-0.21325,-0.16606,-0.042184,-0.022413,-0.037984,0.074264,0.10003,-0.30868,0.061582,0.069516,0.046904,0.048292,0.036945,0.14361,0.11314,0.074673,0.28434,0.063658,0.026509,0.12956,0.21651,0.11491,-0.029531,0.2131,0.083913,-0.048485,-0.091287,0.072537,0.11311,-0.016084,0.18262,-0.0015926,0.081889,-0.0086749,-0.082869,0.0075723,-0.14185,0.026538,0.008389,0.058105,-0.080792,0.040592,0.13055,-0.086521,-0.3274,-0.024152,-0.023049,-0.0064813,-0.085611,0.09935,-0.17829,-0.10341,-0.45645,-0.44561,-0.31909,-0.21189,-0.17437,-0.11145,-0.44217,-0.22615,0.10182,-0.045533,0.068442,-0.10217,-0.17595,-0.01658
-0.30302,-0.2381,0.14648,0.23538,-0.52621,-0.3995,-0.38626,-0.17087,0.023213,0.097034,-0.12588,0.088429,-0.10441,-0.13315,0.09771,0.1852,0.24409,0.47852,0.2129,0.30585,0.10266,0,0.29249,0.34492,-0.14642,0.17488,-0.0034478,-0.14759,-0.23346,-0.17722,0.11028,0.12568,-0.14714,-0.18281,-0.10742,-0.12447,-0.27331,-0.090161,-0.19089,-0.12862,-0.14831,-0.075717,-0.1223,-0.18675,-0.062095,0.16752,0.00077006,0.31045,-0.14336,-0.10982,0.055602,-0.12163,-0.080891,-0.10056,0.06829,0.0048245,-0.15833,0.059219,0.066144,0.17902,0.088359,0.096637,0.1177,0.0060088,0.09309,0.14489,0.25068,-0.15298,-0.074171,0.044844,-0.052288,0.081288,0.11986,-0.024385,0.05874,-0.048485,0.08746,-0.011061,-0.011329,-0.15615,-0.03775,-0.01749,0.06087,-0.24063,-0.084374,-0.13777,0.028031,0.10289,0.11778,-0.050742,0.43686,-0.3136,-0.28777,-0.4992,-0.37529,-0.22723,-0.025155,-0.36552,-0.062077,0.23247,0.083336,-0.052574,-0.029093,-0.26217,-0.23446
-0.23048,-0.14306,0.041391,0.15391,-0.25581,-0.22362,-0.1302,0.062509,0.19076,0.11682,0.069212,0.16467,-0.14567,-0.14494,0.20076,0.050375,0.35311,0.36824,0.4242,0.22292,0.30688,0.29249,0,0.41802,0.036175,0.30448,0.2842,0.11613,0.047225,-0.13874,0.13229,0.1155,-0.19075,-0.2336,-0.25337,-0.2289,-0.25366,-0.094811,-0.097833,-0.021731,0.035732,0.14044,-0.22102,-0.1084,-0.090611,0.10943,-0.094741,0.22714,-0.070956,-0.013389,0.066494,-0.10322,0.13204,0.099735,0.032903,0.081889,-0.12087,0.0036111,0.060683,0.16446,0.035901,0.22265,0.21813,-0.14862,-0.17613,-0.028381,0.1565,0.17251,0.053105,0.21328,0.020494,0.092186,0.14564,-0.086894,0.083732,0.038474,0.14345,-0.01403,0.13615,-0.11764,0.0014876,-0.057305,-0.040434,-0.25127,0.12643,-0.052522,0.088335,0.08592,0.17026,-0.19429,0.07672,-0.43887,-0.40666,-0.39052,-0.28007,-0.036327,0.12536,-0.27542,0.025459,0.0066155,-0.067771,-0.058834,-0.12753,-0.14805,-0.14113
-0.2964,-0.14253,0.14586,0.24805,-0.32888,-0.20129,-0.33915,-0.062777,0.19453,0.43173,0.16131,0.47157,-0.084012,-0.071312,0.27043,0.20335,0.319,0.39305,0.23629,0.49368,0.16636,0.34492,0.41802,0,0.13528,0.65102,0.1495,0.034204,-0.18786,-0.22208,0.052207,0.15033,-0.13857,-0.14473,-0.22739,-0.2043,-0.16177,0.08854,-0.050672,0.16079,0.024864,0.25873,-0.2293,-0.11011,-0.1405,0.28773,-0.11547,0.21051,-0.20843,-0.098988,0.091812,-0.28986,-0.031841,0.014631,0.1232,-0.098515,-0.22929,0.11025,0.14099,0.20426,0.24671,0.045521,0.14074,0.0052854,-0.18956,0.023143,0.25631,0.04866,-0.089829,0.0063122,-0.085978,0.027285,0.16048,-0.15542,0.039897,0.16725,0.36804,0.041922,0.17676,-0.088569,0.065712,0.052703,0.22188,-0.22171,0.15891,-0.08466,0.15966,0.10361,0.048788,-0.065584,0.25297,-0.54492,-0.45761,-0.53402,-0.29069,-0.14713,0.047481,-0.35685,0.0065455,0.11465,0.024146,-0.056634,0.017846,-0.28551,-0.094064
-0.18123,-0.13833,-0.22828,-0.093866,-0.093551,-0.14852,-0.02802,0.0040662,0.14487,0.16374,0.44013,0.20646,-0.25423,-0.21154,-0.026526,-0.032768,-0.072088,-0.083044,0.0042762,0.20965,-0.2062,-0.14642,0.036175,0.13528,0,0.32089,-0.14525,-0.10241,-0.22625,-0.36774,-0.10283,-0.066674,-0.33538,-0.31984,-0.43186,-0.52816,-0.043818,0.018388,0.41808,0.5176,0.29686,0.36076,-0.34643,-0.16863,-0.43175,-0.12339,-0.26648,-0.14656,-0.52847,-0.28724,-0.19414,-0.48859,-0.13672,-0.082332,-0.15007,-0.4696,-0.48143,-0.20038,-0.16148,-0.12715,-0.078931,-0.14573,-0.23488,-0.25683,-0.45545,-0.3199,-0.11762,-0.033807,-0.3429,-0.26818,-0.28345,-0.18936,0.0085815,-0.40841,-0.19956,0.13146,0.15088,-0.16251,0.026754,-0.13055,-0.11377,-0.11686,0.10374,-0.097139,0.19842,-0.09533,0.10203,-0.10431,-0.19699,-0.34063,-0.15564,-0.4496,-0.31545,-0.34699,-0.12982,-0.040288,0.11953,-0.14089,0.083487,-0.34227,-0.36472,-0.28033,-0.20095,-0.33412,-0.28442
-0.22257,-0.12809,-0.00065922,0.14977,-0.29147,-0.22395,-0.19745,0.049733,0.20471,0.42934,0.34916,0.48388,-0.19217,-0.18288,0.19884,0.16796,0.14637,0.21878,0.16913,0.44071,0.027909,0.17488,0.30448,0.65102,0.32089,0,0.10993,0.047038,-0.14906,-0.28129,0.10144,0.2124,-0.26648,-0.27277,-0.30952,-0.32669,-0.11543,0.051407,0.15215,0.39084,0.19452,0.51679,-0.29231,-0.12176,-0.33584,0.063361,-0.12061,0.12393,-0.39996,-0.19015,-0.01669,-0.44506,-0.017554,-0.021544,0.14094,-0.2041,-0.37987,-0.033393,-0.029653,0.060106,0.13601,-0.0070764,-0.068512,-0.10101,-0.35491,-0.11902,0.11841,-0.00087507,-0.203,-0.099449,-0.22425,-0.09645,0.066494,-0.30305,-0.095038,0.17865,0.3297,-0.068075,0.10259,-0.11613,-0.032278,-0.046186,0.20309,-0.20762,0.15923,-0.1382,0.11755,0.044197,-0.06944,-0.15504,0.15871,-0.58316,-0.45532,-0.44382,-0.23011,-0.04296,0.13828,-0.27361,0.0068839,-0.10613,-0.18389,-0.22873,-0.15044,-0.36396,-0.20685
-0.16888,-0.15253,0.056821,0.054155,-0.27816,-0.2772,-0.17524,-0.045854,0.23986,0.088009,-0.0035995,0.027921,-0.14764,-0.19604,0.32915,0.089951,0.2937,0.1901,0.2067,0.056815,0.37944,-0.0034478,0.2842,0.1495,-0.14525,0.10993,0,0.37665,0.072281,-0.2012,0.020237,-0.085908,-0.18151,-0.26839,-0.20571,-0.21317,-0.30563,-0.2166,-0.2329,-0.13671,-0.085138,0.045498,-0.21144,-0.19906,-0.055713,-0.010612,-0.15445,0.087589,-0.042937,0.039401,-0.014229,-0.17346,0.27776,0.20571,0.20164,0.16586,-0.093586,-0.051536,-0.032378,0.16658,0.00035586,0.088049,0.17649,-0.15259,-0.30903,-0.14257,0.011312,0.3342,0.15377,0.1437,-0.097244,-0.018359,-0.10308,-0.17237,-0.032611,-0.033754,0.10762,-0.04936,0.030651,-0.064656,-0.0678,0.072899,-0.11505,-0.36437,0.048432,-0.09988,0.034915,-0.026812,0.022034,-0.2231,-0.098673,-0.53072,-0.55437,-0.18499,-0.11343,0.17468,0.12572,-0.1528,-0.042966,-0.021964,-0.12046,-0.087723,-0.21325,-0.028166,0.094047
0.066651,0.051991,-0.15813,-0.17267,-0.03047,-0.16713,0.008144,0.047341,0.011738,-0.057451,0.015769,-0.032337,-0.34687,-0.34724,-0.010997,-0.1212,0.00070006,0.0014468,-0.0078231,-0.074573,0.064236,-0.14759,0.11613,0.034204,-0.10241,0.047038,0.37665,0,0.19844,-0.12368,0.065683,0.036059,-0.31694,-0.35881,-0.34655,-0.28821,-0.31683,-0.23094,-0.11144,-0.11746,0.0095616,0.07976,-0.35777,-0.19726,-0.14725,-0.12825,-0.08284,-0.092985,-0.057708,-0.072257,-0.14033,-0.16756,0.13817,0.069953,0.037558,-0.076574,-0.25573,-0.16666,-0.17944,-0.016825,-0.15619,-0.023102,-0.040632,-0.35703,-0.47127,-0.22185,-0.15777,0.34593,0.18896,0.12574,-0.061173,-0.1651,-0.11232,-0.17376,-0.068191,-0.080384,-0.039302,-0.23783,-0.11156,-0.21483,-0.25479,-0.19776,-0.23894,-0.40802,-0.069101,-0.30641,-0.11238,-0.1519,-0.19351,-0.13995,-0.17313,-0.43027,-0.3889,-0.024939,0.0018785,0.20022,0.13844,-0.039197,0.026666,-0.18523,-0.1578,-0.053834,-0.17983,0.010956,0.12467
-0.049581,-0.060316,-0.24728,-0.24778,-0.033614,-0.11052,0.14194,0.1273,-0.20408,-0.33134,-0.1336,-0.21682,-0.26519,-0.23403,-0.17076,-0.27182,-0.13252,-0.1555,0.029811,-0.26984,-0.04656,-0.23346,0.047225,-0.18786,-0.22625,-0.14906,0.072281,0.19844,0,0.2702,0.1437,0.051291,-0.16914,-0.19322,-0.11834,-0.069037,-0.11207,-0.22617,-0.17104,-0.26136,-0.076219,-0.096514,-0.21666,-0.062497,-0.10674,-0.17866,-0.15396,-0.14698,-0.0034478,-0.02557,-0.099122,-0.024047,-0.044185,-0.13958,-0.23354,-0.0021468,-0.018966,-0.21709,-0.21643,-0.22299,-0.27269,0.094502,-0.070216,-0.37488,-0.28134,-0.27632,-0.25865,0.062842,0.05111,0.18189,0.10815,-0.12911,-0.15289,-0.093428,-0.11229,-0.11376,-0.21101,-0.19342,-0.090441,-0.19674,-0.201,-0.35969,-0.33802,-0.21345,-0.059668,-0.16188,-0.17502,-0.14316,-0.076061,-0.11686,-0.28222,-0.18741,-0.22856,-0.033113,-0.16226,0.066505,-0.035825,-0.0050171,-0.086743,-0.29188,-0.2701,-0.27247,-0.43426,-0.039985,-0.082811
-0.21399,-0.12848,-0.27337,-0.3476,-0.2096,-0.14064,-0.15202,-0.10452,-0.43904,-0.41772,-0.36221,-0.31491,-0.14932,-0.11012,-0.32375,-0.28968,-0.21851,-0.21979,-0.080635,-0.26855,-0.18616,-0.17722,-0.13874,-0.22208,-0.36774,-0.28129,-0.2012,-0.12368,0.2702,0,0.0163,0.064341,-0.022507,-0.011434,-0.0063705,0.078826,-0.072969,-0.20669,-0.29531,-0.36445,-0.24805,-0.2667,-0.11863,-0.0037453,-0.06101,-0.055719,-0.13361,-0.15456,0.0087099,-0.092483,-0.1144,-0.067602,-0.33059,-0.3728,-0.39897,-0.061127,0.093411,-0.18002,-0.16851,-0.3682,-0.29398,0.0012776,-0.095645,-0.26285,-0.047417,-0.18282,-0.24848,-0.19416,0.0014584,-0.018021,0.11554,-0.14667,-0.22372,-0.05489,-0.17314,-0.14217,-0.27346,-0.095342,-0.12664,-0.17918,-0.20889,-0.39025,-0.30168,-0.041064,-0.15178,-0.12713,-0.18597,-0.16628,-0.090815,0.023102,-0.18562,-0.032121,-0.083132,-0.21378,-0.37007,-0.24597,-0.31739,-0.12411,-0.17281,-0.13253,-0.065724,-0.25905,-0.27902,-0.18682,-0.11798
-0.10658,-0.10528,-0.17217,-0.11495,-0.29399,-0.32404,-0.058682,0.068448,-0.058443,-0.17039,-0.079065,-0.10728,-0.27603,-0.29723,-0.079334,-0.043135,0.042563,0.1139,0.094951,0.063448,-0.028673,0.11028,0.13229,0.052207,-0.10283,0.10144,0.020237,0.065683,0.1437,0.0163,0,0.3742,-0.26166,-0.29507,-0.082607,-0.12208,-0.20719,-0.19123,-0.041239,-0.13405,0.011253,-0.015512,-0.082531,-0.080967,-0.17787,-0.010512,-0.13365,0.0028411,-0.23319,-0.16754,-0.15801,-0.18774,-0.086754,-0.22028,-0.04555,-0.06675,-0.23086,-0.15148,-0.18391,-0.080116,-0.1712,0.024199,-0.0735,-0.22181,-0.12092,-0.15288,-0.069422,-0.041181,-0.07455,0.21225,0.045906,0.071551,0.097617,-0.1682,-0.043018,-0.11662,-0.14009,-0.20755,-0.15223,-0.19243,-0.23002,-0.25358,-0.11293,-0.3601,-0.17604,-0.24819,-0.076913,-0.13047,-0.14665,-0.17896,0.0075489,-0.33235,-0.34432,-0.18132,-0.20315,-0.04065,-0.026666,-0.24027,-0.17671,-0.057066,-0.076697,-0.092448,-0.1396,-0.30357,-0.22554
-0.11343,0.012362,-0.26786,-0.20393,-0.25874,-0.2128,-0.13513,0.12166,-0.22827,-0.1348,-0.090412,-0.051314,-0.32886,-0.32892,-0.22046,-0.15133,-0.096514,0.031362,-0.0073506,0.028399,-0.1426,0.12568,0.1155,0.15033,-0.066674,0.2124,-0.085908,0.036059,0.051291,0.064341,0.3742,0,-0.31035,-0.29835,-0.25882,-0.19423,-0.25532,-0.20459,0.012858,-0.023172,0.078651,0.14932,-0.22492,-0.00071172,-0.34086,-0.018137,0.041787,0.076452,-0.28327,-0.24195,-0.16053,-0.3433,-0.18472,-0.29689,-0.10965,-0.12225,-0.29219,-0.13115,-0.17203,-0.25251,-0.20218,-0.052743,-0.19039,-0.2903,-0.24,-0.10029,-0.040965,-0.1689,-0.094647,-0.014392,-0.11295,-0.16263,-0.023481,-0.21117,-0.12312,-0.091836,-0.12589,-0.22807,-0.16259,-0.25304,-0.31441,-0.43957,-0.14358,-0.28045,-0.18777,-0.34976,-0.17072,-0.075898,-0.15339,-0.035189,0.19373,-0.30374,-0.24987,-0.30595,-0.33037,-0.15877,-0.11831,-0.25589,-0.13631,-0.096048,-0.036852,-0.19865,-0.1079,-0.42695,-0.26708
-0.7261,-0.56755,0.24603,0.017945,-0.34523,-0.22157,-0.59577,-0.51611,-0.093417,-0.22168,-0.1659,-0.061506,0.60809,0.76006,0.019613,0.028481,0.060916,0.024986,0.036677,-0.13954,-0.09603,-0.14714,-0.19075,-0.13857,-0.33538,-0.26648,-0.18151,-0.31694,-0.16914,-0.022507,-0.26166,-0.31035,0,1,0.32291,0.36264,0.13566,0.14549,-0.56436,-0.44881,-0.63751,-0.47115,-0.28993,-0.32574,0.37511,0.23642,-0.39037,0.019911,0.013762,0.32509,0.36819,0.006423,-0.44468,-0.28795,-0.24895,-0.19134,0.17151,0.40221,0.39183,-0.03026,0.03285,0.12037,0.26981,-0.0065689,0.072631,0.098894,0.11134,-0.044337,0.026176,0.031182,0.19999,0.16685,-0.0050579,0.30728,0.16083,0.1034,0.0019893,0.50623,0.32067,0.33624,0.44631,0.1775,0.14889,0.1481,0.10961,0.42724,0.14428,0.2494,0.27103,0.083645,-0.08214,-0.34266,-0.48322,-0.59833,-0.60717,-0.41017,-0.37497,-0.32659,-0.26074,0.089817,0.075478,-0.074451,-0.17956,-0.15213,0.071435
-0.67573,-0.50167,0.19049,-0.0049704,-0.28094,-0.13275,-0.5826,-0.48556,-0.17364,-0.22137,-0.17284,-0.042978,0.48575,0.73701,-0.045509,-0.044179,-0.028901,-0.054009,-0.061004,-0.18115,-0.13357,-0.18281,-0.2336,-0.14473,-0.31984,-0.27277,-0.26839,-0.35881,-0.19322,-0.011434,-0.29507,-0.29835,1,0,0.29186,0.40379,0.15691,0.20356,-0.53239,-0.40704,-0.59985,-0.44157,-0.27571,-0.26314,0.29375,0.20521,-0.40632,-0.053012,-0.0030744,0.22594,0.33208,0.0092816,-0.50309,-0.32743,-0.28951,-0.24057,0.13676,0.35273,0.35073,-0.07238,0.053525,0.028953,0.17152,0.037004,0.066482,0.080162,0.067474,-0.11344,-0.064189,-0.025616,0.18483,0.10107,-0.011137,0.26744,0.11108,0.075017,-0.038433,0.39194,0.26288,0.22658,0.41895,0.092512,0.13615,0.15714,0.060514,0.3214,0.062509,0.16289,0.1691,0.13449,-0.10785,-0.29859,-0.41016,-0.58628,-0.59165,-0.50422,-0.44187,-0.38316,-0.31063,0.055864,0.060386,-0.070735,-0.1455,-0.20151,0.020372
-0.39905,-0.4238,0.17042,0.050159,-0.43857,-0.29037,-0.48652,-0.38042,-0.16701,-0.29518,-0.32846,-0.18903,0.10384,0.15338,-0.0021935,0.049185,-0.076143,-0.056739,-0.10943,-0.19184,-0.066284,-0.10742,-0.25337,-0.22739,-0.43186,-0.30952,-0.20571,-0.34655,-0.11834,-0.0063705,-0.082607,-0.25882,0.32291,0.29186,0,0.65569,0.017326,0.010699,-0.44081,-0.44284,-0.50137,-0.49382,0.043742,-0.19064,0.29825,0.076825,-0.28107,-0.043835,-0.050853,-0.019829,0.02547,-0.024747,-0.2913,-0.25886,-0.1354,-0.093644,0.19565,0.17216,0.16194,-0.023802,0.061897,-0.052382,0.077899,0.12492,0.30576,-0.0018026,0.0011318,-0.23756,-0.13151,0.031345,0.080431,0.17878,-0.055024,0.21024,0.01525,-0.10098,-0.1756,0.066342,-0.014334,0.032646,0.17073,0.06423,0.018831,-0.0013243,-0.12089,0.099525,-0.031246,0.023954,0.11753,0.086317,-0.089905,-0.22298,-0.33758,-0.35658,-0.32738,-0.35155,-0.338,-0.34822,-0.39543,0.038999,-0.015763,-0.15194,-0.26992,-0.17191,-0.0022693
-0.36217,-0.30516,0.16626,-0.002666,-0.30529,-0.12413,-0.48278,-0.30372,-0.27407,-0.31769,-0.38218,-0.17794,0.07997,0.15997,-0.087711,-0.092769,-0.11062,-0.091223,-0.16076,-0.29728,-0.052883,-0.12447,-0.2289,-0.2043,-0.52816,-0.32669,-0.21317,-0.28821,-0.069037,0.078826,-0.12208,-0.19423,0.36264,0.40379,0.65569,0,-0.006598,0.040002,-0.54683,-0.49187,-0.53994,-0.47052,-0.03666,-0.098282,0.3042,0.094239,-0.23907,-0.079369,0.084508,0.00013418,0.092728,0.046034,-0.28188,-0.23318,-0.15178,-0.033083,0.28858,0.18297,0.17476,-0.0735,0.040236,-0.064878,0.10433,0.10313,0.26358,0.016632,-0.033107,-0.21917,-0.065006,0.070274,0.12877,0.10086,-0.097384,0.26446,0.0045679,-0.10014,-0.2066,0.083499,-0.01046,-0.016084,0.15446,-0.043036,-0.079071,0.002141,-0.1695,0.029391,-0.138,-0.0014935,0.10574,0.23229,-0.093586,-0.18856,-0.29739,-0.33762,-0.36131,-0.40826,-0.39788,-0.38204,-0.42383,0.058303,0.054085,-0.090733,-0.19017,-0.14029,0.044436
-0.35869,-0.40726,0.0097424,-0.044844,-0.12935,-0.15917,-0.16009,-0.2775,-0.063332,-0.069615,0.092816,0.023598,0.10057,0.15133,-0.094788,-0.041012,-0.18289,-0.20255,-0.040317,-0.12568,-0.39708,-0.27331,-0.25366,-0.16177,-0.043818,-0.11543,-0.30563,-0.31683,-0.11207,-0.072969,-0.20719,-0.25532,0.13566,0.15691,0.017326,-0.006598,0,0.31647,-0.094624,-0.06381,-0.23789,-0.22091,-0.35502,-0.31892,-0.11755,-0.094554,-0.28233,-0.2319,-0.29832,-0.084573,0.079637,-0.24783,-0.35366,-0.23717,-0.21929,-0.45914,-0.16468,-0.074474,-0.10892,-0.11868,0.0067672,0.050888,-0.085932,-0.11154,-0.20653,-0.17954,-0.1629,-0.16226,-0.25638,-0.21603,-0.061897,-0.093177,-0.12536,-0.10188,-0.15591,0.24568,0.052959,0.071627,0.11823,-0.011959,0.18903,-0.042943,0.13508,0.21568,0.17693,0.1047,0.039926,0.017099,-0.093802,-0.027781,-0.2063,-0.18987,-0.26211,-0.30864,-0.2894,-0.12644,-0.076557,-0.052329,-0.077473,-0.25869,-0.29783,-0.41275,-0.38626,-0.11306,-0.16776
-0.4103,-0.2839,0.28271,0.23266,-0.18581,-0.051827,-0.36698,-0.2009,0.052808,0.1535,0.12498,0.38523,0.076347,0.19842,0.10153,0.078155,0.014806,0.024881,-0.0031619,0.039448,-0.15476,-0.090161,-0.094811,0.08854,0.018388,0.051407,-0.2166,-0.23094,-0.22617,-0.20669,-0.19123,-0.20459,0.14549,0.20356,0.010699,0.040002,0.31647,0,-0.20358,0.042727,-0.29379,-0.10662,-0.31411,-0.19755,-0.017146,0.17605,-0.35076,-0.15357,-0.12665,-0.090686,0.15843,-0.13733,-0.2814,-0.087139,-0.071073,-0.38681,-0.14129,0.10885,0.11562,0.069235,0.25486,-0.029601,0.033089,-0.027769,-0.1385,-0.091363,0.0030802,-0.080722,-0.23227,-0.083686,0.0092641,0.0064522,0.062381,-0.034746,0.0078115,0.36712,0.28901,0.17211,0.30711,0.059691,0.39469,0.11171,0.27653,0.073844,0.22163,0.12469,0.16912,0.055969,-0.023102,-0.013931,-0.10321,-0.40501,-0.37144,-0.49221,-0.26142,-0.27012,-0.073488,-0.24066,-0.056669,-0.1766,-0.22027,-0.22573,-0.20542,-0.1267,-0.017507
0.092436,-0.044436,-0.42096,-0.24464,-0.056716,-0.22044,0.17846,0.04744,-0.073197,-0.012537,0.15972,-0.054861,-0.49534,-0.46981,-0.22511,-0.15212,-0.33082,-0.27496,-0.18641,0.0048887,-0.36114,-0.19089,-0.097833,-0.050672,0.41808,0.15215,-0.2329,-0.11144,-0.17104,-0.29531,-0.041239,0.012858,-0.56436,-0.53239,-0.44081,-0.54683,-0.094624,-0.20358,0,0.37317,0.61153,0.26296,-0.24325,-0.16338,-0.60751,-0.3751,-0.022495,-0.21453,-0.72568,-0.51459,-0.398,-0.62605,-0.069621,-0.14543,-0.13533,-0.44969,-0.58224,-0.39447,-0.39505,-0.24141,-0.1855,-0.23481,-0.43937,-0.26369,-0.44545,-0.36927,-0.26345,-0.23026,-0.40719,-0.38956,-0.44253,-0.3275,-0.16526,-0.47983,-0.38433,-0.099058,-0.12613,-0.44746,-0.27895,-0.40939,-0.35493,-0.35653,-0.10519,-0.15672,-0.087513,-0.36319,-0.17591,-0.24438,-0.35855,-0.26385,-0.14499,-0.20368,-0.11011,-0.10636,0.0036695,0.05839,0.13174,-0.064504,-0.0163,-0.40786,-0.40331,-0.3926,-0.28325,-0.32554,-0.41898
-0.088633,-0.015139,-0.20487,-0.041653,-0.14956,-0.1002,-0.074089,0.10509,0.045171,0.32556,0.24123,0.23956,-0.37972,-0.33593,-0.027711,-0.038917,-0.16839,-0.15481,-0.12008,0.14085,-0.21325,-0.12862,-0.021731,0.16079,0.5176,0.39084,-0.13671,-0.11746,-0.26136,-0.36445,-0.13405,-0.023172,-0.44881,-0.40704,-0.44284,-0.49187,-0.06381,0.042727,0.37317,0,0.29265,0.53896,-0.23519,-0.055561,-0.57855,-0.17316,-0.14044,-0.196,-0.51234,-0.49086,-0.29155,-0.61543,-0.046571,-0.006703,2.3335e-05,-0.38017,-0.48933,-0.28761,-0.26593,-0.15036,0.0033719,-0.26513,-0.33514,-0.19211,-0.48392,-0.35726,-0.17478,-0.1984,-0.45179,-0.39354,-0.45729,-0.33109,-0.15342,-0.55855,-0.34614,0.082222,0.14921,-0.26561,-0.095167,-0.26052,-0.17969,-0.18145,0.016072,-0.15658,0.050742,-0.24815,-0.040883,-0.20475,-0.30404,-0.29318,-0.12106,-0.37701,-0.22131,-0.27157,-0.016346,-0.026007,0.12565,-0.13263,0.033148,-0.40351,-0.44965,-0.44693,-0.26019,-0.3211,-0.28301
0.18795,0.11679,-0.43266,-0.23487,-0.045988,-0.13593,0.24246,0.22192,-0.11136,0.012741,0.076073,-0.067427,-0.57476,-0.54171,-0.19053,-0.22965,-0.24731,-0.2351,-0.16105,-0.031987,-0.16606,-0.14831,0.035732,0.024864,0.29686,0.19452,-0.085138,0.0095616,-0.076219,-0.24805,0.011253,0.078651,-0.63751,-0.59985,-0.50137,-0.53994,-0.23789,-0.29379,0.61153,0.29265,0,0.4336,-0.15598,-0.0039495,-0.55773,-0.33282,-0.061517,-0.22188,-0.50653,-0.46852,-0.38446,-0.48925,0.066488,-0.067129,-0.13959,-0.21479,-0.43619,-0.43705,-0.39511,-0.2171,-0.18693,-0.25666,-0.37155,-0.21846,-0.4483,-0.43219,-0.29365,-0.17355,-0.36475,-0.30352,-0.4232,-0.36346,-0.20112,-0.53726,-0.41668,-0.18123,-0.13547,-0.46891,-0.29219,-0.49964,-0.41423,-0.37554,-0.20769,-0.28393,-0.11176,-0.43699,-0.26671,-0.33015,-0.34269,-0.24173,-0.15597,-0.17486,-0.077245,-0.043643,0.027127,0.093487,0.12042,-0.10819,-0.040562,-0.30957,-0.33489,-0.28252,-0.1909,-0.32974,-0.39455
-0.044092,0.10132,-0.24254,-0.099793,-0.12981,-0.056284,-0.029157,0.28673,0.0029752,0.24064,0.20744,0.20341,-0.41909,-0.38222,-0.017641,-0.099087,-0.078745,-0.0798,-0.04747,0.11362,-0.042184,-0.075717,0.14044,0.25873,0.36076,0.51679,0.045498,0.07976,-0.096514,-0.2667,-0.015512,0.14932,-0.47115,-0.44157,-0.49382,-0.47052,-0.22091,-0.10662,0.26296,0.53896,0.4336,0,-0.26112,0.054622,-0.54881,-0.14338,-0.14042,-0.11334,-0.40669,-0.35056,-0.21973,-0.51373,0.046735,0.012315,0.0077181,-0.19336,-0.39909,-0.26947,-0.23817,-0.17093,-0.068705,-0.20735,-0.26743,-0.22065,-0.51954,-0.37133,-0.16345,-0.082262,-0.31333,-0.2547,-0.38433,-0.34886,-0.16692,-0.54635,-0.33019,0.033387,0.11764,-0.24168,-0.077059,-0.25402,-0.25046,-0.23559,-0.074824,-0.25082,0.024805,-0.28497,-0.0933,-0.19835,-0.24508,-0.23412,-0.089683,-0.43053,-0.27538,-0.24112,-0.078575,0.027454,0.11065,-0.16886,-0.0027594,-0.29966,-0.34632,-0.32301,-0.20608,-0.38087,-0.26032
-0.0763,-0.065519,-0.21526,-0.12003,-0.35336,-0.16699,-0.24053,-0.12314,-0.3212,-0.24921,-0.55774,-0.37926,-0.34699,-0.33641,-0.17834,-0.23417,-0.22521,-0.26683,-0.32277,-0.24636,-0.022413,-0.1223,-0.22102,-0.2293,-0.34643,-0.29231,-0.21144,-0.35777,-0.21666,-0.11863,-0.082531,-0.22492,-0.28993,-0.27571,0.043742,-0.03666,-0.35502,-0.31411,-0.24325,-0.23519,-0.15598,-0.26112,0,0.14536,-0.11598,-0.14967,-0.21385,-0.28875,-0.10567,-0.45581,-0.45796,-0.14579,-0.079637,-0.16665,-0.20345,0.12766,0.037879,-0.29741,-0.23527,-0.16135,-0.11518,-0.44738,-0.2155,0.10158,0.15033,-0.26438,-0.26445,-0.45346,-0.42119,-0.18368,-0.22862,-0.1133,-0.20608,-0.27379,-0.29257,-0.50206,-0.38745,-0.40176,-0.43787,-0.44911,-0.28855,-0.19634,-0.32069,-0.40597,-0.40072,-0.34117,-0.3676,-0.46419,-0.24243,-0.24142,-0.22178,0.017455,0.0056413,-0.064108,0.0080623,-0.29134,-0.31894,-0.33628,-0.3761,-0.059861,-0.12529,-0.16511,-0.093737,-0.23763,-0.23797
