,,,,,,,,,,,,,,,,,,,,,,,,,,,,,,,,,,,,,,,,,,,,,,,,,,,,,,,,,,,,,,,,,,,,,,,,,,,,,,,,,,,,,,,,,,,,,,,,,,,,,,,,
0,0.40961,-0.43909,-0.39778,0.0064354,-0.15011,0.13476,0.069125,-0.41141,-0.29505,-0.44929,-0.43363,-1,-0.86064,-0.42081,-0.46514,-0.44905,-0.39898,-0.45198,-0.45252,-0.20491,-0.25085,-0.19146,-0.28989,-0.40602,-0.33702,-0.13829,0.06571,-0.07447,-0.14154,-0.13036,-0.11813,-0.71046,-0.66672,-0.39637,-0.29716,-0.44475,-0.48448,-0.096513,-0.29321,0.065535,-0.18685,-0.091064,-0.10141,-0.25151,-0.45613,0.14622,-0.39946,0.017042,-0.57721,-0.55776,-0.14922,0.21449,0.058899,-0.14995,-0.053826,-0.25596,-0.56976,-0.58499,-0.20251,-0.29687,-0.34276,-0.29958,-0.29112,-0.28218,-0.3707,-0.50867,-0.24858,-0.085216,-0.21725,-0.31434,-0.46468,-0.42467,-0.28612,-0.4073,-0.48407,-0.45157,-0.76694,-0.65005,-0.85664,-0.65568,-0.58224,-0.66273,-0.51154,-0.5186,-0.86839,-0.65035,-0.56007,-0.50938,-0.041985,-0.27704,0.098529,0.11379,0.43601,0.39993,0.083073,-0.034048,-0.049734,-0.17997,-0.22353,-0.11589,-0.088025,-0.096253,0.14407,-0.13223
0.40961,0,-0.35355,-0.32598,-0.16551,-0.039442,-0.095671,0.30066,-0.33035,-0.17854,-0.50679,-0.35143,-0.93807,-0.84526,-0.31231,-0.40433,-0.24555,-0.26009,-0.33668,-0.31078,-0.096876,-0.16299,-0.11869,-0.13568,-0.33246,-0.21112,-0.047342,0.0357,-0.14907,-0.15743,-0.084459,-0.032207,-0.66233,-0.65021,-0.40001,-0.31061,-0.51769,-0.39121,-0.218,-0.15127,0.013706,-0.032631,0.061091,0.18209,-0.26035,-0.18021,0.012647,-0.37317,0.19333,-0.68628,-0.63461,-0.23931,0.2335,0.19184,-0.13073,0.11856,-0.11078,-0.51301,-0.4727,-0.23909,-0.28196,-0.44275,-0.2126,-0.32094,-0.25192,-0.49485,-0.47374,-0.24786,-0.12236,-0.20188,-0.37002,-0.46159,-0.41604,-0.47192,-0.41866,-0.37179,-0.27663,-0.56547,-0.50932,-0.61874,-0.63243,-0.43618,-0.60473,-0.59385,-0.42497,-0.74422,-0.49832,-0.58212,-0.42655,-0.15648,-0.21534,-0.043365,0.031626,0.14388,0.39127,0.056339,-0.04061,-0.033218,-0.078926,-0.15099,-0.057919,-0.12192,0.038618,0.057077,0.0028514
-0.43909,-0.35355,0,0.58397,-0.43695,-0.25687,-0.51679,-0.24473,0.24462,0.2806,0.11899,0.47209,0.10849,0.14537,0.46779,0.42402,0.33634,0.3903,0.14715,0.30124,0.087535,0.19224,0.020674,0.29542,-0.048904,0.24071,0.022927,-0.11324,-0.25932,-0.32392,0.0065989,-0.11409,0.15625,0.12895,0.063688,0.049746,7.8702e-05,0.35863,-0.27033,-0.023532,-0.27637,-0.032074,-0.28717,-0.24764,0.12133,0.32844,-0.37147,0.015637,-0.19897,0.030137,0.36438,-0.1699,-0.1437,0.0044921,0.18666,-0.21373,-0.13792,0.27399,0.2965,0.43171,0.37248,0.0096138,0.26999,0.11444,-0.063046,-0.036039,0.16311,-0.027982,-0.20212,0.012707,-0.038879,0.13094,0.065843,-0.024997,0.026619,0.27512,0.40737,0.29325,0.30499,0.061769,0.37656,0.45829,0.40011,-0.10194,0.14488,0.06752,0.21754,0.1137,0.09615,0.08047,0.076038,-0.58401,-0.55326,-0.57085,-0.31552,-0.19274,0.045587,-0.35044,-0.091343,0.17164,-0.10472,-0.12813,-0.18087,-0.2478,-0.016885
-0.39778,-0.32598,0.58397,0,-0.44404,-0.25652,-0.40553,-0.14399,0.19455,0.40235,0.17063,0.63198,0.0033358,0.071867,0.49516,0.32634,0.23076,0.31819,0.11829,0.36276,0.15827,0.27317,0.1576,0.40804,0.068301,0.39254,-0.011999,-0.16265,-0.2455,-0.36205,-0.0055697,-0.065934,-0.028072,-0.011575,-0.036487,-0.066134,-0.05557,0.31145,-0.12682,0.13633,-0.1028,0.11173,-0.19062,-0.19059,-0.016261,0.22576,-0.33669,0.045211,-0.24943,-0.064947,0.24824,-0.14092,-0.11372,-0.024077,0.10927,-0.19486,-0.21923,0.19308,0.24708,0.51066,0.59468,-0.021262,0.13528,0.18178,-0.12049,0.016733,0.25535,-0.12526,-0.34944,-0.041367,-0.082419,0.072273,0.15226,-0.079307,0.044564,0.11719,0.32574,0.073907,0.22465,-0.10674,0.3449,0.22429,0.35966,-0.19259,0.14013,-0.0093413,0.11869,0.07243,0.072957,-0.004704,0.11948,-0.49512,-0.43615,-0.60314,-0.31717,-0.27178,0.023931,-0.46704,-0.12902,0.058367,-0.21502,-0.19053,-0.21945,-0.34056,-0.20228
0.0064354,-0.16551,-0.43695,-0.44404,0,0.20173,0.31585,-0.20107,-0.28971,-0.36741,-0.15094,-0.35223,-0.29105,-0.27048,-0.44806,-0.63546,-0.38493,-0.49653,-0.31187,-0.50987,-0.35607,-0.5341,-0.23099,-0.36624,-0.19319,-0.39337,-0.25188,-0.071589,-0.029798,-0.16863,-0.3032,-0.38461,-0.32744,-0.27664,-0.4529,-0.34759,-0.11445,-0.26866,-0.11306,-0.32368,-0.092626,-0.31422,-0.35286,-0.30001,-0.2153,-0.48122,-0.23943,-0.53813,-0.14722,-0.15931,-0.23672,-0.060498,-0.15129,-0.15511,-0.43076,-0.3063,-0.3014,-0.43294,-0.42422,-0.21508,-0.36804,-0.19275,-0.20285,-0.31594,-0.41768,-0.28859,-0.4627,0.0038988,-0.15291,-0.10457,0.004032,-0.18221,-0.14178,-0.18042,-0.17815,-0.3427,-0.43444,-0.43924,-0.33898,-0.48637,-0.27926,-0.41971,-0.42582,-0.355,-0.25058,-0.35653,-0.42592,-0.39879,-0.42788,-0.33616,-0.60335,-0.060371,-0.12851,0.20757,0.051162,-0.064578,-0.13993,-0.083757,-0.15112,-0.35688,-0.25731,-0.028224,-0.092656,0.18189,-0.24277
-0.15011,-0.039442,-0.25687,-0.25652,0.20173,0,-0.076535,-0.043111,-0.33733,-0.19649,-0.2991,-0.24483,-0.25939,-0.20644,-0.28277,-0.55564,-0.22108,-0.41201,-0.31042,-0.41122,-0.13623,-0.40072,-0.21984,-0.20245,-0.23346,-0.28094,-0.20602,-0.223,-0.14446,-0.11886,-0.2827,-0.35506,-0.23853,-0.15866,-0.27926,-0.16666,-0.14309,-0.13204,-0.32128,-0.19025,-0.15543,-0.17917,0.023774,0.18381,-0.20045,-0.19645,-0.45278,-0.62408,-0.016164,-0.29029,-0.24985,-0.10895,-0.13506,-0.082328,-0.37043,-0.03254,0.015583,-0.41972,-0.31001,-0.22197,-0.21409,-0.42323,-0.17097,-0.052894,-0.19591,-0.47419,-0.48369,-0.15779,-0.40132,-0.15062,-0.096828,-0.19323,-0.20686,-0.43275,-0.3449,-0.3211,-0.29203,-0.2933,-0.26587,-0.43627,-0.19284,-0.2205,-0.3477,-0.38719,-0.21945,-0.29812,-0.40328,-0.56392,-0.38835,-0.33548,-0.56696,-0.10732,-0.11348,0.011406,0.071074,-0.25092,-0.28683,-0.24744,-0.22825,-0.17144,-0.22098,-0.085101,0.044273,-0.078121,-0.19743
0.13476,-0.095671,-0.51679,-0.40553,0.31585,-0.076535,0,0.04331,-0.33333,-0.40855,-0.17473,-0.40239,-0.41265,-0.3814,-0.44301,-0.62011,-0.40421,-0.45054,-0.19363,-0.53508,-0.29671,-0.42082,-0.082425,-0.40212,-0.21904,-0.36714,-0.19663,-0.053124,0.21908,-0.034641,-0.1813,-0.2422,-0.41866,-0.40421,-0.44825,-0.37032,-0.14292,-0.37868,-0.023816,-0.33498,0.078448,-0.24799,-0.33668,-0.27066,-0.24604,-0.57423,-0.12637,-0.41262,-0.075136,-0.16523,-0.24921,0.038582,-0.039775,-0.15398,-0.4948,-0.17253,-0.22951,-0.54649,-0.53325,-0.26786,-0.40432,-0.017393,-0.22375,-0.42734,-0.44937,-0.37099,-0.48782,-0.093559,-0.11812,-0.10385,-0.05916,-0.3184,-0.25758,-0.16699,-0.24606,-0.35723,-0.43018,-0.48764,-0.33342,-0.56272,-0.3566,-0.60228,-0.54934,-0.29173,-0.2141,-0.36789,-0.47763,-0.34441,-0.29307,-0.26133,-0.49016,0.11741,0.028339,0.22414,-0.075148,0.099655,-0.016667,0.049116,-0.1015,-0.49367,-0.44384,-0.24418,-0.37218,0.17811,-0.37963
0.069125,0.30066,-0.24473,-0.14399,-0.20107,-0.043111,0.04331,0,-0.19702,-0.13816,-0.27987,-0.20197,-0.53483,-0.50063,-0.12739,-0.33649,-0.048105,-0.099043,-0.020051,-0.23745,0.10798,-0.083467,0.21067,-0.026135,-0.2287,-0.03271,0.16785,0.08986,0.17574,-0.027824,0.14111,0.1495,-0.44458,-0.47222,-0.32511,-0.24106,-0.36184,-0.30344,-0.20596,-0.11913,0.11641,0.12915,-0.026141,0.21953,-0.21288,-0.10734,-0.12401,-0.19203,0.1977,-0.30521,-0.29491,-0.1168,0.28917,0.14892,-0.16777,0.35233,0.031063,-0.3666,-0.30905,-0.1703,-0.21119,-0.13425,-0.034689,-0.31441,-0.32168,-0.43644,-0.30139,-0.10998,-0.099352,0.018519,-0.18961,-0.29397,-0.26678,-0.36062,-0.26274,-0.24027,-0.15538,-0.3402,-0.21978,-0.42535,-0.35193,-0.3782,-0.46185,-0.48804,-0.17122,-0.40178,-0.34407,-0.3256,-0.12996,-0.201,-0.18372,-0.15419,-0.1337,-0.045792,-0.027939,0.12768,0.04394,-0.075657,-0.066261,-0.20865,-0.2474,-0.26204,-0.2302,-0.033818,-0.13259
-0.41141,-0.33035,0.24462,0.19455,-0.28971,-0.33733,-0.33333,-0.19702,0,0.2734,0.51041,0.43916,0.0668,0.052046,0.4951,0.34039,0.44091,0.38861,0.31829,0.47718,0.068495,-0.0028212,0.20765,0.36525,0.36199,0.41185,0.22104,0.097427,-0.21884,-0.47241,-0.075651,-0.12833,-0.023375,-0.096047,-0.25989,-0.31909,-0.1142,0.11188,-0.026395,0.13143,-0.048692,0.20005,-0.53452,-0.41475,-0.026081,0.22037,-0.3237,0.13378,-0.28712,0.1148,0.16855,-0.32633,-0.041761,0.1443,0.098063,-0.31425,-0.33828,0.28015,0.3023,0.32309,0.13424,0.11799,0.36271,-0.19731,-0.42462,-0.057398,0.26102,0.34059,0.012447,0.014287,-0.097118,0.11162,0.14515,-0.095411,0.17675,0.36919,0.4885,0.19635,0.42408,0.16988,0.215,0.30838,0.29942,-0.15693,0.36742,0.11428,0.45671,0.24857,0.13258,-0.20244,0.0014711,-0.8587,-0.79746,-0.58757,-0.30151,0.016739,0.22389,-0.2405,0.069197,-0.040241,-0.12268,-0.071038,-0.16169,-0.17606,0.073792
-0.29505,-0.17854,0.2806,0.40235,-0.36741,-0.19649,-0.40855,-0.13816,0.2734,0,0.21486,0.66994,-0.12198,-0.094025,0.4058,0.25861,0.13462,0.13645,0.008742,0.41016,0.049413,0.091543,0.087057,0.56151,0.21448,0.552,0.064233,-0.077788,-0.381,-0.47632,-0.24688,-0.1352,-0.20804,-0.19609,-0.31582,-0.32549,-0.10848,0.20043,0.0031965,0.52833,0.029011,0.40834,-0.29057,-0.20267,-0.26188,0.11932,-0.22712,-0.041543,-0.32244,-0.23899,0.018713,-0.41316,0.0033902,0.20048,0.22268,-0.24593,-0.36068,0.0033479,0.043885,0.3111,0.44666,-0.15044,0.020699,0.055237,-0.36813,-0.12363,0.10056,-0.088909,-0.30458,-0.27355,-0.34913,-0.19544,-0.087141,-0.36916,-0.16464,0.17839,0.50745,-0.011236,0.11862,-0.16481,0.10858,0.19311,0.22946,-0.20899,0.14673,-0.13602,0.084665,-0.042711,-0.11957,-0.094576,0.063089,-0.52182,-0.41516,-0.51204,-0.15678,-0.12168,0.12939,-0.31694,0.0061811,-0.033115,-0.2231,-0.24714,-0.13058,-0.25862,-0.090525
-0.44929,-0.50679,0.11899,0.17063,-0.15094,-0.2991,-0.17473,-0.27987,0.51041,0.21486,0,0.44545,0.18785,0.19045,0.27713,0.18154,0.090356,0.077521,0.19676,0.2382,-0.11438,-0.14535,0.098826,0.17423,0.43504,0.30028,0.017224,-0.033981,-0.15277,-0.3969,-0.18576,-0.19624,0.0069016,-0.015256,-0.2745,-0.32178,0.11938,0.2009,0.12844,0.17948,-0.0094564,0.12483,-0.63422,-0.54582,-0.14892,-0.02151,-0.31558,0.034683,-0.46023,0.15443,0.27567,-0.31434,-0.18563,-0.066425,-0.04322,-0.48673,-0.45866,0.17873,0.1476,0.2304,0.17827,0.20956,0.12802,-0.15773,-0.54562,0.011836,0.20987,0.18339,-0.14165,-0.095266,-0.065989,0.044467,0.1495,-0.070021,0.13985,0.32022,0.29031,0.098947,0.3874,0.046041,0.36159,0.10802,0.35328,-0.057392,0.43776,0.14379,0.29,0.27528,0.035707,-0.19275,-0.092233,-0.6229,-0.64664,-0.5364,-0.37946,-0.054238,0.13281,-0.24918,-0.009862,-0.23362,-0.32796,-0.24471,-0.33869,-0.19501,-0.15008
-0.43363,-0.35143,0.47209,0.63198,-0.35223,-0.24483,-0.40239,-0.20197,0.43916,0.66994,0.44545,0,0.066546,0.115,0.64384,0.42723,0.2427,0.26977,0.16204,0.554,0.07246,0.097094,0.14878,0.55025,0.27532,0.61369,0.072557,-0.057035,-0.25673,-0.39238,-0.11864,-0.10051,-0.023169,-0.021352,-0.17132,-0.20332,0.0073738,0.38812,-0.019936,0.35094,-0.060752,0.26174,-0.35761,-0.29857,-0.1065,0.22795,-0.31092,0.061527,-0.33473,-0.03478,0.23584,-0.30851,-0.11194,0.051641,0.16681,-0.32119,-0.33726,0.23453,0.26541,0.46325,0.57331,0.019567,0.16022,0.046834,-0.33008,0.014142,0.2959,0.024549,-0.24495,-0.10236,-0.12743,0.03234,0.13021,-0.14893,0.061309,0.32203,0.58488,0.12929,0.36478,-0.01456,0.39932,0.28852,0.4974,-0.13895,0.32514,0.048753,0.29953,0.15262,0.029289,-0.082831,0.064312,-0.66196,-0.57719,-0.64317,-0.28738,-0.17028,0.1107,-0.36551,-0.016794,-0.051653,-0.2399,-0.23145,-0.23193,-0.26984,-0.074186
-1,-0.93807,0.10849,0.0033358,-0.29105,-0.25939,-0.41265,-0.53483,0.0668,-0.12198,0.18785,0.066546,0,0.94243,0.034641,0.053221,0.010994,-0.055436,0.067902,-0.020002,-0.26194,-0.25795,-0.2309,-0.14116,0.011224,-0.08897,-0.26838,-0.40601,-0.26122,-0.27107,-0.26423,-0.37126,0.59123,0.52101,0.030833,-0.04239,0.26517,0.19431,-0.2506,-0.17286,-0.42124,-0.2764,-0.47946,-0.45483,-0.048523,-0.00070832,-0.60491,-0.094267,-0.48203,0.30056,0.36905,-0.25597,-0.57193,-0.41819,-0.27221,-0.47965,-0.18544,0.20193,0.19241,-0.1045,-0.047251,0.055061,0.0077067,-0.091524,-0.2033,-0.078641,0.044037,-0.071934,-0.29489,-0.14974,-0.007961,0.13418,0.030403,-0.027455,0.0075372,0.20055,0.061079,0.46628,0.37704,0.38213,0.50842,0.21359,0.36547,0.1949,0.2267,0.59329,0.25104,0.20305,0.10107,-0.22397,-0.21548,-0.52924,-0.62773,-0.70103,-0.73589,-0.36237,-0.27003,-0.3354,-0.23951,-0.17884,-0.30446,-0.3002,-0.37621,-0.41317,-0.25387
-0.86064,-0.84526,0.14537,0.071867,-0.27048,-0.20644,-0.3814,-0.50063,0.052046,-0.094025,0.19045,0.115,0.94243,0,0.082546,0.068089,4.2378e-05,-0.073362,0.050351,-0.0013198,-0.2072,-0.25911,-0.21164,-0.11966,0.048353,-0.085882,-0.2798,-0.40071,-0.21825,-0.20557,-0.24284,-0.39726,0.6617,0.6976,0.11555,0.028623,0.33171,0.30361,-0.21453,-0.13824,-0.3707,-0.26465,-0.3705,-0.38049,0.044993,0.042408,-0.65896,-0.14356,-0.42614,0.24343,0.35713,-0.18952,-0.5566,-0.39696,-0.29889,-0.47916,-0.1312,0.20022,0.24559,-0.042548,0.047899,0.034369,0.032897,-0.0023732,-0.14464,-0.10335,0.028551,-0.079719,-0.3429,-0.12391,0.0718,0.19631,0.082504,0.0098378,0.019627,0.19324,0.068755,0.40344,0.41555,0.26606,0.72945,0.2412,0.41821,0.21805,0.2886,0.64639,0.27056,0.13581,0.091978,-0.1785,-0.25644,-0.48098,-0.55282,-0.67418,-0.6194,-0.40087,-0.26859,-0.3682,-0.23865,-0.17769,-0.32349,-0.28319,-0.38193,-0.38799,-0.2328
-0.42081,-0.31231,0.46779,0.49516,-0.44806,-0.28277,-0.44301,-0.12739,0.4951,0.4058,0.27713,0.64384,0.034641,0.082546,0,0.48384,0.43377,0.38364,0.21003,0.47494,0.33201,0.078599,0.20577,0.471,0.15462,0.49885,0.26971,0.034623,-0.18265,-0.34492,-0.0088933,-0.083848,0.01565,-0.024991,-0.079374,-0.12457,-0.12618,0.17652,-0.13212,0.15089,-0.068919,0.2572,-0.2799,-0.2041,0.0091839,0.30156,-0.3905,0.11259,-0.24617,0.048196,0.20408,-0.27412,-0.0058784,0.1204,0.21467,-0.16047,-0.18051,0.2741,0.38976,0.40126,0.4081,0.006169,0.26917,0.047718,-0.26837,-0.09736,0.26386,0.12216,-0.14345,0.0058118,-0.11352,0.10084,0.068604,-0.14275,0.036669,0.24022,0.47802,0.20278,0.40077,0.090229,0.32297,0.42051,0.35352,-0.15562,0.29396,0.11397,0.33678,0.1153,0.12661,-0.099007,0.010697,-0.80377,-0.70866,-0.62143,-0.29241,-0.13501,0.057713,-0.41207,-0.10565,0.02694,-0.1781,-0.14422,-0.24037,-0.31831,0.035616
-0.46514,-0.40433,0.42402,0.32634,-0.63546,-0.55564,-0.62011,-0.33649,0.34039,0.25861,0.18154,0.42723,0.053221,0.068089,0.48384,0,0.18491,0.35046,0.11564,0.6097,0.0010534,0.14798,-0.0070105,0.28801,0.082347,0.32782,0.016909,-0.098505,-0.31695,-0.35427,-0.066328,-0.052845,0.060013,0.0052973,-0.0024155,-0.097948,-0.095792,0.15692,-0.08633,0.09621,-0.19921,0.060492,-0.36877,-0.38637,-0.031432,0.25501,-0.21726,0.26774,-0.39648,-0.052355,0.13115,-0.40845,-0.19249,-0.072012,0.24291,-0.36042,-0.30575,0.43583,0.37886,0.22868,0.32189,0.022975,0.11438,-0.030694,-0.19367,0.067726,0.38727,-0.063761,-0.1239,-0.14272,-0.19842,0.033709,0.011769,-0.031983,0.042063,0.32704,0.41155,0.20731,0.27027,0.16546,0.2218,0.30301,0.50394,-0.012762,0.16696,0.088485,0.43286,0.3092,0.13138,0.042747,0.23266,-0.73562,-0.65271,-0.78799,-0.4044,-0.19589,0.014487,-0.35267,-0.094333,0.021286,-0.10924,-0.2538,-0.30528,-0.3737,0.017187
-0.44905,-0.24555,0.33634,0.23076,-0.38493,-0.22108,-0.40421,-0.048105,0.44091,0.13462,0.090356,0.2427,0.010994,4.2378e-05,0.43377,0.18491,0,0.68265,0.45732,0.30824,0.30704,0.16314,0.30355,0.33019,0.047058,0.25774,0.29184,0.039999,-0.16279,-0.34647,0.064076,-0.067314,3.6324e-05,-0.091579,-0.1667,-0.19357,-0.23975,0.026414,-0.30754,-0.069573,-0.18172,0.089781,-0.32405,-0.16389,0.089393,0.39381,-0.42712,0.095441,-0.041863,0.1498,0.19099,-0.14237,0.011733,0.17102,0.03949,-0.018017,-0.05089,0.17497,0.30519,0.22439,0.014675,0.056115,0.51078,-0.16585,-0.18291,-0.16662,0.13204,0.24322,-0.00336,0.19549,-0.017496,0.16335,0.096204,-0.11394,0.10625,0.18468,0.36859,0.30018,0.37307,0.1692,0.13454,0.35672,0.1069,-0.23365,0.21592,0.11444,0.28846,0.10092,0.2763,-0.2355,-0.019476,-0.73893,-0.66428,-0.56836,-0.33136,-0.05988,0.12014,-0.26444,0.04704,0.11372,-0.077927,-0.016751,-0.11052,-0.19335,0.050817
-0.39898,-0.26009,0.3903,0.31819,-0.49653,-0.41201,-0.45054,-0.099043,0.38861,0.13645,0.077521,0.26977,-0.055436,-0.073362,0.38364,0.35046,0.68265,0,0.40429,0.44376,0.20259,0.41724,0.31164,0.38037,-0.0010352,0.32674,0.20716,0.037971,-0.19253,-0.37072,0.15854,0.084308,-0.062641,-0.15108,-0.13926,-0.17863,-0.2759,0.0081668,-0.2465,-0.067508,-0.19213,0.065341,-0.3592,-0.27202,0.056502,0.34653,-0.24116,0.30838,-0.11394,0.069851,0.17408,-0.16811,-0.01439,0.085525,0.16224,-0.093431,-0.1836,0.29332,0.31892,0.2961,0.069228,0.11666,0.38364,-0.18041,-0.15042,0.030191,0.32236,0.10572,0.024301,0.17207,-0.045962,0.15223,0.14717,0.012907,0.20973,0.16661,0.32786,0.17716,0.24978,0.10292,0.082407,0.20755,0.14462,-0.25128,0.10274,0.0052428,0.26491,0.24608,0.30077,-0.11905,0.22744,-0.71291,-0.62942,-0.62614,-0.37583,-0.087178,0.15907,-0.29151,0.031844,0.13732,-0.026886,-0.064584,-0.15963,-0.22468,-0.0027182
-0.45198,-0.33668,0.14715,0.11829,-0.31187,-0.31042,-0.19363,-0.020051,0.31829,0.008742,0.19676,0.16204,0.067902,0.050351,0.21003,0.11564,0.45732,0.40429,0,0.21317,0.052749,0.11221,0.40332,0.18516,0.10627,0.20797,0.17187,0.0077976,0.045865,-0.14303,0.073435,0.021589,0.047597,-0.058863,-0.18768,-0.218,-0.063174,0.008627,-0.14081,-0.078896,-0.10302,0.053342,-0.481,-0.28192,0.023078,0.17802,-0.27991,0.19501,-0.11092,0.25623,0.30924,-0.14096,-0.074888,0.019821,-0.12914,-0.11656,-0.067538,0.12913,0.19361,0.072339,-0.069881,0.49637,0.4753,-0.31213,-0.26274,-0.11191,0.12017,0.20849,0.071716,0.16941,0.063355,0.098686,0.070977,0.012344,0.13701,0.32976,0.31193,0.30687,0.52034,0.14289,0.15457,0.069857,0.068259,-0.040737,0.44267,0.21469,0.32475,0.35092,0.57561,-0.17143,0.00061751,-0.52988,-0.52834,-0.57545,-0.49993,0.061484,0.2611,-0.073217,0.21774,-0.094545,-0.22677,-0.26185,-0.37248,-0.10251,-0.086833
-0.45252,-0.31078,0.30124,0.36276,-0.50987,-0.41122,-0.53508,-0.23745,0.47718,0.41016,0.2382,0.554,-0.020002,-0.0013198,0.47494,0.6097,0.30824,0.44376,0.21317,0,0.058536,0.24456,0.17236,0.57519,0.31656,0.54341,0.050454,-0.081354,-0.34865,-0.42863,-0.11109,-0.036233,-0.084762,-0.12294,-0.19661,-0.28331,-0.17752,0.13855,0.0015983,0.28189,-0.071231,0.23908,-0.34369,-0.3096,-0.10245,0.34205,-0.21205,0.269,-0.34102,-0.1034,0.066237,-0.39455,-0.12799,0.039448,0.13801,-0.31533,-0.33816,0.33344,0.39278,0.28166,0.28514,-0.0041833,0.17092,-0.083733,-0.24565,0.069276,0.45114,-0.008403,-0.14959,-0.12572,-0.19375,0.038237,0.13263,-0.11418,0.1111,0.2852,0.52627,0.12838,0.28835,0.063246,0.17011,0.25553,0.40356,-0.1289,0.245,0.043419,0.45278,0.25812,0.1571,-0.12623,0.2361,-0.7321,-0.58373,-0.84568,-0.34656,-0.19208,0.099673,-0.34237,0.059323,0.022255,-0.096713,-0.19692,-0.17406,-0.32692,-0.028393
-0.20491,-0.096876,0.087535,0.15827,-0.35607,-0.13623,-0.29671,0.10798,0.068495,0.049413,-0.11438,0.07246,-0.26194,-0.2072,0.33201,0.0010534,0.30704,0.20259,0.052749,0.058536,0,0.07777,0.30689,0.20492,-0.12367,0.13389,0.38679,0.10588,-0.066388,-0.2453,0.090495,-0.044109,-0.22476,-0.25931,-0.15022,-0.1379,-0.44539,-0.19214,-0.29146,-0.12439,-0.012029,0.14364,-0.039811,0.071928,0.01215,0.078847,-0.37066,-0.010697,-0.0028091,-0.044442,-0.039109,-0.079332,0.26085,0.207,0.077624,0.25505,0.025705,-0.037293,0.11756,0.17564,0.054976,-0.15225,0.1588,0.020487,-0.137,-0.24118,0.0023853,0.076898,-0.10743,0.14525,-0.10116,0.035961,-0.043922,-0.20485,-0.088019,-0.17747,0.0038261,-0.079852,0.0055576,-0.16529,-0.055128,0.083351,-0.11862,-0.39653,-0.047942,-0.12346,-0.06261,-0.17983,0.044424,-0.21385,-0.13565,-0.53915,-0.46773,-0.33478,-0.15138,-0.15775,-0.067097,-0.47947,-0.22267,0.091591,-0.10656,0.035749,-0.13089,-0.28403,-0.042529
-0.25085,-0.16299,0.19224,0.27317,-0.5341,-0.40072,-0.42082,-0.083467,-0.0028212,0.091543,-0.14535,0.097094,-0.25795,-0.25911,0.078599,0.14798,0.16314,0.41724,0.11221,0.24456,0.07777,0,0.21682,0.28752,-0.1398,0.19695,-0.027473,-0.14723,-0.2859,-0.33345,0.05408,0.16783,-0.25853,-0.29276,-0.17937,-0.18919,-0.35883,-0.12312,-0.17793,-0.079949,-0.11816,0.016019,-0.19246,-0.16869,-0.12081,0.095199,-0.020257,0.26089,-0.16567,-0.20165,0.011696,-0.17299,-0.0071558,0.0026032,0.1136,-0.025596,-0.20197,0.05698,0.074749,0.16987,0.058887,-0.030197,0.069736,-0.067169,0.019318,0.10557,0.20259,-0.22448,-0.17048,-0.048602,-0.20165,-0.065783,0.00081729,-0.049976,-0.015674,-0.071062,0.079653,-0.081814,-0.060159,-0.22121,-0.10869,-0.050363,-0.016739,-0.28936,-0.12653,-0.23366,-0.059692,0.077279,0.15702,0.0057816,0.47027,-0.3636,-0.2837,-0.52282,-0.34137,-0.20628,0.07042,-0.33889,-0.028212,0.21659,5.4486e-05,-0.15854,-0.13166,-0.28928,-0.24711
-0.19146,-0.11869,0.020674,0.1576,-0.23099,-0.21984,-0.082425,0.21067,0.20765,0.087057,0.098826,0.14878,-0.2309,-0.21164,0.20577,-0.0070105,0.30355,0.31164,0.40332,0.17236,0.30689,0.21682,0,0.36271,0.09463,0.34471,0.34372,0.161,0.056799,-0.21801,0.13467,0.16764,-0.27088,-0.32422,-0.33434,-0.31779,-0.29872,-0.1528,-0.021098,0.010068,0.20095,0.30483,-0.2924,-0.13275,-0.095544,0.050073,-0.13533,0.19866,-0.077158,0.0041712,0.062187,-0.12893,0.24703,0.2196,-0.015395,0.067684,-0.1482,0.0045284,0.088576,0.19672,0.010588,0.18577,0.31065,-0.20676,-0.30659,-0.066249,0.14281,0.15811,0.015032,0.17704,-0.042414,0.023338,0.091264,-0.085628,0.089321,-0.0093111,0.11033,-0.08544,0.11583,-0.1982,-0.037474,-0.097627,-0.094194,-0.32077,0.13379,-0.11926,0.012011,0.083606,0.2508,-0.18754,0.046446,-0.45776,-0.41448,-0.39471,-0.27239,0.046543,0.26104,-0.24507,0.071068,-0.030821,-0.14557,-0.12628,-0.22138,-0.12341,-0.15114
-0.28989,-0.13568,0.29542,0.40804,-0.36624,-0.20245,-0.40212,-0.026135,0.36525,0.56151,0.17423,0.55025,-0.14116,-0.11966,0.471,0.28801,0.33019,0.38037,0.18516,0.57519,0.20492,0.28752,0.36271,0,0.21174,0.92269,0.22106,0.03587,-0.24858,-0.38175,-0.015516,0.10324,-0.18711,-0.20181,-0.25118,-0.25076,-0.21107,0.088849,0.007404,0.33549,0.090725,0.51223,-0.24343,-0.13073,-0.14446,0.30352,-0.1466,0.19251,-0.24685,-0.1633,0.054323,-0.38026,0.10031,0.25274,0.25872,-0.11217,-0.25859,0.19064,0.25374,0.3771,0.36208,-0.040289,0.25124,0.0040199,-0.2731,0.015892,0.31779,0.023938,-0.15012,-0.056448,-0.20572,0.0029665,0.089236,-0.19921,0.025711,0.17057,0.4101,0.0048432,0.16798,-0.12683,0.097003,0.13792,0.19622,-0.27599,0.1568,-0.12169,0.1452,0.10375,0.09434,-0.067127,0.2318,-0.62896,-0.52302,-0.57265,-0.20984,-0.092996,0.17232,-0.36141,0.022733,0.13585,-0.021068,-0.13883,-0.065141,-0.25834,-0.025197
-0.40602,-0.33246,-0.048904,0.068301,-0.19319,-0.23346,-0.21904,-0.2287,0.36199,0.21448,0.43504,0.27532,0.011224,0.048353,0.15462,0.082347,0.047058,-0.0010352,0.10627,0.31656,-0.12367,-0.1398,0.09463,0.21174,0,0.25739,-0.09256,-0.16008,-0.289,-0.42694,-0.29851,-0.2459,-0.12626,-0.12445,-0.35453,-0.45153,-0.031414,0.099649,0.29542,0.39266,0.14326,0.22637,-0.39143,-0.34324,-0.19991,0.058585,-0.30536,-0.024731,-0.43223,-0.11575,-0.035416,-0.40496,-0.19658,-0.032135,-0.196,-0.45874,-0.40056,0.0697,0.13855,0.086857,0.11274,-0.02447,0.059723,-0.16788,-0.45269,-0.10268,0.13037,0.029471,-0.25191,-0.23064,-0.18396,-0.037032,0.12158,-0.21365,0.036542,0.19048,0.24117,-0.013561,0.22945,-0.05468,0.15017,0.051441,0.22791,-0.082643,0.38818,0.072866,0.25474,0.094285,0.01387,-0.2934,-0.099171,-0.50333,-0.45041,-0.60256,-0.2951,-0.14539,0.058112,-0.25359,0.069149,-0.20981,-0.24676,-0.22472,-0.17942,-0.25369,-0.16409
-0.33702,-0.21112,0.24071,0.39254,-0.39337,-0.28094,-0.36714,-0.03271,0.41185,0.552,0.30028,0.61369,-0.08897,-0.085882,0.49885,0.32782,0.25774,0.32674,0.20797,0.54341,0.13389,0.19695,0.34471,0.92269,0.25739,0,0.22756,0.030173,-0.21146,-0.3889,-0.020953,0.13316,-0.17344,-0.19585,-0.26504,-0.2767,-0.15716,0.090447,0.064536,0.40967,0.11009,0.61823,-0.32308,-0.21036,-0.22056,0.20772,-0.13642,0.26068,-0.33955,-0.11974,0.085797,-0.43947,0.051386,0.14937,0.26152,-0.16838,-0.33241,0.2132,0.21763,0.29665,0.36015,0.025251,0.17485,-0.046834,-0.38949,0.041997,0.3903,0.01686,-0.15702,-0.094769,-0.24012,-0.03854,0.065056,-0.21066,0.030464,0.21594,0.42723,0.011218,0.21009,-0.081765,0.12841,0.088068,0.24031,-0.24274,0.20434,-0.087323,0.1682,0.19289,0.097772,-0.086657,0.24826,-0.67051,-0.58657,-0.61072,-0.29131,-0.066515,0.16161,-0.35242,-0.018719,0.0062538,-0.1259,-0.24568,-0.18993,-0.3084,-0.080567
-0.13829,-0.047342,0.022927,-0.011999,-0.25188,-0.20602,-0.19663,0.16785,0.22104,0.064233,0.017224,0.072557,-0.26838,-0.2798,0.26971,0.016909,0.29184,0.20716,0.17187,0.050454,0.38679,-0.027473,0.34372,0.22106,-0.09256,0.22756,0,0.53505,0.059783,-0.21586,0.1157,0.096471,-0.25436,-0.33933,-0.31078,-0.26295,-0.3688,-0.22224,-0.20998,-0.077322,0.020971,0.27703,-0.33632,-0.12598,-0.11344,0.01347,-0.1865,0.072339,-0.037377,0.012738,-0.029725,-0.26103,0.42747,0.39339,0.22558,0.1317,-0.12448,-0.045084,-0.00084756,0.093141,-0.059117,0.022539,0.22837,-0.24662,-0.43331,-0.23272,-0.014524,0.35073,0.21192,0.1493,-0.15307,-0.078593,-0.14267,-0.23076,-0.076759,-0.0051277,0.097506,-0.059565,0.044455,-0.087365,-0.1298,-0.014318,-0.16311,-0.37034,0.022061,-0.16677,-0.0088691,-0.05293,0.020898,-0.19219,-0.098995,-0.65303,-0.61512,-0.25397,-0.12925,0.21003,0.17324,-0.19882,-0.048832,-0.052167,-0.12101,-0.08699,-0.21858,-0.085228,0.15323
0.06571,0.0357,-0.11324,-0.16265,-0.071589,-0.223,-0.053124,0.08986,0.097427,-0.077788,-0.033981,-0.057035,-0.40601,-0.40071,0.034623,-0.098505,0.039999,0.037971,0.0077976,-0.081354,0.10588,-0.14723,0.161,0.03587,-0.16008,0.030173,0.53505,0,0.13734,-0.16659,0.1222,0.064735,-0.35326,-0.42539,-0.36532,-0.29774,-0.36702,-0.25834,-0.16949,-0.16228,-0.018991,0.074888,-0.40532,-0.25813,-0.083146,-0.11876,-0.064069,-0.056399,0.030996,-0.072872,-0.16097,-0.19619,0.34711,0.3073,0.14476,-0.050908,-0.25969,-0.13437,-0.14901,0.058373,-0.15072,0.0085059,0.11333,-0.38961,-0.50964,-0.19699,-0.12435,0.40193,0.40883,0.18595,-0.062822,-0.1052,-0.12922,-0.12521,-0.014772,-0.085119,-0.061557,-0.2479,-0.11796,-0.21732,-0.25086,-0.19091,-0.28356,-0.44909,-0.10542,-0.31921,-0.1066,-0.13398,-0.16115,-0.17037,-0.18432,-0.51181,-0.4928,-0.057846,0.058742,0.31605,0.22245,-0.076389,-0.0033842,-0.18579,-0.1178,-0.031566,-0.20919,0.1636,0.26198
-0.07447,-0.14907,-0.25932,-0.2455,-0.029798,-0.14446,0.21908,0.17574,-0.21884,-0.381,-0.15277,-0.25673,-0.26122,-0.21825,-0.18265,-0.31695,-0.16279,-0.19253,0.045865,-0.34865,-0.066388,-0.2859,0.056799,-0.24858,-0.289,-0.21146,0.059783,0.13734,0,0.34652,0.21612,0.044079,-0.14527,-0.18028,-0.11532,-0.042814,-0.10489,-0.24882,-0.21258,-0.35794,-0.091288,-0.17779,-0.26113,-0.13897,-0.011563,-0.23346,-0.18483,-0.16946,0.065668,0.036058,-0.077976,0.025935,-0.030488,-0.14893,-0.29683,-0.01014,0.031469,-0.23295,-0.22522,-0.20835,-0.27492,0.1913,0.0094624,-0.3871,-0.32215,-0.28512,-0.27543,0.058663,0.091549,0.23632,0.19349,-0.073986,-0.15607,0.018731,-0.073635,-0.15709,-0.26351,-0.21974,-0.092081,-0.24699,-0.16991,-0.40157,-0.37207,-0.21308,-0.061297,-0.15353,-0.21133,-0.13376,-0.028708,-0.12845,-0.34773,-0.18978,-0.26209,-0.03785,-0.21374,0.098844,-0.028533,-0.01775,-0.12467,-0.38013,-0.36319,-0.32084,-0.56434,0.074858,-0.11049
-0.14154,-0.15743,-0.32392,-0.36205,-0.16863,-0.11886,-0.034641,-0.027824,-0.47241,-0.47632,-0.3969,-0.39238,-0.27107,-0.20557,-0.34492,-0.35427,-0.34647,-0.37072,-0.14303,-0.42863,-0.2453,-0.33345,-0.21801,-0.38175,-0.42694,-0.3889,-0.21586,-0.16659,0.34652,0,-0.028448,-0.068459,-0.073931,-0.073284,0.026831,0.096023,-0.050781,-0.24771,-0.29075,-0.39797,-0.2566,-0.34215,-0.090423,-0.010655,-0.06367,-0.23604,-0.16191,-0.28242,0.017938,-0.18986,-0.21773,-0.096029,-0.24936,-0.31689,-0.4231,-0.072805,0.20829,-0.32161,-0.28658,-0.4308,-0.32787,-0.039714,-0.17476,-0.30803,-0.098275,-0.36447,-0.41695,-0.24239,-0.087704,-0.075493,0.029907,-0.21246,-0.34856,-0.075197,-0.29864,-0.19517,-0.34111,-0.20915,-0.19836,-0.2733,-0.23815,-0.43564,-0.40382,-0.011273,-0.15763,-0.1535,-0.25937,-0.24413,-0.10556,-0.03877,-0.37164,-0.014384,-0.063289,-0.099964,-0.24968,-0.13511,-0.24122,0.0053638,-0.16546,-0.37785,-0.34089,-0.50232,-0.59298,-0.038346,-0.1372
-0.13036,-0.084459,0.0065989,-0.0055697,-0.3032,-0.2827,-0.1813,0.14111,-0.075651,-0.24688,-0.18576,-0.11864,-0.26423,-0.24284,-0.0088933,-0.066328,0.064076,0.15854,0.073435,-0.11109,0.090495,0.05408,0.13467,-0.015516,-0.29851,-0.020953,0.1157,0.1222,0.21612,-0.028448,0,0.35198,-0.12103,-0.16691,0.068483,0.1218,-0.27171,-0.16023,-0.29673,-0.31129,-0.17523,-0.11936,-0.12811,-0.094878,0.15421,0.082492,-0.14066,0.071837,0.057083,-0.050878,-0.059953,-0.03472,0.0011684,-0.098069,-0.019234,0.050115,-0.027515,0.080216,0.026638,0.015765,-0.092057,0.057325,0.18038,-0.2387,-0.10787,-0.047046,0.015135,-0.0091537,0.056974,0.48341,0.15728,0.16181,0.073968,0.16271,0.16676,-0.12554,-0.15421,-0.17012,-0.084314,-0.1588,-0.12344,-0.22684,-0.18725,-0.40663,-0.16761,-0.22608,-0.12992,-0.0078399,0.079737,0.010213,0.015619,-0.39452,-0.43873,-0.23034,-0.21928,-0.047227,-0.037305,-0.26157,-0.21858,-0.017454,-0.011805,-0.096053,-0.2527,-0.13245,-0.0086875
-0.11813,-0.032207,-0.11409,-0.065934,-0.38461,-0.35506,-0.2422,0.1495,-0.12833,-0.1352,-0.19624,-0.10051,-0.37126,-0.39726,-0.083848,-0.052845,-0.067314,0.084308,0.021589,-0.036233,-0.044109,0.16783,0.16764,0.10324,-0.2459,0.13316,0.096471,0.064735,0.044079,-0.068459,0.35198,0,-0.31879,-0.35904,-0.17804,-0.11965,-0.34267,-0.26638,-0.12213,-0.11075,-0.042481,0.08478,-0.19404,-0.10874,-0.23961,-0.02536,0.21173,0.29336,-0.15867,-0.25138,-0.1735,-0.34764,0.040768,-0.084308,0.10018,0.030088,-0.20878,0.010897,-0.076698,-0.11151,-0.09931,0.014239,-0.016455,-0.28875,-0.25515,0.08808,0.10851,-0.16602,0.02217,0.034502,-0.17687,-0.12202,-0.091694,-0.06479,-0.010806,-0.12688,-0.13164,-0.2727,-0.18413,-0.2659,-0.26361,-0.37658,-0.22146,-0.39409,-0.21406,-0.37102,-0.1895,0.061297,0.033358,0.0085967,0.30759,-0.36907,-0.3667,-0.31461,-0.28226,-0.036748,-0.018041,-0.23546,-0.15504,-0.068834,-0.0089841,-0.32042,-0.2845,-0.22785,-0.1211
-0.71046,-0.66233,0.15625,-0.028072,-0.32744,-0.23853,-0.41866,-0.44458,-0.023375,-0.20804,0.0069016,-0.023169,0.59123,0.6617,0.01565,0.060013,3.6324e-05,-0.062641,0.047597,-0.084762,-0.22476,-0.25853,-0.27088,-0.18711,-0.12626,-0.17344,-0.25436,-0.35326,-0.14527,-0.073931,-0.12103,-0.31879,0,1,0.33114,0.24013,0.29922,0.20902,-0.32601,-0.27874,-0.46727,-0.35835,-0.32417,-0.31509,0.19168,0.098644,-0.57943,-0.14533,-0.30358,0.20765,0.27695,-0.18647,-0.52092,-0.38416,-0.27531,-0.38141,0.027867,0.19585,0.20682,-0.1186,-0.045338,0.047984,0.094945,-0.06301,-0.032807,-0.17398,-0.061938,-0.088891,-0.22108,-0.057174,0.10212,0.19639,-0.030216,0.075263,-0.032686,0.21687,0.020021,0.48474,0.31985,0.34069,0.42221,0.19909,0.24793,0.26998,0.17516,0.5112,0.21797,0.1161,0.13167,-0.044788,-0.23715,-0.43746,-0.53769,-0.56424,-0.5782,-0.30917,-0.26222,-0.2615,-0.24197,-0.10417,-0.21055,-0.27546,-0.38488,-0.31602,-0.10136
-0.66672,-0.65021,0.12895,-0.011575,-0.27664,-0.15866,-0.40421,-0.47222,-0.096047,-0.19609,-0.015256,-0.021352,0.52101,0.6976,-0.024991,0.0052973,-0.091579,-0.15108,-0.058863,-0.12294,-0.25931,-0.29276,-0.32422,-0.20181,-0.12445,-0.19585,-0.33933,-0.42539,-0.18028,-0.073284,-0.16691,-0.35904,1,0,0.37349,0.29367,0.38304,0.27819,-0.28927,-0.24186,-0.44209,-0.37113,-0.24088,-0.27262,0.15369,0.060316,-0.59246,-0.22248,-0.33945,0.094073,0.21666,-0.18221,-0.57383,-0.43063,-0.30771,-0.42199,0.002355,0.14834,0.16365,-0.11306,0.015595,-0.043431,0.015553,0.039357,-0.002688,-0.16354,-0.089896,-0.17112,-0.34143,-0.11515,0.095369,0.17546,-0.014402,0.046095,-0.066122,0.13499,-0.035289,0.30389,0.21813,0.17067,0.45369,0.14715,0.25783,0.23216,0.11902,0.37299,0.11974,0.027237,0.027951,-0.023253,-0.26897,-0.36338,-0.45306,-0.52118,-0.50855,-0.39605,-0.32544,-0.32543,-0.30181,-0.11344,-0.22448,-0.2795,-0.34796,-0.34499,-0.1606
-0.39637,-0.40001,0.063688,-0.036487,-0.4529,-0.27926,-0.44825,-0.32511,-0.25989,-0.31582,-0.2745,-0.17132,0.030833,0.11555,-0.079374,-0.0024155,-0.1667,-0.13926,-0.18768,-0.19661,-0.15022,-0.17937,-0.33434,-0.25118,-0.35453,-0.26504,-0.31078,-0.36532,-0.11532,0.026831,0.068483,-0.17804,0.33114,0.37349,0,0.8676,0.0168,0.022775,-0.37058,-0.37847,-0.43353,-0.41734,0.017956,-0.11314,0.2578,0.044007,-0.41355,-0.1695,-0.21415,-0.10201,-0.022146,-0.11948,-0.43069,-0.43707,-0.21501,-0.23131,0.11399,0.1003,0.093147,-0.14281,-0.0044557,-0.1608,-0.064493,0.083079,0.23851,-0.16026,-0.11616,-0.31712,-0.31421,-0.049019,0.048535,0.12692,-0.090423,0.11722,-0.11259,-0.0996,-0.20376,0.019688,-0.053596,-0.018816,0.09078,-0.030179,0.030409,0.0094321,-0.15241,0.032486,-0.075851,-0.09506,-0.015916,0.15311,-0.16535,-0.2749,-0.34252,-0.38529,-0.37888,-0.425,-0.39821,-0.40975,-0.4644,-0.016806,-0.1032,-0.23238,-0.34269,-0.40509,-0.12846
-0.29716,-0.31061,0.049746,-0.066134,-0.34759,-0.16666,-0.37032,-0.24106,-0.31909,-0.32549,-0.32178,-0.20332,-0.04239,0.028623,-0.12457,-0.097948,-0.19357,-0.17863,-0.218,-0.28331,-0.1379,-0.18919,-0.31779,-0.25076,-0.45153,-0.2767,-0.26295,-0.29774,-0.042814,0.096023,0.1218,-0.11965,0.24013,0.29367,0.8676,0,0.014572,-0.0086027,-0.41113,-0.41476,-0.41147,-0.40788,0.038994,-0.04483,0.21645,-0.0084211,-0.35374,-0.21961,-0.14539,-0.12607,-0.024555,-0.096168,-0.33546,-0.37153,-0.17425,-0.13733,0.1665,0.016213,-0.00029059,-0.14378,-0.022878,-0.16877,-0.056266,0.099655,0.2093,-0.18022,-0.18271,-0.30218,-0.28235,-0.0058724,0.05968,0.082256,-0.13885,0.080785,-0.16189,-0.14389,-0.25098,-0.047512,-0.12021,-0.12377,0.029883,-0.10155,-0.067974,-0.069361,-0.21301,-0.079398,-0.18761,-0.16197,-0.076038,0.22256,-0.1871,-0.21963,-0.30315,-0.25939,-0.29757,-0.35656,-0.37328,-0.3796,-0.47809,0.012574,-0.070929,-0.21247,-0.30357,-0.31902,-0.11427
-0.44475,-0.51769,7.8702e-05,-0.05557,-0.11445,-0.14309,-0.14292,-0.36184,-0.1142,-0.10848,0.11938,0.0073738,0.26517,0.33171,-0.12618,-0.095792,-0.23975,-0.2759,-0.063174,-0.17752,-0.44539,-0.35883,-0.29872,-0.21107,-0.031414,-0.15716,-0.3688,-0.36702,-0.10489,-0.050781,-0.27171,-0.34267,0.29922,0.38304,0.0168,0.014572,0,0.34718,-0.073889,-0.083799,-0.26431,-0.269,-0.40438,-0.38008,-0.085265,-0.12384,-0.37937,-0.30927,-0.37276,-0.032135,0.16088,-0.23194,-0.49666,-0.35849,-0.34512,-0.55004,-0.18367,-0.076135,-0.11266,-0.13407,0.0091658,0.06548,-0.083249,-0.10578,-0.26681,-0.21128,-0.20318,-0.19847,-0.35179,-0.2533,-0.018937,-0.10753,-0.13189,-0.075415,-0.16803,0.22601,0.0088328,0.092772,0.14352,-0.058367,0.28787,-0.073066,0.13312,0.26264,0.18862,0.13279,0.0017557,0.00098075,-0.11147,0.016788,-0.2833,-0.18419,-0.26953,-0.35685,-0.39976,-0.1798,-0.12192,-0.078284,-0.11559,-0.33174,-0.4303,-0.49489,-0.47838,-0.14109,-0.24576
-0.48448,-0.39121,0.35863,0.31145,-0.26866,-0.13204,-0.37868,-0.30344,0.11188,0.20043,0.2009,0.38812,0.19431,0.30361,0.17652,0.15692,0.026414,0.0081668,0.008627,0.13855,-0.19214,-0.12312,-0.1528,0.088849,0.099649,0.090447,-0.22224,-0.25834,-0.24882,-0.24771,-0.16023,-0.26638,0.20902,0.27819,0.022775,-0.0086027,0.34718,0,-0.15392,0.12617,-0.28351,-0.095895,-0.28157,-0.2809,0.029217,0.23218,-0.46508,-0.22115,-0.24975,-0.086082,0.16786,-0.19661,-0.38534,-0.17672,-0.12386,-0.47837,-0.22849,0.11491,0.10946,0.17012,0.32862,-0.056992,0.060025,0.012495,-0.20632,-0.12198,-0.002573,-0.11988,-0.37343,-0.13528,0.015516,0.044224,0.09345,-0.094267,0.011279,0.33367,0.30641,0.15345,0.2872,-0.00061145,0.49867,0.20024,0.41264,-0.023623,0.24606,0.10461,0.20133,0.0043347,-0.097712,-0.037825,-0.13509,-0.41836,-0.40712,-0.5243,-0.26827,-0.26713,-0.0525,-0.24924,-0.054674,-0.16293,-0.3059,-0.29462,-0.25184,-0.18706,-0.077879
-0.096513,-0.218,-0.27033,-0.12682,-0.11306,-0.32128,-0.023816,-0.20596,-0.026395,0.0031965,0.12844,-0.019936,-0.2506,-0.21453,-0.13212,-0.08633,-0.30754,-0.2465,-0.14081,0.0015983,-0.29146,-0.17793,-0.021098,0.007404,0.29542,0.064536,-0.20998,-0.16949,-0.21258,-0.29075,-0.29673,-0.12213,-0.32601,-0.28927,-0.37058,-0.41113,-0.073889,-0.15392,0,0.20622,0.4414,0.12334,-0.33875,-0.3687,-0.34898,-0.25391,0.068652,-0.02711,-0.56895,-0.33287,-0.20591,-0.49684,-0.12003,-0.11408,-0.18896,-0.45512,-0.4953,-0.10822,-0.12432,-0.058209,0.031021,-0.051562,-0.15487,-0.15609,-0.44315,-0.027025,-0.00073859,-0.19429,-0.2518,-0.37705,-0.32313,-0.23818,-0.096501,-0.17539,-0.14835,-0.059559,-0.099098,-0.32704,-0.14152,-0.3789,-0.12816,-0.30436,-0.043008,-0.088606,0.0085785,-0.23886,-0.12647,-1.2108e-05,-0.12837,-0.059384,-0.024367,-0.20423,-0.2026,-0.32471,-0.21176,-0.079537,0.02688,-0.21328,-0.074591,-0.24563,-0.19491,-0.32811,-0.26461,-0.22423,-0.30929
-0.29321,-0.15127,-0.023532,0.13633,-0.32368,-0.19025,-0.33498,-0.11913,0.13143,0.52833,0.17948,0.35094,-0.17286,-0.13824,0.15089,0.09621,-0.069573,-0.067508,-0.078896,0.28189,-0.12439,-0.079949,0.010068,0.33549,0.39266,0.40967,-0.077322,-0.16228,-0.35794,-0.39797,-0.31129,-0.11075,-0.27874,-0.24186,-0.37847,-0.41476,-0.083799,0.12617,0.20622,0,0.1377,0.48608,-0.2417,-0.18021,-0.40037,0.048057,-0.16186,-0.072733,-0.41792,-0.37876,-0.17446,-0.57382,-0.12349,0.021474,-0.0021431,-0.35497,-0.43889,-0.055449,-0.037117,0.037898,0.27196,-0.2076,-0.1232,-0.075857,-0.4943,-0.13313,0.06189,-0.18554,-0.37406,-0.3939,-0.4032,-0.27044,-0.096725,-0.43724,-0.17811,0.11201,0.26619,-0.15512,0.024162,-0.22118,0.0059995,-0.047046,0.13325,-0.20074,0.12931,-0.17433,0.039284,-0.069591,-0.18557,-0.19039,0.012841,-0.43419,-0.33907,-0.51974,-0.1654,-0.17009,0.0071498,-0.28108,-0.010909,-0.22487,-0.28326,-0.39452,-0.18504,-0.30849,-0.14986
0.065535,0.013706,-0.27637,-0.1028,-0.092626,-0.15543,0.078448,0.11641,-0.048692,0.029011,-0.0094564,-0.060752,-0.42124,-0.3707,-0.068919,-0.19921,-0.18172,-0.19213,-0.10302,-0.071231,-0.012029,-0.11816,0.20095,0.090725,0.14326,0.11009,0.020971,-0.018991,-0.091288,-0.2566,-0.17523,-0.042481,-0.46727,-0.44209,-0.43353,-0.41147,-0.26431,-0.28351,0.4414,0.1377,0,0.32842,-0.17111,-0.097524,-0.32443,-0.23615,0.0090749,-0.074022,-0.31095,-0.34079,-0.24611,-0.36566,0.23265,0.13897,-0.133,-0.091349,-0.27899,-0.23388,-0.17467,-0.020662,-0.0037959,-0.11555,-0.072127,-0.1107,-0.4149,-0.21116,-0.10413,-0.11702,-0.20839,-0.24353,-0.33876,-0.26835,-0.1709,-0.30878,-0.24391,-0.18795,-0.12621,-0.38405,-0.1911,-0.50228,-0.22768,-0.3101,-0.22002,-0.2802,-0.051405,-0.33976,-0.25731,-0.17354,-0.11579,-0.11536,-0.092439,-0.18416,-0.1674,-0.1822,-0.076523,0.034774,0.080306,-0.2453,-0.10176,-0.14278,-0.16032,-0.20642,-0.16935,-0.18215,-0.27276
-0.18685,-0.032631,-0.032074,0.11173,-0.31422,-0.17917,-0.24799,0.12915,0.20005,0.40834,0.12483,0.26174,-0.2764,-0.26465,0.2572,0.060492,0.089781,0.065341,0.053342,0.23908,0.14364,0.016019,0.30483,0.51223,0.22637,0.61823,0.27703,0.074888,-0.17779,-0.34215,-0.11936,0.08478,-0.35835,-0.37113,-0.41734,-0.40788,-0.269,-0.095895,0.12334,0.48608,0.32842,0,-0.22969,-0.07059,-0.3605,0.039085,-0.098414,0.077098,-0.28983,-0.26819,-0.14036,-0.51037,0.20313,0.26316,0.14123,-0.064312,-0.30151,-0.054401,-0.0085119,0.079574,0.16207,-0.11773,0.021782,-0.11432,-0.50934,-0.16179,0.093462,-0.019912,-0.17316,-0.20037,-0.37663,-0.22548,-0.12176,-0.41926,-0.16366,0.032994,0.21109,-0.16265,0.017448,-0.2309,-0.088195,-0.073683,-0.02263,-0.32323,0.094122,-0.2212,-0.019209,-0.04911,-0.057089,-0.19078,0.053269,-0.51978,-0.43419,-0.41867,-0.1482,0.0085301,0.11804,-0.28799,-0.02754,-0.10768,-0.18421,-0.28134,-0.1724,-0.27193,-0.085313
-0.091064,0.061091,-0.28717,-0.19062,-0.35286,0.023774,-0.33668,-0.026141,-0.53452,-0.29057,-0.63422,-0.35761,-0.47946,-0.3705,-0.2799,-0.36877,-0.32405,-0.3592,-0.481,-0.34369,-0.039811,-0.19246,-0.2924,-0.24343,-0.39143,-0.32308,-0.33632,-0.40532,-0.26113,-0.090423,-0.12811,-0.19404,-0.32417,-0.24088,0.017956,0.038994,-0.40438,-0.28157,-0.33875,-0.2417,-0.17111,-0.22969,0,0.53039,-0.14776,-0.12262,-0.31893,-0.40432,-0.052906,-0.59777,-0.50712,-0.14622,-0.19008,-0.25967,-0.31477,0.073435,0.10374,-0.33753,-0.23831,-0.29573,-0.13997,-0.65593,-0.33804,0.091948,0.16314,-0.39619,-0.35908,-0.55318,-0.5692,-0.25618,-0.26466,-0.23542,-0.2696,-0.36262,-0.40455,-0.53467,-0.42399,-0.44295,-0.45461,-0.50125,-0.34089,-0.30611,-0.3656,-0.41276,-0.45271,-0.41125,-0.47357,-0.60438,-0.33613,-0.16556,-0.28091,-0.028048,0.022927,-0.14323,-0.018283,-0.52664,-0.5266,-0.50303,-0.50152,-0.065625,-0.10644,-0.15707,-0.040641,-0.43327,-0.274
