,,,,,,,,,,,,,,,,,,,,,,,,,,,,,,,,,,,,,,,,,,,,,,,,,,,,,,,,,,,,,,,,,,,,,,,,,,,,,,,,,,,,,,,,,,,,,,,,,,,,,,,,
0,0.2274,-0.50912,-0.30104,0.066305,-0.42628,0.21615,0.08336,0.34726,-0.23297,0.11809,-0.047683,-0.66981,-0.7066,-0.53265,-0.57444,-0.1336,-0.23894,-0.42069,-0.36045,-0.4737,-0.4524,-0.2224,-0.39768,0.39183,0.13524,-0.55949,-0.65954,-0.70295,-0.4661,-0.30407,-0.34726,-0.63893,-0.80753,-0.24035,-0.49884,-0.058421,-0.12377,0.43506,0.61311,0.34982,0.08078,0.056366,0.066177,0.17004,0.14462,-0.24199,-0.36576,-0.29119,-0.79182,-0.76029,-0.4037,-0.052341,-0.33506,-0.50007,-0.14133,0.20173,0.098024,0.010439,0.042433,-0.29879,-0.81598,-0.80689,-0.74764,-0.54019,-0.18699,-0.28902,-0.60838,-0.49351,-0.49312,-0.54418,-0.24596,-0.1528,0.062707,-0.13639,0.15133,0.041927,-0.55966,-0.58121,-0.015604,-0.30601,-0.49379,-0.20339,-0.40226,-0.43096,-0.090512,-0.27398,-0.14054,-0.16759,0.012317,0.019226,-0.18511,-0.44866,-0.22662,-0.3205,-0.29416,-0.34678,-0.34796,-0.34113,-0.60188,-0.58307,-0.41066,-0.4942,-0.45402,-0.21266
0.2274,0,-0.29908,-0.27705,0.10017,-0.078409,-0.20894,0.024384,-0.088805,0.052518,-0.22297,0.012488,-0.56991,-0.57815,-0.40682,-0.46029,0.11255,-0.21099,-0.087744,-0.17589,-0.18271,-0.26229,0.045061,-0.091506,-0.044579,0.14273,-0.36195,-0.51596,-0.70434,-0.49447,-0.56915,-0.42471,-0.60812,-0.65278,-0.47041,-0.47092,-0.33935,-0.37776,-0.07839,0.19451,-0.10588,0.24187,-0.33373,0.10503,-0.15688,-0.075366,-0.087268,-0.15043,-0.081762,-0.59098,-0.4918,-0.44617,0.0019695,0.025713,-0.32928,-0.075732,0.092299,-0.10043,-0.20966,-0.12671,-0.30491,-0.88724,-0.59251,-0.76614,-0.56231,-0.15796,-0.11204,-0.81133,-0.57337,-0.49289,-0.56848,-0.55709,-0.4363,-0.1586,-0.23158,-0.074341,0.24559,-0.4291,-0.40604,-0.26555,-0.35136,-0.33505,-0.35733,-0.31808,-0.31066,-0.25784,-0.26551,-0.11276,-0.034195,-0.017726,-0.03625,-0.28005,-0.28967,-0.31859,-0.24357,-0.16663,-0.16896,-0.19303,-0.044378,-0.64259,-0.5383,-0.50782,-0.51279,-0.23468,-0.073159
-0.50912,-0.29908,0,0.076988,-0.59881,-0.29816,-0.59593,-0.40249,-0.45162,-0.36028,-0.39096,-0.5497,-0.12706,-0.12704,-0.22997,-0.25651,-0.43861,-0.19328,-0.21145,-0.41624,-0.26102,-0.15529,-0.38117,-0.24513,-0.50749,-0.60345,-0.35441,-0.34297,-0.3175,-0.44555,-0.39238,-0.34276,-0.017567,-0.16147,-0.33375,-0.24476,-0.27452,-0.28284,-0.47296,-0.45891,-0.76919,-0.39998,-0.53496,-0.52297,-0.46559,-0.51013,-0.2075,-0.12633,-0.065195,-0.047287,-0.21828,-0.058372,-0.34043,-0.10299,0.091402,-0.33022,-0.4331,-0.25024,-0.2803,-0.31551,-0.42849,-0.32063,-0.32833,-0.35144,-0.32408,-0.38595,-0.26143,-0.36233,-0.32093,-0.30385,-0.26155,-0.4609,-0.44128,-0.52516,-0.45238,-0.24365,-0.39084,0.1376,-0.099262,-0.1947,-0.20839,0.31293,-0.42287,-0.17254,-0.21237,-0.26013,-0.19832,-0.20334,-0.17176,-0.24691,-0.257,-0.35018,-0.25751,-0.49612,-0.45352,-0.032683,-0.11662,-0.051963,-0.16946,-0.32901,-0.30496,-0.2381,-0.18972,0.32738,-0.080713
-0.30104,-0.27705,0.076988,0,-0.48602,-0.51207,-0.32292,-0.45654,-0.16651,-0.45263,-0.090518,-0.43882,-0.15951,-0.13999,-0.095854,-0.27375,-0.34724,0.034695,-0.40394,-0.5868,-0.35738,-0.21102,-0.32912,-0.36583,-0.18912,-0.46093,-0.5838,-0.5616,-0.4278,-0.57416,-0.29278,-0.47864,0.065323,-0.18563,-0.16544,-0.24805,0.0075305,-0.057604,-0.17438,-0.2187,-0.43665,-0.33995,-0.2369,-0.52659,-0.14884,-0.30887,-0.1484,-0.080329,-0.007128,-0.12302,-0.30401,0.04289,-0.42177,-0.38161,-0.23737,-0.36764,-0.33349,0.059567,0.033238,0.035756,-0.28439,-0.38381,-0.36469,-0.48119,-0.33223,-0.2596,-0.20376,-0.26719,-0.25948,-0.34384,-0.2426,-0.1884,-0.14471,-0.1287,-0.14124,-0.074256,-0.35652,-0.071976,-0.1178,0.13468,-0.095561,-0.047091,-0.024878,-0.37557,-0.19963,-0.24285,-0.22749,-0.062872,-0.25951,0.067341,-0.0012439,-0.3504,-0.5364,-0.36882,-0.46987,-0.1154,-0.25763,-0.27553,-0.3625,-0.29915,-0.25594,-0.25664,-0.18355,-0.036988,-0.21443
0.066305,0.10017,-0.59881,-0.48602,0,0.017988,-0.143,-0.10631,-0.16271,-0.035317,-0.29466,-0.13675,-0.62951,-0.62123,-0.43114,-0.32534,0.015232,-0.38504,-0.1541,-0.01953,-0.25769,-0.33675,0.048268,-0.1653,-0.14405,0.089817,-0.23237,-0.26936,-0.49413,-0.44955,-0.43916,-0.42439,-0.60168,-0.62313,-0.31407,-0.37349,-0.43764,-0.49118,-0.20376,-0.10955,-0.043305,0.048585,-0.24518,0.013396,-0.28216,-0.1979,-0.16948,-0.32587,-0.29538,-0.64024,-0.51732,-0.42362,-0.031067,-0.12032,-0.31686,-0.16895,-0.067073,-0.35003,-0.42546,-0.22685,-0.13609,-0.64449,-0.48181,-0.51252,-0.37418,-0.23293,-0.31167,-0.50157,-0.3999,-0.45371,-0.52827,-0.47657,-0.43979,-0.22152,-0.41515,-0.31383,-0.17287,-0.58962,-0.52098,-0.44036,-0.39053,-0.4661,-0.32711,-0.38946,-0.27843,-0.33803,-0.18612,-0.33118,-0.25357,-0.28654,-0.40582,-0.37755,-0.32129,-0.068799,-0.037506,-0.25894,-0.24638,-0.30313,-0.096567,-0.45765,-0.51276,-0.43681,-0.43263,-0.4841,-0.080183
-0.42628,-0.078409,-0.29816,-0.51207,0.017988,0,-0.55515,-0.19437,-0.60973,-0.016579,-0.6611,-0.19593,-0.29599,-0.28899,-0.33135,-0.29723,0.01461,-0.4842,0.25858,0.13858,0.012994,-0.26534,0.064671,0.078018,-0.5744,-0.13813,0.19424,0.1027,-0.17307,-0.22832,-0.51036,-0.31644,-0.38851,-0.28936,-0.49271,-0.27578,-0.74071,-0.80297,-0.69511,-0.50468,-0.52933,-0.21597,-0.691,-0.14931,-0.61224,-0.34835,-0.079402,-0.012616,-0.14632,-0.23538,-0.11013,-0.39477,-0.10863,0.17579,-0.16312,-0.21655,-0.37908,-0.60544,-0.68459,-0.5787,-0.2962,-0.36341,-0.095988,-0.35361,-0.30497,-0.15765,-0.072744,-0.45222,-0.30613,-0.24285,-0.31707,-0.67778,-0.66896,-0.47044,-0.42999,-0.58745,-0.18715,-0.26629,-0.18205,-0.80089,-0.37003,-0.21504,-0.53098,-0.10564,-0.092537,-0.39248,-0.15102,-0.31432,-0.097079,-0.50504,-0.60016,-0.32972,-0.04178,-0.2594,-0.068146,-0.17754,-0.057555,-0.15912,0.063189,-0.3206,-0.31727,-0.39497,-0.39459,-0.22549,-0.072378
0.21615,-0.20894,-0.59593,-0.32292,-0.143,-0.55515,0,0.13227,0.39421,-0.56479,0.37293,-0.12562,-0.40369,-0.42048,-0.56012,-0.66343,-0.41077,-0.35271,-0.64399,-0.4741,-0.71305,-0.62359,-0.51082,-0.62166,0.30079,-0.11149,-0.46251,-0.43455,-0.3315,-0.16631,0.076945,-0.2129,-0.37495,-0.48516,0.0015305,-0.31153,0.12468,0.0055427,0.32872,0.10341,0.26986,-0.31396,0.25982,-0.19736,0.3389,0.19384,-0.35942,-0.39184,-0.42544,-0.48282,-0.50841,-0.29214,-0.19173,-0.59177,-0.57018,-0.33996,-0.12463,0.02778,0.090482,-0.031817,-0.30002,-0.36704,-0.50085,-0.39298,-0.36027,-0.079671,-0.24141,-0.29223,-0.28099,-0.21764,-0.26045,0.11626,0.070902,0.14866,-0.011701,0.1394,-0.18004,-0.35983,-0.3809,-0.0088659,-0.11995,-0.48429,-0.017921,-0.35718,-0.38211,0.081366,-0.21918,-0.15865,-0.21972,-0.16753,-0.13389,-0.059177,-0.4923,-0.27112,-0.48382,-0.41721,-0.45569,-0.49715,-0.59054,-0.29508,-0.44048,-0.23605,-0.45695,-0.62257,-0.42399
0.08336,0.024384,-0.40249,-0.45654,-0.10631,-0.19437,0.13227,0,0.015707,-0.36688,-0.016207,-0.074238,-0.44059,-0.47391,-0.53066,-0.61818,-0.25027,-0.38398,-0.25499,-0.26812,-0.3567,-0.5367,-0.3186,-0.32516,-0.08889,0.0046585,-0.14007,-0.24757,-0.2706,-0.049982,-0.1065,0.025146,-0.48473,-0.56439,-0.13113,-0.18523,-0.20751,-0.30761,-0.091939,-0.028476,-0.10724,-0.15648,-0.13238,0.11849,-0.034762,0.18678,-0.29986,-0.20312,-0.15734,-0.42923,-0.42403,-0.34791,0.18235,-0.14209,-0.29655,-0.12096,-0.086555,-0.22801,-0.21536,-0.2192,-0.36895,-0.4517,-0.36981,-0.39449,-0.31639,-0.066695,-0.11187,-0.4702,-0.28374,-0.23944,-0.27513,-0.26238,-0.22616,-0.14753,-0.13266,-0.043561,-0.030183,-0.25979,-0.34155,-0.25699,-0.24002,-0.23424,-0.24663,-0.081738,-0.20801,0.11941,-0.15927,-0.26196,0.030366,-0.2547,-0.28297,-0.00031707,-0.25498,-0.22106,-0.30136,-0.31943,-0.29268,-0.30314,-0.30904,-0.28282,-0.32976,-0.26252,-0.49988,-0.31671,-0.20886
0.34726,-0.088805,-0.45162,-0.16651,-0.16271,-0.60973,0.39421,0.015707,0,-0.4232,0.64506,-0.12255,-0.5198,-0.55133,-0.34607,-0.50821,-0.25387,-0.06364,-0.56292,-0.49068,-0.55112,-0.3827,-0.3639,-0.53803,0.51866,-0.049439,-0.52971,-0.62552,-0.51666,-0.36401,-0.040817,-0.23568,-0.39243,-0.61273,-0.048598,-0.43351,0.20619,0.067817,0.48457,0.28744,0.24627,-0.16232,0.1138,-0.22202,0.30579,0.19445,-0.40437,-0.42407,-0.33658,-0.52373,-0.65363,-0.30764,-0.24187,-0.52976,-0.53535,-0.36655,-0.090329,0.14632,0.1849,0.29402,-0.20629,-0.48081,-0.57979,-0.49212,-0.41665,-0.15885,-0.22876,-0.27612,-0.2142,-0.35229,-0.32641,0.046921,0.15096,0.16865,0.023945,0.21516,-0.14669,-0.35073,-0.43553,0.17733,-0.085744,-0.40887,0.013067,-0.40382,-0.40411,0.02628,-0.22783,-0.1802,-0.27444,-0.03028,0.016421,-0.15325,-0.61567,-0.2041,-0.43927,-0.33702,-0.42546,-0.43645,-0.53253,-0.34629,-0.41487,-0.10418,-0.29895,-0.43949,-0.29418
-0.23297,0.052518,-0.36028,-0.45263,-0.035317,-0.016579,-0.56479,-0.36688,-0.4232,0,-0.54512,0.050579,-0.51075,-0.48862,-0.18769,-0.077232,0.057159,-0.18316,0.15721,0.1367,0.11877,0.013445,0.315,0.29476,-0.41168,0.090128,-0.17963,-0.30108,-0.50676,-0.49678,-0.7131,-0.42645,-0.58534,-0.45768,-0.54778,-0.44363,-0.54907,-0.48777,-0.45375,-0.22463,-0.34095,0.1655,-0.60047,-0.1068,-0.5357,-0.39541,-0.22021,-0.30711,-0.2115,-0.52359,-0.38959,-0.48948,-0.24657,0.0067805,-0.28659,-0.26828,-0.21739,-0.48461,-0.59897,-0.31833,-0.081896,-0.57373,-0.33715,-0.55756,-0.47176,-0.33424,-0.29366,-0.6261,-0.44756,-0.55107,-0.51454,-0.75978,-0.61145,-0.38965,-0.44495,-0.49726,-0.080128,-0.5362,-0.37076,-0.66469,-0.39627,-0.40463,-0.38715,-0.40055,-0.21084,-0.54035,-0.32619,-0.42654,-0.36786,-0.27787,-0.37326,-0.62565,-0.27911,-0.33614,-0.086165,-0.25618,-0.19485,-0.21968,0.031927,-0.51913,-0.2868,-0.39404,-0.2833,-0.2955,0.0063232
0.11809,-0.22297,-0.39096,-0.090518,-0.29466,-0.6611,0.37293,-0.016207,0.64506,-0.54512,0,-0.16845,-0.4435,-0.46517,-0.28713,-0.48686,-0.32342,-0.013159,-0.6186,-0.56731,-0.55154,-0.35207,-0.44116,-0.5547,0.32067,-0.14434,-0.49907,-0.53893,-0.41485,-0.32318,0.059372,-0.2155,-0.29208,-0.5246,0.073104,-0.35397,0.39427,0.13455,0.30244,0.101,0.059085,-0.28717,0.21673,-0.31963,0.38677,0.14705,-0.37863,-0.32514,-0.29575,-0.41457,-0.5854,-0.23877,-0.25087,-0.56312,-0.49198,-0.39983,-0.17304,0.1679,0.30732,0.33238,-0.19659,-0.35072,-0.4868,-0.43495,-0.37638,-0.076061,-0.16699,-0.17766,-0.14036,-0.29364,-0.2438,0.21412,0.28299,0.23268,0.10834,0.22457,-0.22715,-0.29124,-0.35966,0.2041,-0.026518,-0.35033,0.11704,-0.42907,-0.3602,0.060634,-0.2791,-0.17093,-0.26866,-0.029256,-0.034829,-0.15765,-0.71964,-0.21112,-0.48136,-0.37689,-0.47382,-0.50684,-0.67377,-0.24188,-0.30767,-0.068091,-0.24855,-0.42538,-0.33333
-0.047683,0.012488,-0.5497,-0.43882,-0.13675,-0.19593,-0.12562,-0.074238,-0.12255,0.050579,-0.16845,0,-0.40808,-0.38016,-0.35353,-0.42383,-0.052561,-0.23438,-0.17335,-0.13871,-0.15783,-0.28048,-0.021073,-0.04203,-0.11499,0.33207,-0.21005,-0.31464,-0.33689,-0.19877,-0.34129,-0.25145,-0.53421,-0.4031,-0.36915,-0.40379,-0.26264,-0.27887,-0.16315,-0.027811,-0.042256,-0.049555,-0.32164,-0.12166,-0.14158,-0.02775,-0.27929,-0.24809,-0.29839,-0.42963,-0.28986,-0.49179,-0.30815,-0.33742,-0.64425,-0.37296,-0.18188,-0.24191,-0.26665,-0.23877,-0.19671,-0.41901,-0.26655,-0.50462,-0.51167,-0.045549,-0.065573,-0.47649,-0.30734,-0.28749,-0.31516,-0.35092,-0.26788,-0.046573,-0.057988,-0.26898,0.10514,-0.46167,-0.25667,-0.44572,-0.1641,-0.51664,-0.18505,-0.38627,-0.30926,-0.26275,-0.36932,-0.24309,-0.28013,-0.19366,-0.2212,-0.38624,-0.44189,-0.46004,-0.37537,-0.45327,-0.35055,-0.38824,-0.30842,-0.4272,-0.27461,-0.2992,-0.37915,-0.5851,-0.27393
-0.66981,-0.56991,-0.12706,-0.15951,-0.62951,-0.29599,-0.40369,-0.44059,-0.5198,-0.51075,-0.4435,-0.40808,0,1,-0.35386,-0.48557,-0.65498,-0.4954,-0.31245,-0.39107,-0.49877,-0.51724,-0.57252,-0.38737,-0.4918,-0.60754,-0.25235,-0.1038,0.18234,0.037835,-0.063811,-0.29625,0.42713,0.69665,-0.23038,-0.2031,-0.24517,-0.19921,-0.53407,-0.60349,-0.62713,-0.84632,-0.49151,-0.67933,-0.36035,-0.34073,-0.26209,-0.13377,-0.26401,0.35982,0.24516,0.00071951,-0.56082,-0.43379,-0.30868,-0.63542,-0.86179,-0.33838,-0.33742,-0.54707,-0.44593,0.1608,0.062085,-0.19573,-0.20032,-0.23312,-0.19685,-0.22985,-0.27761,0.22478,0.19905,-0.17104,-0.27966,-0.32921,-0.20612,-0.41064,-0.43295,0.29079,0.52616,-0.40581,-0.074561,-0.23236,-0.2625,-0.13054,-0.082488,-0.22362,-0.12538,-0.1122,-0.2618,-0.46478,-0.38419,-0.11449,-0.08625,-0.67954,-0.61788,-0.13151,-0.081274,-0.25233,-0.3427,-0.15866,-0.25242,-0.25272,-0.39316,-0.2579,-0.43905
-0.7066,-0.57815,-0.12704,-0.13999,-0.62123,-0.28899,-0.42048,-0.47391,-0.55133,-0.48862,-0.46517,-0.38016,1,0,-0.32163,-0.42703,-0.66124,-0.49762,-0.32596,-0.37615,-0.47382,-0.48565,-0.55163,-0.35413,-0.53843,-0.62666,-0.25496,-0.092317,0.16865,0.0020549,-0.11096,-0.33798,0.42463,0.95152,-0.24086,-0.13537,-0.27105,-0.22296,-0.55861,-0.63971,-0.6469,-0.81919,-0.49082,-0.69874,-0.38715,-0.40234,-0.2393,-0.1419,-0.27797,0.35628,0.32591,0.0031098,-0.60326,-0.44888,-0.30803,-0.64271,-0.82155,-0.3567,-0.35454,-0.56129,-0.42315,0.15646,0.10303,-0.14566,-0.17942,-0.2342,-0.19618,-0.2219,-0.26939,0.19438,0.16853,-0.19602,-0.31114,-0.35041,-0.23914,-0.4479,-0.45505,0.22509,0.50628,-0.42595,-0.069268,-0.20917,-0.23455,-0.17303,-0.096701,-0.2842,-0.15569,-0.13799,-0.29908,-0.43929,-0.39516,-0.18928,-0.11674,-0.70162,-0.61562,-0.17344,-0.12393,-0.24763,-0.32285,-0.13257,-0.23411,-0.27221,-0.36637,-0.27095,-0.44277
-0.53265,-0.40682,-0.22997,-0.095854,-0.43114,-0.33135,-0.56012,-0.53066,-0.34607,-0.18769,-0.28713,-0.35353,-0.35386,-0.32163,0,0.28262,-0.18341,0.2625,-0.16429,-0.28074,-0.014848,0.19544,-0.10024,-0.07547,-0.48741,-0.33637,-0.17117,-0.26653,-0.3365,-0.49572,-0.34704,-0.32027,-0.16307,-0.25731,-0.21467,-0.18595,-0.27387,-0.29306,-0.50198,-0.46787,-0.58812,-0.25871,-0.42851,-0.49286,-0.47302,-0.45429,-0.296,-0.26376,-0.11416,-0.23089,-0.35447,-0.25525,-0.39761,-0.21884,-0.18064,-0.50682,-0.52043,-0.42551,-0.3837,-0.016366,0.16482,-0.16784,-0.045543,-0.21846,-0.14813,-0.29207,-0.19993,-0.044963,0.004689,-0.44711,-0.2476,-0.24465,-0.21546,-0.25963,-0.21575,-0.45508,-0.48746,-0.28267,-0.23551,-0.37331,-0.2524,-0.21866,0.0068659,-0.45765,-0.10022,-0.50951,-0.36183,-0.47877,-0.55679,-0.19591,-0.35688,-0.51675,-0.52396,-0.086695,-0.10631,-0.2791,-0.30965,-0.32424,-0.29718,-0.03003,0.070366,-0.056738,0.17527,-0.10659,-0.17612
-0.57444,-0.46029,-0.25651,-0.27375,-0.32534,-0.29723,-0.66343,-0.61818,-0.50821,-0.077232,-0.48686,-0.42383,-0.48557,-0.42703,0.28262,0,-0.25391,-0.0087744,-0.095049,-0.1342,0.076055,0.2074,-0.021774,0.029415,-0.65623,-0.34259,-0.165,-0.1917,-0.37864,-0.62801,-0.5275,-0.34473,-0.33138,-0.32259,-0.31168,-0.13225,-0.47383,-0.43746,-0.60351,-0.55293,-0.59652,-0.14043,-0.49649,-0.40911,-0.76031,-0.72625,-0.31445,-0.42574,-0.23057,-0.37666,-0.42987,-0.31068,-0.32965,-0.13922,-0.018585,-0.36575,-0.43324,-0.66188,-0.63373,-0.21479,0.18623,-0.26709,-0.16927,-0.15294,-0.10752,-0.49904,-0.45445,-0.1275,-0.1267,-0.66112,-0.43716,-0.47143,-0.46241,-0.49059,-0.55564,-0.56271,-0.59097,-0.43658,-0.4087,-0.53314,-0.41499,-0.19765,-0.18348,-0.46894,-0.13377,-0.63191,-0.35322,-0.65886,-0.65704,-0.32256,-0.5325,-0.843,-0.49113,-0.017927,0.07011,-0.32099,-0.34426,-0.28359,-0.16498,-0.13193,0.038957,-0.17238,0.21545,-0.19047,-0.10034
-0.1336,0.11255,-0.43861,-0.34724,0.015232,0.01461,-0.41077,-0.25027,-0.25387,0.057159,-0.32342,-0.052561,-0.65498,-0.66124,-0.18341,-0.25391,0,-0.076098,0.053152,-0.038671,0.12924,-0.025384,0.35476,-0.015268,-0.18564,0.12653,-0.17409,-0.37164,-0.5759,-0.55905,-0.63905,-0.45148,-0.68104,-0.6587,-0.55869,-0.57533,-0.52714,-0.59818,-0.30639,-0.12498,-0.19137,0.11868,-0.45984,-0.065402,-0.33109,-0.18951,-0.1722,-0.095128,-0.15071,-0.50052,-0.43013,-0.5694,-0.14345,-0.057909,-0.44352,-0.10062,-0.074878,-0.26144,-0.29979,-0.15492,-0.18416,-0.62945,-0.39095,-0.56445,-0.477,-0.13356,-0.016451,-0.44461,-0.32442,-0.52438,-0.52977,-0.53679,-0.40418,-0.20255,-0.18741,-0.30888,0.020268,-0.53113,-0.42623,-0.39409,-0.40138,-0.39554,-0.34553,-0.34843,-0.31242,-0.37821,-0.33047,-0.24242,-0.1204,-0.1932,-0.21549,-0.45709,-0.45423,-0.12453,-0.1189,-0.30796,-0.31678,-0.37721,-0.1839,-0.43612,-0.30033,-0.34107,-0.30477,-0.33026,-0.16696
-0.23894,-0.21099,-0.19328,0.034695,-0.38504,-0.4842,-0.35271,-0.38398,-0.06364,-0.18316,-0.013159,-0.23438,-0.4954,-0.49762,0.2625,-0.0087744,-0.076098,0,-0.25221,-0.41165,-0.062098,0.227,-0.066311,-0.1542,-0.16413,-0.16793,-0.38903,-0.54523,-0.56299,-0.63482,-0.34888,-0.31434,-0.30181,-0.47232,-0.20748,-0.38996,-0.1006,-0.15963,-0.2087,-0.15266,-0.34022,-0.079415,-0.29138,-0.40351,-0.22148,-0.28536,-0.37362,-0.28679,-0.052988,-0.34477,-0.53831,-0.29655,-0.32528,-0.26331,-0.27444,-0.40339,-0.31188,-0.1678,-0.12077,0.35457,0.062902,-0.37736,-0.35172,-0.42941,-0.35372,-0.30162,-0.21204,-0.17511,-0.12073,-0.54638,-0.36917,-0.22861,-0.11415,-0.1179,-0.1299,-0.16793,-0.30057,-0.31639,-0.33582,-0.11374,-0.22246,-0.24217,0.0019207,-0.56686,-0.25982,-0.34883,-0.42651,-0.34825,-0.4488,0.012549,-0.10879,-0.54472,-0.83438,-0.13856,-0.26883,-0.28351,-0.37499,-0.39104,-0.3961,-0.25179,-0.073134,-0.065793,0.054433,-0.17557,-0.16335
-0.42069,-0.087744,-0.21145,-0.40394,-0.1541,0.25858,-0.64399,-0.25499,-0.56292,0.15721,-0.6186,-0.17335,-0.31245,-0.32596,-0.16429,-0.095049,0.053152,-0.25221,0,0.19388,0.29665,-0.095957,0.2903,0.37695,-0.57088,-0.034823,0.18148,0.0010244,-0.22627,-0.35174,-0.55595,-0.22655,-0.40933,-0.30433,-0.47384,-0.28413,-0.66406,-0.65296,-0.65435,-0.41832,-0.56454,-0.032805,-0.76035,-0.10818,-0.69602,-0.34686,-0.083988,-0.018494,0.047488,-0.28093,-0.24987,-0.32795,-0.036366,0.32341,-0.093037,-0.16174,-0.37069,-0.58501,-0.67255,-0.42219,-0.12127,-0.38597,-0.12286,-0.43224,-0.26285,-0.22276,-0.11788,-0.4571,-0.2787,-0.41534,-0.33555,-0.71207,-0.63138,-0.42609,-0.37688,-0.49271,-0.16076,-0.24883,-0.15071,-0.74589,-0.40493,-0.1609,-0.38666,-0.07247,0.099287,-0.33559,-0.093262,-0.32001,-0.11383,-0.37804,-0.49048,-0.44143,-0.14097,-0.19998,-0.007622,-0.088549,-0.014409,-0.12797,0.10151,-0.29863,-0.090354,-0.27456,-0.20356,-0.10478,0.071951
-0.36045,-0.17589,-0.41624,-0.5868,-0.01953,0.13858,-0.4741,-0.26812,-0.49068,0.1367,-0.56731,-0.13871,-0.39107,-0.37615,-0.28074,-0.1342,-0.038671,-0.41165,0.19388,0,0.033409,-0.15615,0.037884,0.011811,-0.51185,-0.079463,0.060415,0.023543,-0.20521,-0.2881,-0.51066,-0.38502,-0.49165,-0.36781,-0.38986,-0.27941,-0.64276,-0.65792,-0.60792,-0.45253,-0.41823,-0.15805,-0.52568,-0.11712,-0.54852,-0.32096,-0.16245,-0.19041,-0.31099,-0.39765,-0.26198,-0.43826,-0.12773,-0.0082744,-0.20151,-0.22776,-0.3185,-0.58982,-0.66688,-0.48188,-0.18843,-0.3501,-0.17987,-0.28362,-0.27727,-0.20529,-0.18576,-0.49073,-0.33094,-0.3644,-0.34338,-0.60046,-0.60891,-0.46249,-0.45474,-0.52557,-0.19593,-0.38948,-0.23498,-0.79366,-0.33258,-0.28766,-0.36285,-0.11888,0.022774,-0.36547,0.0016159,-0.43421,-0.16335,-0.50226,-0.60157,-0.44535,-0.10905,-0.16917,0.0015427,-0.19257,-0.17209,-0.27694,-0.0056341,-0.24718,-0.1812,-0.2527,-0.33131,-0.32731,-0.0093598
-0.4737,-0.18271,-0.26102,-0.35738,-0.25769,0.012994,-0.71305,-0.3567,-0.55112,0.11877,-0.55154,-0.15783,-0.49877,-0.47382,-0.014848,0.076055,0.12924,-0.062098,0.29665,0.033409,0,0.11504,0.34524,0.26821,-0.58915,-0.077768,0.0062805,-0.18184,-0.36261,-0.47103,-0.68882,-0.24666,-0.52004,-0.43196,-0.49711,-0.25351,-0.6979,-0.7284,-0.66932,-0.4352,-0.56861,0.031189,-0.70153,-0.1386,-0.66729,-0.46136,-0.28627,-0.1417,-0.014415,-0.31201,-0.28357,-0.47159,-0.15408,0.10751,-0.13506,-0.12777,-0.2989,-0.63968,-0.64757,-0.34713,-0.1427,-0.42577,-0.14477,-0.31603,-0.29224,-0.36495,-0.21815,-0.37261,-0.2211,-0.58152,-0.45088,-0.76223,-0.60683,-0.50685,-0.42164,-0.55038,-0.2205,-0.4091,-0.33072,-0.61568,-0.44498,-0.1607,-0.38034,-0.27094,-0.099506,-0.50227,-0.35256,-0.53213,-0.29699,-0.33024,-0.46826,-0.71843,-0.41989,-0.10998,0.031305,-0.3191,-0.2885,-0.29296,-0.060543,-0.28815,0.053293,-0.27951,-0.14107,-0.18588,-0.075988
-0.4524,-0.26229,-0.15529,-0.21102,-0.33675,-0.26534,-0.62359,-0.5367,-0.3827,0.013445,-0.35207,-0.28048,-0.51724,-0.48565,0.19544,0.2074,-0.025384,0.227,-0.095957,-0.15615,0.11504,0,0.026573,0.044299,-0.45124,-0.26917,-0.22581,-0.3233,-0.52529,-0.64588,-0.56885,-0.45831,-0.38056,-0.42666,-0.42503,-0.4,-0.38453,-0.36223,-0.49816,-0.37291,-0.52224,-0.10018,-0.52409,-0.42518,-0.53362,-0.59141,-0.3633,-0.31395,-0.23312,-0.31114,-0.37285,-0.40062,-0.34947,-0.10463,-0.15133,-0.33219,-0.33334,-0.41097,-0.36585,-0.077488,0.064287,-0.31876,-0.26134,-0.28217,-0.2735,-0.32707,-0.21476,-0.21511,-0.21246,-0.54475,-0.40404,-0.44331,-0.36035,-0.40445,-0.38415,-0.39232,-0.35243,-0.35465,-0.347,-0.39582,-0.24898,-0.21948,-0.24729,-0.50662,-0.28179,-0.49805,-0.4436,-0.49276,-0.44111,-0.29921,-0.35514,-0.80071,-0.61721,-0.21387,-0.18596,-0.38267,-0.43851,-0.45168,-0.31093,-0.21736,-0.067104,-0.14282,0.028299,-0.18938,-0.1795
-0.2224,0.045061,-0.38117,-0.32912,0.048268,0.064671,-0.51082,-0.3186,-0.3639,0.315,-0.44116,-0.021073,-0.57252,-0.55163,-0.10024,-0.021774,0.35476,-0.066311,0.2903,0.037884,0.34524,0.026573,0,0.35756,-0.35158,0.19607,-0.090573,-0.2501,-0.491,-0.5917,-0.67723,-0.35429,-0.57745,-0.50546,-0.49705,-0.39201,-0.56469,-0.57684,-0.41882,-0.21266,-0.31467,0.28088,-0.57735,-0.074915,-0.537,-0.34354,-0.14358,-0.16287,-0.046128,-0.4678,-0.41236,-0.44259,-0.12947,0.059921,-0.26705,-0.15557,-0.18782,-0.45702,-0.52509,-0.21012,0.013232,-0.58215,-0.29042,-0.54266,-0.36752,-0.26238,-0.19135,-0.43,-0.28156,-0.61516,-0.52401,-0.67454,-0.51946,-0.28294,-0.34362,-0.42857,-0.1196,-0.51689,-0.38355,-0.54946,-0.40735,-0.3307,-0.30676,-0.36533,-0.15173,-0.46104,-0.29317,-0.35849,-0.29848,-0.21841,-0.36007,-0.66679,-0.44542,-0.098427,0.044646,-0.25579,-0.21594,-0.26691,-0.01703,-0.42631,-0.17349,-0.33588,-0.15923,-0.30488,0.0023841
-0.39768,-0.091506,-0.24513,-0.36583,-0.1653,0.078018,-0.62166,-0.32516,-0.53803,0.29476,-0.5547,-0.04203,-0.38737,-0.35413,-0.07547,0.029415,-0.015268,-0.1542,0.37695,0.011811,0.26821,0.044299,0.35756,0,-0.59243,0.0044512,0.053226,-0.068274,-0.32159,-0.43335,-0.56646,-0.25271,-0.42346,-0.30984,-0.4353,-0.22485,-0.54572,-0.48476,-0.59376,-0.36841,-0.52727,0.076732,-0.63285,-0.13567,-0.67584,-0.46502,-0.13974,-0.15163,0.0016585,-0.32415,-0.26953,-0.28235,-0.13966,0.15257,-0.13959,-0.20863,-0.29579,-0.55762,-0.62027,-0.34706,0.045732,-0.38526,-0.11412,-0.43834,-0.21534,-0.23845,-0.19077,-0.42171,-0.26451,-0.44326,-0.34057,-0.65533,-0.52997,-0.37824,-0.39126,-0.54702,-0.24534,-0.37799,-0.24198,-0.70604,-0.35852,-0.2226,-0.29787,-0.3004,-0.074756,-0.42664,-0.33935,-0.41159,-0.31664,-0.31194,-0.50299,-0.63357,-0.32112,-0.28718,-0.076317,-0.29576,-0.21065,-0.22277,-0.062409,-0.29032,-0.042896,-0.31837,-0.1031,-0.20412,-0.008628
0.39183,-0.044579,-0.50749,-0.18912,-0.14405,-0.5744,0.30079,-0.08889,0.51866,-0.41168,0.32067,-0.11499,-0.4918,-0.53843,-0.48741,-0.65623,-0.18564,-0.16413,-0.57088,-0.51185,-0.58915,-0.45124,-0.35158,-0.59243,0,-0.032396,-0.65969,-0.7302,-0.60324,-0.42418,-0.19226,-0.40123,-0.4619,-0.60312,-0.25229,-0.66071,0.092201,-0.015457,0.66232,0.42232,0.42378,-0.18434,0.042274,-0.25172,0.36665,0.19426,-0.31417,-0.35665,-0.39304,-0.57449,-0.63209,-0.42529,-0.29414,-0.56315,-0.69293,-0.34505,-0.076659,0.27889,0.27921,0.13709,-0.32944,-0.56893,-0.73255,-0.6524,-0.62501,-0.14451,-0.21079,-0.38506,-0.40044,-0.38883,-0.44954,-0.029116,0.008939,0.24409,0.048091,0.31061,0.0057195,-0.4195,-0.43368,0.12943,-0.1906,-0.57572,-0.13295,-0.47042,-0.4973,-0.077213,-0.28312,0.010427,-0.21858,0.00080488,0.20029,-0.15222,-0.58424,-0.2991,-0.49394,-0.30146,-0.37051,-0.45027,-0.51096,-0.55496,-0.58451,-0.29834,-0.44336,-0.55574,-0.39132
0.13524,0.14273,-0.60345,-0.46093,0.089817,-0.13813,-0.11149,0.0046585,-0.049439,0.090128,-0.14434,0.33207,-0.60754,-0.62666,-0.33637,-0.34259,0.12653,-0.16793,-0.034823,-0.079463,-0.077768,-0.26917,0.19607,0.0044512,-0.032396,0,-0.17591,-0.3233,-0.4489,-0.37372,-0.38445,-0.18791,-0.70098,-0.6371,-0.33262,-0.46316,-0.29547,-0.34276,-0.097091,0.093512,0.045848,0.22095,-0.27102,0.094896,-0.18505,0.066232,-0.2124,-0.24711,-0.1784,-0.64252,-0.56551,-0.49101,-0.053732,-0.17667,-0.50545,-0.20852,-0.075037,-0.26171,-0.31199,-0.12945,-0.088274,-0.59818,-0.41228,-0.67119,-0.48681,-0.1143,-0.16345,-0.48815,-0.29267,-0.49042,-0.46941,-0.3972,-0.28379,-3.6585e-05,-0.11798,-0.20573,0.074159,-0.58329,-0.4288,-0.42248,-0.3244,-0.51246,-0.19787,-0.34517,-0.22449,-0.21062,-0.27184,-0.25882,-0.23995,-0.14996,-0.24207,-0.37953,-0.45199,-0.16055,-0.12621,-0.32529,-0.26029,-0.32934,-0.22995,-0.48742,-0.27034,-0.2933,-0.29665,-0.51888,-0.095098
-0.55949,-0.36195,-0.35441,-0.5838,-0.23237,0.19424,-0.46251,-0.14007,-0.52971,-0.17963,-0.49907,-0.21005,-0.25235,-0.25496,-0.17117,-0.165,-0.17409,-0.38903,0.18148,0.060415,0.0062805,-0.22581,-0.090573,0.053226,-0.65969,-0.17591,0,0.4914,0.12863,-0.0042317,-0.21493,0.023354,-0.30448,-0.2289,-0.27075,-0.092116,-0.55698,-0.57547,-0.72999,-0.61008,-0.56098,-0.32367,-0.58991,-0.20805,-0.64274,-0.29933,-0.28684,-0.13433,-0.18166,-0.13852,-0.12138,-0.29243,-0.1202,-0.010049,-0.17181,-0.29326,-0.50239,-0.73663,-0.69096,-0.49703,-0.10884,-0.07553,0.21929,-0.12705,-0.040756,-0.10232,-0.065348,-0.14032,0.04661,-0.15608,-0.069073,-0.40648,-0.39759,-0.42146,-0.30019,-0.61315,-0.36464,-0.17954,-0.14205,-0.78882,-0.24129,-0.15704,-0.30208,0.030433,0.033274,-0.20151,-0.11549,-0.49623,-0.19274,-0.64939,-0.79948,-0.28908,-0.13149,-0.17301,-0.084067,-0.35663,-0.24648,-0.30157,-0.2184,0.057915,0.046646,-0.059561,-0.15228,-0.22907,-0.14602
-0.65954,-0.51596,-0.34297,-0.5616,-0.26936,0.1027,-0.43455,-0.24757,-0.62552,-0.30108,-0.53893,-0.31464,-0.1038,-0.092317,-0.26653,-0.1917,-0.37164,-0.54523,0.0010244,0.023543,-0.18184,-0.3233,-0.2501,-0.068274,-0.7302,-0.3233,0.4914,0,0.31055,0.022829,-0.15881,-0.10881,-0.1644,-0.058817,-0.20778,-0.035378,-0.48947,-0.49274,-0.77501,-0.75367,-0.62218,-0.50702,-0.5105,-0.34767,-0.64531,-0.39102,-0.2122,-0.13959,-0.29911,-0.066445,-0.037994,-0.20207,-0.19493,-0.12679,-0.12577,-0.37653,-0.61727,-0.73554,-0.68349,-0.60605,-0.15371,0.08322,0.23924,-0.065982,0.014634,-0.10125,-0.14352,-0.11338,-0.043146,-0.067024,-0.0085549,-0.31643,-0.39802,-0.42807,-0.3667,-0.61728,-0.48874,-0.13856,-0.056098,-0.82165,-0.19495,-0.19315,-0.3048,-0.016445,0.063744,-0.22365,-0.079116,-0.44282,-0.24448,-0.75154,-0.93902,-0.29406,-0.091823,-0.23309,-0.13193,-0.33031,-0.22145,-0.33118,-0.27038,0.069982,-0.028354,-0.13992,-0.1965,-0.32197,-0.21695
-0.70295,-0.70434,-0.3175,-0.4278,-0.49413,-0.17307,-0.3315,-0.2706,-0.51666,-0.50676,-0.41485,-0.33689,0.18234,0.16865,-0.3365,-0.37864,-0.5759,-0.56299,-0.22627,-0.20521,-0.36261,-0.52529,-0.491,-0.32159,-0.60324,-0.4489,0.12863,0.31055,0,0.30494,0.10857,-0.0027927,0.059683,0.16027,-0.063933,-0.019707,-0.33725,-0.3551,-0.65221,-0.77553,-0.57862,-0.77623,-0.4143,-0.48954,-0.43841,-0.2649,-0.35953,-0.18285,-0.30912,0.1487,0.082963,-0.069366,-0.39456,-0.40491,-0.28924,-0.53852,-0.7826,-0.56752,-0.51904,-0.61332,-0.33299,0.29165,0.30299,-0.016866,-0.054134,-0.17288,-0.20598,-0.042341,0.038561,0.20243,0.27928,-0.16374,-0.25626,-0.38136,-0.25307,-0.5759,-0.54674,0.045274,0.12966,-0.57988,-0.10954,-0.17085,-0.22316,0.015049,0.0081341,-0.12158,-0.053744,-0.37693,-0.26594,-0.66535,-0.74178,-0.13223,-0.11247,-0.40082,-0.39847,-0.3059,-0.22629,-0.30869,-0.39691,0.11615,-0.032317,-0.037854,-0.25796,-0.32602,-0.3253
-0.4661,-0.49447,-0.44555,-0.57416,-0.44955,-0.22832,-0.16631,-0.049982,-0.36401,-0.49678,-0.32318,-0.19877,0.037835,0.0020549,-0.49572,-0.62801,-0.55905,-0.63482,-0.35174,-0.2881,-0.47103,-0.64588,-0.5917,-0.43335,-0.42418,-0.37372,-0.0042317,0.022829,0.30494,0,0.11595,0.025329,-0.13043,-0.056372,-0.15816,-0.12406,-0.29421,-0.29554,-0.46105,-0.4914,-0.38778,-0.69152,-0.35729,-0.33255,-0.25622,-0.11537,-0.49723,-0.27091,-0.40746,0.0051037,0.064415,-0.27365,-0.34688,-0.42551,-0.42427,-0.46706,-0.57397,-0.48287,-0.42275,-0.58324,-0.47243,0.079811,0.091713,-0.077671,-0.18434,-0.13261,-0.16643,-0.22937,-0.16383,0.24745,0.17722,-0.1563,-0.21309,-0.33666,-0.15295,-0.44037,-0.31137,-0.049573,-0.027933,-0.4917,-0.093732,-0.33512,-0.3063,-0.0088963,-0.19019,-0.063488,-0.20039,-0.39277,-0.20484,-0.66941,-0.5628,0.049659,-0.051713,-0.51337,-0.49254,-0.45709,-0.34123,-0.42313,-0.46149,-0.051305,-0.21494,-0.18072,-0.53565,-0.41645,-0.4991
-0.30407,-0.56915,-0.39238,-0.29278,-0.43916,-0.51036,0.076945,-0.1065,-0.040817,-0.7131,0.059372,-0.34129,-0.063811,-0.11096,-0.34704,-0.5275,-0.63905,-0.34888,-0.55595,-0.51066,-0.68882,-0.56885,-0.67723,-0.56646,-0.19226,-0.38445,-0.21493,-0.15881,0.10857,0.11595,0,0.057061,0.024354,-0.14946,0.3061,-0.14819,0.10816,0.051744,-0.19641,-0.35904,-0.24565,-0.66257,-0.01539,-0.44874,-0.043988,-0.010268,-0.50964,-0.37879,-0.35107,-0.087701,-0.2657,0.026921,-0.36101,-0.61977,-0.41267,-0.57004,-0.52984,-0.21374,-0.13863,-0.21106,-0.25706,0.089055,-0.10153,-0.16559,-0.068872,-0.15123,-0.26678,0.030244,0.078738,0.17369,0.27758,0.30738,0.24955,-0.094,-0.048829,-0.2524,-0.55536,-0.035171,-0.11932,-0.1575,0.020573,-0.27664,-5.4878e-05,-0.18196,-0.21976,0.15634,-0.15796,-0.32392,-0.32657,-0.4312,-0.45378,0.055134,-0.3528,-0.33742,-0.5528,-0.37836,-0.38769,-0.43439,-0.70994,0.080994,-0.17935,0.097738,-0.23767,-0.38479,-0.39466
-0.34726,-0.42471,-0.34276,-0.47864,-0.42439,-0.31644,-0.2129,0.025146,-0.23568,-0.42645,-0.2155,-0.25145,-0.29625,-0.33798,-0.32027,-0.34473,-0.45148,-0.31434,-0.22655,-0.38502,-0.24666,-0.45831,-0.35429,-0.25271,-0.40123,-0.18791,0.023354,-0.10881,-0.0027927,0.025329,0.057061,0,-0.30236,-0.33795,-0.062165,-0.082744,-0.27953,-0.29081,-0.37044,-0.37239,-0.3492,-0.31231,-0.33648,-0.15943,-0.37583,-0.12623,-0.60569,-0.42048,-0.17165,-0.21467,-0.34069,-0.20111,-0.1595,-0.28546,-0.24286,-0.31485,-0.41899,-0.53726,-0.47935,-0.37056,-0.27139,-0.15934,-0.085287,-0.17846,-0.082768,-0.37397,-0.3807,-0.10984,0.099341,-0.19277,-0.075463,-0.25588,-0.1649,-0.36307,-0.26975,-0.40533,-0.44556,-0.17369,-0.31587,-0.36774,-0.2636,-0.13705,-0.27211,-0.038634,-0.18893,-0.006,-0.25604,-0.56286,-0.34888,-0.48118,-0.56567,-0.18809,-0.307,-0.20311,-0.27801,-0.42118,-0.34322,-0.2664,-0.41164,-0.08389,-0.0048476,0.020616,-0.14285,-0.25973,-0.23979
-0.63893,-0.60812,-0.017567,0.065323,-0.60168,-0.38851,-0.37495,-0.48473,-0.39243,-0.58534,-0.29208,-0.53421,0.42713,0.42463,-0.16307,-0.33138,-0.68104,-0.30181,-0.40933,-0.49165,-0.52004,-0.38056,-0.57745,-0.42346,-0.4619,-0.70098,-0.30448,-0.1644,0.059683,-0.13043,0.024354,-0.30236,0,0.36622,-0.039628,-0.10137,-0.081726,-0.075061,-0.47628,-0.59763,-0.67242,-0.81204,-0.37141,-0.78691,-0.32207,-0.38699,-0.29063,-0.1786,-0.21454,0.34939,0.044598,0.18468,-0.56469,-0.45457,-0.1849,-0.67687,-0.82591,-0.28349,-0.26103,-0.32202,-0.30407,0.14032,0.034799,-0.16484,-0.099854,-0.25724,-0.23691,-0.067098,-0.11629,0.099951,0.21659,-0.053335,-0.13893,-0.29204,-0.21782,-0.36879,-0.60848,0.31079,0.26087,-0.23452,0.046671,-0.099415,-0.1155,-0.21693,-0.069415,-0.21449,-0.12205,-0.21098,-0.36335,-0.38884,-0.39601,-0.1791,-0.25323,-0.49573,-0.535,-0.1386,-0.16518,-0.28187,-0.40921,-0.033622,-0.19469,-0.1207,-0.22168,-0.13674,-0.34131
-0.80753,-0.65278,-0.16147,-0.18563,-0.62313,-0.28936,-0.48516,-0.56439,-0.61273,-0.45768,-0.5246,-0.4031,0.69665,0.95152,-0.25731,-0.32259,-0.6587,-0.47232,-0.30433,-0.36781,-0.43196,-0.42666,-0.50546,-0.30984,-0.60312,-0.6371,-0.2289,-0.058817,0.16027,-0.056372,-0.14946,-0.33795,0.36622,0,-0.27878,-0.1485,-0.32723,-0.25979,-0.61868,-0.72069,-0.67405,-0.79984,-0.55019,-0.77812,-0.48723,-0.49569,-0.26327,-0.2159,-0.31297,0.30848,0.2799,-0.041671,-0.66014,-0.45157,-0.29779,-0.71165,-0.93673,-0.44155,-0.42904,-0.57749,-0.34273,0.2321,0.1463,-0.090945,-0.15075,-0.29722,-0.25347,-0.14849,-0.2351,0.10731,0.10711,-0.21571,-0.3438,-0.38586,-0.29719,-0.52173,-0.52726,0.14804,0.39055,-0.49925,-0.13264,-0.24799,-0.24807,-0.24005,-0.1218,-0.3744,-0.20573,-0.19397,-0.40724,-0.46763,-0.44205,-0.27785,-0.15746,-0.6492,-0.55842,-0.19145,-0.12313,-0.23285,-0.30177,-0.12043,-0.20992,-0.25601,-0.27617,-0.30455,-0.4532
-0.24035,-0.47041,-0.33375,-0.16544,-0.31407,-0.49271,0.0015305,-0.13113,-0.048598,-0.54778,0.073104,-0.36915,-0.23038,-0.24086,-0.21467,-0.31168,-0.55869,-0.20748,-0.47384,-0.38986,-0.49711,-0.42503,-0.49705,-0.4353,-0.25229,-0.33262,-0.27075,-0.20778,-0.063933,-0.15816,0.3061,-0.062165,-0.039628,-0.27878,0,0.049909,0.092409,-0.03353,-0.23789,-0.35882,-0.33519,-0.45469,0.14336,-0.32524,-0.045317,-0.10004,-0.38408,-0.31105,-0.1613,-0.22576,-0.41695,0.14945,-0.19015,-0.44933,-0.19309,-0.42895,-0.39338,-0.22964,-0.20038,-0.07825,-0.14174,-0.1195,-0.19286,-0.23902,-0.042018,-0.22506,-0.36576,-0.13139,0.007439,-0.10795,0.044049,0.065341,0.069262,-0.13672,-0.19921,-0.27158,-0.62236,-0.18663,-0.22324,-0.14429,-0.097561,-0.15163,0.1427,-0.28466,-0.056152,0.0024085,-0.14002,-0.4328,-0.34875,-0.26126,-0.49973,-0.15267,-0.45421,-0.14168,-0.33976,-0.27754,-0.3622,-0.37908,-0.53779,0.070049,-0.081189,-0.0064512,-0.18904,-0.27034,-0.14797
-0.49884,-0.47092,-0.24476,-0.24805,-0.37349,-0.27578,-0.31153,-0.18523,-0.43351,-0.44363,-0.35397,-0.40379,-0.2031,-0.13537,-0.18595,-0.13225,-0.57533,-0.38996,-0.28413,-0.27941,-0.25351,-0.4,-0.39201,-0.22485,-0.66071,-0.46316,-0.092116,-0.035378,-0.019707,-0.12406,-0.14819,-0.082744,-0.10137,-0.1485,0.049909,0,-0.33983,-0.36349,-0.54123,-0.57344,-0.61144,-0.38337,-0.24424,-0.2276,-0.42835,-0.4202,-0.3069,-0.2466,-0.094884,-0.13557,-0.15344,0.0086341,-0.15426,-0.21998,0.0070183,-0.23884,-0.36605,-0.55211,-0.52209,-0.39508,-0.23088,-0.16143,0.025055,-0.0075549,0.13842,-0.32209,-0.36242,-0.23334,-0.10954,-0.22018,-0.082823,-0.32588,-0.34583,-0.45938,-0.41946,-0.49123,-0.59202,-0.19049,-0.21148,-0.3953,-0.25518,0.041555,-0.088287,-0.14932,0.013494,-0.25387,-0.2049,-0.58116,-0.32943,-0.36133,-0.62865,-0.32625,-0.2477,-0.20454,-0.19825,-0.37447,-0.38117,-0.2784,-0.26546,0.12596,0.040902,-0.24807,-0.24271,-0.14419,-0.20759
-0.058421,-0.33935,-0.27452,0.0075305,-0.43764,-0.74071,0.12468,-0.20751,0.20619,-0.54907,0.39427,-0.26264,-0.24517,-0.27105,-0.27387,-0.47383,-0.52714,-0.1006,-0.66406,-0.64276,-0.6979,-0.38453,-0.56469,-0.54572,0.092201,-0.29547,-0.55698,-0.48947,-0.33725,-0.29421,0.10816,-0.27953,-0.081726,-0.32723,0.092409,-0.33983,0,0.63488,0.15379,-0.015555,-0.12366,-0.43572,0.14291,-0.45873,0.21655,0.0049207,-0.3075,-0.30332,-0.33049,-0.31812,-0.49785,-0.085524,-0.37333,-0.61284,-0.43996,-0.51232,-0.31497,0.16691,0.23676,0.16143,-0.21029,-0.25477,-0.42255,-0.50915,-0.35745,-0.07436,-0.21874,-0.19615,-0.20215,-0.22259,-0.13701,0.32354,0.34128,0.21776,0.096579,0.12233,-0.31482,-0.21346,-0.25241,0.15599,0.093293,-0.36312,0.11523,-0.40357,-0.29552,0.023409,-0.26364,-0.13779,-0.34094,-0.10916,-0.081299,-0.1114,-0.53848,-0.36594,-0.52037,-0.33084,-0.40037,-0.48226,-0.71538,-0.26341,-0.32052,-0.12776,-0.24935,-0.3481,-0.3381
-0.12377,-0.37776,-0.28284,-0.057604,-0.49118,-0.80297,0.0055427,-0.30761,0.067817,-0.48777,0.13455,-0.27887,-0.19921,-0.22296,-0.29306,-0.43746,-0.59818,-0.15963,-0.65296,-0.65792,-0.7284,-0.36223,-0.57684,-0.48476,-0.015457,-0.34276,-0.57547,-0.49274,-0.3551,-0.29554,0.051744,-0.29081,-0.075061,-0.25979,-0.03353,-0.36349,0.63488,0,0.089774,-0.028128,-0.14071,-0.4203,0.016354,-0.46701,0.030195,-0.1314,-0.37602,-0.4164,-0.40102,-0.29771,-0.4369,-0.057598,-0.44896,-0.63657,-0.46021,-0.50365,-0.32115,0.075957,0.12012,0.030305,-0.1924,-0.22409,-0.39363,-0.47963,-0.27532,-0.16066,-0.29815,-0.20834,-0.2592,-0.20535,-0.10016,0.22845,0.30244,0.085335,0.011841,0.012043,-0.35932,-0.22217,-0.25746,0.084677,0.088305,-0.4172,0.038012,-0.39396,-0.35192,-0.017567,-0.3188,-0.19049,-0.41182,-0.2068,-0.11591,-0.17179,-0.47046,-0.47388,-0.57111,-0.40723,-0.45638,-0.51935,-0.7475,-0.26828,-0.3142,-0.16188,-0.24334,-0.37275,-0.42507
0.43506,-0.07839,-0.47296,-0.17438,-0.20376,-0.69511,0.32872,-0.091939,0.48457,-0.45375,0.30244,-0.16315,-0.53407,-0.55861,-0.50198,-0.60351,-0.30639,-0.2087,-0.65435,-0.60792,-0.66932,-0.49816,-0.41882,-0.59376,0.66232,-0.097091,-0.72999,-0.77501,-0.65221,-0.46105,-0.19641,-0.37044,-0.47628,-0.61868,-0.23789,-0.54123,0.15379,0.089774,0,0.51104,0.43695,-0.1501,0.13402,-0.21234,0.27985,0.090073,-0.30063,-0.43002,-0.41139,-0.65739,-0.70715,-0.36711,-0.28197,-0.58632,-0.64129,-0.29202,0.024146,0.29372,0.27827,0.11604,-0.32658,-0.6188,-0.79387,-0.64199,-0.54824,-0.19304,-0.29728,-0.39797,-0.42198,-0.45018,-0.48407,-0.023616,0.021988,0.19912,-0.015823,0.35152,-0.068488,-0.4704,-0.52423,0.21411,-0.22462,-0.53045,-0.1115,-0.46505,-0.54285,-0.075287,-0.32817,-0.038793,-0.26863,0.04728,0.21771,-0.15977,-0.55121,-0.32052,-0.49023,-0.36079,-0.42987,-0.41226,-0.52702,-0.5497,-0.58348,-0.34344,-0.40186,-0.50665,-0.40299
0.61311,0.19451,-0.45891,-0.2187,-0.10955,-0.50468,0.10341,-0.028476,0.28744,-0.22463,0.101,-0.027811,-0.60349,-0.63971,-0.46787,-0.55293,-0.12498,-0.15266,-0.41832,-0.45253,-0.4352,-0.37291,-0.21266,-0.36841,0.42232,0.093512,-0.61008,-0.75367,-0.77553,-0.4914,-0.35904,-0.37239,-0.59763,-0.72069,-0.35882,-0.57344,-0.015555,-0.028128,0.51104,0,0.29445,0.087226,-0.06364,-0.017543,0.12238,0.082482,-0.26878,-0.34528,-0.28921,-0.69309,-0.67113,-0.43882,-0.15054,-0.35996,-0.56813,-0.14189,0.15904,0.1537,0.095939,0.091976,-0.29392,-0.78732,-0.76202,-0.79345,-0.56739,-0.16799,-0.22827,-0.57226,-0.51762,-0.53218,-0.54037,-0.23022,-0.11207,0.1181,-0.025366,0.25715,0.1529,-0.51733,-0.53123,0.048622,-0.24776,-0.53263,-0.18554,-0.40943,-0.46198,-0.10441,-0.34599,-0.089451,-0.18415,0.027878,0.2039,-0.23431,-0.48912,-0.31595,-0.37763,-0.36351,-0.40453,-0.4327,-0.40924,-0.63349,-0.52155,-0.42298,-0.4704,-0.44708,-0.32872
0.34982,-0.10588,-0.76919,-0.43665,-0.043305,-0.52933,0.26986,-0.10724,0.24627,-0.34095,0.059085,-0.042256,-0.62713,-0.6469,-0.58812,-0.59652,-0.19137,-0.34022,-0.56454,-0.41823,-0.56861,-0.52224,-0.31467,-0.52727,0.42378,0.045848,-0.56098,-0.62218,-0.57862,-0.38778,-0.24565,-0.3492,-0.67242,-0.67405,-0.33519,-0.61144,-0.12366,-0.14071,0.43695,0.29445,0,-0.10551,0.02564,-0.12545,0.092561,0.064677,-0.39076,-0.53662,-0.55493,-0.74974,-0.64919,-0.517,-0.30871,-0.62159,-0.84285,-0.2773,0.03597,0.0059878,-0.0043171,-0.09453,-0.31343,-0.59823,-0.69763,-0.54653,-0.53537,-0.2279,-0.34094,-0.38177,-0.39648,-0.42435,-0.50885,-0.13382,-0.086506,0.066104,-0.10917,0.0053293,-0.068713,-0.6423,-0.61027,-0.081287,-0.31289,-0.71418,-0.21383,-0.46653,-0.61437,-0.1617,-0.35561,-0.17063,-0.31851,-0.14895,-0.027512,-0.23567,-0.51486,-0.28806,-0.42507,-0.48246,-0.49755,-0.47244,-0.50361,-0.5423,-0.57997,-0.35023,-0.43906,-0.75734,-0.45766
0.08078,0.24187,-0.39998,-0.33995,0.048585,-0.21597,-0.31396,-0.15648,-0.16232,0.1655,-0.28717,-0.049555,-0.84632,-0.81919,-0.25871,-0.14043,0.11868,-0.079415,-0.032805,-0.15805,0.031189,-0.10018,0.28088,0.076732,-0.18434,0.22095,-0.32367,-0.50702,-0.77623,-0.69152,-0.66257,-0.31231,-0.81204,-0.79984,-0.45469,-0.38337,-0.43572,-0.4203,-0.1501,0.087226,-0.10551,0,-0.33675,0.1976,-0.36057,-0.26873,-0.24089,-0.35349,-0.085244,-0.76383,-0.67696,-0.44987,0.0095427,-0.0062988,-0.28143,0.040463,0.18148,-0.297,-0.36944,-0.097207,-0.093207,-0.91738,-0.5793,-0.63278,-0.40137,-0.36927,-0.35587,-0.59915,-0.4316,-0.79782,-0.6962,-0.64721,-0.45501,-0.26387,-0.38159,-0.22834,-0.060787,-0.66552,-0.64121,-0.32154,-0.50208,-0.33753,-0.29742,-0.40824,-0.32448,-0.36045,-0.37951,-0.38287,-0.28214,-0.052866,-0.18977,-0.58329,-0.47515,-0.12378,-0.060256,-0.33202,-0.34921,-0.26098,-0.098152,-0.54033,-0.29615,-0.42573,-0.25059,-0.29091,-0.043598
