,,,,,,,,,,,,,,,,,,,,,,,,,,,,,,,,,,,,,,,,,,,,,,,,,,,,,,,,,,,,,,,,,,,,,,,,,,,,,,,,,,,,,,,,,,,,,,,,,,,,,,,,
0,0.23296,-0.28452,-0.15309,0.23759,-0.31608,0.17617,0.08599,0.33768,0.028015,0.059708,-0.048079,-0.87339,-0.8714,-0.19041,-0.28733,-0.10723,-0.19677,-0.1175,-0.15577,-0.29837,-0.35034,0.031013,-0.22571,0.35967,0.18201,-0.39342,-0.52955,-0.64805,-0.46965,-0.50025,-0.33733,-0.64838,-0.89431,-0.33035,-0.37894,-0.033193,-0.21725,0.3778,0.57551,0.23183,0.39066,-0.091268,0.0068038,0.12254,-0.033366,-0.28305,-0.40845,0.085537,-0.80751,-0.91134,-0.38642,0.17504,0.045794,-0.17236,-0.011009,0.16158,-0.25089,-0.32784,0.15391,-0.10872,-0.8577,-0.73385,-0.83778,-0.57563,-0.33872,-0.37139,-0.5598,-0.6091,-0.70319,-0.58732,-0.42525,-0.41185,-0.14721,-0.26609,0.36527,0.072156,-0.52812,-0.52986,-0.092554,-0.45882,-0.33288,-0.18262,-0.56281,-0.37318,-0.1988,-0.11835,-0.38327,-0.30165,0.14271,-0.0052178,-0.36135,-0.50628,-0.13047,-0.16789,-0.079606,-0.13915,-0.23178,0.050385,-0.6164,-0.59355,-0.59255,-0.47556,-0.15193,-0.1043
0.23296,0,-0.11725,-0.25433,0.055096,0.048992,-0.25632,0.18443,-0.1574,0.24899,-0.2574,0.01676,-0.54324,-0.60763,-0.30761,-0.39473,0.23916,-0.038404,0.10789,-0.033432,0.017039,-0.03811,0.1357,0.21789,-0.038217,0.30759,-0.27333,-0.42724,-0.69672,-0.59631,-0.69212,-0.28932,-0.54898,-0.64333,-0.54797,-0.37158,-0.3332,-0.36298,-0.12367,0.17877,-0.1717,0.56052,-0.34558,0.27215,-0.027028,0.092674,-0.086423,-0.14755,0.062347,-0.62553,-0.54787,-0.44952,0.090341,0.39053,-0.25878,0.061247,0.18857,-0.050712,-0.1282,-0.19095,-0.26828,-0.9022,-0.57876,-0.89335,-0.57334,-0.17109,-0.099384,-0.68086,-0.64504,-0.43752,-0.55689,-0.52698,-0.38958,-0.098058,-0.14901,0.057722,0.29945,-0.33227,-0.30526,-0.29978,-0.35878,-0.32734,-0.21927,-0.33788,-0.26259,-0.15998,-0.20573,-0.028954,-0.0059774,0.055796,0.032619,-0.41858,-0.28434,-0.36257,-0.15811,-0.13333,-0.11127,-0.061927,-0.0090695,-0.71056,-0.44886,-0.65537,-0.48141,-0.15236,0.017872
-0.28452,-0.11725,0,0.048479,-0.38289,-0.23551,-0.43824,-0.17523,-0.2739,-0.27962,-0.17975,-0.27109,-0.1907,-0.25217,-0.31832,-0.38099,-0.15177,-0.042475,-0.14215,-0.24842,-0.12905,-0.1216,-0.24228,-0.22271,-0.3458,-0.35495,-0.27245,-0.33179,-0.33486,-0.45117,-0.35822,-0.17638,-0.043128,-0.29533,-0.19205,-0.14313,-0.1932,-0.23273,-0.39597,-0.37444,-0.65692,-0.27374,-0.42568,-0.31819,-0.10522,-0.10783,-0.34119,-0.075901,-0.079999,-0.065265,-0.29401,-0.1382,-0.26803,-0.17341,0.081012,-0.16654,-0.16012,0.034885,-0.024916,-0.27412,-0.46146,-0.47211,-0.42161,-0.48187,-0.41464,-0.21661,-0.15184,-0.25956,-0.17174,-0.12834,-0.17556,-0.34899,-0.17065,-0.22267,-0.20181,-0.13497,-0.21348,0.15815,-0.094626,0.023263,-0.068571,0.18336,-0.33002,-0.1331,-0.20135,0.065445,-0.088116,-0.082285,-0.024863,-0.15301,-0.23228,-0.49312,-0.47085,-0.52406,-0.53675,-0.18645,-0.2712,-0.043775,-0.25536,-0.50069,-0.35317,-0.29739,-0.36946,0.10103,0.12908
-0.15309,-0.25433,0.048479,0,-0.25265,-0.4138,-0.14427,-0.3318,0.061027,-0.43885,0.15058,-0.34341,-0.30242,-0.27401,-0.020711,-0.25361,-0.22115,0.0042648,-0.33168,-0.40264,-0.32907,-0.30313,-0.2258,-0.47854,0.02267,-0.34411,-0.44846,-0.48505,-0.35941,-0.50943,-0.26056,-0.39904,-0.050505,-0.33528,-0.060348,-0.23486,0.099837,-0.16126,-0.069404,-0.19774,-0.35299,-0.31605,-0.18771,-0.51458,0.035558,-0.15838,-0.27719,-0.15137,0.027682,-0.14157,-0.35501,0.0048779,-0.35486,-0.41157,-0.21106,-0.32336,-0.2816,-0.052164,-0.098511,0.11158,-0.25822,-0.46012,-0.39085,-0.51931,-0.43597,-0.2738,-0.24382,-0.14879,-0.12264,-0.36213,-0.22998,-0.20089,-0.14532,-0.12879,-0.15346,0.0062507,-0.30069,-0.13773,-0.18446,0.29714,-0.18643,0.051665,0.020638,-0.41623,-0.22439,-0.16596,-0.073789,-0.21196,-0.26319,0.041322,-0.071903,-0.39147,-0.69458,-0.21061,-0.48332,-0.099318,-0.26331,-0.26503,-0.25324,-0.33221,-0.36899,-0.24931,-0.27817,0.018892,-0.1361
0.23759,0.055096,-0.38289,-0.25265,0,0.018445,-0.0018459,-0.099977,-0.034719,0.096752,-0.24384,-0.16949,-0.6567,-0.61509,-0.30826,-0.23912,-0.13126,-0.36726,-0.032406,0.058935,-0.3255,-0.35847,0.087783,-0.13805,-0.019772,0.14573,-0.24981,-0.2402,-0.38706,-0.39541,-0.46098,-0.41483,-0.57551,-0.6461,-0.33342,-0.44719,-0.24802,-0.45313,-0.11096,-0.019119,0.0080432,0.068204,-0.23743,-0.15371,-0.21718,-0.274,-0.22163,-0.41292,-0.018852,-0.63983,-0.56006,-0.23165,-0.0087496,0.040883,-0.16604,-0.1677,-0.13872,-0.50986,-0.60024,-0.16566,-0.092241,-0.62387,-0.49906,-0.69223,-0.52356,-0.40502,-0.46346,-0.48583,-0.58862,-0.50412,-0.51043,-0.56724,-0.63785,-0.32814,-0.4782,-0.057582,-0.15072,-0.55992,-0.44066,-0.41169,-0.51787,-0.32739,-0.21843,-0.62169,-0.32389,-0.329,-0.013334,-0.45444,-0.35654,-0.21283,-0.39809,-0.43565,-0.3297,-0.099438,-0.052811,0.032866,0.019059,-0.21855,0.19997,-0.49657,-0.62044,-0.55108,-0.4247,-0.26407,-0.05553
-0.31608,0.048992,-0.23551,-0.4138,0.018445,0,-0.48189,-0.042009,-0.52601,0.057689,-0.57416,-0.19457,-0.23822,-0.26805,-0.46943,-0.47198,0.037617,-0.2566,0.13853,0.11238,0.023057,-0.099251,-0.044061,0.25063,-0.48531,0.089502,0.037457,0.027788,-0.21047,-0.30247,-0.48599,-0.20407,-0.41097,-0.34256,-0.49776,-0.43965,-0.59489,-0.71071,-0.66972,-0.41207,-0.54642,-0.15138,-0.58621,-0.068191,-0.47675,-0.2132,-0.15225,-0.10572,-0.10581,-0.30987,-0.07143,-0.22601,-0.17337,0.16454,-0.29965,-0.21579,-0.33474,-0.44564,-0.4797,-0.63289,-0.39165,-0.4319,-0.17257,-0.54974,-0.4727,-0.2486,-0.1848,-0.50558,-0.44707,-0.12615,-0.3286,-0.6829,-0.58367,-0.39222,-0.36428,-0.39619,-0.13202,-0.29475,-0.13538,-0.75019,-0.40994,-0.18422,-0.2976,-0.30539,-0.17766,-0.26869,-0.16782,-0.19367,-0.035058,-0.46813,-0.53519,-0.38173,-0.0058775,-0.40035,-0.17307,-0.14114,-0.043361,-0.10355,-0.063333,-0.41857,-0.3242,-0.4294,-0.39074,-0.22252,-0.059128
0.17617,-0.25632,-0.43824,-0.14427,-0.0018459,-0.48189,0,0.033426,0.37333,-0.40095,0.30801,-0.21585,-0.58091,-0.51142,-0.20217,-0.28385,-0.48421,-0.32342,-0.40467,-0.31297,-0.58121,-0.52133,-0.33343,-0.49398,0.13365,-0.14533,-0.35631,-0.32882,-0.29006,-0.15503,-0.067811,-0.22516,-0.40288,-0.55361,0.064313,-0.18306,0.2092,-0.10434,0.20996,0.023783,0.072036,-0.20531,0.23206,-0.27856,0.095246,-0.17085,-0.42545,-0.48762,-0.10892,-0.48817,-0.58272,-0.17464,-0.022484,-0.31372,-0.13963,-0.2782,-0.20311,-0.40971,-0.37968,0.092321,-0.063633,-0.35196,-0.39254,-0.33391,-0.28994,-0.35437,-0.44921,-0.25652,-0.3255,-0.44428,-0.30949,-0.12435,-0.26023,-0.21146,-0.31333,0.14894,-0.29564,-0.43048,-0.4268,-0.099604,-0.35672,-0.26026,0.036971,-0.57271,-0.29475,-0.1634,-0.13733,-0.55468,-0.45783,-0.13302,-0.2972,-0.27044,-0.59763,-0.0073769,-0.28755,-0.2397,-0.30666,-0.46127,-0.25115,-0.21037,-0.35334,-0.32867,-0.35162,-0.34193,-0.32795
0.08599,0.18443,-0.17523,-0.3318,-0.099977,-0.042009,0.033426,0,-0.083684,-0.13,-0.082252,-0.066765,-0.42832,-0.47747,-0.36706,-0.52863,-0.15127,-0.1501,-0.017079,-0.087043,-0.14109,-0.23443,-0.20206,-0.0165,-0.17768,0.16805,-0.069584,-0.18183,-0.31814,-0.14431,-0.27738,0.12042,-0.46182,-0.56772,-0.21507,-0.18316,-0.17786,-0.31126,-0.198,-0.027222,-0.29455,0.045281,-0.15565,0.25289,0.0025722,0.17409,-0.33211,-0.20751,0.11781,-0.45225,-0.41935,-0.2458,0.31415,0.22872,-0.076954,0.017099,-0.035618,-0.27803,-0.2651,-0.26925,-0.305,-0.50215,-0.32859,-0.5227,-0.36262,-0.20125,-0.18413,-0.50024,-0.43546,-0.23819,-0.28548,-0.36864,-0.29511,-0.1939,-0.16647,0.075168,0.029701,-0.23981,-0.24128,-0.32947,-0.34908,-0.12421,-0.095433,-0.28558,-0.14512,0.088596,-0.13843,-0.27448,-0.010462,-0.17222,-0.26719,-0.21709,-0.25153,-0.2706,-0.24947,-0.2257,-0.20471,-0.19367,-0.1811,-0.3803,-0.21564,-0.4423,-0.46987,-0.12584,-0.11139
0.33768,-0.1574,-0.2739,0.061027,-0.034719,-0.52601,0.37333,-0.083684,0,-0.24825,0.54839,-0.20708,-0.73419,-0.70123,0.055423,-0.13508,-0.28637,-0.059861,-0.32112,-0.30547,-0.42954,-0.32701,-0.18935,-0.46539,0.49801,-0.069011,-0.42041,-0.52443,-0.45309,-0.36398,-0.18864,-0.27228,-0.45011,-0.73351,-0.066552,-0.38864,0.34308,-0.07702,0.40945,0.20464,0.10985,-0.064353,0.022757,-0.34286,0.12401,-0.12844,-0.48695,-0.49889,-0.0038517,-0.55786,-0.79522,-0.21226,-0.121,-0.27989,-0.20716,-0.30679,-0.1808,-0.31444,-0.32551,0.52074,0.023183,-0.48245,-0.51756,-0.53004,-0.45649,-0.40234,-0.42765,-0.23935,-0.29035,-0.59618,-0.3755,-0.18656,-0.21551,-0.18592,-0.25211,0.31551,-0.20922,-0.43959,-0.47422,0.072736,-0.37688,-0.20942,0.030867,-0.64339,-0.36609,-0.1907,-0.10362,-0.53842,-0.47005,0.0093627,-0.10448,-0.29979,-0.70797,0.03154,-0.31307,-0.099298,-0.23514,-0.3771,-0.17431,-0.31918,-0.42002,-0.21975,-0.22801,-0.096346,-0.20967
0.028015,0.24899,-0.27962,-0.43885,0.096752,0.057689,-0.40095,-0.13,-0.24825,0,-0.40373,0.17047,-0.54934,-0.59635,-0.19316,-0.10757,0.27158,-0.15606,0.30727,0.3197,0.11848,-0.059275,0.32266,0.22314,-0.22125,0.34794,-0.095033,-0.24326,-0.46358,-0.42902,-0.74201,-0.35367,-0.5806,-0.56814,-0.60432,-0.45366,-0.41945,-0.45682,-0.31781,-0.095952,-0.19039,0.21161,-0.56916,-0.040523,-0.2331,-0.057582,-0.17141,-0.24494,-0.13662,-0.65343,-0.52673,-0.57003,-0.14594,0.10888,-0.37557,-0.14875,-0.046147,-0.3024,-0.41532,-0.29401,-0.11556,-0.65457,-0.43984,-0.82051,-0.69348,-0.20339,-0.18043,-0.53885,-0.553,-0.43749,-0.4838,-0.58654,-0.48781,-0.15583,-0.19826,-0.14916,0.23714,-0.44429,-0.2917,-0.5477,-0.37906,-0.46989,-0.31552,-0.3982,-0.24579,-0.29747,-0.065852,-0.2225,-0.21276,-0.14182,-0.21787,-0.53975,-0.24691,-0.39172,-0.057709,-0.10579,-0.032626,-0.058035,0.18565,-0.75029,-0.52475,-0.57821,-0.46397,-0.21949,0.073549
0.059708,-0.2574,-0.17975,0.15058,-0.24384,-0.57416,0.30801,-0.082252,0.54839,-0.40373,0,-0.15199,-0.48889,-0.46587,0.098984,-0.19238,-0.31396,0.018625,-0.36652,-0.38177,-0.41342,-0.29179,-0.29326,-0.4799,0.21036,-0.19743,-0.3325,-0.40253,-0.36145,-0.27601,-0.10706,-0.2414,-0.22548,-0.49464,0.053151,-0.22209,0.61476,0.08671,0.18391,-0.0015127,-0.14804,-0.25868,0.017792,-0.45009,0.29199,-0.040349,-0.47188,-0.33295,-0.061227,-0.30769,-0.54402,-0.19842,-0.16154,-0.36863,-0.17081,-0.34435,-0.23139,-0.15505,-0.12104,0.41692,-0.0094693,-0.31698,-0.38846,-0.41654,-0.38586,-0.20554,-0.23307,-0.093747,-0.12742,-0.39478,-0.19412,0.040856,0.01604,-0.018892,-0.057376,0.30975,-0.21511,-0.228,-0.2704,0.19628,-0.17506,-0.13881,0.10164,-0.52455,-0.28286,-0.056269,-0.14542,-0.38653,-0.38353,0.022744,-0.087956,-0.35353,-0.89795,-0.16495,-0.49766,-0.27248,-0.38522,-0.46128,-0.37432,-0.26358,-0.3242,-0.20189,-0.28315,-0.16423,-0.28781
-0.048079,0.01676,-0.27109,-0.34341,-0.16949,-0.19457,-0.21585,-0.066765,-0.20708,0.17047,-0.15199,0,-0.34673,-0.34179,-0.12513,-0.17675,0.10422,-0.21445,0.16799,0.061567,0.10662,-0.25276,0.22838,0.12529,-0.24474,0.17312,0.066158,-0.095806,-0.30307,-0.20367,-0.55758,-0.29844,-0.3116,-0.30231,-0.39221,-0.07896,-0.21793,-0.18951,-0.23736,-0.12758,-0.21945,-0.02373,-0.48625,-0.14405,0.024423,0.24232,-0.049745,-0.0063106,-0.17075,-0.35169,-0.34386,-0.60623,-0.10471,-0.13733,-0.373,-0.14479,0.0082032,-0.071176,-0.15909,-0.212,-0.049152,-0.44632,-0.25566,-0.61533,-0.50189,0.22507,0.17284,-0.33343,-0.25928,-0.26793,-0.22681,-0.23402,-0.16715,0.27905,0.2093,-0.050538,0.34928,-0.20299,-0.037351,-0.34092,-0.038697,-0.43832,-0.21899,-0.2083,-0.067798,-0.054757,-0.050518,-0.032719,-0.13104,0.027941,-0.11605,-0.59317,-0.53342,-0.54631,-0.26748,-0.36887,-0.26562,-0.22693,-0.11304,-0.63331,-0.35519,-0.56557,-0.55746,-0.4113,-0.0788
-0.87339,-0.54324,-0.1907,-0.30242,-0.6567,-0.23822,-0.58091,-0.42832,-0.73419,-0.54934,-0.48889,-0.34673,0,1,-0.40803,-0.41434,-0.43829,-0.36899,-0.28924,-0.35815,-0.28221,-0.37151,-0.47106,-0.25796,-0.79271,-0.58141,-0.078313,0.040709,0.063406,-0.11796,-0.12234,-0.23777,0.50701,0.79742,-0.1162,0.059041,-0.42237,-0.24367,-0.83391,-0.86491,-1,-0.7744,-0.57635,-0.50055,-0.43801,-0.19756,-0.14213,0.048659,-0.44148,0.46509,0.33055,-0.14905,-0.4955,-0.47359,-0.23261,-0.53245,-0.649,-0.15271,-0.14538,-0.6258,-0.3939,0.051818,0.13102,-0.096619,-0.061834,-0.019345,-0.010735,-0.14938,0.057962,0.29589,0.17318,-0.10701,-0.081252,-0.16275,-0.11465,-0.6339,-0.46058,0.36494,0.40499,-0.43169,0.11037,-0.21107,-0.25917,0.15516,0.19436,-0.12641,-0.21178,0.052538,-0.12459,-0.47738,-0.49366,-0.31112,-0.1998,-0.59361,-0.46195,-0.39289,-0.31965,-0.24398,-0.50956,-0.17348,-0.062087,-0.17283,-0.36977,-0.42719,-0.24635
-0.8714,-0.60763,-0.25217,-0.27401,-0.61509,-0.26805,-0.51142,-0.47747,-0.70123,-0.59635,-0.46587,-0.34179,1,0,-0.39601,-0.40436,-0.50209,-0.44654,-0.35569,-0.37192,-0.3593,-0.44612,-0.49742,-0.31811,-0.78142,-0.61828,-0.11179,0.048053,0.11316,-0.095126,-0.091394,-0.30636,0.49095,0.98807,-0.076314,0.083344,-0.39837,-0.24927,-0.78299,-0.88979,-0.8831,-0.84583,-0.50015,-0.56467,-0.43018,-0.25486,-0.12633,-0.0051711,-0.46993,0.4639,0.40592,-0.10888,-0.54621,-0.56555,-0.28152,-0.58155,-0.66574,-0.19318,-0.18823,-0.61736,-0.39228,0.093913,0.17596,-0.029048,-0.035645,-0.041689,-0.05545,-0.12767,0.08669,0.30345,0.18725,-0.085643,-0.11255,-0.19096,-0.16244,-0.6668,-0.52342,0.24518,0.35827,-0.426,0.093134,-0.19991,-0.23217,0.071929,0.13254,-0.1848,-0.21266,-0.019278,-0.1943,-0.46918,-0.52616,-0.31986,-0.2355,-0.60002,-0.50615,-0.40387,-0.34005,-0.27789,-0.51141,-0.10969,-0.077307,-0.16231,-0.34796,-0.48051,-0.2929
-0.19041,-0.30761,-0.31832,-0.020711,-0.30826,-0.46943,-0.20217,-0.36706,0.055423,-0.19316,0.098984,-0.12513,-0.40803,-0.39601,0,0.2045,-0.12462,0.098371,-0.18019,-0.22609,-0.23904,-0.11971,-0.13309,-0.27849,-0.085317,-0.16893,-0.20651,-0.32852,-0.31361,-0.33213,-0.22009,-0.33307,-0.23313,-0.36432,-0.18571,-0.36198,0.12311,-0.035658,-0.15052,-0.18471,-0.25728,-0.2821,-0.23566,-0.52677,0.001626,-0.089082,-0.40161,-0.33036,-0.083484,-0.31176,-0.49108,-0.28061,-0.35473,-0.37104,-0.45469,-0.45267,-0.34906,-0.22089,-0.21281,0.20484,0.22081,-0.16015,-0.15386,-0.42848,-0.34235,-0.18411,-0.16146,0.027688,-0.091987,-0.29604,-0.10568,0.090981,0.048159,0.027228,0.068091,-0.064572,-0.23303,-0.29232,-0.16714,-0.15011,-0.25994,-0.39322,0.14285,-0.54764,-0.25542,-0.25125,-0.17033,-0.3495,-0.49464,-0.019938,-0.12166,-0.35944,-0.68872,-0.19392,-0.39204,-0.20973,-0.27042,-0.40911,-0.34399,-0.21899,-0.18979,-0.19024,-0.10851,-0.18699,-0.33127
-0.28733,-0.39473,-0.38099,-0.25361,-0.23912,-0.47198,-0.28385,-0.52863,-0.13508,-0.10757,-0.19238,-0.17675,-0.41434,-0.40436,0.2045,0,-0.18215,-0.076647,-0.1987,-0.083125,-0.26895,-0.078613,-0.13487,-0.28735,-0.24066,-0.25209,-0.26076,-0.26665,-0.29016,-0.41336,-0.34462,-0.37641,-0.27304,-0.30596,-0.31206,-0.33283,-0.14616,-0.15609,-0.26336,-0.3472,-0.1871,-0.29346,-0.3494,-0.58451,-0.23745,-0.33654,-0.4863,-0.50548,-0.37626,-0.39816,-0.49236,-0.3964,-0.54257,-0.51654,-0.46695,-0.45628,-0.32626,-0.33554,-0.32929,-0.10572,0.22153,-0.1592,-0.23349,-0.27022,-0.33561,-0.32133,-0.34062,0.15763,-0.1713,-0.33705,-0.23197,-0.058009,-0.11516,-0.11657,-0.16887,-0.18653,-0.30657,-0.35931,-0.27639,-0.29123,-0.26729,-0.54169,-0.050092,-0.5372,-0.34826,-0.34275,-0.11497,-0.38865,-0.63935,-0.22578,-0.29577,-0.69177,-0.63276,-0.21557,-0.27369,-0.29923,-0.3403,-0.35579,-0.25818,-0.34935,-0.31784,-0.27154,-0.11023,-0.39903,-0.30809
-0.10723,0.23916,-0.15177,-0.22115,-0.13126,0.037617,-0.48421,-0.15127,-0.28637,0.27158,-0.31396,0.10422,-0.43829,-0.50209,-0.12462,-0.18215,0,0.07714,0.32484,0.10337,0.52347,0.1264,0.39079,0.23302,-0.19575,0.16817,-0.088362,-0.27969,-0.51532,-0.54887,-0.82499,-0.39728,-0.45527,-0.49056,-0.66552,-0.41212,-0.44734,-0.48069,-0.34926,-0.12822,-0.33151,0.14739,-0.6297,-0.075388,-0.16375,-0.0083764,-0.081272,0.052678,-0.043488,-0.41142,-0.33975,-0.54397,-0.14306,0.085344,-0.43616,0.010109,0.02273,-0.056716,-0.13022,-0.2301,-0.17929,-0.62421,-0.38216,-0.76485,-0.60381,-0.018725,0.11004,-0.41662,-0.45493,-0.37271,-0.40224,-0.48346,-0.30988,-0.012208,0.046267,-0.048399,0.36747,-0.2875,-0.15599,-0.3388,-0.27712,-0.366,-0.24722,-0.30454,-0.22233,-0.17958,-0.14128,0.034239,0.065912,-0.058895,-0.027442,-0.60075,-0.4336,-0.38664,-0.2266,-0.24272,-0.24527,-0.22557,-0.073595,-0.66536,-0.38602,-0.57368,-0.48678,-0.17431,-0.10072
-0.19677,-0.038404,-0.042475,0.0042648,-0.36726,-0.2566,-0.32342,-0.1501,-0.059861,-0.15606,0.018625,-0.21445,-0.36899,-0.44654,0.098371,-0.076647,0.07714,0,-0.17028,-0.23995,-0.043648,0.3762,-0.19898,-0.1458,-0.056616,-0.084611,-0.32012,-0.45147,-0.51928,-0.58806,-0.39461,-0.18383,-0.28158,-0.4588,-0.35562,-0.45229,-0.081245,-0.21622,-0.22618,-0.17931,-0.41456,-0.1331,-0.32376,-0.34603,-0.033499,-0.066358,-0.4573,-0.23744,-0.089102,-0.34752,-0.42994,-0.32721,-0.36968,-0.21821,-0.41135,-0.34973,-0.26895,-0.041416,0.018306,-0.0322,-0.1379,-0.3937,-0.37123,-0.51142,-0.55556,-0.24777,-0.12112,-0.14916,-0.25748,-0.32842,-0.33309,-0.19236,-0.051358,-0.07133,-0.0056976,0.036491,-0.08535,-0.19589,-0.19062,-0.13166,-0.28628,-0.22947,0.087836,-0.49851,-0.34198,-0.20621,-0.28954,-0.12354,-0.26203,-0.049819,0.020944,-0.50075,-0.59615,-0.30043,-0.44024,-0.24292,-0.31796,-0.22148,-0.34726,-0.43416,-0.2606,-0.25025,-0.15569,-0.067684,-0.21352
-0.1175,0.10789,-0.14215,-0.33168,-0.032406,0.13853,-0.40467,-0.017079,-0.32112,0.30727,-0.36652,0.16799,-0.28924,-0.35569,-0.18019,-0.1987,0.32484,-0.17028,0,0.36827,0.36374,-0.16511,0.41085,0.31641,-0.35653,0.25,0.27014,0.024603,-0.21033,-0.23163,-0.5632,-0.15761,-0.34386,-0.35297,-0.44436,-0.23817,-0.42339,-0.44541,-0.46505,-0.23565,-0.41037,0.039963,-0.68254,-0.014987,-0.21443,0.15691,-0.13586,0.012875,0.1039,-0.30273,-0.30517,-0.37849,0.059961,0.24016,-0.18701,0.022557,-0.088722,-0.2565,-0.35296,-0.35097,-0.13376,-0.4616,-0.21243,-0.70122,-0.44781,-0.035325,0.0052378,-0.36808,-0.34258,-0.20219,-0.18859,-0.46128,-0.34298,-0.037451,-0.0056976,-0.10915,0.21753,-0.14471,0.0087429,-0.46666,-0.24939,-0.27924,-0.26797,-0.1689,0.041496,0.028601,0.17119,-0.089828,0.045987,-0.16858,-0.29259,-0.48689,-0.28373,-0.35825,-0.13879,-0.087483,-0.016999,-0.09258,0.092487,-0.58127,-0.29594,-0.52277,-0.51917,-0.15051,0.07776
-0.15577,-0.033432,-0.24842,-0.40264,0.058935,0.11238,-0.31297,-0.087043,-0.30547,0.3197,-0.38177,0.061567,-0.35815,-0.37192,-0.22609,-0.083125,0.10337,-0.23995,0.36827,0,0.10302,-0.11822,0.083544,0.025782,-0.40142,0.090561,0.11423,0.061027,-0.14666,-0.17628,-0.55051,-0.28512,-0.41022,-0.39372,-0.39428,-0.26251,-0.42591,-0.53796,-0.52331,-0.35416,-0.38953,-0.12092,-0.50692,-0.13612,-0.21715,-0.081192,-0.28252,-0.18437,-0.12898,-0.38609,-0.25278,-0.3831,-0.11404,0.0032586,-0.21909,-0.095892,-0.14407,-0.40913,-0.47913,-0.43145,-0.19472,-0.38049,-0.21642,-0.45908,-0.49456,-0.17736,-0.16974,-0.36938,-0.44065,-0.19609,-0.22918,-0.49611,-0.47193,-0.23076,-0.21008,-0.14548,0.067664,-0.28613,-0.083518,-0.55968,-0.31046,-0.2715,-0.20209,-0.32208,-0.069397,-0.13164,0.24815,-0.30226,-0.10184,-0.3063,-0.44476,-0.58144,-0.23966,-0.34649,-0.1587,-0.11356,-0.11924,-0.18874,0.12222,-0.48203,-0.35457,-0.49202,-0.55412,-0.22722,-0.0052977
-0.29837,0.017039,-0.12905,-0.32907,-0.3255,0.023057,-0.58121,-0.14109,-0.42954,0.11848,-0.41342,0.10662,-0.28221,-0.3593,-0.23904,-0.26895,0.52347,-0.043648,0.36374,0.10302,0,-0.004678,0.218,0.18586,-0.37342,0.080799,0.030854,-0.16992,-0.30747,-0.34548,-0.70195,-0.22219,-0.38975,-0.35813,-0.61782,-0.32441,-0.54689,-0.56407,-0.52952,-0.30785,-0.48214,-0.054097,-0.79319,-0.08643,-0.26118,0.043621,-0.13264,0.14155,-0.10164,-0.26997,-0.20921,-0.57965,-0.19426,-0.0054977,-0.42144,-0.038204,-0.12635,-0.15895,-0.20718,-0.41394,-0.332,-0.47682,-0.2288,-0.60029,-0.56093,-0.031473,0.11346,-0.37747,-0.33838,-0.27656,-0.3058,-0.50452,-0.3238,-0.092181,0.044808,-0.18593,0.29044,-0.18361,-0.058935,-0.43822,-0.23066,-0.31761,-0.34179,-0.1299,-0.09298,-0.12309,-0.11542,0.0088096,0.12363,-0.20532,-0.16659,-0.54881,-0.34911,-0.40246,-0.19342,-0.2722,-0.22516,-0.19233,-0.11127,-0.61459,-0.21996,-0.4727,-0.49038,-0.20952,-0.087683
-0.35034,-0.03811,-0.1216,-0.30313,-0.35847,-0.099251,-0.52133,-0.23443,-0.32701,-0.059275,-0.29179,-0.25276,-0.37151,-0.44612,-0.11971,-0.078613,0.1264,0.3762,-0.16511,-0.11822,-0.004678,0,-0.22559,-0.0087429,-0.29039,-0.14846,-0.27647,-0.34765,-0.55201,-0.63377,-0.52056,-0.294,-0.3813,-0.43887,-0.56952,-0.5386,-0.35214,-0.3473,-0.44652,-0.31454,-0.4756,-0.15936,-0.44604,-0.29635,-0.2679,-0.26378,-0.46018,-0.29307,-0.34104,-0.36746,-0.29479,-0.45656,-0.44412,-0.17201,-0.47229,-0.31856,-0.25077,-0.12858,-0.04015,-0.30059,-0.22724,-0.34153,-0.3298,-0.35915,-0.45817,-0.24494,-0.10184,-0.21476,-0.36474,-0.23105,-0.36985,-0.29163,-0.15957,-0.23748,-0.15856,-0.19194,-0.13226,-0.24854,-0.23203,-0.36805,-0.27859,-0.33639,-0.14052,-0.43118,-0.43892,-0.28793,-0.38983,-0.14151,-0.22636,-0.31876,-0.17591,-0.61953,-0.42106,-0.42345,-0.40936,-0.40127,-0.44163,-0.32991,-0.43506,-0.40396,-0.24498,-0.27394,-0.16132,-0.2544,-0.30372
0.031013,0.1357,-0.24228,-0.2258,0.087783,-0.044061,-0.33343,-0.20206,-0.18935,0.32266,-0.29326,0.22838,-0.47106,-0.49742,-0.13309,-0.13487,0.39079,-0.19898,0.41085,0.083544,0.218,-0.22559,0,0.18975,-0.10907,0.27392,-0.052418,-0.22313,-0.39896,-0.43344,-0.67287,-0.3908,-0.42916,-0.45336,-0.52148,-0.33552,-0.35237,-0.38743,-0.21739,-0.03827,-0.13184,0.18938,-0.62674,-0.12475,-0.17882,0.016053,0.026469,-0.035018,0.011635,-0.4266,-0.46635,-0.49972,-0.069884,0.048879,-0.33923,-0.054004,-0.019552,-0.19361,-0.31184,-0.13678,-0.015427,-0.62323,-0.36454,-0.88424,-0.54102,-0.053397,-0.041895,-0.3773,-0.36926,-0.44275,-0.38288,-0.45645,-0.36344,0.035865,-0.041096,-0.065845,0.23105,-0.31978,-0.1992,-0.34032,-0.24788,-0.44872,-0.30695,-0.29179,-0.12745,-0.17023,0.0085897,-0.083698,-0.12679,-0.031307,-0.14001,-0.56419,-0.47354,-0.2562,-0.035145,-0.11715,-0.050892,-0.18839,0.1092,-0.68877,-0.4325,-0.56778,-0.45287,-0.27652,0.035065
-0.22571,0.21789,-0.22271,-0.47854,-0.13805,0.25063,-0.49398,-0.0165,-0.46539,0.22314,-0.4799,0.12529,-0.25796,-0.31811,-0.27849,-0.28735,0.23302,-0.1458,0.31641,0.025782,0.18586,-0.0087429,0.18975,0,-0.42537,0.23097,0.11596,-0.055483,-0.35264,-0.36425,-0.52693,-0.13622,-0.3702,-0.29931,-0.55479,-0.28401,-0.4935,-0.37684,-0.48744,-0.23331,-0.3935,0.084624,-0.61103,0.068351,-0.31433,0.040563,-0.052484,-0.046847,-0.11148,-0.34677,-0.25508,-0.42265,-0.11362,0.17749,-0.39793,-0.12183,-0.1062,-0.16192,-0.20245,-0.44525,-0.14359,-0.44747,-0.16354,-0.62603,-0.34353,0.0080899,0.078566,-0.39316,-0.32612,-0.10782,-0.25937,-0.39328,-0.24963,-0.041829,-0.034552,-0.30696,0.066512,-0.18959,-0.078766,-0.59265,-0.21823,-0.42008,-0.25829,-0.15758,-0.13885,-0.11113,-0.23324,0.044228,-0.041622,-0.23287,-0.28236,-0.45529,-0.20163,-0.50453,-0.17355,-0.31654,-0.16501,-0.10267,-0.19043,-0.51112,-0.20747,-0.48317,-0.32103,-0.33407,-0.05467
0.35967,-0.038217,-0.3458,0.02267,-0.019772,-0.48531,0.13365,-0.17768,0.49801,-0.22125,0.21036,-0.24474,-0.79271,-0.78142,-0.085317,-0.24066,-0.19575,-0.056616,-0.35653,-0.40142,-0.37342,-0.29039,-0.10907,-0.42537,0,-0.030414,-0.61682,-0.7467,-0.72577,-0.62463,-0.41112,-0.44462,-0.55925,-0.78851,-0.32288,-0.55151,0.06332,-0.18021,0.58264,0.44963,0.25085,0.071809,-0.10276,-0.29565,0.03867,-0.18444,-0.34333,-0.45895,-0.077647,-0.66746,-0.85416,-0.41141,-0.15484,-0.22455,-0.32883,-0.29588,-0.15968,-0.24331,-0.25203,0.44677,-0.099044,-0.67756,-0.71468,-0.67008,-0.588,-0.43002,-0.41055,-0.40786,-0.48115,-0.85052,-0.65301,-0.31008,-0.3381,-0.18739,-0.29019,0.27225,-0.11996,-0.52807,-0.55899,0.026029,-0.44198,-0.38403,-0.12707,-0.67217,-0.44827,-0.36812,-0.28389,-0.38556,-0.45834,0.075468,0.11869,-0.363,-0.70345,0.051305,-0.2107,-0.096032,-0.19436,-0.38348,-0.16494,-0.49396,-0.51199,-0.36304,-0.26798,-0.25317,-0.28031
0.18201,0.30759,-0.35495,-0.34411,0.14573,0.089502,-0.14533,0.16805,-0.069011,0.34794,-0.19743,0.17312,-0.58141,-0.61828,-0.16893,-0.25209,0.16817,-0.084611,0.25,0.090561,0.080799,-0.14846,0.27392,0.23097,-0.030414,0,-0.04802,-0.2235,-0.41274,-0.33718,-0.5301,-0.12165,-0.63236,-0.63485,-0.49843,-0.46247,-0.2732,-0.41867,-0.1513,0.095006,-0.072729,0.32509,-0.4259,0.058982,-0.15022,0.10162,-0.23387,-0.25904,0.087103,-0.629,-0.53073,-0.45326,0.028095,0.19342,-0.39478,-0.13393,-0.099311,-0.3705,-0.41634,-0.19648,-0.090361,-0.60714,-0.36031,-0.81696,-0.62153,-0.23113,-0.19325,-0.46677,-0.46525,-0.46474,-0.47165,-0.49732,-0.43119,-0.11784,-0.14812,0.016893,0.22374,-0.45363,-0.29755,-0.48609,-0.44602,-0.38453,-0.14424,-0.46613,-0.23419,-0.20818,-0.11548,-0.26179,-0.22922,-0.096139,-0.17846,-0.42229,-0.33697,-0.21604,-0.056369,-0.10308,0.00055976,-0.13127,0.06354,-0.59305,-0.35501,-0.49353,-0.34633,-0.24968,-0.068617
-0.39342,-0.27333,-0.27245,-0.44846,-0.24981,0.037457,-0.35631,-0.069584,-0.42041,-0.095033,-0.3325,0.066158,-0.078313,-0.11179,-0.20651,-0.26076,-0.088362,-0.32012,0.27014,0.11423,0.030854,-0.27647,-0.052418,0.11596,-0.61682,-0.04802,0,0.62643,0.16338,0.17967,-0.22551,-0.015267,-0.15247,-0.12582,-0.22718,-0.092287,-0.33513,-0.31732,-0.65473,-0.49387,-0.59334,-0.34409,-0.61871,-0.2139,-0.35143,0.021497,-0.26375,-0.015833,-0.15195,-0.034858,-0.017846,-0.22719,-0.090195,-0.089675,-0.2106,-0.19806,-0.3365,-0.38287,-0.40906,-0.47732,-0.099464,-0.083125,0.18647,-0.36383,-0.18783,0.094713,0.054357,-0.14271,-0.026635,0.12139,0.21527,-0.24056,-0.15568,-0.090555,0.013034,-0.32858,-0.12967,-0.036964,0.14526,-0.55687,-0.079939,-0.20003,-0.22039,-0.057862,0.10923,0.14295,0.065825,-0.23845,-0.037491,-0.4611,-0.60142,-0.35935,-0.24448,-0.45683,-0.30134,-0.37003,-0.2718,-0.32732,-0.26767,-0.23959,-0.10026,-0.27137,-0.43288,-0.267,-0.15296
-0.52955,-0.42724,-0.33179,-0.48505,-0.2402,0.027788,-0.32882,-0.18183,-0.52443,-0.24326,-0.40253,-0.095806,0.040709,0.048053,-0.32852,-0.26665,-0.27969,-0.45147,0.024603,0.061027,-0.16992,-0.34765,-0.22313,-0.055483,-0.7467,-0.2235,0.62643,0,0.35274,0.23772,-0.14742,-0.1018,-0.055643,0.024923,-0.14892,-0.039676,-0.36283,-0.35072,-0.78057,-0.68923,-0.66846,-0.54056,-0.54232,-0.35865,-0.42845,-0.18138,-0.28681,-0.099624,-0.30233,0.059228,0.14349,-0.16502,-0.21679,-0.23682,-0.16162,-0.3211,-0.46943,-0.48083,-0.47607,-0.60637,-0.16168,0.075674,0.2625,-0.18556,-0.12719,-0.0051711,-0.081399,-0.075594,-0.033539,0.24277,0.23151,-0.21396,-0.22448,-0.20091,-0.15833,-0.43669,-0.30911,-0.03901,0.15225,-0.63568,-0.076287,-0.20888,-0.2391,-0.11408,0.072009,0.0042315,0.027148,-0.29376,-0.15905,-0.6062,-0.81405,-0.41519,-0.22868,-0.46089,-0.3199,-0.40137,-0.30164,-0.37398,-0.31744,-0.16594,-0.14026,-0.27043,-0.43373,-0.41129,-0.22953
-0.64805,-0.69672,-0.33486,-0.35941,-0.38706,-0.21047,-0.29006,-0.31814,-0.45309,-0.46358,-0.36145,-0.30307,0.063406,0.11316,-0.31361,-0.29016,-0.51532,-0.51928,-0.21033,-0.14666,-0.30747,-0.55201,-0.39896,-0.35264,-0.72577,-0.41274,0.16338,0.35274,0,0.46889,0.12669,-0.038224,-0.00032653,0.04776,0.12125,-0.024356,-0.29595,-0.40605,-0.75461,-0.86143,-0.68479,-0.78319,-0.40447,-0.52579,-0.45087,-0.28716,-0.37008,-0.19037,-0.28239,0.12455,0.065632,0.012295,-0.38672,-0.47941,-0.18826,-0.49674,-0.68198,-0.62042,-0.61653,-0.54942,-0.27314,0.21186,0.376,-0.056496,-0.11536,-0.24532,-0.31582,-0.0096292,0.12887,0.15884,0.28559,-0.21703,-0.27949,-0.37689,-0.31004,-0.55789,-0.54532,-0.1042,0.0090895,-0.54299,-0.18845,-0.10978,-0.20288,-0.15939,0.066378,-0.12875,0.0042182,-0.48695,-0.30764,-0.6317,-0.96524,-0.22195,-0.22808,-0.28542,-0.319,-0.27978,-0.23745,-0.3278,-0.3122,0.02227,-0.042275,-0.060041,-0.30431,-0.29261,-0.20524
-0.46965,-0.59631,-0.45117,-0.50943,-0.39541,-0.30247,-0.15503,-0.14431,-0.36398,-0.42902,-0.27601,-0.20367,-0.11796,-0.095126,-0.33213,-0.41336,-0.54887,-0.58806,-0.23163,-0.17628,-0.34548,-0.63377,-0.43344,-0.36425,-0.62463,-0.33718,0.17967,0.23772,0.46889,0,0.099997,-0.010416,-0.17318,-0.14861,0.091401,-0.0044981,-0.21733,-0.29901,-0.57196,-0.58706,-0.53924,-0.64357,-0.29654,-0.3363,-0.32901,-0.16341,-0.38063,-0.21444,-0.2868,-0.083764,-0.10899,-0.17036,-0.17313,-0.36339,-0.16048,-0.37397,-0.51962,-0.60716,-0.59414,-0.46354,-0.26945,0.077367,0.18597,-0.13558,-0.12332,-0.16601,-0.27252,-0.20314,-0.048333,0.0040583,0.178,-0.18117,-0.25033,-0.32159,-0.23727,-0.43954,-0.3998,-0.20613,-0.11875,-0.52837,-0.2009,-0.22327,-0.24524,-0.1351,0.051065,-0.066172,-0.084744,-0.55934,-0.26021,-0.58257,-0.80774,-0.065352,-0.18368,-0.28813,-0.26254,-0.3882,-0.32197,-0.45476,-0.36425,-0.013454,-0.056503,-0.16688,-0.4613,-0.31547,-0.28873
-0.50025,-0.69212,-0.35822,-0.26056,-0.46098,-0.48599,-0.067811,-0.27738,-0.18864,-0.74201,-0.10706,-0.55758,-0.12234,-0.091394,-0.22009,-0.34462,-0.82499,-0.39461,-0.5632,-0.55051,-0.70195,-0.52056,-0.67287,-0.52693,-0.41112,-0.5301,-0.22551,-0.14742,0.12669,0.099997,0,0.021031,-0.039916,-0.14392,0.4519,-0.15552,0.024749,-0.079166,-0.37277,-0.52623,-0.4629,-0.71484,-0.032506,-0.54266,-0.34188,-0.34213,-0.54299,-0.46453,-0.29402,-0.043541,-0.2537,0.20144,-0.38498,-0.53935,-0.1714,-0.65593,-0.72199,-0.52587,-0.43934,-0.23201,-0.17323,0.19501,0.089988,0.004598,0.10849,-0.40384,-0.4705,0.016033,0.16947,0.0087829,0.14928,0.052531,-0.063493,-0.41798,-0.39211,-0.47726,-0.84508,-0.16276,-0.24827,-0.29971,-0.23803,-0.14504,-0.048726,-0.3014,-0.17524,-0.16994,-0.29978,-0.61184,-0.52313,-0.55214,-0.71913,0.051418,-0.32067,-0.12732,-0.40947,-0.32453,-0.33718,-0.45029,-0.60819,0.38086,0.053197,0.24583,0.012375,-0.2699,-0.35237
-0.33733,-0.28932,-0.17638,-0.39904,-0.41483,-0.20407,-0.22516,0.12042,-0.27228,-0.35367,-0.2414,-0.29844,-0.23777,-0.30636,-0.33307,-0.37641,-0.39728,-0.18383,-0.15761,-0.28512,-0.22219,-0.294,-0.3908,-0.13622,-0.44462,-0.12165,-0.015267,-0.1018,-0.038224,-0.010416,0.021031,0,-0.29964,-0.34496,-0.12619,-0.2014,-0.21343,-0.2718,-0.41861,-0.36818,-0.46955,-0.28078,-0.30864,-0.11915,-0.33267,-0.06338,-0.618,-0.37896,-0.07792,-0.25192,-0.34271,-0.098365,-0.16983,-0.18305,-0.20138,-0.27343,-0.38545,-0.47169,-0.4076,-0.43961,-0.32483,-0.19049,-0.076761,-0.29434,-0.20057,-0.3946,-0.37641,-0.13952,-0.072882,-0.10787,-0.10194,-0.26691,-0.17742,-0.34611,-0.26255,-0.28223,-0.3571,-0.16156,-0.25217,-0.39966,-0.35223,-0.098771,-0.15183,-0.21333,-0.19858,0.025942,-0.22918,-0.43064,-0.29932,-0.43509,-0.52376,-0.19194,-0.21929,-0.25576,-0.29607,-0.31888,-0.24811,-0.15058,-0.37817,-0.19781,0.049366,-0.12461,-0.11334,-0.14183,-0.19331
-0.64838,-0.54898,-0.043128,-0.050505,-0.57551,-0.41097,-0.40288,-0.46182,-0.45011,-0.5806,-0.22548,-0.3116,0.50701,0.49095,-0.23313,-0.27304,-0.45527,-0.28158,-0.34386,-0.41022,-0.38975,-0.3813,-0.42916,-0.3702,-0.55925,-0.63236,-0.15247,-0.055643,-0.00032653,-0.17318,-0.039916,-0.29964,0,0.47009,0.094613,0.18138,-0.12721,0.017453,-0.55022,-0.68501,-0.80534,-0.74704,-0.42236,-0.63715,-0.23733,-0.1621,-0.18416,0.013947,-0.37795,0.51821,0.068151,-0.052937,-0.48719,-0.55917,-0.10962,-0.52249,-0.53772,-0.01594,-0.028515,-0.3316,-0.23111,0.0021324,0.0058842,-0.16939,-0.066738,0.038297,-0.012628,0.024629,0.23293,0.19008,0.28029,0.096132,0.1329,-0.014774,-0.027702,-0.43022,-0.47074,0.47636,0.31295,-0.14056,0.33315,-0.13872,-0.15155,0.043262,0.14811,-0.011169,-0.10502,-0.002459,-0.20564,-0.32569,-0.4067,-0.37587,-0.44212,-0.535,-0.52245,-0.38342,-0.38115,-0.30507,-0.52126,-0.18255,-0.15933,-0.14331,-0.346,-0.32896,-0.17367
-0.89431,-0.64333,-0.29533,-0.33528,-0.6461,-0.34256,-0.55361,-0.56772,-0.73351,-0.56814,-0.49464,-0.30231,0.79742,0.98807,-0.36432,-0.30596,-0.49056,-0.4588,-0.35297,-0.39372,-0.35813,-0.43887,-0.45336,-0.29931,-0.78851,-0.63485,-0.12582,0.024923,0.04776,-0.14861,-0.14392,-0.34496,0.47009,0,-0.14466,0.078193,-0.4181,-0.1968,-0.75105,-0.87814,-0.78974,-0.81637,-0.55346,-0.61388,-0.4536,-0.28619,-0.12291,-0.051818,-0.54376,0.38026,0.26553,-0.21374,-0.59039,-0.6148,-0.32302,-0.60066,-0.64239,-0.16646,-0.16284,-0.59717,-0.31248,0.12052,0.12887,-0.025036,-0.021384,-0.019918,-0.049259,-0.064619,0.095613,0.22829,0.14452,-0.026382,-0.066811,-0.1285,-0.13025,-0.68057,-0.51741,0.21935,0.30755,-0.43102,0.12305,-0.32611,-0.2869,0.061914,0.068024,-0.21787,-0.25381,0.019532,-0.26863,-0.44513,-0.48848,-0.40322,-0.30731,-0.63082,-0.49835,-0.45793,-0.36872,-0.29099,-0.53206,-0.17473,-0.11538,-0.20323,-0.32654,-0.58266,-0.33158
-0.33035,-0.54797,-0.19205,-0.060348,-0.33342,-0.49776,0.064313,-0.21507,-0.066552,-0.60432,0.053151,-0.39221,-0.1162,-0.076314,-0.18571,-0.31206,-0.66552,-0.35562,-0.44436,-0.39428,-0.61782,-0.56952,-0.52148,-0.55479,-0.32288,-0.49843,-0.22718,-0.14892,0.12125,0.091401,0.4519,-0.12619,0.094613,-0.14466,0,0.073982,0.17533,-0.045894,-0.29638,-0.47499,-0.4736,-0.63735,0.044974,-0.52334,-0.071843,-0.198,-0.38248,-0.28384,-0.15533,-0.030314,-0.29329,0.21588,-0.27171,-0.4872,0.035345,-0.50651,-0.50932,-0.34728,-0.34394,-0.10514,-0.14431,-0.023397,-0.068757,-0.16694,-0.082831,-0.27022,-0.37456,-0.072143,0.065312,-0.010989,0.17311,0.026402,-0.076081,-0.25147,-0.28164,-0.28353,-0.59363,-0.069157,-0.13753,-0.12988,-0.13142,-0.052598,0.022191,-0.28661,-0.014887,-0.050472,-0.062387,-0.479,-0.37486,-0.31179,-0.57682,-0.075275,-0.43294,-0.1787,-0.41615,-0.19583,-0.26842,-0.33932,-0.3833,0.052258,-0.16154,-0.03953,-0.27599,-0.14466,-0.12839
-0.37894,-0.37158,-0.14313,-0.23486,-0.44719,-0.43965,-0.18306,-0.18316,-0.38864,-0.45366,-0.22209,-0.07896,0.059041,0.083344,-0.36198,-0.33283,-0.41212,-0.45229,-0.23817,-0.26251,-0.32441,-0.5386,-0.33552,-0.28401,-0.55151,-0.46247,-0.092287,-0.039676,-0.024356,-0.0044981,-0.15552,-0.2014,0.18138,0.078193,0.073982,0,-0.17524,-0.027788,-0.39968,-0.47544,-0.51958,-0.45685,-0.21801,-0.24706,-0.02329,0.0075368,-0.099724,0.033126,-0.27361,0.029074,-0.12058,-0.18896,-0.18866,-0.41509,-0.07762,-0.1469,-0.13121,-0.0017059,-0.047486,-0.36342,-0.26966,-0.21174,-0.087276,-0.21446,-0.028661,0.13197,-0.014194,-0.17443,-0.052764,0.084164,0.14492,0.011375,0.03835,0.068517,0.034345,-0.27547,-0.25359,0.1336,0.066752,-0.13371,0.18121,-0.22917,-0.15453,0.12389,0.15061,0.17715,-0.037104,-0.061487,-0.067551,-0.1787,-0.36635,-0.36155,-0.39565,-0.52446,-0.39108,-0.49048,-0.46967,-0.29402,-0.38993,-0.27518,-0.15263,-0.44423,-0.59509,-0.36579,-0.14504
-0.033193,-0.3332,-0.1932,0.099837,-0.24802,-0.59489,0.2092,-0.17786,0.34308,-0.41945,0.61476,-0.21793,-0.42237,-0.39837,0.12311,-0.14616,-0.44734,-0.081245,-0.42339,-0.42591,-0.54689,-0.35214,-0.35237,-0.4935,0.06332,-0.2732,-0.33513,-0.36283,-0.29595,-0.21733,0.024749,-0.21343,-0.12721,-0.4181,0.17533,-0.17524,0,0.29983,0.10441,-0.076148,-0.19835,-0.34932,0.051225,-0.50225,0.19652,-0.071803,-0.48077,-0.38881,-0.12982,-0.27803,-0.56079,-0.13469,-0.24056,-0.423,-0.14262,-0.43905,-0.31345,-0.2107,-0.18002,0.34695,0.03048,-0.25487,-0.31143,-0.41809,-0.31964,-0.22341,-0.29638,-0.028255,-0.047633,-0.3406,-0.12948,0.15347,0.083858,-0.031167,-0.098178,0.091074,-0.33186,-0.22272,-0.29273,0.13372,-0.11843,-0.20536,0.10859,-0.49041,-0.24909,-0.085797,-0.15703,-0.45625,-0.51201,-0.081312,-0.21625,-0.28472,-0.73912,-0.16457,-0.38863,-0.29201,-0.3594,-0.46205,-0.4267,-0.21625,-0.28608,-0.1674,-0.21919,-0.18264,-0.24821
-0.21725,-0.36298,-0.23273,-0.16126,-0.45313,-0.71071,-0.10434,-0.31126,-0.07702,-0.45682,0.08671,-0.18951,-0.24367,-0.24927,-0.035658,-0.15609,-0.48069,-0.21622,-0.44541,-0.53796,-0.56407,-0.3473,-0.38743,-0.37684,-0.18021,-0.41867,-0.31732,-0.35072,-0.40605,-0.29901,-0.079166,-0.2718,0.017453,-0.1968,-0.045894,-0.027788,0.29983,0,-0.019865,-0.12971,-0.24847,-0.35335,-0.14841,-0.42357,0.0045714,-0.059548,-0.3849,-0.34832,-0.38092,-0.18481,-0.46699,-0.29705,-0.28987,-0.46648,-0.20929,-0.38715,-0.23344,0.020551,0.063666,0.066092,0.012894,-0.2257,-0.29239,-0.32679,-0.073762,-0.032593,-0.12387,-0.03937,0.0059575,-0.23519,-0.061167,0.41352,0.43911,0.1355,0.041742,-0.1294,-0.34103,-0.044048,-0.2065,0.095839,0.16036,-0.395,-0.10154,-0.19109,-0.20849,-0.0032053,-0.292,-0.22849,-0.44472,-0.14194,-0.14456,-0.34817,-0.62771,-0.4169,-0.43546,-0.55997,-0.54957,-0.51452,-0.66156,-0.25446,-0.20559,-0.22345,-0.24662,-0.41287,-0.35351
0.3778,-0.12367,-0.39597,-0.069404,-0.11096,-0.66972,0.20996,-0.198,0.40945,-0.31781,0.18391,-0.23736,-0.83391,-0.78299,-0.15052,-0.26336,-0.34926,-0.22618,-0.46505,-0.52331,-0.52952,-0.44652,-0.21739,-0.48744,0.58264,-0.1513,-0.65473,-0.78057,-0.75461,-0.57196,-0.37277,-0.41861,-0.55022,-0.75105,-0.29638,-0.39968,0.10441,-0.019865,0,0.54226,0.44344,0.062133,0.017932,-0.24208,0.04756,-0.20695,-0.36958,-0.5475,-0.17046,-0.71765,-0.95219,-0.40921,-0.13993,-0.32383,-0.33865,-0.22611,-0.028874,-0.20288,-0.21947,0.35248,-0.12063,-0.69694,-0.75229,-0.59837,-0.44602,-0.4126,-0.45079,-0.39525,-0.45255,-0.845,-0.61662,-0.22612,-0.25615,-0.15911,-0.28461,0.1941,-0.19073,-0.55375,-0.65529,0.13636,-0.4025,-0.42107,-0.18095,-0.58748,-0.51867,-0.32559,-0.349,-0.42253,-0.52064,0.11178,0.12236,-0.33628,-0.69326,-0.090721,-0.28208,-0.27689,-0.34753,-0.41005,-0.26649,-0.47752,-0.5196,-0.432,-0.29592,-0.31631,-0.36803
0.57551,0.17877,-0.37444,-0.19774,-0.019119,-0.41207,0.023783,-0.027222,0.20464,-0.095952,-0.0015127,-0.12758,-0.86491,-0.88979,-0.18471,-0.3472,-0.12822,-0.17931,-0.23565,-0.35416,-0.30785,-0.31454,-0.03827,-0.23331,0.44963,0.095006,-0.49387,-0.68923,-0.86143,-0.58706,-0.52623,-0.36818,-0.68501,-0.87814,-0.47499,-0.47544,-0.076148,-0.12971,0.54226,0,0.32749,0.41572,-0.1532,0.033199,0.014114,-0.048773,-0.28406,-0.42807,-0.060807,-0.79958,-0.90655,-0.51002,0.068757,-0.018992,-0.34185,-0.043528,0.11663,-0.18152,-0.2119,0.17965,-0.16151,-0.86351,-0.73239,-0.79743,-0.4866,-0.3216,-0.31284,-0.56921,-0.58564,-0.81199,-0.66137,-0.35187,-0.31248,-0.13062,-0.20956,0.2263,0.042502,-0.54361,-0.59485,-0.052884,-0.42381,-0.45666,-0.23493,-0.48306,-0.43883,-0.25578,-0.32624,-0.32727,-0.32732,0.084577,0.17963,-0.30497,-0.49922,-0.12415,-0.15152,-0.24426,-0.26749,-0.37694,-0.19751,-0.56866,-0.46009,-0.52645,-0.37478,-0.27295,-0.29931
0.23183,-0.1717,-0.65692,-0.35299,0.0080432,-0.54642,0.072036,-0.29455,0.10985,-0.19039,-0.14804,-0.21945,-1,-0.8831,-0.25728,-0.1871,-0.33151,-0.41456,-0.41037,-0.38953,-0.48214,-0.4756,-0.13184,-0.3935,0.25085,-0.072729,-0.59334,-0.66846,-0.68479,-0.53924,-0.4629,-0.46955,-0.80534,-0.78974,-0.4736,-0.51958,-0.19835,-0.24847,0.44344,0.32749,0,0.11601,-0.10786,-0.19782,-0.21578,-0.36757,-0.35968,-0.69095,-0.30582,-0.92821,-0.91505,-0.53327,-0.20684,-0.33004,-0.51339,-0.24044,-0.066851,-0.42795,-0.44574,0.026635,-0.10819,-0.65272,-0.66944,-0.51352,-0.42329,-0.51429,-0.56662,-0.44049,-0.55412,-0.91612,-0.7365,-0.37484,-0.45511,-0.31238,-0.44293,-0.063246,-0.23087,-0.81216,-0.80461,-0.2123,-0.55352,-0.62378,-0.30458,-0.63869,-0.60967,-0.49464,-0.39277,-0.54254,-0.62779,-0.10905,-0.097958,-0.39471,-0.53632,-0.042975,-0.13151,-0.30752,-0.31946,-0.43925,-0.19026,-0.46101,-0.51008,-0.46414,-0.2492,-0.50918,-0.43963
0.39066,0.56052,-0.27374,-0.31605,0.068204,-0.15138,-0.20531,0.045281,-0.064353,0.21161,-0.25868,-0.02373,-0.7744,-0.84583,-0.2821,-0.29346,0.14739,-0.1331,0.039963,-0.12092,-0.054097,-0.15936,0.18938,0.084624,0.071809,0.32509,-0.34409,-0.54056,-0.78319,-0.64357,-0.71484,-0.28078,-0.74704,-0.81637,-0.63735,-0.45685,-0.34932,-0.35335,0.062133,0.41572,0.11601,0,-0.33396,0.27259,-0.12057,-0.032666,-0.20917,-0.33875,0.011722,-0.83254,-0.77092,-0.51531,0.07011,0.19669,-0.36785,0.11816,0.28495,-0.17147,-0.24342,-0.12263,-0.20214,-0.99273,-0.67829,-0.88451,-0.53724,-0.30897,-0.26431,-0.61827,-0.65707,-0.64452,-0.67129,-0.54795,-0.42167,-0.15857,-0.22289,0.075934,0.1936,-0.50685,-0.50751,-0.25788,-0.48107,-0.43513,-0.28756,-0.41121,-0.41054,-0.22783,-0.25401,-0.19538,-0.18394,0.056736,0.065579,-0.43787,-0.3558,-0.25151,-0.11504,-0.18649,-0.17289,-0.13554,-0.0075368,-0.7189,-0.47076,-0.64702,-0.39265,-0.21464,-0.12133
