,,,,,,,,,,,,,,,,,,,,,,,,,,,,,,,,,,,,,,,,,,,,,,,,,,,,,,,,,,,,,,,,,,,,,,,,,,,,,,,,,,,,,,,,,,,,,,,,,,,,,,,,
0,0.096119,-0.17379,0.048479,0.24469,-0.19856,0.21073,-0.073279,0.24569,-0.081238,0.05501,-0.070743,-0.58803,-0.52085,-0.020922,-0.14693,-0.12811,-0.1954,-0.12206,-0.088706,-0.41358,-0.40512,0.0096002,-0.29935,0.11652,-0.047419,-0.29797,-0.29262,-0.38358,-0.36602,-0.45908,-0.40802,-0.38582,-0.54562,-0.23293,-0.21634,-0.054146,-0.16657,0.16939,0.23361,0.13755,0.019035,-0.073316,-0.21707,0.13095,-0.088687,-0.29923,-0.35367,0.13287,-0.39104,-0.51997,-0.21379,0.044325,-0.092878,-0.11365,0.020383,0.095218,-0.25039,-0.30333,0.25901,-0.051843,-0.5754,-0.59175,-0.53021,-0.49924,-0.28083,-0.35072,-0.32382,-0.60764,-0.47515,-0.41674,-0.31051,-0.41387,-0.12787,-0.26644,0.33901,-0.020028,-0.36265,-0.32517,-0.070798,-0.38179,-0.28722,-0.087677,-0.60542,-0.37035,-0.20581,-0.045342,-0.36255,-0.34041,0.1577,-0.1004,-0.40416,-0.54539,-0.11013,-0.2106,-0.033959,-0.1272,-0.19077,0.080711,-0.54539,-0.62946,-0.74953,-0.58324,-0.1645,-0.14908
0.096119,0,-0.17268,-0.25085,-0.059188,0.070822,-0.29311,0.11818,-0.2924,0.22849,-0.37241,-0.058882,-0.4864,-0.51025,-0.16918,0.033702,0.19492,-0.045777,0.080888,-0.079835,-0.012902,0.033377,0.21132,0.2662,-0.27715,0.032538,-0.18682,-0.3185,-0.51104,-0.55627,-0.65222,-0.25754,-0.52453,-0.50857,-0.5483,-0.18941,-0.49847,-0.44128,-0.31722,-0.085226,-0.11288,0.47508,-0.23592,0.19322,-0.17837,-0.12692,-0.18764,-0.27005,-0.0089998,-0.54166,-0.48148,-0.35048,-0.0052443,0.25361,-0.27173,0.14856,0.20508,-0.16078,-0.23091,-0.17185,0.088393,-0.57962,-0.33903,-0.39499,-0.35543,-0.26837,-0.20681,-0.55921,-0.64365,-0.34321,-0.51876,-0.48646,-0.34923,-0.20473,-0.24091,-0.12378,0.13415,-0.39375,-0.29347,-0.4225,-0.32822,-0.37717,-0.21649,-0.31264,-0.18856,-0.31224,-0.27558,-0.17813,-0.16156,-0.064659,-0.15859,-0.43256,-0.20548,-0.18641,-0.012835,-0.16204,-0.1474,-0.04998,-0.094434,-0.56902,-0.25175,-0.61789,-0.27834,-0.15857,0.01142
-0.17379,-0.17268,0,0.018992,-0.25572,-0.23652,-0.22,-0.15816,-0.1441,-0.245,-0.036208,-0.06722,-0.082665,-0.11454,-0.38807,-0.47262,-0.21002,-0.10063,-0.15175,-0.12702,-0.33253,-0.3222,-0.27879,-0.31533,-0.28772,-0.34559,-0.27221,-0.17545,-0.1353,-0.24309,-0.23946,-0.15475,0.051322,-0.15428,-0.059635,-0.073457,-0.041789,-0.077402,-0.30513,-0.36776,-0.60731,-0.37058,-0.38502,-0.39952,0.028813,-0.017393,-0.2887,-0.017559,-0.081182,0.087609,-0.14311,-0.1602,-0.27109,-0.27086,0.14017,-0.16402,-0.15403,-0.054826,-0.073996,-0.27629,-0.50696,-0.3242,-0.3915,-0.4212,-0.40186,-0.14364,-0.12157,-0.0035718,-0.14084,0.031484,-0.024224,-0.19498,-0.12067,-0.11811,-0.13966,0.0027631,-0.14718,0.19577,0.0085955,0.013834,-0.0025854,-0.013858,-0.27487,-0.15482,-0.21622,0.13202,0.045979,-0.087419,-0.067122,-0.07989,-0.21801,-0.42198,-0.4919,-0.41479,-0.4486,-0.11509,-0.15571,0.06121,-0.096597,-0.59472,-0.53135,-0.43607,-0.59725,-0.02344,0.093399
0.048479,-0.25085,0.018992,0,0.064714,-0.18223,0.085348,-0.31502,0.064898,-0.44507,0.24382,-0.21554,-0.16193,-0.073935,-0.19942,-0.47699,-0.36717,-0.11485,-0.32789,-0.30325,-0.63795,-0.56842,-0.28169,-0.55236,0.049551,-0.29622,-0.35373,-0.24331,-0.23909,-0.36403,-0.27317,-0.4396,0.020193,-0.14671,-0.064396,-0.22646,0.10619,-0.040447,0.0040435,-0.20383,-0.28206,-0.4227,-0.23532,-0.60972,0.039197,-0.12399,-0.42408,-0.23155,-0.031012,0.03758,-0.066889,0.0887,-0.29351,-0.43384,-0.12377,-0.38932,-0.33833,-0.13005,-0.15931,0.019458,-0.42577,-0.44099,-0.61013,-0.46774,-0.67526,-0.26345,-0.32964,-0.11112,-0.17615,-0.37436,-0.30561,-0.27128,-0.42694,-0.16558,-0.33539,0.13049,-0.32125,-0.069524,-0.055157,0.22552,-0.19211,0.10045,0.047003,-0.53612,-0.39359,-0.14623,-0.052284,-0.22103,-0.35558,0.059188,-0.15403,-0.51892,-0.71609,-0.38302,-0.56183,-0.1049,-0.20837,-0.11275,-0.13233,-0.41876,-0.71199,-0.39359,-0.53704,-0.19257,-0.19567
0.24469,-0.059188,-0.25572,0.064714,0,0.12955,0.027631,-0.27065,0.0086078,-0.12437,-0.048026,-0.15994,-0.36499,-0.29729,-0.19541,-0.31545,-0.13703,-0.23596,-0.031601,0.058429,-0.46171,-0.46199,0.037997,-0.24924,0.056646,0.067471,-0.17046,-0.13255,-0.29384,-0.36214,-0.35969,-0.51597,-0.27814,-0.34755,-0.25379,-0.38455,-0.12361,-0.22794,-0.11037,-0.073818,-0.067992,-0.1756,-0.29982,-0.39696,-0.16152,-0.20327,-0.39643,-0.32437,0.023654,-0.22487,-0.21286,0.026228,-0.02151,-0.059017,-0.1068,-0.22403,-0.24506,-0.35258,-0.39998,0.0029652,-0.17521,-0.5546,-0.55912,-0.61902,-0.58503,-0.29703,-0.40225,-0.29414,-0.38945,-0.45464,-0.41325,-0.43512,-0.70676,-0.27462,-0.50571,0.029634,-0.23495,-0.25054,-0.18621,-0.085079,-0.328,-0.12609,0.090354,-0.52577,-0.34122,-0.14788,0.027655,-0.39041,-0.36923,-0.18595,-0.40885,-0.57767,-0.43607,-0.28712,-0.32358,-0.11533,-0.21284,-0.25658,0.014618,-0.32241,-0.58179,-0.37873,-0.42876,-0.29226,-0.11221
-0.19856,0.070822,-0.23652,-0.18223,0.12955,0,-0.34325,-0.098784,-0.41967,-0.028151,-0.36885,-0.22143,-0.20588,-0.20105,-0.29454,-0.22803,-0.021792,-0.10255,0.090734,0.025572,-0.15738,-0.10899,0.017889,0.11923,-0.38104,0.075546,0.11174,0.026528,-0.22511,-0.35655,-0.38631,-0.24344,-0.32225,-0.25905,-0.42746,-0.36505,-0.44918,-0.48907,-0.59858,-0.4393,-0.40635,-0.12553,-0.47525,-0.18546,-0.43912,-0.22819,-0.42165,-0.2723,-0.093448,-0.23912,-0.018312,-0.0021749,-0.13625,0.10441,-0.25128,-0.25427,-0.34497,-0.37957,-0.41183,-0.42205,-0.14819,-0.36602,-0.22925,-0.35965,-0.45127,-0.29971,-0.28352,-0.38079,-0.26269,-0.2563,-0.3778,-0.60898,-0.60924,-0.40933,-0.47846,-0.30144,-0.23509,-0.2511,-0.091414,-0.44031,-0.29602,-0.050397,-0.052498,-0.32774,-0.18965,-0.23788,-0.16895,-0.30023,-0.19477,-0.43978,-0.58326,-0.52464,-0.11783,-0.35806,-0.24452,-0.21103,-0.21087,-0.1466,-0.18774,-0.22954,-0.22693,-0.16557,-0.1692,-0.19901,-0.042377
0.21073,-0.29311,-0.22,0.085348,0.027631,-0.34325,0,-0.069904,0.361,-0.43702,0.30292,-0.20753,-0.32909,-0.25215,-0.12534,-0.38102,-0.50251,-0.33098,-0.37358,-0.24413,-0.69347,-0.62629,-0.37096,-0.59563,0.051138,-0.26162,-0.29325,-0.12689,-0.087695,-0.03535,-0.05218,-0.26651,-0.13687,-0.31661,0.1894,-0.1021,0.2778,0.0057589,0.16928,-0.019972,-0.11004,-0.38818,0.11768,-0.41056,0.22106,-0.056915,-0.32236,-0.31128,0.022399,-0.15237,-0.28947,-0.066736,-0.079939,-0.36254,-0.035381,-0.25201,-0.24155,-0.34853,-0.31413,0.1046,-0.22195,-0.21872,-0.36485,-0.30968,-0.32956,-0.23382,-0.34745,-0.076777,-0.33172,-0.2641,-0.13979,-0.035938,-0.2465,-0.11536,-0.20865,0.25183,-0.27513,-0.23346,-0.21206,-0.030222,-0.29419,-0.18814,0.0041231,-0.58982,-0.27871,-0.12556,0.0001164,-0.40917,-0.3664,-0.021406,-0.23696,-0.18792,-0.55833,-0.078609,-0.3211,-0.060028,-0.12563,-0.32523,-0.11197,-0.26147,-0.53286,-0.53114,-0.65011,-0.25897,-0.31812
-0.073279,0.11818,-0.15816,-0.31502,-0.27065,-0.098784,-0.069904,0,-0.21878,-0.10195,-0.26158,-0.15797,-0.37576,-0.40556,-0.21812,-0.1059,-0.22104,-0.21098,-0.079724,-0.17942,-0.13284,-0.096162,-0.20382,-0.026393,-0.46115,-0.14966,-0.017295,-0.071803,-0.1403,-0.10283,-0.23582,0.22285,-0.4116,-0.4613,-0.20523,0.01183,-0.33756,-0.38353,-0.38134,-0.25288,-0.33075,0.0083076,-0.007119,0.22309,-0.11089,-0.029836,-0.31154,-0.31175,0.09373,-0.41016,-0.39281,-0.23952,0.068384,0.058306,-0.12137,0.10674,-0.011555,-0.38133,-0.37542,-0.32629,-0.0019176,-0.17538,-0.010752,-0.12912,-0.12259,-0.29056,-0.24952,-0.33165,-0.42621,-0.082218,-0.17919,-0.29672,-0.11137,-0.24326,-0.11805,-0.11387,-0.0425,-0.34951,-0.24008,-0.51724,-0.33235,-0.21399,-0.27193,-0.30481,-0.022092,-0.20004,-0.1837,-0.3534,-0.11868,-0.2146,-0.33624,-0.1228,-0.13521,-0.072391,-0.048228,-0.10948,-0.041979,-0.13592,-0.19957,-0.34215,-0.090819,-0.53922,-0.34682,-0.01161,-0.13228
0.24569,-0.2924,-0.1441,0.064898,0.0086078,-0.41967,0.361,-0.21878,0,-0.27098,0.42956,-0.084956,-0.47571,-0.40738,-0.022607,-0.39873,-0.29947,-0.18879,-0.2889,-0.10497,-0.54005,-0.52698,-0.28653,-0.59448,0.30645,-0.13516,-0.44028,-0.3245,-0.23991,-0.18742,-0.18618,-0.39765,-0.25388,-0.46918,-0.0051708,-0.34107,0.266,-0.070326,0.25879,0.10914,-0.082359,-0.3428,-0.038989,-0.52009,0.23987,-0.13369,-0.33978,-0.30526,0.049625,-0.24534,-0.42744,-0.21113,-0.14381,-0.33391,-0.059832,-0.28358,-0.22196,-0.34627,-0.33508,0.28271,-0.30457,-0.37546,-0.51665,-0.5845,-0.56168,-0.29525,-0.36115,-0.083688,-0.40241,-0.34224,-0.21345,-0.11484,-0.30967,-0.13181,-0.22724,0.35114,-0.15607,-0.24386,-0.26771,0.060922,-0.35653,-0.20329,-0.0586,-0.65438,-0.40085,-0.12146,0.045832,-0.44045,-0.44839,0.056352,-0.13277,-0.31733,-0.72629,-0.19877,-0.42114,-0.019476,-0.14618,-0.28692,0.043321,-0.43248,-0.72638,-0.50541,-0.60014,-0.17463,-0.26792
-0.081238,0.22849,-0.245,-0.44507,-0.12437,-0.028151,-0.43702,-0.10195,-0.27098,0,-0.42661,0.174,-0.47033,-0.51234,-0.094501,0.11214,0.35359,-0.14501,0.32927,0.24298,0.1213,-0.033077,0.33466,0.27706,-0.34208,0.17267,-0.11052,-0.25023,-0.35476,-0.37487,-0.58603,-0.26813,-0.54436,-0.48675,-0.58378,-0.3144,-0.50944,-0.46995,-0.44839,-0.19865,-0.17722,0.19855,-0.47838,0.010213,-0.30476,-0.17004,-0.18245,-0.24829,-0.13677,-0.54418,-0.49494,-0.4879,-0.12851,0.13125,-0.29441,-0.01966,-0.0035595,-0.36244,-0.45885,-0.25497,0.12342,-0.47109,-0.20627,-0.55639,-0.42063,-0.25643,-0.2066,-0.3903,-0.48942,-0.27472,-0.35995,-0.46885,-0.33656,-0.20025,-0.1972,-0.23463,0.24167,-0.37396,-0.2626,-0.52694,-0.28753,-0.48713,-0.29577,-0.20991,-0.085912,-0.25803,-0.095751,-0.31217,-0.30079,-0.23221,-0.30478,-0.4444,-0.13386,-0.25202,0.02178,-0.15941,-0.11265,-0.06975,0.085679,-0.65024,-0.30527,-0.48452,-0.28859,-0.17223,0.090685
0.05501,-0.37241,-0.036208,0.24382,-0.048026,-0.36885,0.30292,-0.26158,0.42956,-0.42661,0,-0.045685,-0.21208,-0.15044,-0.062803,-0.5906,-0.34175,-0.096689,-0.30298,-0.16086,-0.61907,-0.59239,-0.37524,-0.62514,0.17314,-0.21513,-0.33,-0.19569,-0.17732,-0.12909,-0.10699,-0.40442,0.0043805,-0.21858,0.08484,-0.24562,0.49285,0.16127,0.092884,-0.086966,-0.31869,-0.54355,-0.14468,-0.68873,0.34275,0.012137,-0.41829,-0.14382,-0.023752,0.044785,-0.14841,-0.10538,-0.1483,-0.39095,0.02026,-0.36198,-0.3258,-0.17991,-0.13774,0.19412,-0.41827,-0.28249,-0.5161,-0.53316,-0.58434,-0.10983,-0.19327,0.078327,-0.17769,-0.2343,-0.094765,0.051885,-0.21885,-0.0021627,-0.14382,0.39801,-0.20047,0.015598,-0.022723,0.30655,-0.13502,-0.066221,0.09762,-0.50101,-0.3525,0.073855,0.031257,-0.29585,-0.35578,0.035038,-0.15272,-0.43264,-0.92667,-0.39514,-0.62692,-0.21479,-0.31409,-0.33836,-0.18139,-0.36194,-0.67746,-0.40825,-0.70497,-0.27313,-0.32055
-0.070743,-0.058882,-0.06722,-0.21554,-0.15994,-0.22143,-0.20753,-0.15797,-0.084956,0.174,-0.045685,0,-0.18494,-0.19214,-0.043676,-0.22462,0.10079,-0.15595,0.23573,0.19468,-0.11789,-0.35669,0.11669,-0.028936,-0.22354,0.057093,-0.095678,-0.13131,-0.18095,-0.15483,-0.33399,-0.29253,-0.16347,-0.18092,-0.27474,-0.089233,-0.15697,-0.063164,-0.29862,-0.20064,-0.31974,-0.18166,-0.4518,-0.27707,0.024966,0.19165,-0.15302,0.045918,-0.08196,-0.16431,-0.26459,-0.4022,-0.073573,-0.10686,-0.088154,-0.11786,-0.08272,-0.1651,-0.22859,-0.081005,-0.063048,-0.33942,-0.20981,-0.65831,-0.44102,0.064984,0.037905,-0.039001,-0.15852,-0.094281,-0.070822,-0.061976,-0.090562,0.20539,0.078971,-0.0048154,0.29567,0.0018318,0.079577,-0.1709,0.085342,-0.37998,-0.10168,-0.061957,0.059936,0.12555,0.12461,-0.16809,-0.29326,-0.041801,-0.22041,-0.52757,-0.47077,-0.43768,-0.23821,-0.2784,-0.22735,-0.14172,-0.022086,-0.65161,-0.39169,-0.51602,-0.5502,-0.33446,0.031092
-0.58803,-0.4864,-0.082665,-0.16193,-0.36499,-0.20588,-0.32909,-0.37576,-0.47571,-0.47033,-0.21208,-0.18494,0,0.99773,-0.41948,-0.51514,-0.42946,-0.28853,-0.24195,-0.25603,-0.42455,-0.47386,-0.4225,-0.31251,-0.50305,-0.44597,-0.097828,0.065633,0.069266,-0.071031,-0.00088834,-0.21643,0.52507,0.90816,-0.015641,-0.017185,-0.16208,-0.012167,-0.56792,-0.76403,-0.85889,-0.73342,-0.53537,-0.54935,-0.26499,-0.04767,-0.23512,0.051297,-0.37536,0.44145,0.39966,-0.071815,-0.40126,-0.45331,-0.10286,-0.54962,-0.60684,-0.12006,-0.10389,-0.50218,-0.40908,0.033567,-0.087107,-0.19234,-0.1857,0.0087425,-0.022337,0.089147,0.29564,0.16747,0.14879,0.0064328,-0.084344,-0.062901,-0.12578,-0.35674,-0.40278,0.39715,0.43581,-0.18465,0.21174,-0.1441,-0.10766,0.068115,0.064396,0.034382,-0.07875,0.021155,-0.17472,-0.34807,-0.42021,-0.35834,-0.29588,-0.53459,-0.4752,-0.3292,-0.27418,-0.15316,-0.38035,-0.20832,-0.25588,-0.12882,-0.4278,-0.45796,-0.17777
-0.52085,-0.51025,-0.11454,-0.073935,-0.29729,-0.20105,-0.25215,-0.40556,-0.40738,-0.51234,-0.15044,-0.19214,0.99773,0,-0.37564,-0.54523,-0.48777,-0.32728,-0.29012,-0.28537,-0.51789,-0.55718,-0.43316,-0.36726,-0.43669,-0.44123,-0.11193,0.072538,0.080055,-0.067049,0.029089,-0.26912,0.6041,1,0.03448,-0.031882,-0.09199,0.039822,-0.47482,-0.68826,-0.74047,-0.7735,-0.48238,-0.61265,-0.23905,-0.052235,-0.24057,0.0045214,-0.35716,0.49444,0.47251,0.0054894,-0.41965,-0.5102,-0.13307,-0.615,-0.63838,-0.13271,-0.12385,-0.43979,-0.41141,0.013907,-0.11382,-0.20995,-0.21357,0.0013356,-0.056646,0.090237,0.36364,0.11354,0.13654,0.013962,-0.12447,-0.065468,-0.15813,-0.33743,-0.45381,0.33295,0.41951,-0.13872,0.19087,-0.099893,-0.052523,-0.025866,0.0055629,0.0026773,-0.067606,-0.02083,-0.2322,-0.31114,-0.41529,-0.35216,-0.33495,-0.54148,-0.51829,-0.31102,-0.26554,-0.16706,-0.37183,-0.16722,-0.30363,-0.11538,-0.42612,-0.47068,-0.20526
-0.020922,-0.16918,-0.38807,-0.19942,-0.19541,-0.29454,-0.12534,-0.21812,-0.022607,-0.094501,-0.062803,-0.043676,-0.41948,-0.37564,0,0.0054342,-0.15463,-0.049717,-0.17717,-0.14672,-0.27874,-0.24541,-0.14881,-0.24951,-0.12674,-0.043768,-0.15867,-0.2359,-0.2886,-0.22579,-0.37754,-0.33062,-0.35626,-0.35816,-0.29133,-0.33293,-0.1052,-0.18163,-0.11357,-0.079479,-0.12261,-0.19716,-0.22794,-0.33749,-0.023305,-0.004356,-0.31095,-0.35041,-0.09955,-0.37578,-0.40187,-0.38721,-0.26419,-0.28285,-0.47573,-0.38476,-0.25609,-0.2802,-0.29674,0.024194,0.017638,-0.20161,-0.25896,-0.3679,-0.47809,-0.18846,-0.17202,-0.23147,-0.34502,-0.3418,-0.26572,-0.13503,-0.22544,-0.052633,-0.038217,-0.064488,-0.064243,-0.38502,-0.19322,-0.31836,-0.39109,-0.41652,-0.074658,-0.61201,-0.32856,-0.37375,-0.23022,-0.31146,-0.4473,0.066105,-0.046954,-0.26942,-0.46,-0.25089,-0.31483,-0.12369,-0.1224,-0.21505,-0.14251,-0.35538,-0.36259,-0.4099,-0.33776,-0.24879,-0.34553
-0.14693,0.033702,-0.47262,-0.47699,-0.31545,-0.22803,-0.38102,-0.1059,-0.39873,0.11214,-0.5906,-0.22462,-0.51514,-0.54523,0.0054342,0,-0.11199,-0.25687,-0.13817,-0.22389,-0.045967,-0.03649,-0.0056241,-0.023348,-0.457,-0.18705,-0.16227,-0.27815,-0.32828,-0.35445,-0.62934,-0.16313,-0.57858,-0.46753,-0.54203,-0.20218,-0.54157,-0.51045,-0.34416,-0.22387,-0.02442,0.15741,-0.32258,0.10445,-0.36754,-0.24571,-0.17074,-0.46433,-0.29392,-0.67585,-0.59466,-0.57104,-0.34394,-0.20832,-0.60267,-0.12177,-0.062821,-0.3936,-0.46549,-0.33643,0.28067,-0.28774,-0.13135,-0.14984,-0.25284,-0.36962,-0.31817,-0.45869,-0.59405,-0.42217,-0.45613,-0.46245,-0.27145,-0.25423,-0.14631,-0.32963,-0.017461,-0.66348,-0.44862,-0.7372,-0.48535,-0.66612,-0.42614,-0.39985,-0.19215,-0.63542,-0.3294,-0.30421,-0.33867,-0.17978,-0.14884,-0.16833,-0.020254,0.053172,0.23238,-0.080441,0.026185,-0.077684,-0.065615,-0.53114,-0.21276,-0.58692,-0.25408,-0.19899,-0.19808
-0.12811,0.19492,-0.21002,-0.36717,-0.13703,-0.021792,-0.50251,-0.22104,-0.29947,0.35359,-0.34175,0.10079,-0.42946,-0.48777,-0.15463,-0.11199,0,0.103,0.27645,0.17828,0.26261,0.029959,0.3338,0.23762,-0.19275,0.25573,-0.18417,-0.35493,-0.53612,-0.54495,-0.73878,-0.42898,-0.49674,-0.4537,-0.67154,-0.4033,-0.50686,-0.48976,-0.40531,-0.17163,-0.25091,0.11633,-0.55536,-0.1342,-0.25815,-0.16173,-0.16783,-0.048559,-0.13668,-0.47939,-0.41554,-0.51461,-0.089833,0.18644,-0.28334,-0.033316,-0.0081544,-0.13612,-0.20792,-0.18498,-0.098484,-0.64647,-0.42036,-0.70239,-0.59421,-0.15121,-0.074364,-0.43575,-0.49426,-0.37901,-0.48784,-0.47001,-0.4179,-0.13462,-0.20295,-0.16371,0.3047,-0.27798,-0.22431,-0.33522,-0.26336,-0.42193,-0.2085,-0.20602,-0.21892,-0.19928,-0.21394,-0.11795,-0.13898,-0.16079,-0.1827,-0.68608,-0.35759,-0.40682,-0.19722,-0.32827,-0.35597,-0.16637,-0.052167,-0.65124,-0.33528,-0.43564,-0.29933,-0.25048,0.0021688
-0.1954,-0.045777,-0.10063,-0.11485,-0.23596,-0.10255,-0.33098,-0.21098,-0.18879,-0.14501,-0.096689,-0.15595,-0.28853,-0.32728,-0.049717,-0.25687,0.103,0,-0.14647,-0.091947,-0.12216,0.052755,-0.21905,-0.1704,-0.10574,-0.02858,-0.31972,-0.36602,-0.47016,-0.51544,-0.50092,-0.32163,-0.29984,-0.35076,-0.42542,-0.44553,-0.22768,-0.32934,-0.30513,-0.24806,-0.43812,-0.21333,-0.35229,-0.36607,-0.086739,-0.12485,-0.40583,-0.16014,-0.13299,-0.28696,-0.23591,-0.3382,-0.3095,-0.15799,-0.3419,-0.30857,-0.25253,-0.080705,-0.034088,-0.18141,-0.35451,-0.42674,-0.47661,-0.46965,-0.72691,-0.23794,-0.13575,-0.23343,-0.42141,-0.31859,-0.42294,-0.30045,-0.32566,-0.1612,-0.18036,-0.019654,-0.022742,-0.19104,-0.14618,-0.17626,-0.34301,-0.22924,0.017295,-0.4823,-0.42628,-0.24,-0.30637,-0.097516,-0.21699,-0.071576,-0.046972,-0.58496,-0.50549,-0.41943,-0.44868,-0.28239,-0.35583,-0.14122,-0.23326,-0.48382,-0.38569,-0.35826,-0.31213,-0.18381,-0.24542
-0.12206,0.080888,-0.15175,-0.32789,-0.031601,0.090734,-0.37358,-0.079724,-0.2889,0.32927,-0.30298,0.23573,-0.24195,-0.29012,-0.17717,-0.13817,0.27645,-0.14647,0,0.39507,0.088148,-0.21904,0.37552,0.25722,-0.34808,0.27048,0.11038,-0.062668,-0.21252,-0.25278,-0.43077,-0.19261,-0.34399,-0.28304,-0.44743,-0.22881,-0.4453,-0.38304,-0.53226,-0.31438,-0.3536,-0.00012866,-0.58442,-0.11247,-0.26558,0.0046194,-0.297,-0.10186,0.067863,-0.29035,-0.28956,-0.28712,0.11893,0.28837,-0.062484,0.0084423,-0.12012,-0.31983,-0.40422,-0.2768,-0.013705,-0.41177,-0.21701,-0.62009,-0.43011,-0.16779,-0.16015,-0.24482,-0.2699,-0.19986,-0.24084,-0.40053,-0.38304,-0.12932,-0.20517,-0.15223,0.15235,-0.1181,-0.0035779,-0.35946,-0.17251,-0.27055,-0.15902,-0.0763,0.065339,0.028948,0.077402,-0.24696,-0.20661,-0.24501,-0.4268,-0.60692,-0.26955,-0.39718,-0.17358,-0.20046,-0.17641,-0.07353,0.035638,-0.5388,-0.24947,-0.39581,-0.34097,-0.22065,0.13223
-0.088706,-0.079835,-0.12702,-0.30325,0.058429,0.025572,-0.24413,-0.17942,-0.10497,0.24298,-0.16086,0.19468,-0.25603,-0.28537,-0.14672,-0.22389,0.17828,-0.091947,0.39507,0,-0.083492,-0.22767,0.09852,-0.0077133,-0.20127,0.31493,0.0068372,-0.0061143,-0.15144,-0.16785,-0.34949,-0.27545,-0.25866,-0.30172,-0.28956,-0.32297,-0.20351,-0.27758,-0.39414,-0.24463,-0.37296,-0.18711,-0.52488,-0.31684,-0.15188,0.0013049,-0.26795,-0.070657,-0.024328,-0.23283,-0.23708,-0.28666,-0.052137,0.049435,-0.048926,-0.15569,-0.2001,-0.34186,-0.3821,-0.24566,-0.16367,-0.37873,-0.26981,-0.72925,-0.51888,-0.10629,-0.12541,-0.11259,-0.28446,-0.1303,-0.13222,-0.29162,-0.35677,-0.086078,-0.17224,-0.048332,0.10664,-0.08802,-0.020138,-0.27448,-0.17369,-0.26831,-0.06798,-0.22952,-0.084025,0.081893,0.26307,-0.2636,-0.20549,-0.25655,-0.41874,-0.58009,-0.33624,-0.40123,-0.27392,-0.16534,-0.18754,-0.15294,0.14428,-0.50647,-0.43205,-0.39386,-0.47043,-0.22599,0.080631
-0.41358,-0.012902,-0.33253,-0.63795,-0.46171,-0.15738,-0.69347,-0.13284,-0.54005,0.1213,-0.61907,-0.11789,-0.42455,-0.51789,-0.27874,-0.045967,0.26261,-0.12216,0.088148,-0.083492,0,0.15606,0.094863,0.28648,-0.45494,0.0524,-0.12172,-0.34664,-0.42213,-0.3998,-0.62524,-0.1679,-0.59692,-0.46677,-0.6764,-0.3284,-0.75175,-0.72589,-0.58734,-0.32878,-0.34457,0.086378,-0.51833,0.059972,-0.43751,-0.21818,-0.11283,-0.094796,-0.22673,-0.60174,-0.4818,-0.66599,-0.18095,0.075038,-0.40937,-0.056468,-0.094403,-0.25401,-0.30626,-0.4582,-0.13684,-0.43593,-0.13924,-0.42244,-0.35741,-0.23192,-0.10662,-0.52805,-0.39537,-0.33031,-0.44369,-0.52934,-0.30584,-0.25476,-0.15773,-0.43442,0.13507,-0.4181,-0.33972,-0.62862,-0.32369,-0.44144,-0.48598,-0.083823,-0.0961,-0.35283,-0.368,-0.15186,-0.055659,-0.33255,-0.26139,-0.43216,-0.17433,-0.32256,-0.072471,-0.3558,-0.2962,-0.20974,-0.20482,-0.50882,-0.0039639,-0.33046,-0.10379,-0.22763,-0.076826
-0.40512,0.033377,-0.3222,-0.56842,-0.46199,-0.10899,-0.62629,-0.096162,-0.52698,-0.033077,-0.59239,-0.35669,-0.47386,-0.55718,-0.24541,-0.03649,0.029959,0.052755,-0.21904,-0.22767,0.15606,0,-0.223,0.077114,-0.4362,-0.13416,-0.24961,-0.38045,-0.5766,-0.54766,-0.65569,-0.2088,-0.59186,-0.54348,-0.68259,-0.46292,-0.59529,-0.60079,-0.49513,-0.26219,-0.37432,0.024426,-0.34098,0.018471,-0.40716,-0.32786,-0.24107,-0.31235,-0.38802,-0.61556,-0.399,-0.61366,-0.37198,-0.061094,-0.57306,-0.19434,-0.13624,-0.20263,-0.17858,-0.50845,-0.22332,-0.36642,-0.20709,-0.24052,-0.32833,-0.29496,-0.12289,-0.59438,-0.58454,-0.30186,-0.48747,-0.49665,-0.22887,-0.34986,-0.18543,-0.40953,-0.04748,-0.50853,-0.41677,-0.65574,-0.4104,-0.38676,-0.4579,-0.35167,-0.36216,-0.52273,-0.54366,-0.13929,-0.049257,-0.36351,-0.14533,-0.3341,-0.10357,-0.31815,-0.19096,-0.34686,-0.2989,-0.28773,-0.38592,-0.3968,-0.10206,-0.35074,-0.085422,-0.19681,-0.30451
0.0096002,0.21132,-0.27879,-0.28169,0.037997,0.017889,-0.37096,-0.20382,-0.28653,0.33466,-0.37524,0.11669,-0.4225,-0.43316,-0.14881,-0.0056241,0.3338,-0.21905,0.37552,0.09852,0.094863,-0.223,0,0.21432,-0.20641,0.21368,-0.089637,-0.26136,-0.3977,-0.44583,-0.66388,-0.41096,-0.47019,-0.39048,-0.57573,-0.266,-0.50652,-0.45018,-0.34042,-0.13952,-0.062723,0.20055,-0.5331,-0.078756,-0.27832,-0.11662,-0.12612,-0.13513,-0.04783,-0.44686,-0.44104,-0.41349,-0.0039455,0.15763,-0.25664,-0.00097412,-0.005765,-0.24174,-0.36356,-0.11713,0.091971,-0.61933,-0.35413,-0.64138,-0.49914,-0.19194,-0.19498,-0.45337,-0.41647,-0.45964,-0.49646,-0.51956,-0.50898,-0.14302,-0.26832,-0.18301,0.17852,-0.32873,-0.22045,-0.36023,-0.23984,-0.42859,-0.24139,-0.18856,-0.082518,-0.23713,-0.11175,-0.20957,-0.24304,-0.13329,-0.27419,-0.60301,-0.32068,-0.27003,-0.028262,-0.19149,-0.17442,-0.12909,0.06556,-0.61529,-0.30494,-0.47923,-0.30292,-0.30965,0.11477
-0.29935,0.2662,-0.31533,-0.55236,-0.24924,0.11923,-0.59563,-0.026393,-0.59448,0.27706,-0.62514,-0.028936,-0.31251,-0.36726,-0.24951,-0.023348,0.23762,-0.1704,0.25722,-0.0077133,0.28648,0.077114,0.21432,0,-0.54595,0.10647,0.01531,-0.20513,-0.3855,-0.40646,-0.52225,-0.16551,-0.50611,-0.33907,-0.63998,-0.22148,-0.74326,-0.5439,-0.66699,-0.34498,-0.31892,0.20457,-0.45192,0.19976,-0.43076,-0.14651,-0.15003,-0.17133,-0.1625,-0.50131,-0.3482,-0.40558,-0.064598,0.29945,-0.35709,-0.010868,-0.04544,-0.23968,-0.30507,-0.4523,0.045734,-0.40673,-0.068739,-0.36872,-0.21916,-0.19293,-0.10903,-0.52065,-0.36107,-0.19772,-0.37889,-0.46861,-0.30714,-0.23966,-0.22214,-0.44607,0.039124,-0.33123,-0.20431,-0.64047,-0.23963,-0.4182,-0.28278,-0.028176,-0.0094042,-0.26639,-0.32107,-0.16151,-0.13072,-0.33325,-0.38045,-0.42715,-0.008234,-0.35741,-0.032281,-0.34812,-0.25788,-0.12554,-0.23571,-0.38411,0.05009,-0.33216,-0.07111,-0.28397,0.0050421
0.11652,-0.27715,-0.28772,0.049551,0.056646,-0.38104,0.051138,-0.46115,0.30645,-0.34208,0.17314,-0.22354,-0.50305,-0.43669,-0.12674,-0.457,-0.19275,-0.10574,-0.34808,-0.20127,-0.45494,-0.4362,-0.20641,-0.54595,0,-0.076171,-0.62144,-0.53817,-0.54381,-0.5058,-0.40281,-0.71973,-0.31855,-0.45878,-0.25789,-0.54882,0.048069,-0.15647,0.36266,0.259,0.039694,-0.29337,-0.17307,-0.60502,0.05286,-0.257,-0.28838,-0.27049,-0.11974,-0.31,-0.42198,-0.31849,-0.20861,-0.31112,-0.22613,-0.36077,-0.26051,-0.18844,-0.1642,0.3444,-0.41568,-0.61438,-0.82296,-0.71165,-0.72116,-0.29869,-0.3382,-0.27108,-0.50057,-0.61597,-0.51633,-0.22333,-0.50592,-0.16323,-0.35572,0.17753,-0.19205,-0.29134,-0.34467,0.15131,-0.38637,-0.29103,-0.046561,-0.66944,-0.57068,-0.25878,-0.19981,-0.27782,-0.43502,0.036428,-0.0031674,-0.55231,-0.9195,-0.29254,-0.47768,-0.19741,-0.33928,-0.4265,-0.11541,-0.42558,-0.67232,-0.42807,-0.43265,-0.43507,-0.37652
-0.047419,0.032538,-0.34559,-0.29622,0.067471,0.075546,-0.26162,-0.14966,-0.13516,0.17267,-0.21513,0.057093,-0.44597,-0.44123,-0.043768,-0.18705,0.25573,-0.02858,0.27048,0.31493,0.0524,-0.13416,0.21368,0.10647,-0.076171,0,-0.074419,-0.20485,-0.37206,-0.35733,-0.48492,-0.32006,-0.4956,-0.46022,-0.49182,-0.4665,-0.33449,-0.43449,-0.29087,-0.064647,-0.16622,0.010519,-0.3976,-0.20685,-0.20607,-0.060812,-0.30084,-0.20211,0.072875,-0.4546,-0.35711,-0.3355,0.0055751,0.16556,-0.28886,-0.15586,-0.17149,-0.34489,-0.37368,-0.17403,-0.14027,-0.52853,-0.3127,-0.7538,-0.60287,-0.2286,-0.20476,-0.33234,-0.38191,-0.38048,-0.41641,-0.4128,-0.50487,-0.17076,-0.26327,-0.10408,0.098153,-0.32171,-0.18938,-0.33518,-0.36269,-0.27619,-0.026607,-0.38365,-0.22082,-0.1666,-0.090709,-0.29393,-0.2989,-0.19496,-0.31128,-0.65939,-0.39728,-0.39371,-0.26822,-0.244,-0.26212,-0.24966,-0.023048,-0.42005,-0.2538,-0.3538,-0.20061,-0.32108,-0.11447
-0.29797,-0.18682,-0.27221,-0.35373,-0.17046,0.11174,-0.29325,-0.017295,-0.44028,-0.11052,-0.33,-0.095678,-0.097828,-0.11193,-0.15867,-0.16227,-0.18417,-0.31972,0.11038,0.0068372,-0.12172,-0.24961,-0.089637,0.01531,-0.62144,-0.074419,0,0.52103,0.07388,0.07562,-0.25088,-0.042763,-0.18625,-0.12588,-0.23706,-0.089778,-0.33784,-0.30638,-0.63817,-0.52269,-0.53067,-0.27688,-0.49895,-0.17102,-0.34051,0.030185,-0.35136,-0.14916,-0.13861,-0.13765,-0.010115,-0.15519,-0.063201,-0.05906,-0.19087,-0.19501,-0.31517,-0.37673,-0.42,-0.49291,-0.03924,-0.059525,0.046941,-0.23247,-0.23364,-0.037966,-0.067171,-0.21252,-0.035411,-0.055684,-0.016946,-0.32215,-0.25126,-0.17921,-0.12422,-0.30472,-0.14848,-0.171,0.048902,-0.50211,-0.12137,-0.12142,-0.22791,-0.15434,0.050152,-0.090758,-0.039871,-0.28154,-0.057013,-0.41701,-0.57905,-0.32963,-0.14226,-0.37886,-0.25718,-0.28139,-0.19778,-0.23771,-0.24243,-0.2135,-0.14151,-0.24908,-0.37945,-0.1939,-0.12534
-0.29262,-0.3185,-0.17545,-0.24331,-0.13255,0.026528,-0.12689,-0.071803,-0.3245,-0.25023,-0.19569,-0.13131,0.065633,0.072538,-0.2359,-0.27815,-0.35493,-0.36602,-0.062668,-0.0061143,-0.34664,-0.38045,-0.26136,-0.20513,-0.53817,-0.20485,0.52103,0,0.3117,0.238,-0.087529,-0.048847,0.043235,0.026577,-0.0124,-0.027134,-0.12138,-0.13919,-0.52595,-0.54765,-0.59912,-0.48008,-0.45435,-0.34266,-0.24314,0.053,-0.33114,-0.12478,-0.19944,0.083106,0.16911,-0.062454,-0.18022,-0.24502,-0.081734,-0.31775,-0.42417,-0.38579,-0.38803,-0.49361,-0.16553,0.082346,0.039767,-0.17924,-0.19903,-0.00024506,-0.069193,-0.00031245,0.049686,0.10082,0.19665,-0.17117,-0.17442,-0.13088,-0.101,-0.21589,-0.24905,-0.023563,0.16918,-0.38406,-0.023207,-0.084123,-0.169,-0.18903,0.046127,0.0024016,0.12747,-0.25736,-0.089692,-0.41672,-0.58645,-0.27441,-0.19416,-0.33178,-0.30963,-0.1997,-0.12547,-0.23095,-0.2051,-0.19654,-0.28308,-0.2633,-0.53393,-0.24981,-0.14573
-0.38358,-0.51104,-0.1353,-0.23909,-0.29384,-0.22511,-0.087695,-0.1403,-0.23991,-0.35476,-0.17732,-0.18095,0.069266,0.080055,-0.2886,-0.32828,-0.53612,-0.47016,-0.21252,-0.15144,-0.42213,-0.5766,-0.3977,-0.3855,-0.54381,-0.37206,0.07388,0.3117,0,0.569,0.22958,0.097699,0.057767,0.022686,0.25021,0.025958,-0.078499,-0.18593,-0.50597,-0.69615,-0.60297,-0.63811,-0.34072,-0.41091,-0.24235,-0.081452,-0.30227,-0.16664,-0.17715,0.091689,-0.0063409,-0.030338,-0.31947,-0.43654,-0.050746,-0.43281,-0.55143,-0.54028,-0.53325,-0.46078,-0.2487,0.24637,0.15081,-0.10428,-0.14857,-0.20453,-0.27698,0.1671,0.16992,0.1602,0.32412,-0.12137,-0.15443,-0.24496,-0.18292,-0.29431,-0.3986,-0.049392,0.014201,-0.37075,-0.12972,-0.14444,-0.21306,-0.16834,0.080343,-0.059642,0.11552,-0.40575,-0.27969,-0.41606,-0.66255,-0.044944,-0.16328,-0.16672,-0.22707,-0.062711,0.0052443,-0.10856,-0.12224,-0.15711,-0.25867,-0.16756,-0.46734,-0.1452,-0.077678
-0.36602,-0.55627,-0.24309,-0.36403,-0.36214,-0.35655,-0.03535,-0.10283,-0.18742,-0.37487,-0.12909,-0.15483,-0.071031,-0.067049,-0.22579,-0.35445,-0.54495,-0.51544,-0.25278,-0.16785,-0.3998,-0.54766,-0.44583,-0.40646,-0.5058,-0.35733,0.07562,0.238,0.569,0,0.25588,0.063599,-0.044289,-0.10462,0.25524,0.02295,-0.029279,-0.11403,-0.42016,-0.53045,-0.53592,-0.62399,-0.22495,-0.36396,-0.16308,-0.040913,-0.29402,-0.16035,-0.21106,-0.02371,-0.12274,-0.16909,-0.21314,-0.40268,-0.060052,-0.35778,-0.45429,-0.51419,-0.47972,-0.37306,-0.22052,0.27336,0.16342,-0.12575,-0.082977,-0.11221,-0.20387,0.088975,0.081758,0.12673,0.38416,0.012302,-0.032789,-0.17769,-0.07815,-0.2645,-0.33491,-0.1213,-0.078303,-0.36312,-0.11892,-0.22925,-0.24796,-0.16775,0.046206,-0.028164,0.019672,-0.45283,-0.24664,-0.41786,-0.60877,0.015567,-0.2182,-0.19424,-0.24734,-0.21681,-0.14812,-0.32289,-0.24434,-0.098012,-0.20168,-0.21736,-0.51422,-0.20492,-0.2163
-0.45908,-0.65222,-0.23946,-0.27317,-0.35969,-0.38631,-0.05218,-0.23582,-0.18618,-0.58603,-0.10699,-0.33399,-0.00088834,0.029089,-0.37754,-0.62934,-0.73878,-0.50092,-0.43077,-0.34949,-0.62524,-0.65569,-0.66388,-0.52225,-0.40281,-0.48492,-0.25088,-0.087529,0.22958,0.25588,0,-0.042304,-0.019556,-0.055806,0.31947,-0.1388,-0.044111,-0.10724,-0.39312,-0.57237,-0.55374,-0.77375,-0.081697,-0.47009,-0.23117,-0.25822,-0.38763,-0.28695,-0.21589,0.030988,-0.091303,0.058857,-0.27638,-0.44543,-0.033347,-0.52955,-0.64307,-0.52119,-0.43764,-0.33706,-0.41289,0.19259,0.0091653,-0.093215,-0.027373,-0.32769,-0.40681,0.049147,0.086892,0.11373,0.18604,0.030216,-0.15492,-0.37173,-0.3526,-0.36414,-0.66475,-0.062196,-0.12929,-0.24371,-0.21804,-0.1528,-0.12059,-0.19574,-0.11689,-0.069279,-0.16556,-0.51258,-0.43353,-0.46836,-0.67019,0.055972,-0.20906,-0.244,-0.37879,-0.23141,-0.22548,-0.31548,-0.38555,0.15654,-0.15994,0.0090611,-0.29275,-0.26876,-0.30311
-0.40802,-0.25754,-0.15475,-0.4396,-0.51597,-0.24344,-0.26651,0.22285,-0.39765,-0.26813,-0.40442,-0.29253,-0.21643,-0.26912,-0.33062,-0.16313,-0.42898,-0.32163,-0.19261,-0.27545,-0.1679,-0.2088,-0.41096,-0.16551,-0.71973,-0.32006,-0.042763,-0.048847,0.097699,0.063599,-0.042304,0,-0.31565,-0.30139,-0.14549,-0.021032,-0.36171,-0.39981,-0.56707,-0.5387,-0.52144,-0.2543,-0.17307,0.016578,-0.30774,-0.13666,-0.42914,-0.38413,-0.088044,-0.29129,-0.31223,-0.21855,-0.22301,-0.21897,-0.20282,-0.12483,-0.26965,-0.53522,-0.48648,-0.64252,-0.24949,0.049355,0.1932,0.023722,-0.023042,-0.42652,-0.37744,-0.10734,-0.17672,0.035374,-0.037678,-0.26881,-0.071858,-0.37886,-0.18049,-0.34508,-0.29133,-0.28635,-0.25168,-0.57239,-0.36616,-0.20067,-0.3747,-0.18886,-0.053503,-0.21042,-0.21394,-0.42923,-0.25284,-0.40196,-0.48677,-0.02488,-0.011861,-0.10476,-0.10096,-0.14887,-0.038058,-0.058533,-0.27625,-0.24331,0.0617,-0.31456,-0.20798,-0.028004,-0.1938
-0.38582,-0.52453,0.051322,0.020193,-0.27814,-0.32225,-0.13687,-0.4116,-0.25388,-0.54436,0.0043805,-0.16347,0.52507,0.6041,-0.35626,-0.57858,-0.49674,-0.29984,-0.34399,-0.25866,-0.59692,-0.59186,-0.47019,-0.50611,-0.31855,-0.4956,-0.18625,0.043235,0.057767,-0.044289,-0.019556,-0.31565,0,0.54119,0.19091,0.030381,0.13358,0.23895,-0.30033,-0.52309,-0.6953,-0.82255,-0.42531,-0.71042,-0.039338,0.040607,-0.19663,0.092565,-0.33863,0.68896,0.29365,-0.066767,-0.41736,-0.58691,-0.027919,-0.52877,-0.49066,-0.010519,0.0014214,-0.3236,-0.48968,-0.05735,-0.25345,-0.28291,-0.27138,0.11595,0.020132,0.17742,0.22109,0.11135,0.21968,0.12336,-0.034578,0.06953,-0.046721,-0.16188,-0.37122,0.4624,0.35041,0.039724,0.28168,-0.095862,-0.098012,-0.092792,-0.087003,0.10643,0.038327,0.046323,-0.13742,-0.17564,-0.2833,-0.36135,-0.49365,-0.52426,-0.58253,-0.27196,-0.26294,-0.17912,-0.29695,-0.29299,-0.48306,-0.27789,-0.66583,-0.40527,-0.17881
-0.54562,-0.50857,-0.15428,-0.14671,-0.34755,-0.25905,-0.31661,-0.4613,-0.46918,-0.48675,-0.21858,-0.18092,0.90816,1,-0.35816,-0.46753,-0.4537,-0.35076,-0.28304,-0.30172,-0.46677,-0.54348,-0.39048,-0.33907,-0.45878,-0.46022,-0.12588,0.026577,0.022686,-0.10462,-0.055806,-0.30139,0.54119,0,-0.035742,-0.007989,-0.14179,0.04408,-0.47044,-0.66332,-0.67775,-0.71506,-0.5422,-0.58389,-0.25786,-0.04408,-0.17343,0.030669,-0.41699,0.38759,0.32725,-0.10806,-0.44306,-0.52613,-0.18371,-0.58661,-0.58367,-0.079112,-0.082187,-0.44676,-0.37306,-0.0004166,-0.12249,-0.20064,-0.17848,0.047934,-0.006635,0.060836,0.30037,0.073126,0.10118,0.037752,-0.091187,-0.0086874,-0.10612,-0.36765,-0.41418,0.29796,0.3626,-0.16331,0.21521,-0.21287,-0.11662,0.033824,0.015163,-0.035785,-0.10623,0.057994,-0.2178,-0.2824,-0.35186,-0.35686,-0.33092,-0.52759,-0.471,-0.33643,-0.27481,-0.167,-0.37394,-0.2165,-0.28799,-0.16123,-0.43191,-0.53881,-0.21579
-0.23293,-0.5483,-0.059635,-0.064396,-0.25379,-0.42746,0.1894,-0.20523,-0.0051708,-0.58378,0.08484,-0.27474,-0.015641,0.03448,-0.29133,-0.54203,-0.67154,-0.42542,-0.44743,-0.28956,-0.6764,-0.68259,-0.57573,-0.63998,-0.25789,-0.49182,-0.23706,-0.0124,0.25021,0.25524,0.31947,-0.14549,0.19091,-0.035742,0,0.052994,0.26223,0.038658,-0.17054,-0.40603,-0.49149,-0.73196,-0.041973,-0.54266,0.072716,-0.050899,-0.20487,-0.10421,-0.13162,0.12099,-0.10516,0.013582,-0.28557,-0.53447,0.050881,-0.44483,-0.43131,-0.28326,-0.25351,-0.19253,-0.40206,0.028513,-0.16484,-0.19382,-0.1614,-0.12499,-0.23589,0.061388,-0.00077807,0.089827,0.26201,0.090538,-0.085434,-0.1328,-0.15613,-0.12203,-0.4621,0.0012743,-0.062625,-0.080656,-0.12149,-0.11873,-0.11502,-0.30008,-0.1332,-0.015561,0.024304,-0.29339,-0.20913,-0.17802,-0.40213,-0.0093246,-0.40417,-0.21513,-0.41916,-0.084509,-0.12281,-0.21046,-0.18686,-0.11395,-0.41783,-0.28525,-0.61774,-0.17019,-0.16611
-0.21634,-0.18941,-0.073457,-0.22646,-0.38455,-0.36505,-0.1021,0.01183,-0.34107,-0.3144,-0.24562,-0.089233,-0.017185,-0.031882,-0.33293,-0.20218,-0.4033,-0.44553,-0.22881,-0.32297,-0.3284,-0.46292,-0.266,-0.22148,-0.54882,-0.4665,-0.089778,-0.027134,0.025958,0.02295,-0.1388,-0.021032,0.030381,-0.007989,0.052994,0,-0.18739,-0.044815,-0.32654,-0.41057,-0.40594,-0.28846,-0.15235,-0.094575,-0.017068,0.12409,-0.026491,-0.0068739,-0.18291,-0.096211,-0.22357,-0.2312,-0.16615,-0.3377,-0.080196,-0.054342,-0.044601,-0.080306,-0.13373,-0.32002,-0.10234,-0.12798,-0.047003,-0.11237,0.016591,0.027857,-0.055157,-0.14123,-0.11469,0.049576,0.057712,-0.01319,0.12334,0.070406,0.086372,-0.20534,-0.15417,-0.073445,-0.05947,-0.27206,0.058318,-0.33997,-0.26834,0.026387,0.16412,-0.054759,-0.096517,-0.073298,-0.049398,-0.077758,-0.26506,-0.11256,-0.22994,-0.1992,-0.11341,-0.24654,-0.15353,-0.070896,-0.23289,-0.38721,-0.21205,-0.59888,-0.61737,-0.23342,-0.026895
-0.054146,-0.49847,-0.041789,0.10619,-0.12361,-0.44918,0.2778,-0.33756,0.266,-0.50944,0.49285,-0.15697,-0.16208,-0.09199,-0.1052,-0.54157,-0.50686,-0.22768,-0.4453,-0.20351,-0.75175,-0.59529,-0.50652,-0.74326,0.048069,-0.33449,-0.33784,-0.12138,-0.078499,-0.029279,-0.044111,-0.36171,0.13358,-0.14179,0.26223,-0.18739,0,0.33533,0.127,-0.11473,-0.3356,-0.67327,-0.1354,-0.76281,0.3278,0.024892,-0.32446,-0.16198,-0.18745,0.11082,-0.1137,-0.15487,-0.33438,-0.58641,-0.079651,-0.45995,-0.35603,-0.16799,-0.10479,5.5139e-05,-0.49822,-0.17368,-0.42429,-0.41833,-0.44159,-0.052229,-0.15344,0.17558,-0.11881,-0.13622,0.038775,0.17412,-0.10496,0.023311,-0.072912,0.19415,-0.29632,0.0022791,-0.066032,0.20398,-0.092614,-0.13794,-0.023538,-0.49706,-0.3872,0.0075356,0.039491,-0.24581,-0.31463,-0.018073,-0.15268,-0.31007,-0.7574,-0.35757,-0.59889,-0.19218,-0.25097,-0.34449,-0.20187,-0.30991,-0.6658,-0.42081,-0.74226,-0.32258,-0.33988
-0.16657,-0.44128,-0.077402,-0.040447,-0.22794,-0.48907,0.0057589,-0.38353,-0.070326,-0.46995,0.16127,-0.063164,-0.012167,0.039822,-0.18163,-0.51045,-0.48976,-0.32934,-0.38304,-0.27758,-0.72589,-0.60079,-0.45018,-0.5439,-0.15647,-0.43449,-0.30638,-0.13919,-0.18593,-0.11403,-0.10724,-0.39981,0.23895,0.04408,0.038658,-0.044815,0.33533,0,-0.02303,-0.16479,-0.36431,-0.59305,-0.23302,-0.59473,0.179,0.079344,-0.29335,-0.13234,-0.34243,0.17543,-0.063942,-0.23261,-0.28636,-0.5325,-0.097369,-0.35688,-0.26099,0.0013233,0.052069,-0.084031,-0.40763,-0.1754,-0.37841,-0.36983,-0.25863,0.10659,-0.022484,0.12341,-0.05512,-0.076048,0.066724,0.39593,0.084221,0.17951,0.026656,0.01716,-0.26607,0.14625,0.042984,0.1901,0.18482,-0.26368,-0.085177,-0.21481,-0.26478,0.10592,-0.066865,-0.1188,-0.31163,-0.053656,-0.12652,-0.37509,-0.63256,-0.50921,-0.55877,-0.4077,-0.3856,-0.39267,-0.39596,-0.33928,-0.51019,-0.47064,-0.72177,-0.52755,-0.38129
0.16939,-0.31722,-0.30513,0.0040435,-0.11037,-0.59858,0.16928,-0.38134,0.25879,-0.44839,0.092884,-0.29862,-0.56792,-0.47482,-0.11357,-0.34416,-0.40531,-0.30513,-0.53226,-0.39414,-0.58734,-0.49513,-0.34042,-0.66699,0.36266,-0.29087,-0.63817,-0.52595,-0.50597,-0.42016,-0.39312,-0.56707,-0.30033,-0.47044,-0.17054,-0.32654,0.127,-0.02303,0,0.44488,0.18444,-0.26049,0.022987,-0.46154,0.14593,-0.21828,-0.22338,-0.3728,-0.19043,-0.36391,-0.52472,-0.36236,-0.26955,-0.4828,-0.30829,-0.25872,-0.091524,-0.13657,-0.1251,0.21995,-0.37563,-0.53318,-0.69916,-0.48727,-0.44983,-0.27006,-0.33279,-0.2811,-0.51825,-0.56396,-0.42348,-0.12603,-0.28618,-0.097718,-0.21582,0.1406,-0.23476,-0.39169,-0.45464,0.10218,-0.37959,-0.3422,-0.21176,-0.67792,-0.60618,-0.32975,-0.25136,-0.26844,-0.40032,0.1806,0.15936,-0.34203,-0.78918,-0.21812,-0.4265,-0.20619,-0.29238,-0.41183,-0.18267,-0.43808,-0.65567,-0.64705,-0.52016,-0.38989,-0.47436
0.23361,-0.085226,-0.36776,-0.20383,-0.073818,-0.4393,-0.019972,-0.25288,0.10914,-0.19865,-0.086966,-0.20064,-0.76403,-0.68826,-0.079479,-0.22387,-0.17163,-0.24806,-0.31438,-0.24463,-0.32878,-0.26219,-0.13952,-0.34498,0.259,-0.064647,-0.52269,-0.54765,-0.69615,-0.53045,-0.57237,-0.5387,-0.52309,-0.66332,-0.40603,-0.41057,-0.11473,-0.16479,0.44488,0,0.30411,0.016364,-0.041342,-0.23485,0.044687,-0.19572,-0.21608,-0.39931,-0.14521,-0.56911,-0.67584,-0.51551,-0.10038,-0.19082,-0.33909,-0.071993,0.10068,-0.157,-0.15587,0.15616,-0.23928,-0.65638,-0.63621,-0.58062,-0.4296,-0.26431,-0.27448,-0.44615,-0.71107,-0.60022,-0.5387,-0.2308,-0.30784,-0.11166,-0.20301,0.091083,-0.037813,-0.48661,-0.50479,-0.098821,-0.412,-0.43227,-0.27361,-0.5977,-0.54436,-0.33775,-0.29946,-0.27272,-0.34733,0.088473,0.13869,-0.43606,-0.64067,-0.24396,-0.31144,-0.26404,-0.31408,-0.46236,-0.18943,-0.50318,-0.48277,-0.71116,-0.39449,-0.42067,-0.4328
0.13755,-0.11288,-0.60731,-0.28206,-0.067992,-0.40635,-0.11004,-0.33075,-0.082359,-0.17722,-0.31869,-0.31974,-0.85889,-0.74047,-0.12261,-0.02442,-0.25091,-0.43812,-0.3536,-0.37296,-0.34457,-0.37432,-0.062723,-0.31892,0.039694,-0.16622,-0.53067,-0.59912,-0.60297,-0.53592,-0.55374,-0.52144,-0.6953,-0.67775,-0.49149,-0.40594,-0.3356,-0.36431,0.18444,0.30411,0,0.095316,-0.074388,-0.13649,-0.25061,-0.4234,-0.21429,-0.59069,-0.23294,-0.74245,-0.80141,-0.45382,-0.19841,-0.25096,-0.49799,-0.12796,-0.024047,-0.38182,-0.42253,0.063213,-0.05006,-0.61179,-0.52314,-0.39442,-0.34391,-0.48565,-0.53578,-0.55071,-0.73881,-0.81684,-0.72637,-0.4187,-0.50432,-0.33306,-0.42141,-0.17595,-0.2164,-0.76586,-0.72229,-0.29949,-0.60063,-0.5967,-0.32136,-0.59352,-0.50885,-0.59722,-0.41356,-0.46335,-0.5624,-0.084858,-0.084877,-0.28063,-0.36335,0.0033267,-0.041385,-0.20881,-0.234,-0.38914,-0.14764,-0.40076,-0.38562,-0.56375,-0.23659,-0.41576,-0.40855
0.019035,0.47508,-0.37058,-0.4227,-0.1756,-0.12553,-0.38818,0.0083076,-0.3428,0.19855,-0.54355,-0.18166,-0.73342,-0.7735,-0.19716,0.15741,0.11633,-0.21333,-0.00012866,-0.18711,0.086378,0.024426,0.20055,0.20457,-0.29337,0.010519,-0.27688,-0.48008,-0.63811,-0.62399,-0.77375,-0.2543,-0.82255,-0.71506,-0.73196,-0.28846,-0.67327,-0.59305,-0.26049,0.016364,0.095316,0,-0.21204,0.38698,-0.323,-0.28367,-0.19785,-0.42997,-0.079387,-0.87894,-0.76274,-0.49207,-0.026362,0.18932,-0.41364,0.24609,0.28891,-0.27495,-0.35651,-0.2209,0.086261,-0.67248,-0.351,-0.39477,-0.29669,-0.41926,-0.35241,-0.72423,-0.79831,-0.52718,-0.68375,-0.60938,-0.40651,-0.31709,-0.30809,-0.25069,0.069634,-0.64048,-0.53659,-0.52637,-0.51219,-0.48526,-0.39828,-0.33862,-0.27811,-0.47109,-0.39638,-0.29368,-0.25332,-0.12511,-0.13483,-0.37723,-0.15186,-0.13164,0.066767,-0.21127,-0.18491,-0.14563,-0.11934,-0.56469,-0.17712,-0.63637,-0.14729,-0.18448,-0.13602
