,,,,,,,,,,,,,,,,,,,,,,,,,,,,,,,,,,,,,,,,,,,,,,,,,,,,,,,,,,,,,,,,,,,,,,,,,,,,,,,,,,,,,,,,,,,,,,,,,,,,,,,,
0,0.10926,-0.16122,0.1946,0.081079,-0.17917,0.40377,0.034106,0.19353,-0.16553,0.085573,-0.081406,-0.4486,-0.35706,-0.0079869,-0.20324,-0.31499,-0.1899,-0.14732,-0.12186,-0.48175,-0.51931,-0.11074,-0.33955,-0.063195,-0.14353,-0.1899,-0.083722,0.051598,-0.14509,-0.071509,-0.26682,-0.29744,-0.37968,-0.013645,-0.15747,0.11615,0.0026688,0.12061,0.053828,0.00066721,-0.12359,-0.094077,-0.27274,0.10851,-0.034146,-0.27422,-0.36115,0.26898,-0.23304,-0.358,0.034348,0.22026,-0.033537,0.22278,-0.17795,-0.21179,-0.38045,-0.34651,0.21296,-0.085364,-0.33006,-0.418,-0.37307,-0.41492,-0.31799,-0.41121,-0.098217,-0.25457,-0.30045,-0.1498,-0.16645,-0.23366,-0.1367,-0.18389,0.24766,-0.1872,-0.27058,-0.19447,-0.15544,-0.38118,-0.24707,-0.15227,-0.53075,-0.38437,-0.20814,-0.0080262,-0.43401,-0.51966,0.33954,-0.001112,-0.16711,-0.33729,0.16641,-0.013024,0.22517,0.061554,-0.07094,0.28002,-0.38837,-0.36863,-0.47793,-0.47253,-0.18159,-0.069567
0.10926,0,-0.087765,-0.13999,-0.1129,0.10846,-0.2324,0.41613,-0.30245,0.12877,-0.33648,-0.020723,-0.30102,-0.33226,-0.11345,0.024654,0.020965,0.021743,0.12618,-0.077796,0.0046639,-0.031765,0.17187,0.30465,-0.49686,0.010322,-0.031156,-0.1645,-0.23168,-0.39425,-0.35258,0.00026819,-0.40354,-0.30285,-0.4545,0.04641,-0.43633,-0.2613,-0.47695,-0.23899,-0.21523,0.42074,-0.17597,0.23258,-0.14002,0.051872,-0.16577,-0.1805,0.16009,-0.3219,-0.28458,-0.21841,0.18212,0.45504,-0.028553,0.11244,0.026944,-0.16127,-0.14949,-0.096746,0.089714,-0.35769,-0.12438,-0.27124,-0.24297,-0.23766,-0.19955,-0.28377,-0.322,-0.17103,-0.3281,-0.31696,-0.089681,-0.12657,-0.09163,-0.1418,0.056706,-0.24857,-0.14278,-0.35678,-0.22814,-0.31451,-0.13651,-0.18305,-0.070208,-0.19018,-0.1861,-0.17172,-0.20942,0.028612,-0.064471,-0.32201,-0.066715,0.032419,0.20036,-0.10253,-0.069998,0.0043565,-0.031666,-0.37219,0.056216,-0.41859,-0.16967,-0.24537,0.17689
-0.16122,-0.087765,0,0.019087,-0.0047882,-0.033701,-0.12356,0.010721,-0.057576,0.15077,0.14342,0.31835,0.088916,0.059539,-0.24255,-0.19654,0.036834,0.0046836,0.15343,0.23375,-0.24441,-0.27865,-0.026806,-0.094921,-0.18116,0.025485,-0.090015,0.0082028,-0.1223,-0.078757,-0.31207,-0.02016,0.23412,0.052422,-0.020795,0.088916,0.068062,0.18012,-0.24041,-0.16528,-0.48559,-0.16003,-0.41832,-0.23977,0.14662,0.30149,-0.23819,0.11955,-0.054646,0.18748,0.042087,-0.28109,-0.19082,-0.18826,0.019127,-0.0094129,0.014823,0.017472,0.028533,-0.16745,-0.21613,-0.24978,-0.28254,-0.4484,-0.40655,0.11864,0.13301,0.058649,-0.23321,0.066675,-0.0032314,-0.038993,0.024242,0.17387,0.073007,0.22597,0.25635,0.35333,0.24928,0.23623,0.26066,-0.055424,0.088406,0.013763,0.16415,0.40266,0.36175,0.0086868,0.0036893,-0.065629,-0.10919,-0.55268,-0.51445,-0.39616,-0.27105,-0.23412,-0.037305,0.072445,0.085868,-0.69597,-0.53777,-0.71456,-0.6412,-0.3012,0.18525
0.1946,-0.13999,0.019087,0,0.19931,-0.017354,0.1481,-0.14553,0.12317,-0.16402,0.20948,-0.011395,-0.16539,-0.07011,-0.037128,-0.22635,-0.22644,0.019212,-0.076978,0.022587,-0.57225,-0.56568,-0.099029,-0.33268,-0.068128,-0.076147,-0.03828,0.11784,-0.090695,-0.2045,-0.18248,-0.43164,0.013024,-0.069769,-0.0048144,-0.17193,0.23065,0.22247,-0.041943,-0.017845,-0.26944,-0.28512,-0.20465,-0.43579,0.018002,0.0086803,-0.34975,-0.1981,0.1405,-0.0093083,-0.10009,0.24928,0.013776,-0.18123,0.037109,-0.34745,-0.35927,-0.22571,-0.18889,0.15114,-0.10194,-0.47645,-0.60898,-0.32964,-0.57039,-0.13473,-0.21392,-0.10102,-0.13075,-0.34534,-0.22358,-0.14796,-0.3106,-0.10018,-0.20246,0.22132,-0.1628,-0.040948,0.065982,0.10138,-0.075081,0.17264,0.20536,-0.44571,-0.26809,-0.059186,0.11471,-0.35144,-0.38214,0.14767,-0.042525,-0.41104,-0.5522,-0.17218,-0.20314,-0.021508,-0.038888,-0.18471,-0.067323,-0.30112,-0.54544,-0.47664,-0.5208,-0.21059,-0.10233
0.081079,-0.1129,-0.0047882,0.19931,0,0.33495,0.16085,-0.092461,0.13175,-0.052932,0.3113,0.051565,-0.11299,-0.083748,-0.1929,-0.31572,-0.12927,-0.081884,0.084677,0.074636,-0.48223,-0.4617,0.075009,-0.21747,0.204,0.1084,-0.17702,-0.1605,-0.30664,-0.34467,-0.18295,-0.34876,-0.091009,-0.18609,-0.08972,-0.39209,0.078554,-0.0066329,-0.059696,-0.097269,-0.17307,-0.19867,-0.37588,-0.42818,-0.054862,-0.058564,-0.5323,-0.20674,0.074427,0.15594,0.049151,0.037155,0.017341,-0.07671,-0.15694,-0.28701,-0.3463,-0.2968,-0.27554,0.16631,-0.15886,-0.3827,-0.46891,-0.47676,-0.7815,-0.22786,-0.2632,-0.12607,-0.35649,-0.52007,-0.42078,-0.29216,-0.46322,-0.19403,-0.31921,0.1672,-0.081616,0.0202,0.013442,0.21565,-0.12882,0.10573,0.34334,-0.25454,-0.11439,0.10206,0.10909,-0.35067,-0.2694,-0.11643,-0.26967,-0.40675,-0.48288,-0.2859,-0.32927,-0.10989,-0.068612,-0.29622,-0.029403,-0.13879,-0.48551,-0.27011,-0.30861,-0.39082,-0.11137
-0.17917,0.10846,-0.033701,-0.017354,0.33495,0,-0.27325,0.030927,-0.29683,0.0098512,-0.10656,-0.057563,-0.09286,-0.10478,-0.26294,-0.16067,0.099585,0.18698,0.11493,-0.027336,-0.17696,-0.073648,0.072909,0.083159,-0.21268,0.19321,-0.041969,-0.10101,-0.45957,-0.54405,-0.52835,-0.11632,-0.22498,-0.18207,-0.49101,-0.33784,-0.31746,-0.26638,-0.49167,-0.31123,-0.37231,0.010479,-0.44522,-0.1291,-0.35787,-0.10542,-0.45519,-0.13941,-0.063267,0.019323,0.15555,-0.046011,-0.12513,0.10148,-0.31394,-0.20979,-0.27968,-0.16446,-0.11099,-0.18252,-0.14284,-0.42343,-0.34103,-0.3604,-0.66422,-0.22096,-0.1532,-0.28802,-0.32435,-0.51538,-0.62333,-0.58326,-0.49104,-0.30771,-0.36578,-0.13397,-0.049158,-0.081197,-0.028088,-0.057334,-0.16516,0.1059,0.27835,-0.17177,-0.061809,-0.047228,-0.14211,-0.16398,-0.040314,-0.31309,-0.30192,-0.57655,-0.2628,-0.31901,-0.25459,-0.34582,-0.20365,-0.18763,-0.21694,-0.13101,-0.25479,-0.17411,-0.16351,-0.36381,-0.069292
0.40377,-0.2324,-0.12356,0.1481,0.16085,-0.27325,0,-0.067905,0.55369,-0.23841,0.3097,-0.10357,-0.27964,-0.22847,-0.13205,-0.35859,-0.541,-0.38588,-0.2317,-0.092906,-0.75621,-0.65361,-0.25796,-0.59923,0.15475,-0.3005,-0.29564,-0.15807,0.11429,-0.038293,0.15666,-0.38171,-0.11557,-0.31979,0.37864,-0.27824,0.414,0.021122,0.36807,-0.017557,-0.025177,-0.3622,-0.11169,-0.52896,0.25725,-0.14306,-0.4218,-0.42337,0.079483,-0.094836,-0.28606,-0.010139,-0.025191,-0.34146,-0.0030221,-0.29024,-0.31736,-0.49247,-0.52552,0.10329,-0.22082,-0.13795,-0.34939,-0.31936,-0.43829,-0.34219,-0.44638,0.008798,-0.37994,-0.21372,-0.040929,-0.020599,-0.20171,-0.12822,-0.13873,0.37016,-0.20901,-0.15721,-0.14186,-0.050924,-0.30197,-0.16943,-0.17301,-0.49799,-0.3332,-0.12394,0.12605,-0.51089,-0.53921,0.1359,-0.1142,0.023451,-0.33009,-0.033001,-0.20909,0.47009,0.19782,-0.12629,0.22672,-0.36275,-0.58199,-0.52688,-0.49918,-0.10927,-0.20943
0.034106,0.41613,0.010721,-0.14553,-0.092461,0.030927,-0.067905,0,-0.075997,0.30661,-0.18817,0.10227,-0.26633,-0.32058,-0.16904,0.026034,-0.1304,-0.12084,0.12863,0.016615,-0.12941,-0.072183,0.042106,0.096798,-0.48271,-0.03164,-0.080242,-0.18261,-0.17756,-0.25119,-0.25038,0.058427,-0.36073,-0.37335,-0.27378,-0.0002224,-0.3031,-0.23927,-0.39296,-0.21396,-0.29335,0.27847,-0.21626,0.1177,-0.057583,0.045861,-0.29371,-0.26195,0.18401,-0.25482,-0.24403,-0.2951,0.065635,0.1612,-0.10971,0.052579,-0.050244,-0.33241,-0.33375,-0.13557,0.11674,-0.20531,-0.017629,-0.22261,-0.24023,-0.28622,-0.20628,-0.24587,-0.51887,-0.088811,-0.21382,-0.23739,0.068513,-0.11536,0.046639,-0.043918,0.19358,-0.193,-0.086345,-0.35696,-0.1615,-0.16366,-0.18302,-0.1884,0.081694,-0.12004,0.010806,-0.31541,-0.25265,-0.020984,-0.040157,-0.17318,-0.023594,-0.026662,0.15123,0.10988,0.24987,0.00092886,0.071725,-0.47335,-0.13743,-0.66213,-0.25831,-0.1522,0.10662
0.19353,-0.30245,-0.057576,0.12317,0.13175,-0.29683,0.55369,-0.075997,0,-0.022875,0.4385,0.08887,-0.23966,-0.21882,-0.043702,-0.27146,-0.32335,-0.26718,-0.040608,0.18825,-0.5583,-0.59387,-0.14435,-0.45669,0.1962,-0.089485,-0.26877,-0.16381,0.030757,0.069704,0.23838,-0.3748,-0.12217,-0.31184,0.29888,-0.29504,0.36524,0.04713,0.19278,0.041321,-0.15793,-0.34254,-0.20293,-0.5512,0.26545,-0.068213,-0.43435,-0.28844,0.23898,-0.06559,-0.24798,-0.076795,0.040065,-0.2358,-0.0041341,-0.31267,-0.32707,-0.46437,-0.47869,0.26065,-0.091742,-0.1704,-0.29258,-0.39535,-0.44733,-0.27142,-0.32878,0.1147,-0.3328,-0.1477,0.041897,0.09982,-0.14545,-0.06298,-0.075238,0.38883,-0.036278,-0.048464,-0.031948,0.02224,-0.16566,-0.10798,-0.01133,-0.35239,-0.1656,0.048726,0.38762,-0.55685,-0.54159,0.091101,-0.13735,-0.080072,-0.40901,-0.18701,-0.2477,0.30843,0.14408,-0.22754,0.24327,-0.33262,-0.52555,-0.49304,-0.43052,-0.12256,-0.099526
-0.16553,0.12877,0.15077,-0.16402,-0.052932,0.0098512,-0.23841,0.30661,-0.022875,0,-0.067768,0.44451,-0.10784,-0.18838,-0.074394,0.12646,0.21675,-0.018859,0.51503,0.41253,-0.0007915,-0.16229,0.29133,0.27348,-0.34167,0.26992,-0.024831,-0.18704,-0.32513,-0.14496,-0.27232,-0.044298,-0.22268,-0.20935,-0.28754,0.057119,-0.31587,-0.17186,-0.49775,-0.19936,-0.40631,0.1949,-0.43628,-0.018636,-0.055758,0.15874,-0.35594,-0.032942,0.23857,-0.11271,-0.12391,-0.27948,0.11247,0.25328,-0.1164,0.082087,0.00174,-0.20378,-0.21863,0.022424,0.30242,-0.25001,-0.079889,-0.25692,-0.23084,-0.11687,-0.0146,-0.11927,-0.45929,-0.050584,-0.17587,-0.069377,0.012101,-0.01428,0.029926,-0.020357,0.4941,0.049511,0.086842,-0.12813,0.095555,-0.15348,0.12778,0.079477,0.42059,0.18378,0.20986,-0.29922,-0.21416,-0.11473,-0.18457,-0.35942,-0.22187,-0.30205,-0.0219,-0.16767,-0.040975,-0.11166,0.0013868,-0.40457,-0.17504,-0.52013,-0.24474,-0.24018,0.28472
0.085573,-0.33648,0.14342,0.20948,0.3113,-0.10656,0.3097,-0.18817,0.4385,-0.067768,0,0.24421,0.028239,0.1083,-0.18876,-0.41237,-0.20988,-0.19284,0.0060114,0.15344,-0.6253,-0.68018,-0.16294,-0.46184,0.18473,-0.011061,-0.20537,-0.049616,-0.11398,-0.053599,-0.078044,-0.39689,0.16691,-0.022731,0.14409,-0.27788,0.42986,0.21205,0.077246,-0.092049,-0.37736,-0.47418,-0.51729,-0.73469,0.15612,0.056137,-0.53071,-0.079431,0.068455,0.36548,0.13124,-0.013527,-0.038404,-0.27798,0.043127,-0.37895,-0.39226,-0.23478,-0.22518,0.12759,-0.23832,-0.21007,-0.47774,-0.54843,-0.68409,-0.044252,-0.11111,0.16466,-0.23582,-0.22154,-0.004677,0.007843,-0.2107,0.044023,-0.08155,0.52772,0.016177,0.3043,0.25121,0.43581,0.022214,0.012357,0.13845,-0.17912,-0.086875,0.34855,0.44366,-0.28687,-0.31013,0.025818,-0.11433,-0.32774,-0.57597,-0.39961,-0.48837,-0.073747,-0.10272,-0.22355,0.14151,-0.39653,-0.78665,-0.45742,-0.69195,-0.35193,-0.12204
-0.081406,-0.020723,0.31835,-0.011395,0.051565,-0.057563,-0.10357,0.10227,0.08887,0.44451,0.24421,0,0.11449,0.10384,-0.22108,-0.19518,0.059002,-0.12676,0.42522,0.32209,-0.24548,-0.44699,0.16435,-0.0069076,-0.24874,0.1389,-0.13596,-0.16478,-0.28048,-0.16088,-0.19108,-0.27079,0.063529,0.072262,-0.14179,0.047954,-0.077586,0.15916,-0.33537,-0.19785,-0.54617,-0.11259,-0.59316,-0.29823,0.073511,0.29909,-0.27929,0.19632,0.16667,0.23059,0.084932,-0.29567,0.15522,0.062705,0.11902,-0.1429,-0.18086,-0.071313,-0.076808,0.15021,0.065616,-0.29267,-0.26116,-0.5129,-0.39256,0.12357,0.13739,-0.0020867,-0.28033,-0.060285,-0.031987,0.072458,0.11468,0.23988,0.17213,0.13906,0.50803,0.4644,0.44033,0.19986,0.38741,-0.12761,0.10891,0.21248,0.42796,0.56736,0.41616,-0.15244,-0.1939,0.056883,0.013632,-0.41225,-0.40048,-0.37079,-0.16073,-0.19786,-0.089511,-0.20842,0.061567,-0.51318,-0.38701,-0.61095,-0.54229,-0.4592,0.27276
-0.4486,-0.30102,0.088916,-0.16539,-0.11299,-0.09286,-0.27964,-0.26633,-0.23966,-0.10784,0.028239,0.11449,0,1,-0.42494,-0.34744,-0.13151,-0.21216,0.012075,-0.04452,-0.28293,-0.2803,-0.12842,-0.15644,-0.28639,-0.23307,-0.15124,-0.13575,-0.29338,-0.25033,-0.2637,-0.38729,0.53406,0.7008,-0.13276,-0.023791,-0.15318,0.0057105,-0.4363,-0.60502,-0.79443,-0.46738,-0.74441,-0.51915,-0.073361,0.035683,-0.32536,0.26861,-0.31213,0.4973,0.35421,-0.30991,-0.29535,-0.32565,-0.28659,-0.32088,-0.29754,0.10706,0.012402,-0.25235,-0.21772,-0.087483,-0.16255,-0.31717,-0.36839,0.26791,0.21911,0.046221,-0.13373,-0.015444,0.0010859,0.051905,-0.01044,0.21887,0.10603,-0.092932,0.10813,0.54303,0.49848,0.10312,0.45609,-0.17246,-0.036651,0.39765,0.21849,0.29957,0.05218,0.15601,0.015025,-0.17762,-0.15341,-0.26324,-0.23967,-0.71355,-0.49824,-0.37522,-0.34383,-0.20603,-0.32337,-0.37957,-0.32859,-0.35171,-0.44604,-0.45832,-0.027539
-0.35706,-0.33226,0.059539,-0.07011,-0.083748,-0.10478,-0.22847,-0.32058,-0.21882,-0.18838,0.1083,0.10384,1,0,-0.45566,-0.41773,-0.19735,-0.23936,-0.073034,-0.11793,-0.40263,-0.39513,-0.20873,-0.26741,-0.27262,-0.24743,-0.19264,-0.10802,-0.29427,-0.27483,-0.28706,-0.44861,0.56114,0.80769,-0.13162,-0.06001,-0.081034,0.090924,-0.3636,-0.53716,-0.81896,-0.56364,-0.81892,-0.63203,-0.098989,0.029128,-0.33929,0.24656,-0.29766,0.63454,0.44988,-0.20664,-0.27914,-0.35716,-0.2017,-0.43413,-0.4015,0.10057,0.047529,-0.21916,-0.27076,-0.16056,-0.2974,-0.36712,-0.42197,0.27176,0.18809,0.026623,-0.081308,-0.11415,-0.024386,0.015738,-0.068428,0.18456,0.041452,-0.063732,0.0085364,0.54669,0.50312,0.17254,0.37877,-0.13232,-0.04225,0.26538,0.092605,0.25801,0.027696,0.13358,-0.046332,-0.12286,-0.090486,-0.2915,-0.29582,-0.65902,-0.52357,-0.39087,-0.3699,-0.22873,-0.30864,-0.3768,-0.41505,-0.35904,-0.56336,-0.52396,-0.07026
-0.0079869,-0.11345,-0.24255,-0.037128,-0.1929,-0.26294,-0.13205,-0.16904,-0.043702,-0.074394,-0.18876,-0.22108,-0.42494,-0.45566,0,0.33811,0.099872,0.048798,0.018028,0.079791,-0.025433,-0.13417,0.077455,-0.038646,-0.085344,0.063941,0.40008,0.24948,-0.043565,0.19718,-0.26329,-0.15625,-0.27409,-0.33481,-0.15852,-0.042512,-0.12448,-0.19316,-0.035225,0.16679,0.045632,0.078738,-0.0097858,-0.042329,-0.00058872,0.0030613,-0.22689,-0.27211,0.15231,-0.38744,-0.3695,-0.15767,-0.0041014,-0.018211,-0.29078,0.0015437,0.14526,-0.08902,-0.13949,0.07688,0.19663,-0.045789,-0.096778,-0.053037,-0.092664,-0.13514,-0.11573,0.0084775,-0.084226,-0.10809,-0.044808,-0.046783,-0.22328,-0.094489,-0.10682,0.039117,-0.018303,-0.31999,-0.17601,-0.21199,-0.23954,-0.29248,-0.020579,-0.40691,-0.22572,-0.21198,-0.037998,-0.27742,-0.17573,-0.0098708,-0.19589,-0.35612,-0.4331,-0.21898,-0.21726,-0.098303,-0.16776,-0.26838,-0.1469,-0.10691,-0.074806,-0.22978,-0.097799,0.055751,-0.20063
-0.20324,0.024654,-0.19654,-0.22635,-0.31572,-0.16067,-0.35859,0.026034,-0.27146,0.12646,-0.41237,-0.19518,-0.34744,-0.41773,0.33811,0,0.14893,0.031516,0.0037416,-0.03476,0.12334,0.082734,0.094463,0.16491,-0.44258,0.0074571,0.24519,0.086345,-0.19604,0.019532,-0.48569,0.050872,-0.35282,-0.31994,-0.32661,0.16199,-0.40183,-0.34516,-0.3656,-0.092952,-0.14666,0.25751,-0.19801,0.19284,-0.20457,-0.020226,-0.16313,-0.20959,-0.0051284,-0.3882,-0.30764,-0.30919,-0.19483,-0.0098446,-0.46409,0.055025,0.19135,-0.10433,-0.1271,-0.11322,0.44085,-0.045671,0.037357,0.19725,0.077671,-0.15179,-0.048733,-0.18586,-0.27657,-0.14747,-0.20475,-0.18739,-0.15161,-0.17068,-0.092442,-0.20591,0.05963,-0.36563,-0.23529,-0.4339,-0.18684,-0.33121,-0.08454,-0.22224,-0.023536,-0.30091,-0.15785,-0.22359,-0.071365,-0.12287,-0.18775,-0.25916,-0.15236,-0.15725,0.0052003,-0.16413,-0.06869,-0.11717,-0.21899,-0.17519,0.036043,-0.33522,-0.076625,-0.012507,-0.031444
-0.31499,0.020965,0.036834,-0.22644,-0.12927,0.099585,-0.541,-0.1304,-0.32335,0.21675,-0.20988,0.059002,-0.13151,-0.19735,0.099872,0.14893,0,0.34645,0.37956,0.23689,0.28725,0.050093,0.27365,0.37606,-0.25081,0.48481,0.21843,0.053449,-0.33341,-0.12038,-0.5364,-0.00018316,-0.19109,-0.12818,-0.49431,-0.051696,-0.3977,-0.26311,-0.5235,-0.1796,-0.3685,0.14268,-0.42176,0.021881,-0.23733,0.098891,-0.20157,0.14718,0.0085429,-0.11521,-0.0023025,-0.30758,-0.089904,0.22728,-0.25212,0.0082028,0.083768,0.16421,0.17588,-0.10469,0.054352,-0.23387,-0.12729,-0.3336,-0.30127,0.055889,0.18165,-0.046914,-0.077416,-0.14482,-0.22554,-0.25514,-0.24097,-0.058047,-0.13543,-0.12633,0.2566,-0.01163,0.032007,-0.032144,-0.00026165,-0.23615,0.20969,0.038587,0.11247,0.10074,-0.02642,0.024739,0.15331,-0.26101,-0.27714,-0.77952,-0.41132,-0.45425,-0.27651,-0.53402,-0.40099,-0.21121,-0.1649,-0.19994,-0.063608,-0.13652,-0.13472,-0.25744,0.10081
-0.1899,0.021743,0.0046836,0.019212,-0.081884,0.18698,-0.38588,-0.12084,-0.26718,-0.018859,-0.19284,-0.12676,-0.21216,-0.23936,0.048798,0.031516,0.34645,0,0.051055,0.14036,-0.017845,0.0532,-0.025465,0.087719,-0.24855,0.23122,0.087091,0.17699,-0.25815,-0.27923,-0.50893,-0.08263,-0.19856,-0.18671,-0.40699,-0.21753,-0.20073,-0.18244,-0.44092,-0.13612,-0.40881,-0.02992,-0.2427,-0.086077,-0.2492,-0.033099,-0.17771,-0.03896,-0.026178,-0.18762,-0.085966,-0.1325,-0.1938,0.056635,-0.22246,-0.18695,-0.13084,-0.026106,0.07306,-0.18342,-0.095974,-0.41767,-0.34402,-0.26637,-0.45278,-0.093344,-0.019199,-0.11678,-0.089073,-0.22866,-0.30946,-0.34547,-0.36964,-0.18985,-0.24727,-0.07236,-0.022201,-0.14798,-0.058806,-0.14533,-0.17773,-0.04138,0.30246,-0.30486,-0.21732,-0.118,-0.1019,-0.083153,-0.014502,-0.14159,-0.15112,-0.66405,-0.38467,-0.26757,-0.2178,-0.33436,-0.25736,-0.080255,-0.17945,-0.23772,-0.21296,-0.21538,-0.21567,-0.15918,-0.03565
-0.14732,0.12618,0.15343,-0.076978,0.084677,0.11493,-0.2317,0.12863,-0.040608,0.51503,0.0060114,0.42522,0.012075,-0.073034,0.018028,0.0037416,0.37956,0.051055,0,0.53125,0.064118,-0.13898,0.61459,0.34937,-0.18077,0.3893,0.16512,-0.069593,-0.25948,-0.11133,-0.23522,-0.12059,-0.08976,-0.074839,-0.29067,0.0045985,-0.26585,-0.10312,-0.42745,-0.20328,-0.36866,0.15061,-0.40981,-0.082289,0.033393,0.28697,-0.3492,0.099074,0.27977,0.0087195,-0.012186,-0.27348,0.22628,0.32877,-0.12761,0.073105,0.03234,-0.004507,-0.073315,0.11532,0.18721,-0.21475,-0.033034,-0.46478,-0.39672,0.037697,0.084703,0.030816,-0.19706,-0.056131,-0.10753,-0.063496,-0.036801,0.14298,0.075787,0.071908,0.64285,0.17358,0.29581,0.061933,0.20746,-0.13283,0.21599,0.15167,0.43706,0.40419,0.31797,-0.12359,-0.065975,-0.10427,-0.23038,-0.53186,-0.3833,-0.47823,-0.22655,-0.25031,-0.17401,-0.24458,-0.036834,-0.31262,-0.10045,-0.35579,-0.18266,-0.27811,0.26797
-0.12186,-0.077796,0.23375,0.022587,0.074636,-0.027336,-0.092906,0.016615,0.18825,0.41253,0.15344,0.32209,-0.04452,-0.11793,0.079791,-0.03476,0.23689,0.14036,0.53125,0,-0.077711,-0.21211,0.23128,0.068134,-0.016674,0.3755,0.066839,-0.027696,-0.18201,-0.010217,-0.13949,-0.19336,-0.015176,-0.12649,-0.056366,-0.077024,-0.015719,-0.035768,-0.25106,-0.083637,-0.38972,-0.056687,-0.33238,-0.27148,0.20661,0.25818,-0.37465,0.045004,0.33772,-0.028644,-0.091362,-0.17319,0.082466,0.09443,-0.085776,-0.036167,-0.034904,-0.094522,-0.1318,0.10583,0.069194,-0.24966,-0.17685,-0.4102,-0.42317,0.001341,0.038744,0.12779,-0.27381,0.044337,-0.0077056,0.092435,-0.052729,0.13414,0.071614,0.24955,0.43326,0.17626,0.23017,0.11252,0.1211,-0.055961,0.34837,-0.067572,0.15547,0.3803,0.51653,-0.21846,-0.15727,-0.03236,-0.19303,-0.47,-0.49656,-0.45632,-0.29076,-0.1333,-0.13613,-0.18901,0.058904,-0.34562,-0.28636,-0.43942,-0.27713,-0.15922,0.18258
-0.48175,0.0046639,-0.24441,-0.57225,-0.48223,-0.17696,-0.75621,-0.12941,-0.5583,-0.0007915,-0.6253,-0.24548,-0.28293,-0.40263,-0.025433,0.12334,0.28725,-0.017845,0.064118,-0.077711,0,0.39933,0.12918,0.4453,-0.42459,0.044239,0.083715,-0.23585,-0.33675,-0.17471,-0.4481,0.071895,-0.39114,-0.30291,-0.54099,-0.030096,-0.72136,-0.53486,-0.60548,-0.34331,-0.25557,0.16917,-0.21678,0.2225,-0.30242,-0.05861,-0.077612,-0.021527,-0.19611,-0.46904,-0.32868,-0.51585,-0.19716,0.10091,-0.38414,0.15276,0.16965,0.025498,-0.03323,-0.31772,-0.013469,-0.16878,0.15193,-0.2101,-0.079104,-0.094031,-0.0050891,-0.29777,-0.17076,-0.053377,-0.21977,-0.29076,-0.080111,-0.12996,-0.080007,-0.46923,0.033066,-0.33138,-0.27894,-0.41739,-0.17794,-0.35471,-0.26068,-0.0051349,-7.8496e-05,-0.21454,-0.28932,0.014679,0.14202,-0.37336,-0.34195,-0.43166,-0.20388,-0.35492,-0.20226,-0.51569,-0.47562,-0.29308,-0.30642,-0.1552,0.30804,-0.042525,0.12617,-0.18995,-0.058368
-0.51931,-0.031765,-0.27865,-0.56568,-0.4617,-0.073648,-0.65361,-0.072183,-0.59387,-0.16229,-0.68018,-0.44699,-0.2803,-0.39513,-0.13417,0.082734,0.050093,0.0532,-0.13898,-0.21211,0.39933,0,-0.15288,0.17991,-0.45277,-0.098178,-0.0090401,-0.15006,-0.28285,-0.24724,-0.49403,0.25938,-0.42775,-0.37974,-0.57066,-0.20171,-0.62628,-0.61035,-0.57272,-0.35678,-0.30259,0.066852,-0.1644,0.19659,-0.38091,-0.2058,-0.16732,-0.21336,-0.31233,-0.45997,-0.27549,-0.47587,-0.42663,-0.077593,-0.62974,-0.0090335,0.048903,-0.080608,-0.088294,-0.58639,-0.19497,-0.093527,0.20631,-0.11811,-0.12109,-0.23895,-0.12492,-0.27483,-0.18793,-0.10425,-0.27569,-0.44108,-0.20193,-0.28259,-0.19071,-0.45407,-0.1216,-0.44123,-0.342,-0.576,-0.33718,-0.27725,-0.29701,-0.18269,-0.17129,-0.36739,-0.38274,0.015509,0.14278,-0.46068,-0.36203,-0.31695,-0.031195,-0.35072,-0.26449,-0.38149,-0.28903,-0.1312,-0.3732,-0.16642,0.22833,-0.092729,0.15281,-0.06941,-0.19795
-0.11074,0.17187,-0.026806,-0.099029,0.075009,0.072909,-0.25796,0.042106,-0.14435,0.29133,-0.16294,0.16435,-0.12842,-0.20873,0.077455,0.094463,0.27365,-0.025465,0.61459,0.23128,0.12918,-0.15288,0,0.43418,-0.17641,0.2353,0.13492,-0.17573,-0.32706,-0.2034,-0.25549,-0.20595,-0.18139,-0.13818,-0.27418,0.056144,-0.33562,-0.13654,-0.36982,-0.1758,-0.15691,0.24461,-0.28419,0.0069338,-0.019598,0.20432,-0.20766,0.033995,0.16389,-0.13815,-0.18703,-0.31092,0.21209,0.28699,-0.19546,0.12039,0.084834,-0.034335,-0.1106,0.25497,0.33556,-0.285,-0.07497,-0.3234,-0.30148,-0.011814,-0.0077645,-0.17922,-0.25707,-0.21012,-0.26455,-0.11768,-0.10022,0.056366,-0.010263,-0.10321,0.30309,-0.049969,0.024445,-0.059192,0.095549,-0.18888,0.13776,0.057537,0.27484,0.10597,0.074466,-0.16372,-0.073982,-0.063588,-0.22728,-0.45088,-0.39475,-0.29841,-0.089799,-0.24921,-0.19025,-0.35239,-0.13387,-0.15889,0.016118,-0.26399,-0.064608,-0.33777,0.18957
-0.33955,0.30465,-0.094921,-0.33268,-0.21747,0.083159,-0.59923,0.096798,-0.45669,0.27348,-0.46184,-0.0069076,-0.15644,-0.26741,-0.038646,0.16491,0.37606,0.087719,0.34937,0.068134,0.4453,0.17991,0.43418,0,-0.46518,0.1981,0.11103,-0.2045,-0.4774,-0.3491,-0.43501,-0.011493,-0.31938,-0.18451,-0.5852,0.044298,-0.65105,-0.33009,-0.69718,-0.284,-0.2945,0.45995,-0.27365,0.30777,-0.25013,0.073374,-0.16485,-0.016674,-0.017563,-0.30031,-0.21006,-0.39653,0.022908,0.42275,-0.30671,0.18853,0.14494,0.010008,-0.024294,-0.15121,0.20069,-0.28901,0.03459,-0.19337,-0.12131,-0.083251,0.023313,-0.30482,-0.27404,-0.10636,-0.33733,-0.23797,-0.070607,-0.084808,-0.063758,-0.34358,0.20131,-0.15434,-0.086051,-0.29397,-0.0020082,-0.25037,-0.0065871,0.094875,0.20066,-0.062502,-0.18509,-0.062116,0.0064628,-0.24062,-0.24312,-0.48495,-0.17136,-0.31935,-0.045194,-0.42214,-0.30571,-0.25419,-0.33343,-0.16955,0.27208,-0.20224,0.096386,-0.32188,0.085416
-0.063195,-0.49686,-0.18116,-0.068128,0.204,-0.21268,0.15475,-0.48271,0.1962,-0.34167,0.18473,-0.24874,-0.28639,-0.27262,-0.085344,-0.44258,-0.25081,-0.24855,-0.18077,-0.016674,-0.42459,-0.45277,-0.17641,-0.46518,0,-0.072929,-0.27709,-0.23359,-0.14223,-0.067303,0.052304,-0.36801,-0.12415,-0.33278,0.12403,-0.55419,0.23719,-0.088124,0.34293,0.059231,0.064746,-0.42754,-0.14036,-0.58207,0.047935,-0.21982,-0.45703,-0.32316,-0.11322,-0.10397,-0.23689,-0.059048,-0.16564,-0.34202,-0.21626,-0.28155,-0.25904,-0.31625,-0.33504,0.028258,-0.41762,-0.21661,-0.38497,-0.48699,-0.53849,-0.28934,-0.37152,0.0082551,-0.21629,-0.32438,-0.18613,-0.12856,-0.48142,-0.22667,-0.37875,0.11215,-0.30442,-0.1476,-0.22984,0.16444,-0.30759,-0.10586,0.019055,-0.40111,-0.37813,-0.030378,0.0087719,-0.36793,-0.31093,-0.2434,-0.45008,-0.31481,-0.6575,-0.38011,-0.60495,-0.14535,-0.24962,-0.38828,-0.063261,-0.063464,-0.46333,-0.079902,-0.20479,-0.21945,-0.36438
-0.14353,0.010322,0.025485,-0.076147,0.1084,0.19321,-0.3005,-0.03164,-0.089485,0.26992,-0.011061,0.1389,-0.23307,-0.24743,0.063941,0.0074571,0.48481,0.23122,0.3893,0.3755,0.044239,-0.098178,0.2353,0.1981,-0.072929,0,0.07408,-0.058728,-0.44381,-0.20515,-0.40759,-0.080746,-0.25702,-0.25884,-0.39466,-0.22816,-0.22426,-0.17154,-0.32504,0.011467,-0.32712,0.10031,-0.42999,-0.12744,-0.15,0.16534,-0.38744,-0.0075094,0.26991,-0.086489,0.0081243,-0.13397,0.059598,0.31807,-0.16297,-0.11786,-0.10216,-0.04123,0.024046,0.052736,0.026957,-0.3754,-0.28237,-0.46216,-0.45735,-0.073328,0.028448,-0.11629,-0.23801,-0.27781,-0.30985,-0.2479,-0.27291,-0.11059,-0.17666,-0.011271,0.19109,-0.0076075,0.022829,0.076088,-0.069828,-0.010839,0.3644,-0.12066,0.028435,0.16226,0.083964,-0.17898,-0.056726,-0.18453,-0.21731,-0.75679,-0.52364,-0.41852,-0.31763,-0.40151,-0.31121,-0.35678,-0.086129,-0.1072,-0.16285,-0.19169,-0.14142,-0.36109,0.011787
-0.1899,-0.031156,-0.090015,-0.03828,-0.17702,-0.041969,-0.29564,-0.080242,-0.26877,-0.024831,-0.20537,-0.13596,-0.15124,-0.19264,0.40008,0.24519,0.21843,0.087091,0.16512,0.066839,0.083715,-0.0090401,0.13492,0.11103,-0.27709,0.07408,0,0.39593,-0.11384,0.065812,-0.50808,-0.073341,-0.094011,-0.10501,-0.31006,0.080235,-0.2782,-0.23414,-0.30099,-0.14902,-0.22564,0.099343,-0.22071,-0.0020998,-0.08159,0.12273,-0.32703,-0.10813,0.034034,-0.20243,-0.097655,-0.14485,-0.062077,0.0064824,-0.34023,0.086299,0.16905,0.12187,0.0062339,-0.152,0.10666,-0.020631,-0.035173,-0.12162,-0.21014,0.041838,0.091284,-0.021599,-0.04817,-0.063823,-0.075519,-0.16482,-0.1586,0.01046,-0.0040556,-0.0010793,0.14036,-0.13783,0.05428,-0.12824,-0.046463,-0.15529,-0.014312,-0.20018,-0.028834,-0.07219,-0.015719,-0.03877,0.091787,-0.1492,-0.23842,-0.53456,-0.40148,-0.44375,-0.34577,-0.29681,-0.28604,-0.20711,-0.23807,-0.21941,-0.099539,-0.26902,-0.17559,-0.0021259,-0.13835
-0.083722,-0.1645,0.0082028,0.11784,-0.1605,-0.10101,-0.15807,-0.18261,-0.16381,-0.18704,-0.049616,-0.16478,-0.13575,-0.10802,0.24948,0.086345,0.053449,0.17699,-0.069593,-0.027696,-0.23585,-0.15006,-0.17573,-0.2045,-0.23359,-0.058728,0.39593,0,0.087313,0.15184,-0.46303,-0.051617,0.012775,-0.05653,-0.19842,-0.020376,-0.0071562,-0.050741,-0.15606,-0.047274,-0.30212,-0.15313,-0.23699,-0.17149,-0.091179,0.017119,-0.26434,-0.14458,-0.056824,-0.063104,-0.0097138,-0.092213,-0.22994,-0.21148,-0.23603,-0.15806,-0.0099558,0.063365,0.057439,-0.21257,-0.11053,-0.022142,-0.19691,-0.16129,-0.27737,0.017779,0.037279,0.19655,0.14746,-0.08193,0.040994,-0.1813,-0.26426,-0.046652,-0.11069,0.18058,-0.020219,-0.091284,0.079012,-0.066708,-0.10619,-0.16229,-0.00087653,-0.32515,-0.20922,-0.097727,0.033348,-0.039784,-0.0069469,-0.063804,-0.14135,-0.50936,-0.41514,-0.36319,-0.37494,-0.19947,-0.13822,-0.0089485,-0.1327,-0.37698,-0.34649,-0.36298,-0.43077,0.020134,-0.16528
0.051598,-0.23168,-0.1223,-0.090695,-0.30664,-0.45957,0.11429,-0.17756,0.030757,-0.32513,-0.11398,-0.28048,-0.29338,-0.29427,-0.043565,-0.19604,-0.33341,-0.25815,-0.25948,-0.18201,-0.33675,-0.28285,-0.32706,-0.4774,-0.14223,-0.44381,-0.11384,0.087313,0,0.35845,0.04679,-0.067493,-0.15493,-0.30921,0.10079,-0.098617,0.024059,-0.20997,0.0018316,-0.21154,-0.10019,-0.30715,0.027683,-0.25392,0.070299,-0.23853,-0.18047,-0.32204,-0.1142,-0.28203,-0.38904,-0.19334,-0.23353,-0.38719,-0.06557,-0.11697,-0.065832,-0.28406,-0.36118,-0.22847,-0.29702,0.078855,-0.012317,-0.28826,-0.25463,-0.28451,-0.36616,0.25949,0.045331,0.07754,0.26661,-0.12778,-0.16345,-0.12319,-0.12037,0.14048,-0.19425,-0.28722,-0.20011,-0.2705,-0.34168,-0.43511,-0.41123,-0.4081,-0.33268,-0.24809,0.017668,-0.26172,-0.30619,-0.077037,-0.2895,-0.075853,-0.19672,-0.10959,-0.20111,0.20854,0.062966,0.18347,0.23069,-0.58206,-0.34557,-0.40669,-0.4343,0.30864,-0.070888
-0.14509,-0.39425,-0.078757,-0.2045,-0.34467,-0.54405,-0.038293,-0.25119,0.069704,-0.14496,-0.053599,-0.16088,-0.25033,-0.27483,0.19718,0.019532,-0.12038,-0.27923,-0.11133,-0.010217,-0.17471,-0.24724,-0.2034,-0.3491,-0.067303,-0.20515,0.065812,0.15184,0.35845,0,-0.080366,-0.022685,-0.096667,-0.26066,0.074734,-0.008072,-0.0066132,-0.18762,0.038293,-0.051271,-0.11596,-0.23759,-0.1539,-0.2436,0.098571,-0.081452,-0.26609,-0.21611,-0.064464,-0.21267,-0.27932,-0.2915,-0.24636,-0.36058,-0.22545,-0.049936,0.09426,-0.13441,-0.22857,-0.14951,-0.12661,0.2879,0.082845,-0.20635,-0.091794,-0.11348,-0.12571,0.36212,0.0035127,0.14878,0.41162,0.048523,-0.078502,-0.012814,-0.011218,0.14326,-0.0046836,-0.16502,-0.10961,-0.13115,-0.16109,-0.41644,-0.29173,-0.23282,-0.12183,-0.074721,0.15481,-0.21783,-0.16428,-0.16183,-0.32288,-0.20408,-0.36048,-0.36371,-0.37495,-0.038522,-0.076173,-0.072203,0.081112,-0.41739,-0.30354,-0.36491,-0.35823,0.17597,-0.12878
-0.071509,-0.35258,-0.31207,-0.18248,-0.18295,-0.52835,0.15666,-0.25038,0.23838,-0.27232,-0.078044,-0.19108,-0.2637,-0.28706,-0.26329,-0.48569,-0.5364,-0.50893,-0.23522,-0.13949,-0.4481,-0.49403,-0.25549,-0.43501,0.052304,-0.40759,-0.50808,-0.46303,0.04679,-0.080366,0,-0.43379,-0.25815,-0.35137,0.14415,-0.38713,-0.0202,-0.16954,0.028971,-0.19508,-0.043349,-0.3827,0.033034,-0.42236,0.034008,-0.37085,-0.27871,-0.40328,-0.084625,-0.2966,-0.49194,-0.21426,-0.067127,-0.30236,-0.089485,-0.30825,-0.36744,-0.55342,-0.63507,-0.0048209,-0.26565,-0.13836,-0.092232,-0.35742,-0.24335,-0.46703,-0.57033,-0.024255,-0.22982,-0.049609,0.0073459,0.050734,-0.13737,-0.22088,-0.19663,-0.10569,-0.29229,-0.22622,-0.26046,-0.22714,-0.27434,-0.34674,-0.32852,-0.27114,-0.26385,-0.17789,-0.054142,-0.56667,-0.70067,-0.14668,-0.32039,0.14721,-0.13308,-0.13415,-0.1603,0.23506,-0.010316,-0.28261,-0.049727,-0.22254,-0.20148,-0.23125,-0.13148,-0.12369,-0.19862
-0.26682,0.00026819,-0.02016,-0.43164,-0.34876,-0.11632,-0.38171,0.058427,-0.3748,-0.044298,-0.39689,-0.27079,-0.38729,-0.44861,-0.15625,0.050872,-0.00018316,-0.08263,-0.12059,-0.19336,0.071895,0.25938,-0.20595,-0.011493,-0.36801,-0.080746,-0.073341,-0.051617,-0.067493,-0.022685,-0.43379,0,-0.4314,-0.50389,-0.4502,-0.13259,-0.40918,-0.42615,-0.37072,-0.18123,-0.18534,0.12411,-0.18156,0.26382,-0.29142,-0.16327,-0.29956,-0.35473,-0.21297,-0.36237,-0.27378,-0.36094,-0.34657,-0.11413,-0.32442,0.18067,0.19221,-0.22778,-0.19719,-0.53457,-0.26183,-0.036428,0.11671,-0.23279,-0.1463,-0.3563,-0.24815,-0.11962,-0.19056,-0.073733,-0.1734,-0.48587,-0.23074,-0.3277,-0.2764,-0.18898,-0.10034,-0.36128,-0.33047,-0.40027,-0.35349,-0.2736,-0.31408,-0.22211,-0.12504,-0.23931,-0.18081,-0.15632,-0.045403,-0.4509,-0.45173,-0.39017,-0.11721,-0.26048,-0.21083,-0.2755,-0.055581,0.17692,-0.062325,-0.46983,-0.11061,-0.31064,-0.15908,-0.020827,-0.11562
-0.29744,-0.40354,0.23412,0.013024,-0.091009,-0.22498,-0.11557,-0.36073,-0.12217,-0.22268,0.16691,0.063529,0.53406,0.56114,-0.27409,-0.35282,-0.19109,-0.19856,-0.08976,-0.015176,-0.39114,-0.42775,-0.18139,-0.31938,-0.12415,-0.25702,-0.094011,0.012775,-0.15493,-0.096667,-0.25815,-0.4314,0,0.65684,0.14209,0.054698,0.1653,0.27059,-0.1361,-0.33063,-0.57001,-0.55217,-0.52657,-0.61445,0.14906,0.16301,-0.22037,0.24502,-0.28627,0.43392,0.18266,-0.26427,-0.31974,-0.48209,-0.15619,-0.29127,-0.20279,0.17772,0.085966,-0.17156,-0.28673,-0.12115,-0.32566,-0.32396,-0.36485,0.42966,0.26721,0.099362,-0.08541,0.029292,0.12861,0.1912,0.020206,0.37105,0.16408,0.091421,0.039719,0.4992,0.4037,0.2964,0.43627,-0.12131,-0.031614,0.082682,0.02538,0.28536,0.16135,0.17359,0.041151,-0.012285,-0.043035,-0.34221,-0.52657,-0.59429,-0.5394,-0.3049,-0.28907,-0.19853,-0.21846,-0.45264,-0.53684,-0.48314,-0.66057,-0.39503,-0.095032
-0.37968,-0.30285,0.052422,-0.069769,-0.18609,-0.18207,-0.31979,-0.37335,-0.31184,-0.20935,-0.022731,0.072262,0.7008,0.80769,-0.33481,-0.31994,-0.12818,-0.18671,-0.074839,-0.12649,-0.30291,-0.37974,-0.13818,-0.18451,-0.33278,-0.25884,-0.10501,-0.05653,-0.30921,-0.26066,-0.35137,-0.50389,0.65684,0,-0.13027,0.094594,-0.1066,0.16417,-0.35676,-0.45058,-0.70388,-0.47271,-0.6489,-0.50772,-0.074348,0.10096,-0.14583,0.38286,-0.32286,0.38982,0.26214,-0.29149,-0.26416,-0.33463,-0.18147,-0.35782,-0.2751,0.29402,0.20551,-0.1796,-0.19545,-0.1963,-0.31363,-0.2867,-0.28144,0.51097,0.36214,-0.034636,-0.018989,-0.06209,-0.0070973,0.10407,0.011395,0.30361,0.12293,-0.12536,0.025472,0.45269,0.43411,0.14808,0.51451,-0.20667,-0.058702,0.26098,0.079647,0.18297,-0.038149,0.26491,0.042414,-0.037652,0.011696,-0.35271,-0.37489,-0.5822,-0.42798,-0.44888,-0.42159,-0.27502,-0.38421,-0.35626,-0.33851,-0.37114,-0.53977,-0.52543,-0.058185
-0.013645,-0.4545,-0.020795,-0.0048144,-0.08972,-0.49101,0.37864,-0.27378,0.29888,-0.28754,0.14409,-0.14179,-0.13276,-0.13162,-0.15852,-0.32661,-0.49431,-0.40699,-0.29067,-0.056366,-0.54099,-0.57066,-0.27418,-0.5852,0.12403,-0.39466,-0.31006,-0.19842,0.10079,0.074734,0.14415,-0.4502,0.14209,-0.13027,0,-0.1044,0.46832,0.073315,0.32344,-0.11024,-0.13351,-0.52203,-0.13058,-0.61713,0.40693,-0.071241,-0.19065,-0.18287,-0.14135,-0.074329,-0.31104,-0.23017,-0.28673,-0.59904,-0.10439,-0.28425,-0.22111,-0.28423,-0.35277,0.0012952,-0.25381,-0.080072,-0.29771,-0.21785,-0.27954,-0.11295,-0.22261,0.015267,-0.34895,-0.0076206,0.12728,0.23512,-0.016929,0.051447,0.040549,0.15829,-0.16802,-0.06523,-0.13381,-0.007287,-0.10599,-0.23205,-0.22066,-0.33139,-0.2455,-0.076742,0.13792,-0.28984,-0.30701,0.10159,-0.080929,0.028056,-0.43443,-0.15232,-0.27335,0.21397,0.034525,-0.18466,0.084147,-0.36918,-0.56892,-0.53453,-0.52521,-0.14185,-0.16694
-0.15747,0.04641,0.088916,-0.17193,-0.39209,-0.33784,-0.27824,-0.0002224,-0.29504,0.057119,-0.27788,0.047954,-0.023791,-0.06001,-0.042512,0.16199,-0.051696,-0.21753,0.0045985,-0.077024,-0.030096,-0.20171,0.056144,0.044298,-0.55419,-0.22816,0.080235,-0.020376,-0.098617,-0.008072,-0.38713,-0.13259,0.054698,0.094594,-0.1044,0,-0.25096,-0.019984,-0.32998,-0.2568,-0.34299,-0.0028585,-0.31322,-0.030947,0.092402,0.29422,0.018355,0.1092,-0.088942,-0.14895,-0.22415,-0.40901,-0.12049,-0.13554,-0.099905,0.11672,0.23616,0.15225,0.044311,-0.12296,0.15339,-0.099807,-0.058911,-0.061213,0.08104,0.22168,0.20066,-0.11372,-0.20388,0.15225,0.077599,0.13299,0.31144,0.30832,0.32635,-0.10535,0.19995,-0.023581,0.038221,-0.20631,0.18779,-0.43201,-0.25944,0.054947,0.14199,-0.056105,-0.023392,0.072392,-0.010309,0.14054,0.054306,-0.24203,-0.25485,-0.20678,0.0014064,-0.19274,-0.13563,-0.025105,-0.12544,-0.54921,-0.12932,-0.68408,-0.45488,-0.2155,0.20254
0.11615,-0.43633,0.068062,0.23065,0.078554,-0.31746,0.414,-0.3031,0.36524,-0.31587,0.42986,-0.077586,-0.15318,-0.081034,-0.12448,-0.40183,-0.3977,-0.20073,-0.26585,-0.015719,-0.72136,-0.62628,-0.33562,-0.65105,0.23719,-0.22426,-0.2782,-0.0071562,0.024059,-0.0066132,-0.0202,-0.40918,0.1653,-0.1066,0.46832,-0.25096,0,0.35314,0.43719,0.11063,-0.20026,-0.55834,-0.19647,-0.69175,0.28935,-0.014489,-0.26644,-0.19664,-0.077815,0.059545,-0.16086,-0.093508,-0.21005,-0.50112,0.013128,-0.38732,-0.30295,-0.24022,-0.21293,0.026806,-0.3598,-0.23864,-0.52676,-0.39158,-0.46588,-0.077815,-0.1839,0.087248,-0.18611,-0.15718,0.058702,0.086437,-0.18189,0.016366,-0.093272,0.39975,-0.19851,0.016216,-0.023889,0.18399,-0.11436,-0.048412,-0.037652,-0.43175,-0.34915,0.0090335,0.20706,-0.26465,-0.31863,0.15318,-0.010924,-0.2352,-0.65856,-0.23025,-0.40922,0.059643,0.0061161,-0.18191,0.068546,-0.40839,-0.78346,-0.53687,-0.6806,-0.23165,-0.2439
0.0026688,-0.2613,0.18012,0.22247,-0.0066329,-0.26638,0.021122,-0.23927,0.04713,-0.17186,0.21205,0.15916,0.0057105,0.090924,-0.19316,-0.34516,-0.26311,-0.18244,-0.10312,-0.035768,-0.53486,-0.61035,-0.13654,-0.33009,-0.088124,-0.17154,-0.23414,-0.050741,-0.20997,-0.18762,-0.16954,-0.42615,0.27059,0.16417,0.073315,-0.019984,0.35314,0,0.047817,0.077534,-0.33198,-0.38391,-0.3118,-0.46115,0.16691,0.20399,-0.10606,0.0059657,-0.11014,0.15123,-0.098937,-0.23704,-0.048661,-0.30421,0.11887,-0.28151,-0.21729,-0.047522,-0.0047555,0.09946,-0.19945,-0.40456,-0.52226,-0.42635,-0.3278,0.17013,0.038443,-0.067565,-0.081786,-0.15772,-0.00032052,0.1535,-0.0026885,0.22227,0.030993,0.13719,-0.059755,0.19069,0.16959,0.21563,0.24336,-0.029246,-0.0027343,-0.13675,-0.10392,0.14363,0.16377,-0.10593,-0.25149,0.25167,0.15552,-0.39345,-0.69943,-0.30446,-0.28052,-0.18772,-0.0762,-0.26687,-0.158,-0.48587,-0.54467,-0.64084,-0.68453,-0.50507,-0.11515
0.12061,-0.47695,-0.24041,-0.041943,-0.059696,-0.49167,0.36807,-0.39296,0.19278,-0.49775,0.077246,-0.33537,-0.4363,-0.3636,-0.035225,-0.3656,-0.5235,-0.44092,-0.42745,-0.25106,-0.60548,-0.57272,-0.36982,-0.69718,0.34293,-0.32504,-0.30099,-0.15606,0.0018316,0.038293,0.028971,-0.37072,-0.1361,-0.35676,0.32344,-0.32998,0.43719,0.047817,0,0.27721,0.19218,-0.42253,0.012893,-0.49722,0.15099,-0.1899,-0.24187,-0.43176,-0.14744,-0.22065,-0.39178,-0.15241,-0.20737,-0.50736,-0.12542,-0.30232,-0.20278,-0.31401,-0.31945,-0.0028389,-0.38506,-0.12635,-0.39562,-0.2939,-0.24914,-0.26128,-0.36345,-0.069606,-0.22316,-0.24751,-0.046188,-0.011997,-0.25704,-0.16527,-0.22633,0.11357,-0.392,-0.28132,-0.32981,-0.019284,-0.36374,-0.24629,-0.28504,-0.58527,-0.52324,-0.24152,-0.091199,-0.35855,-0.36892,0.00086345,-0.1445,-0.12854,-0.57143,-0.12194,-0.37936,0.058368,-0.055614,-0.32984,-0.034911,-0.19289,-0.50234,-0.33394,-0.38744,-0.1734,-0.45994
0.053828,-0.23899,-0.16528,-0.017845,-0.097269,-0.31123,-0.017557,-0.21396,0.041321,-0.19936,-0.092049,-0.19785,-0.60502,-0.53716,0.16679,-0.092952,-0.1796,-0.13612,-0.20328,-0.083637,-0.34331,-0.35678,-0.1758,-0.284,0.059231,0.011467,-0.14902,-0.047274,-0.21154,-0.051271,-0.19508,-0.18123,-0.33063,-0.45058,-0.11024,-0.2568,0.11063,0.077534,0.27721,0,0.13297,-0.055621,0.052716,-0.14862,-0.026289,-0.072157,-0.15067,-0.39419,0.041158,-0.3529,-0.42076,-0.18448,-0.034034,-0.13347,-0.097269,-0.16287,-0.038325,-0.22051,-0.1442,0.043925,-0.16534,-0.33867,-0.39293,-0.27855,-0.11706,-0.24121,-0.2353,-0.17836,-0.17446,-0.27874,-0.19842,-0.10285,-0.25661,-0.21463,-0.26994,0.011173,-0.23855,-0.31906,-0.30548,-0.082793,-0.29369,-0.15617,-0.0845,-0.54396,-0.38539,-0.22544,-0.10412,-0.3643,-0.32805,-0.02067,-0.086273,-0.43339,-0.63809,-0.13081,-0.1995,-0.12141,-0.031967,-0.34862,-0.14795,-0.16734,-0.30287,-0.37372,-0.23494,-0.18805,-0.32416
0.00066721,-0.21523,-0.48559,-0.26944,-0.17307,-0.37231,-0.025177,-0.29335,-0.15793,-0.40631,-0.37736,-0.54617,-0.79443,-0.81896,0.045632,-0.14666,-0.3685,-0.40881,-0.36866,-0.38972,-0.25557,-0.30259,-0.15691,-0.2945,0.064746,-0.32712,-0.22564,-0.30212,-0.10019,-0.11596,-0.043349,-0.18534,-0.57001,-0.70388,-0.13351,-0.34299,-0.20026,-0.33198,0.19218,0.13297,0,-0.009269,0.35906,-0.0070057,-0.19114,-0.43118,-0.19595,-0.72353,-0.20793,-0.64054,-0.75678,-0.20485,-0.12019,-0.23049,-0.29073,0.0038921,0.0040752,-0.46603,-0.50624,-0.084082,-0.20899,-0.16364,-0.17883,-0.10015,-0.050224,-0.59069,-0.64627,-0.33385,-0.29469,-0.36981,-0.3615,-0.31598,-0.44218,-0.48777,-0.49557,-0.24669,-0.50125,-0.69085,-0.71067,-0.37016,-0.61531,-0.39101,-0.36472,-0.60431,-0.5059,-0.53699,-0.40068,-0.53938,-0.42952,-0.27126,-0.44586,-0.12739,-0.28896,0.06693,-0.091421,-0.028651,-0.08244,-0.29882,-0.20615,-0.023052,-0.11852,-0.082708,0.052049,-0.041452,-0.46061
-0.12359,0.42074,-0.16003,-0.28512,-0.19867,0.010479,-0.3622,0.27847,-0.34254,0.1949,-0.47418,-0.11259,-0.46738,-0.56364,0.078738,0.25751,0.14268,-0.02992,0.15061,-0.056687,0.16917,0.066852,0.24461,0.45995,-0.42754,0.10031,0.099343,-0.15313,-0.30715,-0.23759,-0.3827,0.12411,-0.55217,-0.47271,-0.52203,-0.0028585,-0.55834,-0.38391,-0.42253,-0.055621,-0.009269,0,-0.0407,0.66639,-0.23983,-0.056857,-0.17842,-0.30669,0.090774,-0.484,-0.38435,-0.32563,0.07741,0.4041,-0.25849,0.28663,0.25066,-0.16881,-0.18154,-0.13598,0.18602,-0.22571,0.028762,-0.12146,-0.020114,-0.31187,-0.19793,-0.33135,-0.35227,-0.16998,-0.38269,-0.33673,-0.14242,-0.25811,-0.17769,-0.25351,0.053298,-0.36478,-0.27917,-0.38215,-0.24819,-0.3257,-0.14006,-0.20202,-0.0073132,-0.24732,-0.23937,-0.26414,-0.14784,-0.21714,-0.24439,-0.40235,-0.12438,-0.070103,0.14919,-0.19089,-0.06037,-0.15384,-0.18525,-0.19128,0.16672,-0.30539,0.075205,-0.12834,-0.014162
