,,,,,,,,,,,,,,,,,,,,,,,,,,,,,,,,,,,,,,,,,,,,,,,,,,,,,,,,,,,,,,,,,,,,,,,,,,,,,,,,,,,,,,,,,,,,,,,,,,,,,,,,
0,0.18066,-0.30079,-0.075319,-0.053949,-0.1162,0.27439,-0.014635,-0.062755,-0.35847,-0.073661,-0.17625,-0.17453,-0.076051,-0.39826,-0.53514,-0.38856,-0.2743,-0.29001,-0.41103,-0.59434,-0.69447,-0.26482,-0.45411,-0.19169,-0.43147,-0.45279,-0.37909,-0.20738,-0.46599,-0.065532,-0.55224,-0.21823,-0.11037,-0.12865,-0.27039,-0.055462,0.010174,-0.015768,-0.11267,-0.063584,-0.28799,-0.085596,-0.28243,-0.092164,-0.19016,-0.25117,-0.17075,-0.26571,-0.16952,-0.25995,-0.2305,0.022419,-0.16013,-0.1033,-0.32711,-0.42226,-0.28605,-0.29601,-0.17137,-0.32183,-0.41813,-0.51369,-0.38586,-0.43494,-0.23656,-0.33231,-0.32548,-0.35758,-0.31752,-0.30552,-0.20476,-0.18297,-0.22568,-0.19592,-0.10652,-0.27913,-0.19937,-0.10026,-0.25332,-0.30705,-0.33119,-0.27202,-0.33041,-0.28283,-0.31806,-0.23071,-0.32621,-0.3805,0.14033,0.18504,-0.096757,-0.25804,0.26059,0.035356,0.1468,-0.030922,-0.19858,-0.037131,-0.5306,-0.42549,-0.58114,-0.64288,-0.36339,-0.2439
0.18066,0,-0.32881,-0.2419,-0.10432,0.13296,-0.17094,0.36697,-0.40809,-0.01697,-0.41904,-0.11892,-0.20332,-0.20101,-0.24341,-0.24175,-0.086977,-0.29352,0.082426,-0.27403,-0.14131,-0.45589,0.17722,0.096481,-0.42719,-0.177,-0.16791,-0.40387,-0.3165,-0.42187,-0.14508,-0.25711,-0.41,-0.18372,-0.37187,-0.051476,-0.53861,-0.23448,-0.43307,-0.18769,-0.029844,0.2767,-0.039286,0.25682,-0.23944,-0.056684,-0.29423,-0.097331,-0.16383,-0.3249,-0.27305,-0.3363,0.25927,0.38481,-0.15156,0.086266,-0.062589,-0.18148,-0.27627,-0.26063,-0.020327,-0.32977,-0.18521,-0.26761,-0.17311,-0.25847,-0.21794,-0.43633,-0.38192,-0.21607,-0.35001,-0.26539,-0.051138,-0.3248,-0.16232,-0.43183,-0.018938,-0.28791,-0.092724,-0.38494,-0.20017,-0.31978,-0.25875,-0.05877,0.069317,-0.29519,-0.22823,-0.29123,-0.16469,-0.2409,-0.066989,-0.31137,-0.20817,0.074062,0.2041,-0.11362,-0.075422,-0.36729,-0.258,-0.3322,-0.080644,-0.41555,-0.23965,-0.33686,-0.12795
-0.30079,-0.32881,0,0.4545,-0.3445,-0.4386,-0.36539,-0.28425,0.0078668,-0.15497,0.021998,0.016645,0.00045585,-0.00088407,-0.2566,-0.44148,-0.25015,-0.46497,-0.1138,-0.020023,-0.4506,-0.67073,-0.18385,-0.37261,-0.22617,-0.26002,-0.37759,-0.33947,-0.20029,-0.020499,-0.084339,-0.1686,0.20137,0.037552,0.013862,-0.08724,-0.074372,0.13626,-0.11679,-0.20345,-0.51028,-0.39322,-0.40557,-0.35155,0.086874,-0.035998,-0.20593,0.017426,0.011293,-0.02454,-0.13891,-0.073323,-0.20372,-0.25093,0.14767,-0.19581,-0.15326,0.042256,-0.026639,-0.0018717,-0.28745,-0.30188,-0.37534,-0.31741,-0.48252,-0.018151,-0.03412,-0.12764,-0.4464,-0.14156,-0.17189,-0.21035,-0.19685,0.070739,-0.0579,0.34759,-0.0084608,0.21694,0.036792,0.48627,0.272,0.30985,-0.066644,-0.084187,-0.091384,0.15371,0.10284,-0.092068,-0.048044,-0.13272,-0.25781,-0.45736,-0.56077,-0.44951,-0.38875,-0.22188,-0.05149,0.045847,0.097634,-0.38336,-0.60872,-0.52205,-0.64627,-0.053818,-0.30106
-0.075319,-0.2419,0.4545,0,-0.27841,-0.39229,-0.26582,-0.32862,0.046745,-0.29383,-0.0063957,-0.103,-0.065939,-0.0020444,-0.1924,-0.44318,-0.30727,-0.31151,-0.17898,-0.11915,-0.56545,-0.75457,-0.16558,-0.41296,-0.21185,-0.31594,-0.34405,-0.30172,-0.2414,-0.17525,-0.081272,-0.40021,0.11133,0.072929,-0.048037,-0.15703,-0.038588,0.21042,-0.059689,-0.13797,-0.40635,-0.40093,-0.297,-0.39972,0.044749,-0.087219,-0.19313,-0.052022,0.11037,-0.11161,-0.21021,0.14457,-0.089892,-0.22818,0.057513,-0.33425,-0.3077,0.014822,-0.027979,0.18458,-0.22417,-0.44978,-0.53271,-0.2715,-0.55198,-0.044349,-0.13232,-0.21948,-0.36667,-0.28033,-0.29286,-0.22187,-0.29365,0.0022033,-0.13758,0.29557,-0.17006,0.077881,0.037027,0.34497,0.14308,0.37259,0.033305,-0.26635,-0.23645,-0.049549,-0.041607,-0.19328,-0.19422,0.10214,-0.11685,-0.38447,-0.53702,-0.30644,-0.27996,-0.11802,-0.063501,-0.047339,-0.094319,-0.25039,-0.5481,-0.52543,-0.60341,-0.064399,-0.34848
-0.053949,-0.10432,-0.3445,-0.27841,0,0.49725,0.046621,-0.15744,-0.17578,-0.17262,0.095687,-0.013213,0.066975,0.053162,-0.53297,-0.52039,-0.21414,-0.20523,-0.041006,-0.14477,-0.55931,-0.57605,-0.030376,-0.27675,0.022198,-0.13649,-0.39022,-0.41828,-0.57601,-0.67175,-0.34628,-0.63096,-0.1033,-0.041731,-0.27167,-0.49531,-0.11473,-0.094181,-0.22444,-0.24645,-0.21075,-0.28874,-0.38778,-0.4203,-0.26258,-0.24079,-0.52136,-0.13148,-0.39416,0.20227,0.10806,-0.32933,-0.050344,-0.14597,-0.33297,-0.291,-0.41814,-0.31519,-0.34382,-0.19633,-0.35321,-0.5071,-0.54605,-0.53604,-0.65677,-0.16484,-0.23609,-0.35921,-0.47334,-0.53969,-0.5548,-0.32889,-0.42975,-0.27786,-0.39953,-0.17299,-0.15008,-0.026881,-0.028953,-0.11077,-0.14497,-0.19012,0.12489,-0.098049,-0.093877,-0.043962,-0.13403,-0.30283,-0.21202,-0.26751,-0.19144,-0.40379,-0.45123,-0.33271,-0.33259,-0.29687,-0.22774,-0.50078,-0.3226,-0.34077,-0.53979,-0.39459,-0.43084,-0.63913,-0.22944
-0.1162,0.13296,-0.4386,-0.39229,0.49725,0,-0.14298,0.050862,-0.42878,-0.014946,-0.20071,-0.077736,-0.073143,-0.078627,-0.32977,-0.25164,0.024264,-0.10742,0.097068,-0.17078,-0.23151,-0.3331,0.15348,0.025728,-0.17116,0.084512,-0.12805,-0.27395,-0.51629,-0.54418,-0.41612,-0.36233,-0.27245,-0.098228,-0.41075,-0.2902,-0.36698,-0.20949,-0.4107,-0.14638,-0.11209,0.047816,-0.28768,-0.095093,-0.38132,-0.10691,-0.52301,-0.11972,-0.36606,-0.0035156,0.10092,-0.3706,-0.009559,0.10351,-0.37435,-0.1495,-0.24115,-0.19596,-0.2246,-0.30291,-0.16407,-0.38476,-0.33277,-0.40952,-0.38778,-0.15619,-0.12045,-0.42848,-0.36937,-0.45534,-0.52009,-0.37825,-0.31373,-0.38926,-0.3922,-0.41577,-0.050475,-0.21051,-0.071451,-0.29178,-0.18888,-0.28117,0.05042,-0.090748,0.024574,-0.16145,-0.20198,-0.23265,-0.086459,-0.46999,-0.25614,-0.57348,-0.45887,-0.30227,-0.23436,-0.41221,-0.27644,-0.60874,-0.49371,-0.22087,-0.25138,-0.26607,-0.21259,-0.55571,-0.12149
0.27439,-0.17094,-0.36539,-0.26582,0.046621,-0.14298,0,-0.01811,0.2002,-0.31493,0.13358,-0.1416,0.040833,0.065041,-0.43192,-0.56613,-0.46302,-0.353,-0.27987,-0.2479,-0.64751,-0.59028,-0.35023,-0.58367,0.078889,-0.46052,-0.43453,-0.36098,-0.14955,-0.35385,0.069897,-0.59247,-0.0062161,-0.037815,0.16188,-0.32749,0.2478,0.043775,0.21987,-0.066222,-0.029844,-0.44261,-0.056988,-0.46248,0.13449,-0.15946,-0.45419,-0.20002,-0.43937,-0.012011,-0.17895,-0.41799,-0.22324,-0.43388,-0.34148,-0.35894,-0.40407,-0.34549,-0.4146,-0.32301,-0.41389,-0.20264,-0.36457,-0.36715,-0.35456,-0.16092,-0.25471,-0.17547,-0.42514,-0.16353,-0.13979,0.059012,-0.03633,-0.076092,-0.038478,-0.031502,-0.18251,-0.085285,-0.0018925,-0.26093,-0.20831,-0.40887,-0.26421,-0.26951,-0.16992,-0.1748,-0.030452,-0.33402,-0.35114,-0.091315,0.064599,0.057513,-0.32304,-0.072259,-0.23053,0.33974,0.065235,-0.31328,-0.12128,-0.57482,-0.51462,-0.70247,-0.5944,-0.33519,-0.27177
-0.014635,0.36697,-0.28425,-0.32862,-0.15744,0.050862,-0.01811,0,-0.21943,0.22234,-0.31296,0.032711,-0.10843,-0.14365,-0.24453,-0.15207,-0.1832,-0.4045,0.087115,-0.15245,-0.15806,-0.33001,0.042394,0.026501,-0.45239,-0.15786,-0.13911,-0.31886,-0.21339,-0.25001,-0.069717,-0.15569,-0.28665,-0.15741,-0.1651,0.089222,-0.37366,-0.14207,-0.36483,-0.10113,-0.13643,0.22238,-0.068605,0.16946,-0.097524,0.076451,-0.38934,-0.15073,-0.18237,-0.23085,-0.20233,-0.50672,0.038347,0.09769,-0.21989,-0.0028732,-0.10447,-0.25165,-0.35169,-0.33191,0.052022,-0.13117,-0.0011603,-0.18548,-0.032635,-0.21319,-0.099948,-0.37019,-0.49009,-0.059039,-0.16515,-0.10107,0.26896,-0.17632,0.10819,-0.37152,0.21584,-0.23558,-0.019753,-0.43643,-0.062969,-0.31765,-0.32868,-0.050143,0.26563,-0.20518,-0.023794,-0.35397,-0.19352,-0.30279,-0.055841,-0.20771,-0.20488,-0.048741,0.13532,0.071278,0.16359,-0.39513,-0.25102,-0.45648,-0.11449,-0.61769,-0.2711,-0.26637,-0.025769
-0.062755,-0.40809,0.0078668,0.046745,-0.17578,-0.42878,0.2002,-0.21943,0,-0.15853,0.40401,0.15641,0.17655,0.16051,-0.37952,-0.59377,-0.33881,-0.29169,-0.14013,0.057762,-0.62992,-0.65372,-0.28205,-0.55876,0.076907,-0.31819,-0.53878,-0.41821,-0.22339,-0.21172,0.18515,-0.60996,0.14828,0.060662,0.15794,-0.35246,0.26954,0.20618,0.12278,-0.089208,-0.36143,-0.57248,-0.29851,-0.64293,0.24031,-0.10902,-0.33819,-0.015803,-0.13168,0.082149,-0.141,-0.34493,-0.2066,-0.4446,-0.24338,-0.51116,-0.48857,-0.21735,-0.24651,0.047595,-0.31739,-0.2804,-0.40202,-0.45042,-0.52432,0.025956,-0.088359,-0.045357,-0.40821,-0.15328,-0.094354,0.12251,-0.068536,0.28539,0.1316,0.29218,0.0096971,0.27774,0.19923,0.087039,0.16404,-0.12787,-0.056836,-0.080651,-0.078779,0.15009,0.20908,-0.29548,-0.35245,0.050758,0.042553,-0.021563,-0.3888,-0.3454,-0.34357,0.18971,0.047919,-0.22537,0.0092068,-0.47698,-0.57228,-0.70482,-0.63433,-0.25422,-0.18393
-0.35847,-0.01697,-0.15497,-0.29383,-0.17262,-0.014946,-0.31493,0.22234,-0.15853,0,-0.17561,0.40491,0.015962,-0.060994,-0.13542,-0.020783,0.12376,-0.22197,0.40678,0.299,-0.03979,-0.28403,0.22998,0.25586,-0.41183,0.22129,-0.072715,-0.25449,-0.34129,-0.15274,-0.14848,-0.16604,-0.19269,-0.03182,-0.25071,0.08342,-0.43035,-0.14988,-0.6189,-0.2141,-0.42777,0.10922,-0.38838,-0.057513,-0.18514,0.11409,-0.51712,-0.033325,0.032566,-0.089388,-0.044984,-0.35381,0.023379,0.16297,-0.20922,-0.11255,-0.19371,-0.20544,-0.2566,-0.088683,0.27632,-0.16236,-0.058521,-0.20077,-0.10526,-0.11891,0.042422,-0.23365,-0.44271,-0.070677,-0.16982,-0.047961,0.058708,-0.097641,-0.0098146,-0.29579,0.46707,-0.014587,0.091404,-0.24824,0.20369,-0.24977,0.036274,0.18173,0.44759,0.10156,0.13546,-0.41403,-0.26786,-0.41567,-0.30536,-0.43141,-0.33227,-0.40704,-0.097337,-0.27107,-0.15774,-0.42304,-0.3097,-0.28446,-0.12941,-0.39023,-0.18833,-0.33811,0.21819
-0.073661,-0.41904,0.021998,-0.0063957,0.095687,-0.20071,0.13358,-0.31296,0.40401,-0.17561,0,0.2589,0.33968,0.44007,-0.44639,-0.63516,-0.259,-0.25653,-0.10477,0.061664,-0.70764,-0.7295,-0.28193,-0.56181,0.13319,-0.17107,-0.48031,-0.32102,-0.29599,-0.26598,-0.055524,-0.53536,0.33826,0.24451,0.049653,-0.38728,0.34063,0.248,0.019512,-0.20055,-0.50255,-0.66746,-0.53586,-0.78819,0.074642,-0.064005,-0.51581,0.058355,-0.16732,0.64085,0.24494,-0.20045,-0.24849,-0.41513,-0.17107,-0.55232,-0.58222,-0.16623,-0.14572,-0.01333,-0.41835,-0.30014,-0.5393,-0.58433,-0.69183,0.079456,-0.0464,0.027095,-0.3508,-0.24455,-0.16266,-0.027973,-0.22763,0.1531,-0.099354,0.41575,-0.034327,0.58366,0.29169,0.2944,0.15812,-0.11201,0.1271,-0.013848,-0.083669,0.40429,0.25302,-0.18903,-0.27013,-0.08695,-0.096426,-0.30628,-0.54857,-0.47676,-0.5419,-0.15078,-0.15839,-0.25018,0.065469,-0.4527,-0.76719,-0.54472,-0.81298,-0.49142,-0.17977
-0.17625,-0.11892,0.016645,-0.103,-0.013213,-0.077736,-0.1416,0.032711,0.15641,0.40491,0.2589,0,0.18943,0.17442,-0.36155,-0.38155,-0.01947,-0.22341,0.30257,0.31027,-0.3566,-0.55457,0.051925,-0.1196,-0.22334,0.1117,-0.3401,-0.37168,-0.38255,-0.26955,-0.074428,-0.37467,-0.01123,0.1083,-0.17323,-0.17235,-0.15683,0.080367,-0.38523,-0.21691,-0.57072,-0.21299,-0.52604,-0.36835,-0.0648,0.082944,-0.4327,0.15473,0.10277,0.2469,0.15279,-0.31924,0.035308,-0.011597,-0.0978,-0.35082,-0.44034,-0.1618,-0.15323,0.096481,-0.072259,-0.32196,-0.32882,-0.53043,-0.46153,0.038685,0.065794,-0.13937,-0.41799,-0.17886,-0.20131,-0.052644,-0.032607,0.12866,0.034783,0.016383,0.39317,0.41465,0.34066,0.074027,0.37248,-0.13504,0.13102,0.25892,0.28875,0.46403,0.30223,-0.28838,-0.26858,-0.17632,-0.10206,-0.41131,-0.42114,-0.4054,-0.20611,-0.20319,-0.10403,-0.35817,0.0029561,-0.41056,-0.42741,-0.54435,-0.51739,-0.49509,0.17906
-0.17453,-0.20332,0.00045585,-0.065939,0.066975,-0.073143,0.040833,-0.10843,0.17655,0.015962,0.33968,0.18943,0,1,-0.25162,-0.42288,-0.098201,-0.38041,0.22734,0.25768,-0.38027,-0.61775,0.026418,-0.25591,0.10118,-0.07987,-0.24675,-0.33669,-0.24091,-0.11501,0.14042,-0.38021,0.44048,0.59029,0.11553,-0.14537,0.014995,0.12773,-0.1052,-0.20775,-0.38838,-0.41892,-0.39411,-0.47663,0.28419,0.19053,-0.66824,0.25731,-0.11422,0.4697,0.25626,-0.23639,-0.11007,-0.16272,-0.22285,-0.25213,-0.26687,0.030072,-0.13057,-0.091812,-0.18585,-0.087378,-0.18914,-0.38487,-0.40546,0.20903,0.12688,0.10716,-0.36601,-0.01889,-0.015057,0.19095,-0.0033981,0.29788,0.10731,0.15697,0.28841,0.52488,0.66447,0.15089,0.41907,-0.12272,0.13817,0.3447,0.31548,0.50817,0.51528,-0.079918,-0.053417,-0.26717,-0.20594,-0.27568,-0.51319,-0.631,-0.56049,-0.11476,-0.12833,-0.37168,-0.14278,-0.27122,-0.40664,-0.44768,-0.454,-0.33597,-0.13918
-0.076051,-0.20101,-0.00088407,-0.0020444,0.053162,-0.078627,0.065041,-0.14365,0.16051,-0.060994,0.44007,0.17442,1,0,-0.26246,-0.44909,-0.12662,-0.3412,0.11993,0.1566,-0.44487,-0.66389,-0.069282,-0.33311,0.069669,-0.077874,-0.25875,-0.28603,-0.21767,-0.12528,0.095818,-0.38791,0.46907,0.75156,0.10047,-0.14162,0.088877,0.22676,-0.076935,-0.17539,-0.44132,-0.48944,-0.42549,-0.54283,0.2475,0.22922,-0.65302,0.2858,-0.081321,0.56563,0.34528,-0.13328,-0.12589,-0.18333,-0.16511,-0.35769,-0.37329,0.064537,-0.046987,-0.078882,-0.22909,-0.13937,-0.2874,-0.42584,-0.44224,0.24976,0.13378,0.10539,-0.30086,-0.056166,-0.018013,0.15568,-0.027068,0.27172,0.056449,0.20057,0.16594,0.52516,0.69859,0.18372,0.33714,-0.11043,0.1432,0.20363,0.17703,0.43212,0.44407,-0.046386,-0.087834,-0.20071,-0.14289,-0.3238,-0.56977,-0.5723,-0.56207,-0.14082,-0.16086,-0.34811,-0.10339,-0.28788,-0.4587,-0.46722,-0.5691,-0.37532,-0.12736
-0.39826,-0.24341,-0.2566,-0.1924,-0.53297,-0.32977,-0.43192,-0.24453,-0.37952,-0.13542,-0.44639,-0.36155,-0.25162,-0.26246,0,0.36451,0.087792,0.0092413,-0.052899,0.020375,0.16318,-0.016507,-0.016107,0.11062,-0.36602,0.014649,0.63574,0.39079,0.1302,0.3458,-0.094706,0.0011189,-0.11452,-0.017889,-0.10873,0.26878,-0.29599,-0.18796,-0.37275,-0.12771,-0.23492,-0.052298,-0.077073,-0.051193,-0.11807,0.098636,-0.2931,-0.19485,0.016348,-0.36108,-0.27395,-0.1311,-0.34534,-0.14163,-0.29691,-0.25145,-0.072128,0.056995,0.0046552,-0.12092,0.25168,0.21323,0.12832,0.15548,0.184,-0.10859,-0.0039023,0.042981,0.08543,0.15879,0.13998,0.024043,-0.037635,-0.14559,-0.099568,-0.29265,-0.084339,-0.33505,-0.14415,-0.34482,-0.11246,-0.40111,-0.094298,-0.34285,-0.16465,-0.25701,-0.094533,-0.18088,-0.1753,-0.38768,-0.45195,-0.52257,-0.49933,-0.38148,-0.31882,-0.26993,-0.33435,-0.41629,-0.52501,0.21873,0.16795,0.029513,0.082723,-0.040909,-0.14713
-0.53514,-0.24175,-0.44148,-0.44318,-0.52039,-0.25164,-0.56613,-0.15207,-0.59377,-0.020783,-0.63516,-0.38155,-0.42288,-0.44909,0.36451,0,-0.04526,-0.069648,-0.18302,-0.19258,0.15748,0.24483,-0.10913,0.18907,-0.71494,-0.044535,0.42107,0.30064,-0.092268,0.056725,-0.43598,0.10509,-0.39176,-0.28512,-0.36436,0.24431,-0.54574,-0.4454,-0.69665,-0.34192,-0.36774,0.07306,-0.3134,0.018925,-0.44436,-0.11304,-0.33181,-0.41578,-0.10892,-0.43108,-0.28401,-0.26167,-0.46195,-0.19488,-0.45445,-0.28162,-0.15897,-0.24704,-0.22109,-0.24819,0.44269,0.11945,0.14451,0.33526,0.27455,-0.33163,-0.16473,-0.20466,-0.10641,-0.12099,-0.11777,-0.23867,-0.17105,-0.37958,-0.24801,-0.5418,-0.16487,-0.55983,-0.38025,-0.64118,-0.29827,-0.50899,-0.23896,-0.38416,-0.19725,-0.45746,-0.30269,-0.36644,-0.30676,-0.44585,-0.51586,-0.4183,-0.2084,-0.30817,-0.15035,-0.36641,-0.31915,-0.37695,-0.60873,0.069144,0.19878,-0.042643,0.11815,-0.19715,-0.047249
-0.38856,-0.086977,-0.25015,-0.30727,-0.21414,0.024264,-0.46302,-0.1832,-0.33881,0.12376,-0.259,-0.01947,-0.098201,-0.12662,0.087792,-0.04526,0,0.24466,0.34415,0.15359,0.21702,-0.1633,0.28162,0.28263,-0.1257,0.58877,0.10703,-0.10333,-0.33985,-0.12659,-0.2275,-0.14167,-0.22868,-0.021908,-0.39939,-0.1451,-0.4329,-0.21213,-0.44323,-0.009186,-0.18703,0.091411,-0.26861,-0.014401,-0.29274,0.10249,-0.36515,0.16414,-0.14687,-0.12927,0.024519,-0.38653,-0.18737,0.092358,-0.41559,-0.18059,-0.053113,0.18931,0.21087,-0.14066,0.002224,-0.14218,-0.12733,-0.34005,-0.18662,0.13432,0.26603,-0.12838,-0.057582,-0.14024,-0.21507,-0.15308,-0.15926,-0.16649,-0.20419,-0.36016,0.17039,-0.062955,0.057285,-0.14502,0.031447,-0.352,0.18209,0.1063,0.15647,0.043623,-0.06183,0.00064924,0.075609,-0.5836,-0.32285,-0.74037,-0.60303,-0.50591,-0.37462,-0.55752,-0.42812,-0.57185,-0.44806,0.051014,-0.019153,-0.040412,-0.03959,-0.38026,-0.031281
-0.2743,-0.29352,-0.46497,-0.31151,-0.20523,-0.10742,-0.353,-0.4045,-0.29169,-0.22197,-0.25653,-0.22341,-0.38041,-0.3412,0.0092413,-0.069648,0.24466,0,-0.13073,-0.12157,-0.10559,-0.10077,-0.089616,-0.079207,-0.14499,0.14115,-0.049432,0.018054,-0.34304,-0.31528,-0.37614,-0.33758,-0.36911,-0.23426,-0.46965,-0.38431,-0.23922,-0.18211,-0.35461,-0.0079704,-0.1754,-0.15254,-0.24017,-0.23596,-0.47243,-0.19103,-0.17714,-0.15711,-0.26373,-0.23905,-0.17466,-0.3671,-0.40689,-0.27304,-0.58184,-0.53057,-0.38025,-0.15073,0.043458,-0.066388,-0.12266,-0.32415,-0.38569,-0.33947,-0.30565,-0.081694,-0.081921,-0.23025,0.10755,-0.38772,-0.36318,-0.28563,-0.39641,-0.34277,-0.42777,-0.39534,-0.26327,-0.29058,-0.2123,-0.31243,-0.25426,-0.41926,0.13764,-0.32944,-0.27448,-0.26117,-0.28564,-0.21377,-0.24619,-0.34286,-0.21439,-0.58451,-0.54244,-0.2728,-0.26731,-0.45994,-0.38362,-0.54134,-0.51057,0.015243,-0.16668,-0.088283,-0.1368,-0.50747,-0.12056
-0.29001,0.082426,-0.1138,-0.17898,-0.041006,0.097068,-0.27987,0.087115,-0.14013,0.40678,-0.10477,0.30257,0.22734,0.11993,-0.052899,-0.18302,0.34415,-0.13073,0,0.44849,0.020997,-0.35635,0.66923,0.32837,-0.15727,0.31237,0.021294,-0.26157,-0.29426,-0.14027,0.035611,-0.21134,-0.062044,0.16843,-0.23406,-0.051124,-0.37976,-0.070456,-0.47223,-0.16511,-0.29139,0.080734,-0.25998,-0.055959,-0.047021,0.24498,-0.50835,0.21372,0.069275,0.023152,0.057554,-0.32629,0.1189,0.28871,-0.24275,-0.062527,-0.10158,0.054757,-0.072411,-0.016521,0.10712,-0.1343,-0.014421,-0.38918,-0.2512,0.074455,0.14968,-0.074897,-0.22827,-0.015471,-0.12671,0.0055807,0.037041,0.045239,0.017999,-0.20422,0.57599,0.16113,0.39614,-0.056864,0.38453,-0.19226,0.19219,0.42646,0.65507,0.33311,0.27754,-0.15639,-0.042201,-0.45731,-0.30772,-0.55015,-0.50055,-0.53983,-0.28958,-0.29168,-0.19874,-0.55026,-0.31557,-0.095397,-0.064219,-0.2497,-0.092655,-0.35277,0.079974
-0.41103,-0.27403,-0.020023,-0.11915,-0.14477,-0.17078,-0.2479,-0.15245,0.057762,0.299,0.061664,0.31027,0.25768,0.1566,0.020375,-0.19258,0.15359,-0.12157,0.44849,0,-0.12112,-0.41269,0.18822,0.031308,-0.07297,0.23581,-0.049791,-0.17824,-0.21169,0.014111,0.12334,-0.30403,0.19507,0.31361,0.019726,-0.0324,-0.099624,0.11016,-0.33351,-0.12039,-0.45295,-0.23456,-0.30216,-0.33274,0.12567,0.24373,-0.44273,0.20539,0.10479,0.07201,0.0021756,-0.2467,-0.073336,-0.020175,-0.15258,-0.25363,-0.24083,0.015899,-0.070864,0.069662,0.049308,-0.11384,-0.12432,-0.30959,-0.21129,0.14486,0.19557,0.073385,-0.23483,0.12105,0.048424,0.28336,0.063681,0.21197,0.075733,-0.046206,0.38652,0.28539,0.35965,0.041841,0.53124,-0.16284,0.31626,0.16766,0.28393,0.46251,0.50527,-0.22456,-0.16912,-0.34492,-0.31495,-0.53172,-0.67046,-0.62868,-0.40762,-0.26041,-0.24237,-0.51637,-0.2772,-0.10616,-0.23184,-0.27674,-0.21588,-0.29859,0.040018
-0.59434,-0.14131,-0.4506,-0.56545,-0.55931,-0.23151,-0.64751,-0.15806,-0.62992,-0.03979,-0.70764,-0.3566,-0.38027,-0.44487,0.16318,0.15748,0.21702,-0.10559,0.020997,-0.12112,0,0.26054,0.099534,0.48165,-0.39728,0.15127,0.23679,-0.12389,-0.2027,-0.030998,-0.23397,0.081459,-0.4579,-0.31359,-0.41372,-0.0035639,-0.7056,-0.49627,-0.61502,-0.25349,-0.17517,0.14979,-0.15459,0.1412,-0.35359,0.0016991,-0.30907,-0.17345,-0.21876,-0.5223,-0.35284,-0.46365,-0.30142,-0.0014159,-0.43632,-0.088676,-0.012045,-0.069938,-0.10309,-0.32589,0.067286,0.020064,0.24268,-0.17002,0.10011,-0.1918,-0.059019,-0.27588,-0.059896,-0.021287,-0.10477,-0.19623,-0.021349,-0.26903,-0.15922,-0.75442,-0.068702,-0.4735,-0.32036,-0.52901,-0.2478,-0.49341,-0.31824,-0.13524,-0.053756,-0.29741,-0.28565,-0.12949,-0.084477,-0.71417,-0.52428,-0.5357,-0.40049,-0.43239,-0.3261,-0.549,-0.54201,-0.65709,-0.60726,0.14837,0.53055,0.1844,0.4277,-0.29374,-0.10768
-0.69447,-0.45589,-0.67073,-0.75457,-0.57605,-0.3331,-0.59028,-0.33001,-0.65372,-0.28403,-0.7295,-0.55457,-0.61775,-0.66389,-0.016507,0.24483,-0.1633,-0.10077,-0.35635,-0.41269,0.26054,0,-0.28828,0.0082467,-0.52985,-0.11926,0.09751,0.06511,-0.15581,-0.11308,-0.51853,0.05263,-0.61998,-0.58096,-0.52236,-0.2022,-0.60898,-0.68395,-0.61944,-0.41363,-0.29068,-0.083828,-0.33223,-0.12984,-0.60888,-0.32467,-0.29903,-0.5652,-0.36606,-0.54318,-0.38025,-0.51593,-0.63452,-0.3981,-0.67406,-0.42382,-0.30604,-0.37403,-0.29202,-0.40106,-0.083835,0.024595,0.14836,-0.15948,-0.035881,-0.43625,-0.32269,-0.30725,0.010339,-0.29668,-0.21891,-0.44407,-0.29482,-0.44124,-0.3608,-0.75889,-0.36159,-0.76888,-0.61859,-0.78511,-0.55361,-0.65919,-0.50648,-0.48009,-0.39894,-0.55749,-0.51348,-0.27936,-0.34314,-0.6378,-0.6347,-0.38139,-0.18625,-0.41585,-0.3746,-0.5154,-0.52331,-0.52106,-0.64736,0.016708,0.30531,0.16936,0.31914,-0.31772,-0.11739
-0.26482,0.17722,-0.18385,-0.16558,-0.030376,0.15348,-0.35023,0.042394,-0.28205,0.22998,-0.28193,0.051925,0.026418,-0.069282,-0.016107,-0.10913,0.28162,-0.089616,0.66923,0.18822,0.099534,-0.28828,0,0.52322,-0.20551,0.22451,0.045944,-0.30549,-0.3897,-0.26581,-0.095645,-0.27573,-0.17762,0.031233,-0.28973,-0.050378,-0.48773,-0.16712,-0.50122,-0.21108,-0.16755,0.2041,-0.21049,0.028553,-0.14131,0.14697,-0.39417,0.092406,-0.00078737,-0.14564,-0.10913,-0.31836,0.1169,0.30332,-0.29892,-0.020603,-0.07018,0.0039162,-0.11497,0.061491,0.21347,-0.23227,-0.082308,-0.27235,-0.27154,-0.01045,0.035232,-0.2894,-0.31509,-0.17404,-0.3033,-0.1384,-0.082909,-0.073219,-0.079173,-0.34803,0.27476,-0.068156,0.09242,-0.15468,0.17155,-0.16257,0.1673,0.17185,0.33247,0.040729,0.00069759,-0.1889,-0.032462,-0.39034,-0.30956,-0.51467,-0.47053,-0.39007,-0.18184,-0.3196,-0.25263,-0.60445,-0.44624,0.072473,0.030625,-0.15851,0.042705,-0.37654,-0.0083365
-0.45411,0.096481,-0.37261,-0.41296,-0.27675,0.025728,-0.58367,0.026501,-0.55876,0.25586,-0.56181,-0.1196,-0.25591,-0.33311,0.11062,0.18907,0.28263,-0.079207,0.32837,0.031308,0.48165,0.0082467,0.52322,0,-0.47563,0.2824,0.2524,-0.15191,-0.33158,-0.18244,-0.26252,-0.052464,-0.41505,-0.20929,-0.46496,0.051186,-0.7481,-0.39275,-0.79693,-0.29696,-0.23314,0.43364,-0.22856,0.23243,-0.37286,0.033829,-0.39072,-0.14984,-0.038222,-0.37275,-0.23511,-0.35639,-0.032158,0.30785,-0.34032,-0.0088131,-0.048955,-0.1366,-0.19121,-0.13948,0.36101,-0.12843,0.1056,-0.14577,-0.023062,-0.22217,-0.079884,-0.33162,-0.20296,-0.13386,-0.25238,-0.2342,-0.083766,-0.28268,-0.18693,-0.62848,0.10116,-0.34136,-0.17877,-0.43549,-0.087689,-0.35031,-0.084884,-0.014256,0.1415,-0.18454,-0.1839,-0.30042,-0.16357,-0.56542,-0.47474,-0.5934,-0.34925,-0.37808,-0.13469,-0.48399,-0.40155,-0.64409,-0.5968,0.10939,0.34495,0.027406,0.31879,-0.37344,0.018579
-0.19169,-0.42719,-0.22617,-0.21185,0.022198,-0.17116,0.078889,-0.45239,0.076907,-0.41183,0.13319,-0.22334,0.10118,0.069669,-0.36602,-0.71494,-0.1257,-0.14499,-0.15727,-0.07297,-0.39728,-0.52985,-0.20551,-0.47563,0,-0.20291,-0.4225,-0.44797,-0.34866,-0.33399,0.0087716,-0.58965,0.086915,0.0098905,0.0017405,-0.58452,0.14809,0.0031357,0.29058,0.032697,0.016735,-0.5435,-0.12593,-0.54119,0.05801,-0.16286,-0.43366,0.030984,-0.54734,0.009186,-0.12215,-0.41034,-0.32165,-0.43569,-0.4407,-0.30453,-0.24656,-0.056021,-0.12146,-0.27706,-0.62011,-0.31598,-0.45274,-0.59893,-0.56725,0.081887,-0.078744,-0.13015,-0.27566,-0.23856,-0.24612,-0.036786,-0.27103,-0.045716,-0.22178,-0.054757,-0.20517,0.075436,0.020023,0.06663,-0.0859,-0.2179,0.0089374,-0.10644,-0.17179,0.051373,-0.046289,-0.034265,-0.048645,-0.3833,-0.19434,-0.31896,-0.7352,-0.51219,-0.71628,-0.25616,-0.32804,-0.47204,-0.3046,-0.26694,-0.50507,-0.31254,-0.39076,-0.36652,-0.44975
-0.43147,-0.177,-0.26002,-0.31594,-0.13649,0.084512,-0.46052,-0.15786,-0.31819,0.22129,-0.17107,0.1117,-0.07987,-0.077874,0.014649,-0.044535,0.58877,0.14115,0.31237,0.23581,0.15127,-0.11926,0.22451,0.2824,-0.20291,0,0.094443,-0.073392,-0.40345,-0.16643,-0.29316,-0.20521,-0.16788,0.038388,-0.35494,-0.1154,-0.36555,-0.13582,-0.50619,-0.064357,-0.39071,-0.0035501,-0.42213,-0.1746,-0.29714,0.20734,-0.43243,0.12688,-0.041641,-0.023628,0.16634,-0.32713,-0.14709,0.0997,-0.31558,-0.35203,-0.30396,0.093034,0.17115,-0.045509,0.052429,-0.2078,-0.18914,-0.40286,-0.26603,0.14392,0.29605,-0.20352,-0.12539,-0.20046,-0.22158,-0.15972,-0.12361,-0.090141,-0.1599,-0.37444,0.19653,-0.044728,0.053079,-0.13578,0.086867,-0.27109,0.21613,0.023877,0.10767,0.10806,-0.018034,-0.080409,-0.05888,-0.50266,-0.31985,-0.8644,-0.69355,-0.57619,-0.42156,-0.63834,-0.5242,-0.76927,-0.49421,0.088766,-0.028332,-0.019733,-0.066526,-0.53019,0.074055
-0.45279,-0.16791,-0.37759,-0.34405,-0.39022,-0.12805,-0.43453,-0.13911,-0.53878,-0.072715,-0.48031,-0.3401,-0.24675,-0.25875,0.63574,0.42107,0.10703,-0.049432,0.021294,-0.049791,0.23679,0.09751,0.045944,0.2524,-0.4225,0.094443,0,0.3978,0.030894,0.18144,-0.23266,0.083358,-0.20184,-0.072756,-0.25445,0.23016,-0.43703,-0.32146,-0.51701,-0.22933,-0.23132,0.094001,-0.15464,0.021729,-0.24529,0.084007,-0.47966,-0.26249,-0.032883,-0.30906,-0.14784,-0.14361,-0.33037,-0.081721,-0.39659,-0.19176,-0.071907,-0.0040336,-0.062962,-0.25152,0.22706,0.25108,0.21164,0.064164,0.16851,-0.17655,-0.040329,-0.042408,0.059958,0.060331,0.013151,-0.10554,-0.068481,-0.2507,-0.17755,-0.40541,-0.066775,-0.36949,-0.15121,-0.4181,-0.16621,-0.45603,-0.13257,-0.2946,-0.091847,-0.25457,-0.14522,-0.1838,-0.14785,-0.5891,-0.56344,-0.61253,-0.4494,-0.457,-0.35087,-0.37868,-0.38772,-0.50924,-0.61379,0.22826,0.2302,0.062472,0.18486,-0.15305,-0.097082
-0.37909,-0.40387,-0.33947,-0.30172,-0.41828,-0.27395,-0.36098,-0.31886,-0.41821,-0.25449,-0.32102,-0.37168,-0.33669,-0.28603,0.39079,0.30064,-0.10333,0.018054,-0.26157,-0.17824,-0.12389,0.06511,-0.30549,-0.15191,-0.44797,-0.073392,0.3978,0,0.21412,0.25016,-0.3263,0.078482,-0.15597,-0.12727,-0.20923,0.07297,-0.18521,-0.21441,-0.39592,-0.22183,-0.38948,-0.21026,-0.28551,-0.22663,-0.31143,-0.10334,-0.363,-0.39664,-0.099548,-0.20946,-0.11094,-0.11382,-0.52995,-0.34429,-0.32226,-0.47777,-0.30387,-0.14352,-0.071727,-0.24206,0.0015817,0.2038,-0.0028318,-0.0037711,0.0083572,-0.25599,-0.15769,0.12046,0.22557,-0.058943,0.069482,-0.20027,-0.24184,-0.29874,-0.30958,-0.20914,-0.25239,-0.38818,-0.24612,-0.39749,-0.29517,-0.50864,-0.17462,-0.5189,-0.35206,-0.31438,-0.1702,-0.23533,-0.32165,-0.40568,-0.52898,-0.58122,-0.42259,-0.39452,-0.39499,-0.32996,-0.32552,-0.28345,-0.41638,-0.049176,-0.06962,-0.014787,-0.13861,-0.15096,-0.095134
-0.20738,-0.3165,-0.20029,-0.2414,-0.57601,-0.51629,-0.14955,-0.21339,-0.22339,-0.34129,-0.29599,-0.38255,-0.24091,-0.21767,0.1302,-0.092268,-0.33985,-0.34304,-0.29426,-0.21169,-0.2027,-0.15581,-0.3897,-0.33158,-0.34866,-0.40345,0.030894,0.21412,0,0.48904,0.11724,0.11188,-0.067396,-0.11891,0.082094,0.12391,-0.081258,-0.13218,-0.20656,-0.27193,-0.28464,-0.35324,-0.04162,-0.23967,0.039155,-0.095196,-0.29047,-0.34505,-0.13153,-0.3002,-0.36242,-0.16759,-0.40836,-0.37064,-0.10434,-0.2881,-0.1955,-0.18866,-0.2496,-0.32696,-0.19744,0.32834,0.16283,-0.12753,0.043126,-0.32452,-0.2983,0.29998,0.12155,0.319,0.49801,0.010719,0.012439,-0.13688,-0.1084,-0.064565,-0.24293,-0.32906,-0.19331,-0.37393,-0.2799,-0.53253,-0.44624,-0.43081,-0.3101,-0.27203,-0.02876,-0.22918,-0.36424,-0.3372,-0.48911,-0.28173,-0.34231,-0.27399,-0.33213,0.021446,-0.1137,-0.048209,-0.084774,-0.3522,-0.13079,-0.2208,-0.27095,0.11047,-0.10527
-0.46599,-0.42187,-0.020499,-0.17525,-0.67175,-0.54418,-0.35385,-0.25001,-0.21172,-0.15274,-0.26598,-0.26955,-0.11501,-0.12528,0.3458,0.056725,-0.12659,-0.31528,-0.14027,0.014111,-0.030998,-0.11308,-0.26581,-0.18244,-0.33399,-0.16643,0.18144,0.25016,0.48904,0,0.060013,0.23051,0.076824,0.019988,0.097496,0.29486,-0.14513,-0.11244,-0.25512,-0.20653,-0.41089,-0.29805,-0.19587,-0.21819,0.079221,0.098449,-0.36526,-0.1799,-0.026985,-0.21924,-0.21122,-0.15813,-0.45896,-0.31697,-0.13887,-0.25262,-0.079456,0.034403,-0.051483,-0.26207,-0.05647,0.48558,0.24973,-0.025286,0.1119,-0.11681,-0.018856,0.35598,0.029533,0.46348,0.60141,0.10327,0.088455,0.01016,0.029133,-0.043554,-0.030404,-0.1705,-0.069109,-0.20847,-0.034831,-0.36821,-0.27965,-0.24772,-0.13199,-0.083772,0.11536,-0.10558,-0.17569,-0.44118,-0.53379,-0.42676,-0.47259,-0.53509,-0.49712,-0.18427,-0.21714,-0.15052,-0.19972,-0.17199,-0.086079,-0.1617,-0.20102,0.12208,-0.12552
-0.065532,-0.14508,-0.084339,-0.081272,-0.34628,-0.41612,0.069897,-0.069717,0.18515,-0.14848,-0.055524,-0.074428,0.14042,0.095818,-0.094706,-0.43598,-0.2275,-0.37614,0.035611,0.12334,-0.23397,-0.51853,-0.095645,-0.26252,0.0087716,-0.29316,-0.23266,-0.3263,0.11724,0.060013,0,-0.2876,0.11558,0.13076,0.27626,-0.069441,0.019512,0.15212,-0.018393,-0.086466,-0.16246,-0.36184,0.099278,-0.27981,0.57199,0.12249,-0.36682,0.030452,-0.10536,-0.18021,-0.34474,-0.28938,-0.069323,-0.18088,-0.091853,-0.14106,-0.16708,-0.095735,-0.25444,-0.15674,-0.2143,-0.029893,-0.025845,-0.34005,-0.1611,-0.060566,-0.12412,0.10958,-0.17943,0.39642,0.31306,0.46845,0.30838,0.20556,0.22138,-0.0161,0.038561,0.039175,0.19767,-0.1284,0.11686,-0.25739,-0.20979,-0.024837,0.057112,0.06634,0.3315,-0.23655,-0.26279,-0.22438,-0.18526,-0.15182,-0.48399,-0.32204,-0.31748,0.18068,-0.022371,-0.30838,-0.10317,-0.36216,-0.2097,-0.43613,-0.31364,-0.095597,-0.18237
-0.55224,-0.25711,-0.1686,-0.40021,-0.63096,-0.36233,-0.59247,-0.15569,-0.60996,-0.16604,-0.53536,-0.37467,-0.38021,-0.38791,0.0011189,0.10509,-0.14167,-0.33758,-0.21134,-0.30403,0.081459,0.05263,-0.27573,-0.052464,-0.58965,-0.20521,0.083358,0.078482,0.11188,0.23051,-0.2876,0,-0.31903,-0.34104,-0.33703,0.098954,-0.48483,-0.35348,-0.54802,-0.35443,-0.3704,-0.084781,-0.26766,0.094402,-0.35184,-0.11932,-0.3533,-0.37313,-0.27141,-0.36504,-0.28647,-0.30292,-0.52694,-0.26748,-0.23748,-0.04765,0.03863,-0.20609,-0.20347,-0.52926,-0.15337,0.17634,0.23558,-0.1088,0.081044,-0.38832,-0.24204,-0.059916,-0.0072383,0.042035,0.039811,-0.33665,-0.12128,-0.39683,-0.28746,-0.37547,-0.20401,-0.41749,-0.33939,-0.42975,-0.27083,-0.3601,-0.46084,-0.24,-0.14554,-0.28836,-0.17372,-0.18695,-0.14925,-0.71921,-0.67153,-0.53951,-0.31297,-0.42506,-0.35713,-0.43179,-0.20735,-0.096888,-0.25918,-0.31875,-0.074725,-0.14317,-0.15071,-0.11552,-0.20193
-0.21823,-0.41,0.20137,0.11133,-0.1033,-0.27245,-0.0062161,-0.28665,0.14828,-0.19269,0.33826,-0.01123,0.44048,0.46907,-0.11452,-0.39176,-0.22868,-0.36911,-0.062044,0.19507,-0.4579,-0.61998,-0.17762,-0.41505,0.086915,-0.16788,-0.20184,-0.15597,-0.067396,0.076824,0.11558,-0.31903,0,0.6347,0.49981,-0.042145,0.36446,0.37402,0.093173,-0.12607,-0.43035,-0.58457,-0.32809,-0.58188,0.49435,0.21743,-0.45561,0.14088,-0.10101,0.32492,0.09999,-0.091404,-0.30083,-0.35599,-0.055399,-0.35034,-0.28812,0.1006,-0.019153,-0.060524,-0.26299,-0.059426,-0.28897,-0.27071,-0.36605,0.21667,0.12001,0.15328,-0.31524,0.066264,0.10517,0.21532,-0.022723,0.32648,0.080616,0.37489,0.042283,0.36846,0.30514,0.29619,0.32883,-0.027102,0.098242,-0.077273,-0.028905,0.31626,0.44145,-0.030984,-0.054184,-0.16795,-0.23172,-0.39445,-0.76942,-0.5582,-0.62717,-0.11947,-0.1456,-0.27622,-0.090541,-0.23304,-0.53899,-0.4217,-0.57217,-0.2196,-0.25966
-0.11037,-0.18372,0.037552,0.072929,-0.041731,-0.098228,-0.037815,-0.15741,0.060662,-0.03182,0.24451,0.1083,0.59029,0.75156,-0.017889,-0.28512,-0.021908,-0.23426,0.16843,0.31361,-0.31359,-0.58096,0.031233,-0.20929,0.0098905,0.038388,-0.072756,-0.12727,-0.11891,0.019988,0.13076,-0.34104,0.6347,0,0.22015,0.050668,0.1072,0.32747,-0.097773,-0.093228,-0.42045,-0.40311,-0.32762,-0.46057,0.34785,0.46175,-0.51206,0.36326,0.049653,0.35037,0.23958,-0.052229,-0.11925,-0.10574,-0.080492,-0.35238,-0.31472,0.23564,0.097013,0.031978,-0.076969,-0.07786,-0.24318,-0.28611,-0.30662,0.36567,0.27227,0.1332,-0.22891,0.065732,0.078351,0.27859,0.050523,0.33609,0.10933,0.15747,0.20238,0.3754,0.61315,0.17588,0.40754,-0.1173,0.25522,0.058901,0.13282,0.34723,0.46721,-0.0035846,-0.043043,-0.17029,-0.16598,-0.45526,-0.73559,-0.52005,-0.50241,-0.16199,-0.21085,-0.41155,-0.17878,-0.11306,-0.34516,-0.35258,-0.45586,-0.2985,-0.077252
-0.12865,-0.37187,0.013862,-0.048037,-0.27167,-0.41075,0.16188,-0.1651,0.15794,-0.25071,0.049653,-0.17323,0.11553,0.10047,-0.10873,-0.36436,-0.39939,-0.46965,-0.23406,0.019726,-0.41372,-0.52236,-0.28973,-0.46496,0.0017405,-0.35494,-0.25445,-0.20923,0.082094,0.097496,0.27626,-0.33703,0.49981,0.22015,0,0.039721,0.39538,0.2624,0.22663,-0.062527,-0.25404,-0.53606,-0.08226,-0.47851,0.76621,0.13234,-0.31,-0.041475,-0.22399,-0.047774,-0.23332,-0.25208,-0.32262,-0.42377,-0.052823,-0.29937,-0.24879,-0.07947,-0.20722,-0.17719,-0.2545,-0.0032876,-0.20039,-0.14264,-0.17761,0.020824,-0.035674,0.00037987,-0.4056,0.20474,0.22276,0.36437,0.18606,0.24478,0.2223,0.12161,-0.056719,0.0031426,0.02492,-0.057907,0.055828,-0.19647,-0.19894,-0.27165,-0.1414,-0.027365,0.22147,-0.17127,-0.18446,-0.09655,-0.14725,-0.16487,-0.61303,-0.28674,-0.40278,0.15855,-0.036502,-0.26608,-0.095217,-0.34308,-0.43304,-0.50502,-0.50947,-0.095341,-0.27542
-0.27039,-0.051476,-0.08724,-0.15703,-0.49531,-0.2902,-0.32749,0.089222,-0.35246,0.08342,-0.38728,-0.17235,-0.14537,-0.14162,0.26878,0.24431,-0.1451,-0.38431,-0.051124,-0.0324,-0.0035639,-0.2022,-0.050378,0.051186,-0.58452,-0.1154,0.23016,0.07297,0.12391,0.29486,-0.069441,0.098954,-0.042145,0.050668,0.039721,0,-0.3133,-0.11512,-0.42749,-0.24146,-0.387,-0.028532,-0.1961,-0.021335,0.019284,0.27104,-0.34526,-0.1463,0.095272,-0.27034,-0.22515,-0.10409,-0.21479,-0.040785,-0.028843,-0.12662,-0.080533,-0.032842,-0.13522,-0.17857,0.31718,0.16746,0.12039,0.20509,0.24772,-0.14927,-0.01103,-0.09635,-0.27634,0.24788,0.16177,0.051076,0.2262,-0.065856,0.09204,-0.23632,0.06683,-0.25712,-0.094837,-0.33219,-0.018331,-0.3168,-0.24566,-0.23564,-0.0061954,-0.20586,0.011562,-0.24204,-0.19898,-0.28068,-0.35308,-0.39188,-0.38061,-0.23766,-0.11677,-0.12451,-0.14407,-0.24287,-0.26443,-0.14531,-0.012453,-0.29903,-0.20818,-0.041496,0.010236
-0.055462,-0.53861,-0.074372,-0.038588,-0.11473,-0.36698,0.2478,-0.37366,0.26954,-0.43035,0.34063,-0.15683,0.014995,0.088877,-0.29599,-0.54574,-0.4329,-0.23922,-0.37976,-0.099624,-0.7056,-0.60898,-0.48773,-0.7481,0.14809,-0.36555,-0.43703,-0.18521,-0.081258,-0.14513,0.019512,-0.48483,0.36446,0.1072,0.39538,-0.3133,0,0.41921,0.37737,0.0087095,-0.31744,-0.78865,-0.21164,-0.72201,0.21849,-0.08992,-0.26622,-0.0978,-0.34481,0.11353,-0.12146,-0.26022,-0.45149,-0.63158,-0.16434,-0.57198,-0.49281,-0.18607,-0.15806,-0.1746,-0.4964,-0.23618,-0.50409,-0.37916,-0.43775,0.0088545,-0.11904,-0.0057741,-0.26812,-0.12262,-0.017288,0.083241,-0.14153,0.060462,-0.089699,0.23411,-0.25936,0.058459,-0.00978,0.026156,-0.062707,-0.17273,-0.088158,-0.37344,-0.32182,-0.033671,0.1031,-0.18683,-0.2724,-0.021832,-0.038105,-0.24666,-0.68508,-0.28778,-0.48888,0.012301,-0.062493,-0.25329,-0.06145,-0.44934,-0.72556,-0.56129,-0.75944,-0.31248,-0.35107
0.010174,-0.23448,0.13626,0.21042,-0.094181,-0.20949,0.043775,-0.14207,0.20618,-0.14988,0.248,0.080367,0.12773,0.22676,-0.18796,-0.4454,-0.21213,-0.18211,-0.070456,0.11016,-0.49627,-0.68395,-0.16712,-0.39275,0.0031357,-0.13582,-0.32146,-0.21441,-0.13218,-0.11244,0.15212,-0.35348,0.37402,0.32747,0.2624,-0.11512,0.41921,0,0.077404,0.14198,-0.34338,-0.46785,-0.16123,-0.42377,0.282,0.22157,-0.27227,0.1288,-0.11736,0.12454,-0.073675,-0.16585,-0.17044,-0.26073,0.026094,-0.37903,-0.37479,-0.028311,-0.022343,-0.0053113,-0.2567,-0.31265,-0.43723,-0.37908,-0.39781,0.13113,0.040916,-0.078744,-0.26486,-0.049453,-0.028124,0.11103,0.015029,0.12822,0.0054909,0.16368,-0.02465,0.1914,0.24257,0.13919,0.27427,0.081196,0.1242,-0.174,-0.047747,0.13729,0.36286,-0.18347,-0.18476,-0.040018,-8.2882e-05,-0.43833,-0.84419,-0.28684,-0.32757,-0.047139,0.034258,-0.30253,-0.10634,-0.38617,-0.55301,-0.58652,-0.65995,-0.30986,-0.20473
-0.015768,-0.43307,-0.11679,-0.059689,-0.22444,-0.4107,0.21987,-0.36483,0.12278,-0.6189,0.019512,-0.38523,-0.1052,-0.076935,-0.37275,-0.69665,-0.44323,-0.35461,-0.47223,-0.33351,-0.61502,-0.61944,-0.50122,-0.79693,0.29058,-0.50619,-0.51701,-0.39592,-0.20656,-0.25512,-0.018393,-0.54802,0.093173,-0.097773,0.22663,-0.42749,0.37737,0.077404,0,0.15202,0.015644,-0.59854,-0.010899,-0.50213,0.17859,-0.2086,-0.20924,-0.12819,-0.54979,-0.15144,-0.28028,-0.39595,-0.42841,-0.61511,-0.30157,-0.36298,-0.23538,-0.078744,-0.13468,-0.36069,-0.67362,-0.28774,-0.50128,-0.37488,-0.44391,-0.0013192,-0.13352,-0.21583,-0.40264,-0.20981,-0.18389,-0.064468,-0.17722,-0.041047,-0.076327,0.061919,-0.32022,-0.090624,-0.13441,-0.00037297,-0.20257,-0.1702,-0.2975,-0.39139,-0.36776,-0.21682,-0.16235,-0.045088,-0.076555,-0.095155,0.067618,-0.12109,-0.56799,-0.21703,-0.49013,0.030542,-0.092641,-0.25445,-0.16369,-0.4312,-0.62548,-0.58722,-0.63964,-0.16315,-0.63748
-0.11267,-0.18769,-0.20345,-0.13797,-0.24645,-0.14638,-0.066222,-0.10113,-0.089208,-0.2141,-0.20055,-0.21691,-0.20775,-0.17539,-0.12771,-0.34192,-0.009186,-0.0079704,-0.16511,-0.12039,-0.25349,-0.41363,-0.21108,-0.29696,0.032697,-0.064357,-0.22933,-0.22183,-0.27193,-0.20653,-0.086466,-0.35443,-0.12607,-0.093228,-0.062527,-0.24146,0.0087095,0.14198,0.15202,0,0.075491,-0.14865,0.15805,-0.10369,-0.046787,0.0090065,-0.1769,-0.0057326,-0.40583,-0.26573,-0.23587,-0.45927,-0.241,-0.20891,-0.31268,-0.24299,-0.088511,0.075222,0.080146,-0.35121,-0.32927,-0.32578,-0.37184,-0.31678,-0.18146,0.10051,0.13423,-0.31104,-0.25733,-0.1479,-0.20402,-0.053659,-0.030121,-0.17669,-0.099278,-0.24264,-0.08849,-0.17807,-0.041296,-0.15635,-0.080298,-0.17211,-0.09405,-0.30823,-0.12655,-0.21433,-0.10483,-0.094195,-0.00058708,-0.31064,0.076362,-0.46877,-0.75052,-0.22026,-0.27307,-0.16936,-0.096011,-0.4797,-0.44067,-0.31457,-0.32787,-0.50837,-0.37018,-0.16082,-0.36163
-0.063584,-0.029844,-0.51028,-0.40635,-0.21075,-0.11209,-0.029844,-0.13643,-0.36143,-0.42777,-0.50255,-0.57072,-0.38838,-0.44132,-0.23492,-0.36774,-0.18703,-0.1754,-0.29139,-0.45295,-0.17517,-0.29068,-0.16755,-0.23314,0.016735,-0.39071,-0.23132,-0.38948,-0.28464,-0.41089,-0.16246,-0.3704,-0.43035,-0.42045,-0.25404,-0.387,-0.31744,-0.34338,0.015644,0.075491,0,0.0018925,0.43641,0.086307,-0.23346,-0.33623,-0.2899,-0.36207,-0.71749,-0.55899,-0.55321,-0.5372,-0.24378,-0.26183,-0.5498,0.086963,0.14105,-0.2568,-0.35655,-0.56082,-0.40579,-0.27342,-0.24673,-0.22361,-0.16969,-0.33764,-0.34612,-0.46686,-0.34222,-0.2672,-0.39304,-0.27474,-0.24201,-0.49274,-0.34214,-0.48651,-0.35895,-0.50226,-0.37036,-0.46347,-0.46184,-0.4321,-0.3728,-0.3868,-0.26732,-0.51581,-0.44357,-0.27969,-0.13519,-0.48189,-0.20594,-0.19521,-0.34384,-0.041904,-0.1775,-0.12176,-0.18433,-0.39237,-0.53669,-0.31135,-0.17638,-0.32203,-0.10458,-0.15343,-0.54579
-0.28799,0.2767,-0.39322,-0.40093,-0.28874,0.047816,-0.44261,0.22238,-0.57248,0.10922,-0.66746,-0.21299,-0.41892,-0.48944,-0.052298,0.07306,0.091411,-0.15254,0.080734,-0.23456,0.14979,-0.083828,0.2041,0.43364,-0.5435,-0.0035501,0.094001,-0.21026,-0.35324,-0.29805,-0.36184,-0.084781,-0.58457,-0.40311,-0.53606,-0.028532,-0.78865,-0.46785,-0.59854,-0.14865,0.0018925,0,-0.061035,0.66868,-0.44829,-0.15419,-0.30138,-0.30339,-0.1899,-0.51216,-0.33379,-0.45773,-0.020513,0.23009,-0.39048,0.1177,0.11836,-0.19206,-0.25357,-0.32898,0.13097,-0.20619,-0.0019063,-0.11183,-0.0031495,-0.33788,-0.17294,-0.49561,-0.3392,-0.24814,-0.4039,-0.39082,-0.13598,-0.45519,-0.23121,-0.61352,0.008226,-0.46041,-0.27929,-0.49977,-0.24739,-0.38237,-0.27438,-0.17797,0.030093,-0.38161,-0.35469,-0.34021,-0.1436,-0.5206,-0.31134,-0.46928,-0.19239,-0.14312,0.10025,-0.31686,-0.19827,-0.45589,-0.53923,-0.15098,0.14538,-0.24307,0.10608,-0.21711,-0.12787
-0.085596,-0.039286,-0.40557,-0.297,-0.38778,-0.28768,-0.056988,-0.068605,-0.29851,-0.38838,-0.53586,-0.52604,-0.39411,-0.42549,-0.077073,-0.3134,-0.26861,-0.24017,-0.25998,-0.30216,-0.15459,-0.33223,-0.21049,-0.22856,-0.12593,-0.42213,-0.15464,-0.28551,-0.04162,-0.19587,0.099278,-0.26766,-0.32809,-0.32762,-0.08226,-0.1961,-0.21164,-0.16123,-0.010899,0.15805,0.43641,-0.061035,0,0.11215,-0.041765,-0.20379,-0.16335,-0.31728,-0.46422,-0.65028,-0.70131,-0.42569,-0.17593,-0.19557,-0.30331,0.070795,0.11451,-0.21951,-0.3385,-0.51409,-0.32281,-0.20861,-0.12442,-0.17054,0.046061,-0.33031,-0.32531,-0.32005,-0.20311,0.024167,-0.12168,-0.047878,0.0016162,-0.36705,-0.18506,-0.42997,-0.31596,-0.48742,-0.29391,-0.47497,-0.34819,-0.36866,-0.41747,-0.44343,-0.24896,-0.48556,-0.26706,-0.32661,-0.21695,-0.39276,-0.18418,-0.24101,-0.4388,-0.026329,-0.096232,0.032241,-0.055655,-0.38048,-0.46448,-0.33883,-0.12266,-0.39237,-0.11468,0.014014,-0.46549
