,,,,,,,,,,,,,,,,,,,,,,,,,,,,,,,,,,,,,,,,,,,,,,,,,,,,,,,,,,,,,,,,,,,,,,,,,,,,,,,,,,,,,,,,,,,,,,,,,,,,,,,,
0,0.10344,-0.48162,-0.2242,0.026373,-0.096353,0.32024,0.21949,0.058366,-0.36324,-0.035866,-0.21857,-0.34914,-0.27713,-0.56785,-0.85076,-0.60764,-0.66485,-0.4484,-0.55921,-0.57111,-0.7466,-0.33224,-0.51415,0.041419,-0.38603,-0.58782,-0.50769,-0.39524,-0.62183,-0.075842,-0.73448,-0.38533,-0.40386,-0.084709,-0.60531,0.19724,0.13357,0.29327,0.18803,0.10945,-0.068301,-0.14872,-0.28432,-0.20174,-0.42576,-0.55476,-0.44119,-0.44589,-0.23387,-0.32435,-0.68086,0.37459,-0.067888,-0.069405,-0.42388,-0.64346,-0.59052,-0.64014,-0.30735,-0.48162,-0.53738,-0.60165,-0.56309,-0.69848,-0.64777,-0.60915,-0.57009,-0.69376,-0.41386,-0.40035,-0.4068,-0.3046,-0.57762,-0.39997,-0.2242,-0.23107,-0.37729,-0.30489,-0.38249,-0.35388,-0.46241,-0.64618,-0.41221,-0.37364,-0.42601,-0.36777,-0.70149,-0.61398,-0.43969,-0.1084,-0.0055457,-0.18645,0.2533,-0.011901,0.27067,-0.030107,-0.37493,-0.2249,-0.82015,-0.54297,-0.69222,-0.67988,-0.41754,-0.53555
0.10344,0,-0.35892,-0.36268,-0.24986,0.065001,-0.25351,0.30195,-0.34786,-0.18951,-0.41067,-0.19156,-0.1851,-0.16884,-0.34627,-0.54192,-0.18548,-0.38815,-0.00074384,-0.22666,-0.31494,-0.65579,-0.055243,-0.16188,-0.34866,-0.16634,-0.34708,-0.51361,-0.48248,-0.47377,-0.050758,-0.44673,-0.21934,-0.16298,-0.0787,-0.18625,-0.30344,-0.12256,-0.31948,-0.15864,-0.22379,-0.069899,-0.02085,0.17834,0.060413,0.071799,-0.3192,0.055943,-0.39295,-0.34483,-0.33691,-0.55524,0.16633,0.49397,-0.085298,-0.03524,-0.18647,-0.12006,-0.17758,-0.4325,-0.33941,-0.35999,-0.3359,-0.62376,-0.32985,-0.14176,-0.11999,-0.45189,-0.40434,-0.18622,-0.24432,-0.14734,0.049285,-0.14043,-0.042443,-0.52132,-0.0044041,-0.22434,-0.076291,-0.34151,-0.19148,-0.38925,-0.40971,-0.1808,-0.061024,-0.26581,-0.10006,-0.21012,-0.057548,-0.37526,-0.11896,-0.44274,-0.65753,-0.055317,-0.079613,-0.1341,-0.11202,-0.57544,-0.23891,-0.54827,-0.25807,-0.58916,-0.41299,-0.48673,-0.37891
-0.48162,-0.35892,0,0.48793,-0.52894,-0.502,-0.59464,-0.37882,-0.21018,-0.18575,-0.27619,-0.083325,-0.16091,-0.17969,-0.30771,-0.56852,-0.20545,-0.41815,-0.11038,-0.099107,-0.35755,-0.65715,-0.078729,-0.32811,-0.40325,-0.25252,-0.38978,-0.49018,-0.43036,-0.2102,-0.21619,-0.21627,0.1527,-0.11851,-0.19567,-0.19321,-0.30622,-0.12891,-0.36677,-0.35112,-0.50555,-0.36704,-0.47928,-0.3017,-0.087567,-0.10307,-0.20205,-0.08127,0.01238,-0.24913,-0.27563,-0.014707,-0.28622,-0.21903,-0.081005,-0.14835,-0.12779,0.014347,-0.05634,-0.046855,-0.35405,-0.49547,-0.48328,-0.38908,-0.51145,-0.090837,-0.076424,-0.34121,-0.48347,-0.32356,-0.41093,-0.3761,-0.30427,-0.092059,-0.17065,0.083398,-0.097126,0.20191,-0.027934,0.70048,0.1959,0.49706,-0.1395,-0.02585,-0.17094,0.14336,-0.086425,-0.12345,-0.029658,-0.32179,-0.35413,-0.55367,-0.60401,-0.65976,-0.47816,-0.4095,-0.19757,-0.26179,-0.31176,-0.33915,-0.65828,-0.53324,-0.5384,-0.095609,-0.54215
-0.2242,-0.36268,0.48793,0,-0.41452,-0.56008,-0.34203,-0.32115,0.060082,-0.25338,-0.13877,-0.072211,-0.25598,-0.23125,-0.30506,-0.63342,-0.3644,-0.44934,-0.24641,-0.18027,-0.46102,-0.78638,-0.11246,-0.40638,-0.25154,-0.33138,-0.46323,-0.47265,-0.33694,-0.28083,-0.10308,-0.43916,0.0049197,-0.17429,-0.14986,-0.3198,-0.027883,0.1297,-0.12658,-0.13614,-0.33293,-0.29104,-0.3873,-0.41016,-0.13545,-0.27026,-0.19711,-0.23614,0.086852,-0.2686,-0.36042,-0.073728,-0.1419,-0.25987,-0.03214,-0.35905,-0.35989,-0.2075,-0.26728,0.18923,-0.28214,-0.61666,-0.61652,-0.30167,-0.60898,-0.30833,-0.29889,-0.39143,-0.57311,-0.36995,-0.43858,-0.37501,-0.37039,-0.29105,-0.28045,0.23335,-0.18495,0.030512,-0.08113,0.36428,0.1138,0.33577,-0.17662,-0.19011,-0.27191,-0.052275,-0.16459,-0.38587,-0.34513,-0.24433,-0.20288,-0.34,-0.41487,-0.37405,-0.22353,-0.14858,-0.028597,-0.2165,-0.28415,-0.39636,-0.71047,-0.63485,-0.64952,-0.036861,-0.51717
0.026373,-0.24986,-0.52894,-0.41452,0,0.2947,0.27255,0.063064,-0.074789,-0.17436,0.19591,-0.059227,-0.20627,-0.22254,-0.69729,-0.70085,-0.54218,-0.65322,-0.33154,-0.39805,-0.59194,-0.64087,-0.20621,-0.37666,0.20903,-0.25639,-0.56673,-0.48988,-0.56989,-0.74124,-0.40843,-0.70673,-0.32314,-0.39381,-0.27191,-0.77132,0.14745,0.016703,0.11896,0.043916,0.0070996,0.001959,-0.44655,-0.44679,-0.46766,-0.57378,-0.71827,-0.52012,-0.5817,0.14815,-0.02778,-0.9575,-0.011474,-0.26291,-0.33573,-0.45501,-0.6512,-0.7397,-0.81741,-0.35408,-0.45552,-0.57044,-0.60693,-0.51139,-0.82504,-0.72518,-0.6305,-0.59173,-0.89116,-0.59536,-0.62357,-0.57259,-0.54124,-0.7781,-0.62825,-0.21609,-0.18772,-0.31357,-0.32514,-0.34915,-0.29399,-0.40855,-0.32825,-0.26181,-0.17711,-0.26289,-0.29894,-0.76668,-0.61806,-0.62229,-0.30919,-0.22876,-0.22294,-0.21412,-0.28525,-0.13005,-0.06509,-0.49792,-0.3569,-0.70695,-0.74976,-0.61631,-0.64386,-0.60051,-0.45
-0.096353,0.065001,-0.502,-0.56008,0.2947,0,-0.11976,0.29667,-0.34727,0.017351,-0.17768,-0.08197,-0.19427,-0.219,-0.4541,-0.46043,-0.17165,-0.37981,-0.064176,-0.22651,-0.31763,-0.43014,-0.040926,-0.10523,-0.097391,0.083192,-0.30674,-0.34155,-0.58109,-0.56673,-0.39879,-0.41656,-0.26456,-0.3002,-0.23952,-0.44859,-0.1469,-0.091146,-0.22025,-0.0055162,-0.11847,0.13447,-0.31737,-0.045352,-0.32488,-0.19492,-0.58944,-0.25252,-0.58084,-0.00020621,0.002261,-0.86465,-0.0067166,0.080232,-0.34081,-0.21451,-0.36397,-0.40099,-0.40448,-0.4847,-0.36379,-0.36895,-0.38927,-0.5923,-0.50465,-0.38055,-0.27178,-0.50294,-0.55126,-0.41931,-0.44704,-0.42744,-0.30358,-0.48027,-0.42763,-0.49866,0.015149,-0.29039,-0.21401,-0.40482,-0.22866,-0.46521,-0.25816,-0.19328,-0.037722,-0.20777,-0.15864,-0.42667,-0.22305,-0.73542,-0.39376,-0.52315,-0.57779,-0.31692,-0.33223,-0.29834,-0.15559,-0.63209,-0.41807,-0.60748,-0.46649,-0.48337,-0.3823,-0.60906,-0.33457
0.32024,-0.25351,-0.59464,-0.34203,0.27255,-0.11976,0,0.097281,0.21985,-0.27688,0.20303,-0.17812,-0.19389,-0.16772,-0.60043,-0.79759,-0.67941,-0.755,-0.44386,-0.46265,-0.55099,-0.64321,-0.32319,-0.51508,0.40751,-0.43372,-0.54846,-0.49092,-0.31621,-0.57987,-0.052761,-0.80139,-0.3044,-0.33437,-0.037244,-0.691,0.45427,0.06411,0.48255,0.15242,0.25378,-0.073802,-0.20187,-0.51983,-0.25642,-0.54873,-0.82744,-0.58696,-0.49912,-0.079105,-0.22173,-0.81201,0.026543,-0.35659,-0.3485,-0.50782,-0.71364,-0.75059,-0.92129,-0.34879,-0.45188,-0.46396,-0.5041,-0.39854,-0.64612,-0.7715,-0.70106,-0.49506,-0.83788,-0.38354,-0.39563,-0.31582,-0.31692,-0.70196,-0.45136,-0.12348,-0.23248,-0.34532,-0.26542,-0.42727,-0.33258,-0.53928,-0.53626,-0.33866,-0.25671,-0.33081,-0.30282,-0.87523,-0.8083,-0.5399,-0.20112,0.14921,-0.059367,-0.079871,-0.22597,0.28924,-0.065141,-0.52499,-0.42843,-0.69568,-0.5902,-0.66852,-0.59802,-0.40731,-0.52356
0.21949,0.30195,-0.37882,-0.32115,0.063064,0.29667,0.097281,0,-0.060951,0.13994,-0.088723,0.056362,-0.094313,-0.085497,-0.3455,-0.55379,-0.30452,-0.56126,0.00054499,-0.10701,-0.27627,-0.5658,0.045735,-0.10187,-0.052798,0.0073721,-0.26199,-0.37629,-0.38092,-0.39693,0.038694,-0.48736,-0.061687,-0.14154,0.2076,-0.24363,0.075503,0.19543,-0.041699,0.12688,-0.04955,0.19247,-0.13779,-0.057254,0.083826,-0.0022978,-0.64515,-0.20081,-0.32415,-0.085004,-0.13687,-0.62585,0.44426,0.30498,-0.088495,-0.19371,-0.42649,-0.36723,-0.44608,-0.3071,-0.22636,-0.29362,-0.30891,-0.49809,-0.42851,-0.39228,-0.28383,-0.4451,-0.61963,-0.14831,-0.20042,-0.13866,0.041206,-0.32962,-0.15771,-0.344,0.22004,-0.17698,-0.034636,-0.32585,-0.029864,-0.41605,-0.40116,-0.16902,0.042495,-0.11764,0.04832,-0.52421,-0.33526,-0.64113,-0.29991,-0.28935,-0.5129,-0.17552,-0.15573,0.10227,-0.014302,-0.60913,-0.32895,-0.61848,-0.38017,-0.62276,-0.39746,-0.42045,-0.32159
0.058366,-0.34786,-0.21018,0.060082,-0.074789,-0.34727,0.21985,-0.060951,0,-0.15274,0.31697,0.082154,-0.039806,-0.039814,-0.49707,-0.74165,-0.50789,-0.57149,-0.26402,-0.22099,-0.61635,-0.74264,-0.19557,-0.53119,0.14214,-0.36732,-0.56405,-0.5357,-0.43271,-0.46572,0.0017528,-0.81336,-0.079473,-0.19107,-5.1553e-05,-0.5739,0.36987,0.13389,0.19863,0.016851,-0.11917,-0.25545,-0.37487,-0.6063,-0.063462,-0.38697,-0.5961,-0.33951,-0.22657,-0.037877,-0.20965,-0.56193,-0.015142,-0.38085,-0.37721,-0.55987,-0.62701,-0.47263,-0.5652,0.022131,-0.29538,-0.48056,-0.55176,-0.39908,-0.75083,-0.44873,-0.42088,-0.40797,-0.7639,-0.40625,-0.41492,-0.23537,-0.3007,-0.33841,-0.20607,0.18635,-0.031087,-0.010708,-0.018353,-0.05866,0.022175,-0.2211,-0.26909,-0.17463,-0.14161,-0.094269,-0.10949,-0.63196,-0.5732,-0.33935,-0.11052,0.14745,-0.17544,-0.29609,-0.25288,0.32646,0.14378,-0.36899,-0.30151,-0.54261,-0.64604,-0.84214,-0.64207,-0.26675,-0.4349
-0.36324,-0.18951,-0.18575,-0.25338,-0.17436,0.017351,-0.27688,0.13994,-0.15274,0,-0.070532,0.35831,0.113,0.10787,-0.11443,-0.15852,-0.029481,-0.33196,0.23373,0.41671,-0.11337,-0.3562,0.17406,0.15064,-0.31682,0.34807,-0.041721,-0.18227,-0.42906,-0.1786,-0.17757,-0.2993,0.23552,0.21152,0.012682,0.037899,-0.13143,0.017845,-0.39269,-0.18236,-0.45397,-0.010127,-0.48944,-0.26858,-0.065509,0.22401,-0.66079,-0.074796,-0.072948,0.099564,0.14141,-0.37544,-0.17093,0.0017528,-0.31408,-0.34526,-0.41426,-0.19891,-0.24418,-0.12113,0.19762,-0.18908,-0.21582,-0.17692,-0.22278,-0.14674,0.043165,-0.27445,-0.5076,-0.11789,-0.15829,0.0097951,0.073007,-0.14622,-0.024665,-0.2577,0.45957,0.087316,0.19155,-0.17214,0.33769,-0.25228,0.094556,0.0448,0.29614,0.23216,0.33622,-0.4037,-0.25095,-0.52689,-0.36596,-0.497,-0.61142,-0.62022,-0.37519,-0.28348,-0.23949,-0.80968,-0.60396,-0.20953,-0.32812,-0.45374,-0.27328,-0.48701,-0.22618
-0.035866,-0.41067,-0.27619,-0.13877,0.19591,-0.17768,0.20303,-0.088723,0.31697,-0.070532,0,0.24239,0.012019,0.089872,-0.56884,-0.67712,-0.48981,-0.65951,-0.28388,-0.28091,-0.54452,-0.64476,-0.2447,-0.47152,0.18006,-0.26146,-0.49109,-0.38806,-0.4381,-0.46407,-0.23387,-0.59288,-0.055508,-0.12112,-0.19863,-0.63791,0.30567,0.1395,0.149,-0.066003,-0.23449,-0.22214,-0.65141,-0.70688,-0.30416,-0.43518,-0.85522,-0.35945,-0.29048,0.54368,0.22897,-0.66678,-0.17272,-0.43579,-0.37647,-0.68068,-0.8147,-0.55862,-0.63399,-0.1177,-0.32275,-0.39791,-0.53403,-0.40748,-0.8016,-0.57,-0.46616,-0.33196,-0.7568,-0.40131,-0.39863,-0.3613,-0.36192,-0.51982,-0.36791,0.27979,0.0091617,0.06098,-0.027088,-0.043356,0.02057,-0.32621,-0.23132,-0.044711,-0.059942,0.060133,-0.08605,-0.65161,-0.61119,-0.52229,-0.25014,-0.078641,-0.18019,-0.41434,-0.44126,-0.043062,-0.042723,-0.4503,-0.30851,-0.48698,-0.78206,-0.65651,-0.75411,-0.5582,-0.47967
-0.21857,-0.19156,-0.083325,-0.072211,-0.059227,-0.08197,-0.17812,0.056362,0.082154,0.35831,0.24239,0,0.064979,0.11948,-0.39316,-0.47919,-0.1535,-0.35424,0.14607,0.12536,-0.37267,-0.60678,0.095454,-0.15084,-0.2415,0.10887,-0.32741,-0.39613,-0.5392,-0.41299,-0.23694,-0.48955,0.067653,0.062711,-0.20607,-0.28295,-0.044505,0.078574,-0.29231,-0.19555,-0.48054,-0.13106,-0.64751,-0.47717,-0.16514,-0.026572,-0.48839,0.0026808,0.022787,0.31493,0.2268,-0.44667,-0.12949,-0.12446,-0.3061,-0.52625,-0.57049,-0.22991,-0.23689,0.093149,-0.083929,-0.42375,-0.4852,-0.48995,-0.5749,-0.15926,-0.057106,-0.34649,-0.5805,-0.33567,-0.38423,-0.20494,-0.13425,-0.15631,-0.087876,-0.037295,0.31492,0.36884,0.28116,0.084842,0.35905,-0.16232,0.040521,0.1639,0.2211,0.36346,0.16325,-0.34534,-0.28804,-0.37153,-0.12835,-0.40088,-0.46894,-0.46632,-0.24994,-0.21694,-0.081822,-0.63408,-0.27381,-0.33958,-0.59562,-0.68453,-0.6053,-0.57805,-0.16541
-0.34914,-0.1851,-0.16091,-0.25598,-0.20627,-0.19427,-0.19389,-0.094313,-0.039806,0.113,0.012019,0.064979,0,1,-0.33917,-0.41985,-0.18378,-0.54655,0.14825,0.097804,-0.34263,-0.58408,-0.030858,-0.24215,-0.17574,-0.21333,-0.32839,-0.4826,-0.44551,-0.23557,-0.012461,-0.43332,0.41487,0.49419,0.033149,-0.16712,-0.21312,-0.1866,-0.30033,-0.35521,-0.43411,-0.35295,-0.46527,-0.43172,0.12545,0.015687,-0.72912,0.099181,-0.28183,0.18151,0.12466,-0.50739,-0.27895,-0.17925,-0.43662,-0.27234,-0.27943,-0.073927,-0.28202,-0.31051,-0.15324,-0.15355,-0.14562,-0.28806,-0.33782,-0.050434,0.032876,-0.13123,-0.55686,-0.13142,-0.14051,0.09748,0.043562,-0.0039328,0.16669,-0.045706,0.34439,0.30413,0.46112,-0.04287,0.22248,-0.25785,-0.040757,0.40898,0.48174,0.28421,0.37429,-0.20693,-0.14305,-0.35097,-0.22302,-0.23849,-0.44679,-0.75818,-0.64935,-0.19328,-0.16419,-0.6544,-0.48375,-0.25791,-0.3527,-0.55809,-0.42107,-0.42212,-0.42548
-0.27713,-0.16884,-0.17969,-0.23125,-0.22254,-0.219,-0.16772,-0.085497,-0.039814,0.10787,0.089872,0.11948,1,0,-0.35489,-0.42626,-0.20375,-0.55468,0.060708,0.012837,-0.34594,-0.59243,-0.11365,-0.28533,-0.1981,-0.20015,-0.33988,-0.44141,-0.40611,-0.22815,-0.027684,-0.41028,0.32469,0.60297,-0.028406,-0.16374,-0.17751,-0.12076,-0.27923,-0.32004,-0.47192,-0.36995,-0.513,-0.48333,0.050471,0.018972,-0.75006,0.1228,-0.24072,0.25827,0.22795,-0.47342,-0.2853,-0.1812,-0.38321,-0.38666,-0.39587,-0.083826,-0.2655,-0.30125,-0.1542,-0.1805,-0.19986,-0.30621,-0.34122,-0.082588,0.016379,-0.12471,-0.52847,-0.12334,-0.11096,0.082279,0.075231,-0.060965,0.13139,-0.011644,0.30075,0.30097,0.50509,-0.052577,0.19582,-0.28889,-0.074259,0.36207,0.39403,0.25843,0.33049,-0.22123,-0.20966,-0.33443,-0.16023,-0.24679,-0.43241,-0.68201,-0.60174,-0.20128,-0.18343,-0.64985,-0.4556,-0.27179,-0.37685,-0.57729,-0.52355,-0.47354,-0.40202
-0.56785,-0.34627,-0.30771,-0.30506,-0.69729,-0.4541,-0.60043,-0.3455,-0.49707,-0.11443,-0.56884,-0.39316,-0.33917,-0.35489,0,0.32223,0.090564,-0.047414,1.4729e-05,0.14879,0.36479,0.00060391,-0.00025777,0.28007,-0.52229,0.01213,0.73782,0.36207,0.15356,0.49706,-0.082242,0.081682,-0.082286,-0.057644,-0.17825,0.25827,-0.41101,-0.29118,-0.58285,-0.38025,-0.4558,-0.15266,-0.22289,-0.095086,-0.15214,0.078751,-0.36736,-0.24092,0.036028,-0.4415,-0.36328,-0.098614,-0.46048,-0.20369,-0.42594,-0.32806,-0.21568,-0.086315,-0.10219,-0.16239,0.29816,0.22333,0.2404,0.08043,0.22126,-0.20713,-0.10625,0.19387,0.11351,0.2718,0.29217,0.071423,-0.028921,-0.17865,-0.16842,-0.40615,-0.11574,-0.32876,-0.14289,-0.43596,-0.10145,-0.52442,-0.1507,-0.30815,-0.20326,-0.20862,-0.010826,-0.26142,-0.23116,-0.57533,-0.6748,-0.61342,-0.64707,-0.61466,-0.45986,-0.36315,-0.43131,-0.58926,-0.61247,0.22912,0.10483,0.078265,0.27769,-0.1867,-0.24555
-0.85076,-0.54192,-0.56852,-0.63342,-0.70085,-0.46043,-0.79759,-0.55379,-0.74165,-0.15852,-0.67712,-0.47919,-0.41985,-0.42626,0.32223,0,-0.025246,-0.022706,-0.20106,-0.032081,0.089695,0.19552,-0.28374,0.12726,-0.78375,-0.069855,0.26737,0.22814,-0.16241,0.10417,-0.49392,-0.042296,-0.34709,-0.18002,-0.46419,0.14074,-0.69549,-0.57024,-0.89212,-0.61381,-0.75192,-0.36542,-0.49384,-0.31411,-0.47045,-0.13099,-0.41383,-0.32256,-0.21363,-0.469,-0.33711,-0.21487,-0.72328,-0.37907,-0.59519,-0.54012,-0.37144,-0.22758,-0.1718,-0.34229,0.27604,0.061974,0.089283,0.056767,0.20538,-0.23303,-0.14354,-0.04016,0.055125,-0.10311,-0.01266,-0.11993,-0.22608,-0.25693,-0.28471,-0.65542,-0.31109,-0.534,-0.37553,-0.6903,-0.35434,-0.65556,-0.090844,-0.46797,-0.32227,-0.42063,-0.23467,-0.30165,-0.34428,-0.44693,-0.66917,-0.74027,-0.63115,-0.69617,-0.52806,-0.68052,-0.69342,-0.64901,-0.69701,0.2804,0.19995,0.12456,0.17139,-0.46072,-0.096316
-0.60764,-0.18548,-0.20545,-0.3644,-0.54218,-0.17165,-0.67941,-0.30452,-0.50789,-0.029481,-0.48981,-0.1535,-0.18378,-0.20375,0.090564,-0.025246,0,0.32328,0.34594,0.15442,0.10672,-0.20241,0.12863,0.17857,-0.46391,0.33577,0.082205,-0.13028,-0.38003,-0.093915,-0.33684,-0.040572,-0.14157,-0.038451,-0.44118,-0.034032,-0.53242,-0.35256,-0.67229,-0.33294,-0.47127,-0.14098,-0.34535,0.023088,-0.25506,0.24877,-0.21715,0.2099,-0.2129,-0.26535,-0.12751,-0.37388,-0.5345,-0.14274,-0.6381,-0.22108,0.023169,0.3242,0.45236,-0.27761,-0.093495,-0.12354,-0.13813,-0.40795,-0.11018,0.30494,0.46156,-0.098283,0.019443,-0.16625,-0.21241,-0.14,-0.12769,-0.0014509,-0.11692,-0.49786,0.020268,-0.054713,0.078479,-0.19541,-0.012748,-0.34976,0.17994,0.0083884,0.095779,0.0025335,0.0045072,0.21112,0.28421,-0.49362,-0.36493,-0.89317,-0.95179,-0.69334,-0.5328,-0.64447,-0.39759,-0.66717,-0.49389,-0.0059728,-0.14185,-0.22759,-0.10506,-0.42754,-0.15453
-0.66485,-0.38815,-0.41815,-0.44934,-0.65322,-0.37981,-0.755,-0.56126,-0.57149,-0.33196,-0.65951,-0.35424,-0.54655,-0.55468,-0.047414,-0.022706,0.32328,0,-0.10898,-0.1507,-0.10377,-0.10806,-0.16417,-0.093746,-0.6281,-0.048983,-0.10373,-0.16102,-0.4276,-0.33482,-0.5202,-0.19058,-0.53023,-0.38887,-0.75313,-0.29801,-0.59056,-0.51374,-0.82783,-0.4744,-0.53685,-0.36284,-0.35386,-0.18785,-0.54439,-0.15193,0.056377,-0.13111,-0.2576,-0.52706,-0.43436,-0.35924,-0.73236,-0.43746,-0.85962,-0.44858,-0.19935,-0.089482,0.16899,-0.23201,-0.18845,-0.34448,-0.33891,-0.44057,-0.16029,0.061149,0.012056,-0.24863,0.19405,-0.39996,-0.41819,-0.31174,-0.37476,-0.16183,-0.34269,-0.67834,-0.38728,-0.34842,-0.27152,-0.44837,-0.33142,-0.43323,0.04709,-0.32009,-0.31599,-0.34985,-0.35435,-0.023685,-0.052997,-0.33719,-0.31649,-0.75305,-0.72457,-0.4675,-0.29368,-0.66521,-0.41653,-0.62306,-0.52961,-0.033561,-0.20355,-0.2383,-0.10225,-0.51823,-0.12995
-0.4484,-0.00074384,-0.11038,-0.24641,-0.33154,-0.064176,-0.44386,0.00054499,-0.26402,0.23373,-0.28388,0.14607,0.14825,0.060708,1.4729e-05,-0.20106,0.34594,-0.10898,0,0.62712,0.001635,-0.4062,0.57925,0.28481,-0.34478,0.24527,0.037855,-0.26843,-0.34465,-0.10383,-0.042185,-0.19915,0.20187,0.20494,-0.12261,0.048305,-0.3459,-0.15726,-0.53183,-0.31713,-0.44568,-0.074517,-0.31978,-0.059448,0.095756,0.44602,-0.33974,0.34108,-0.052901,-0.071615,-0.058049,-0.39876,-0.24975,0.067822,-0.43808,-0.14228,-0.070945,0.18045,0.080615,-0.129,0.032825,-0.08725,-0.044137,-0.41476,-0.19888,0.18622,0.31048,-0.067049,-0.2242,-0.00059654,-0.097075,0.0806,0.10627,0.13187,0.11796,-0.32796,0.44153,0.21263,0.45302,-0.078295,0.37422,-0.26831,0.12701,0.30228,0.61541,0.32596,0.52932,0.020724,0.16783,-0.48756,-0.33985,-0.62737,-0.80511,-0.66162,-0.42947,-0.32684,-0.13503,-0.69574,-0.351,-0.095617,-0.20444,-0.4056,-0.15464,-0.39886,-0.10712
-0.55921,-0.22666,-0.099107,-0.18027,-0.39805,-0.22651,-0.46265,-0.10701,-0.22099,0.41671,-0.28091,0.12536,0.097804,0.012837,0.14879,-0.032081,0.15442,-0.1507,0.62712,0,-0.032309,-0.36973,0.37326,0.27247,-0.41719,0.16705,0.13282,-0.16429,-0.2922,0.010929,-0.058609,-0.22982,0.30013,0.2596,-0.043135,0.19169,-0.29038,-0.143,-0.5536,-0.34098,-0.52628,-0.12164,-0.3622,-0.20142,0.067402,0.30881,-0.40626,0.087537,0.090314,-0.13086,-0.12124,-0.22632,-0.30703,-0.061451,-0.42528,-0.23741,-0.16918,0.027669,-0.063631,-0.046302,0.29619,-0.07775,-0.048629,-0.13604,-0.063197,0.047827,0.18704,-0.047797,-0.28173,0.057681,-0.048475,0.21288,0.09326,0.053844,0.089629,-0.26525,0.32914,0.14433,0.32907,-0.12217,0.4419,-0.23368,0.2513,0.099137,0.37996,0.24357,0.53683,-0.1956,-0.06995,-0.45229,-0.40302,-0.57609,-0.72109,-0.72788,-0.38992,-0.29586,-0.16764,-0.68981,-0.49543,0.011253,-0.21997,-0.40523,-0.11203,-0.30595,-0.13142
-0.57111,-0.31494,-0.35755,-0.46102,-0.59194,-0.31763,-0.55099,-0.27627,-0.61635,-0.11337,-0.54452,-0.37267,-0.34263,-0.34594,0.36479,0.089695,0.10672,-0.10377,0.001635,-0.032309,0,0.19234,0.078516,0.45059,-0.4248,0.12266,0.53418,0.14973,0.083781,0.23024,-0.12335,0.30519,-0.14939,-0.12947,-0.24245,0.11555,-0.4688,-0.31378,-0.5836,-0.42161,-0.3827,-0.13821,-0.29293,-0.099431,-0.23263,0.16369,-0.45026,-0.23643,-0.12807,-0.35543,-0.28405,-0.2656,-0.53344,-0.26405,-0.4832,-0.28494,-0.26263,-0.16111,-0.14347,-0.25454,0.049093,0.18857,0.26,-0.16528,0.058034,-0.22912,-0.14006,-0.0027176,0.059102,0.17891,0.16863,-0.075297,0.024576,-0.23151,-0.2271,-0.56267,-0.15045,-0.34868,-0.20758,-0.47748,-0.15694,-0.53421,-0.27792,-0.18788,-0.13748,-0.13341,-0.067166,-0.19565,-0.18539,-0.74392,-0.74408,-0.65237,-0.70716,-0.63482,-0.59509,-0.51188,-0.57742,-0.76844,-0.62971,0.16163,0.091669,0.25714,0.31484,-0.41953,-0.24027
-0.7466,-0.65579,-0.65715,-0.78638,-0.64087,-0.43014,-0.64321,-0.5658,-0.74264,-0.3562,-0.64476,-0.60678,-0.58408,-0.59243,0.00060391,0.19552,-0.20241,-0.10806,-0.4062,-0.36973,0.19234,0,-0.39673,-0.071814,-0.59326,-0.17868,0.12338,0.2102,-0.0645,-0.040226,-0.49862,0.097929,-0.51618,-0.45561,-0.52853,-0.22382,-0.63017,-0.65484,-0.72873,-0.63949,-0.55234,-0.40488,-0.49485,-0.3841,-0.58344,-0.28395,-0.49751,-0.56651,-0.36869,-0.46277,-0.35636,-0.41271,-0.81042,-0.59844,-0.72541,-0.59537,-0.51251,-0.4398,-0.32708,-0.42444,-0.15203,0.079679,0.12359,-0.2531,-0.087884,-0.41245,-0.3664,-0.12129,0.11126,-0.22921,-0.088458,-0.36758,-0.32004,-0.37363,-0.42982,-0.68483,-0.44824,-0.66644,-0.56645,-0.78507,-0.54436,-0.79339,-0.44075,-0.53782,-0.5298,-0.46122,-0.43391,-0.34706,-0.41912,-0.64974,-0.88138,-0.57084,-0.462,-0.67915,-0.69622,-0.64021,-0.77746,-0.68183,-0.73771,0.041316,0.11849,0.42327,0.33901,-0.53786,-0.24056
-0.33224,-0.055243,-0.078729,-0.11246,-0.20621,-0.040926,-0.32319,0.045735,-0.19557,0.17406,-0.2447,0.095454,-0.030858,-0.11365,-0.00025777,-0.28374,0.12863,-0.16417,0.57925,0.37326,0.078516,-0.39673,0,0.41038,-0.20375,0.24616,0.0054205,-0.26909,-0.30086,-0.18263,-0.00038297,-0.24371,0.14314,0.027007,-0.057784,-0.074399,-0.18337,0.017381,-0.37071,-0.20009,-0.25964,0.069192,-0.28709,-0.084172,-0.00066283,0.22184,-0.31182,0.020592,-0.011437,-0.096957,-0.15982,-0.40668,-0.15304,0.021314,-0.35709,-0.16242,-0.1898,-0.089997,-0.14734,0.083354,0.075393,-0.21788,-0.15857,-0.32354,-0.32646,-0.08619,-0.012203,-0.2201,-0.35345,-0.099888,-0.20403,-0.084599,-0.040992,-0.10858,-0.096397,-0.30547,0.23803,0.048313,0.1587,-0.096184,0.32093,-0.16552,0.046346,0.15984,0.29786,0.21675,0.25858,-0.20933,-0.058425,-0.53571,-0.3794,-0.519,-0.67314,-0.49782,-0.31498,-0.23758,-0.11568,-0.71892,-0.41547,-0.10944,-0.28815,-0.32051,-0.11929,-0.38099,-0.20725
-0.51415,-0.16188,-0.32811,-0.40638,-0.37666,-0.10523,-0.51508,-0.10187,-0.53119,0.15064,-0.47152,-0.15084,-0.24215,-0.28533,0.28007,0.12726,0.17857,-0.093746,0.28481,0.27247,0.45059,-0.071814,0.41038,0,-0.44659,0.40235,0.36376,0.012653,-0.17611,0.0029238,-0.19339,-0.024171,-0.08155,-0.055029,-0.19825,0.17256,-0.42431,-0.20596,-0.59149,-0.33691,-0.40744,0.092023,-0.32355,-0.0076372,-0.21069,0.23433,-0.39007,-0.14268,-0.073161,-0.25377,-0.20107,-0.34247,-0.3395,-0.015878,-0.38044,-0.24286,-0.23944,-0.14671,-0.14706,-0.1337,0.28245,-0.024031,0.06112,-0.17463,-0.051877,-0.1777,-0.056407,-0.14944,-0.16289,0.0084842,-0.03717,-0.085519,-0.013816,-0.20981,-0.18228,-0.56253,0.025917,-0.25939,-0.11637,-0.40588,-0.01512,-0.41711,-0.050073,-0.12745,0.057526,-0.056252,0.078111,-0.25783,-0.17228,-0.61228,-0.57394,-0.74945,-0.74069,-0.54846,-0.38856,-0.47574,-0.43861,-0.82984,-0.56369,0.082316,0.020548,-0.003211,0.15029,-0.48969,-0.11453
0.041419,-0.34866,-0.40325,-0.25154,0.20903,-0.097391,0.40751,-0.052798,0.14214,-0.31682,0.18006,-0.2415,-0.17574,-0.1981,-0.52229,-0.78375,-0.46391,-0.6281,-0.34478,-0.41719,-0.4248,-0.59326,-0.20375,-0.44659,0,-0.34071,-0.47873,-0.45828,-0.33125,-0.46116,-0.097266,-0.5727,-0.21286,-0.36114,-0.097362,-0.75794,0.35691,0.10468,0.61608,0.26753,0.45648,-0.027765,-0.19838,-0.38098,-0.25928,-0.51453,-0.79237,-0.50538,-0.60329,-0.040742,-0.20051,-0.86362,-0.12474,-0.44095,-0.46395,-0.34904,-0.46839,-0.585,-0.72295,-0.36751,-0.53919,-0.39441,-0.46088,-0.43637,-0.74002,-0.68208,-0.60429,-0.43047,-0.74373,-0.38018,-0.43151,-0.42282,-0.43082,-0.70976,-0.54055,-0.063469,-0.1968,-0.26622,-0.24497,-0.23754,-0.21505,-0.37972,-0.40212,-0.23209,-0.15717,-0.21495,-0.24049,-0.66516,-0.55456,-0.76526,-0.37904,-0.088053,-0.29927,-0.31421,-0.49935,0.022566,-0.0081822,-0.37359,-0.39564,-0.62997,-0.6682,-0.5748,-0.53405,-0.31442,-0.61172
-0.38603,-0.16634,-0.25252,-0.33138,-0.25639,0.083192,-0.43372,0.0073721,-0.36732,0.34807,-0.26146,0.10887,-0.21333,-0.20015,0.01213,-0.069855,0.33577,-0.048983,0.24527,0.16705,0.12266,-0.17868,0.24616,0.40235,-0.34071,0,0.10977,-0.027191,-0.36328,-0.1407,-0.3449,-0.12902,-0.098909,-0.082912,-0.28427,-0.042855,-0.29819,-0.092251,-0.45631,-0.12357,-0.38164,0.18522,-0.47688,-0.066725,-0.29356,0.20031,-0.44156,-0.074384,-0.11276,-0.04301,0.09066,-0.42192,-0.25471,0.020275,-0.39357,-0.35907,-0.3242,-0.087088,-0.014118,-0.12239,0.062865,-0.1733,-0.21386,-0.37488,-0.28211,-0.11499,0.071526,-0.24584,-0.26895,-0.21467,-0.22686,-0.25184,-0.14267,-0.23781,-0.23804,-0.43598,0.1831,-0.10533,-0.01129,-0.23306,0.061017,-0.36807,0.022595,-0.072314,0.083045,0.059684,0.037325,-0.22071,-0.12608,-0.65576,-0.44618,-0.77982,-0.73505,-0.56183,-0.4137,-0.49605,-0.39305,-0.71104,-0.47417,-0.16838,-0.22613,-0.23395,-0.18226,-0.50704,-0.070547
-0.58782,-0.34708,-0.38978,-0.46323,-0.56673,-0.30674,-0.54846,-0.26199,-0.56405,-0.041721,-0.49109,-0.32741,-0.32839,-0.33988,0.73782,0.26737,0.082205,-0.10373,0.037855,0.13282,0.53418,0.12338,0.0054205,0.36376,-0.47873,0.10977,0,0.51643,0.16728,0.43461,-0.14074,0.2372,-0.083015,-0.096751,-0.21011,0.16921,-0.4079,-0.31834,-0.60055,-0.4162,-0.46332,-0.11658,-0.30801,-0.11806,-0.19754,0.092148,-0.49579,-0.27056,-0.020496,-0.3126,-0.22852,-0.18841,-0.47328,-0.21808,-0.46863,-0.32642,-0.2816,-0.17412,-0.16563,-0.25962,0.17547,0.41973,0.36545,-0.055979,0.20021,-0.26818,-0.14539,0.25517,0.13519,0.35978,0.35846,0.031565,-0.0017749,-0.23279,-0.22684,-0.4502,-0.066261,-0.30302,-0.14475,-0.47893,-0.11029,-0.65075,-0.22714,-0.24358,-0.14958,-0.1263,0.028494,-0.27301,-0.22045,-0.79456,-0.83487,-0.64517,-0.6464,-0.68706,-0.54907,-0.40264,-0.46087,-0.64665,-0.57172,0.14696,0.023935,0.13042,0.31503,-0.31893,-0.20725
-0.50769,-0.51361,-0.49018,-0.47265,-0.48988,-0.34155,-0.49092,-0.37629,-0.5357,-0.18227,-0.38806,-0.39613,-0.4826,-0.44141,0.36207,0.22814,-0.13028,-0.16102,-0.26843,-0.16429,0.14973,0.2102,-0.26909,0.012653,-0.45828,-0.027191,0.51643,0,0.19399,0.2612,-0.32787,0.15119,-0.27003,-0.2509,-0.37244,-0.1189,-0.31619,-0.29575,-0.49391,-0.35412,-0.46948,-0.17164,-0.43808,-0.28607,-0.45086,-0.22787,-0.56925,-0.49752,-0.11535,-0.26017,-0.16872,-0.27056,-0.51295,-0.36527,-0.45867,-0.58741,-0.53101,-0.38123,-0.32106,-0.27356,0.053166,0.22081,0.11411,-0.050161,-0.027286,-0.49577,-0.35886,0.20327,0.1096,0.036257,0.17207,-0.2318,-0.26426,-0.46468,-0.45285,-0.34328,-0.22359,-0.45384,-0.3232,-0.55588,-0.28462,-0.74624,-0.30429,-0.4426,-0.39254,-0.29502,-0.19773,-0.46077,-0.45728,-0.78225,-0.86475,-0.58662,-0.45971,-0.61115,-0.54624,-0.40689,-0.47838,-0.53369,-0.61067,0.0094637,-0.1016,0.18558,0.085681,-0.35618,-0.28819
-0.39524,-0.48248,-0.43036,-0.33694,-0.56989,-0.58109,-0.31621,-0.38092,-0.43271,-0.42906,-0.4381,-0.5392,-0.44551,-0.40611,0.15356,-0.16241,-0.38003,-0.4276,-0.34465,-0.2922,0.083781,-0.0645,-0.30086,-0.17611,-0.33125,-0.36328,0.16728,0.19399,0,0.3494,0.025696,0.023133,-0.25622,-0.25632,-0.20945,-0.13366,-0.26836,-0.2772,-0.32784,-0.35731,-0.29867,-0.27285,-0.20255,-0.36691,-0.26104,-0.30729,-0.49717,-0.53357,-0.061746,-0.42147,-0.41696,-0.17175,-0.43031,-0.40597,-0.31441,-0.48025,-0.46592,-0.3876,-0.45948,-0.29536,-0.17361,0.096913,0.18704,-0.13785,-0.06221,-0.58657,-0.52992,0.21596,-0.0043526,0.2072,0.30579,-0.15124,-0.17541,-0.47889,-0.40868,-0.24788,-0.36459,-0.4937,-0.31576,-0.5302,-0.35722,-0.68235,-0.58111,-0.4386,-0.42857,-0.34798,-0.2229,-0.44715,-0.55514,-0.68534,-0.76805,-0.37748,-0.33176,-0.5098,-0.51416,-0.19388,-0.40809,-0.41635,-0.46202,-0.12714,-0.10124,0.034077,-0.024436,-0.066651,-0.30661
-0.62183,-0.47377,-0.2102,-0.28083,-0.74124,-0.56673,-0.57987,-0.39693,-0.46572,-0.1786,-0.46407,-0.41299,-0.23557,-0.22815,0.49706,0.10417,-0.093915,-0.33482,-0.10383,0.010929,0.23024,-0.040226,-0.18263,0.0029238,-0.46116,-0.1407,0.43461,0.2612,0.3494,0,-0.045146,0.21166,0.03267,-0.0068787,-0.12044,0.2294,-0.42629,-0.31773,-0.49655,-0.42283,-0.51097,-0.28614,-0.33207,-0.24926,-0.091713,-0.0078214,-0.54478,-0.26875,-0.0054794,-0.35005,-0.27322,-0.043342,-0.49068,-0.29539,-0.33937,-0.34517,-0.24817,-0.067572,-0.1661,-0.28624,0.031978,0.37856,0.38497,-0.01568,0.091315,-0.28439,-0.17273,0.36995,0.019288,0.39418,0.50384,0.015797,-0.031639,-0.19876,-0.16652,-0.22834,-0.10738,-0.27041,-0.12292,-0.32611,-0.091743,-0.51029,-0.31176,-0.26814,-0.20363,-0.13347,0.029658,-0.23192,-0.26599,-0.66881,-0.82024,-0.57515,-0.59777,-0.85002,-0.74009,-0.38156,-0.4757,-0.41739,-0.50482,0.073412,0.0058255,0.032184,0.061437,-0.052466,-0.28589
-0.075842,-0.050758,-0.21619,-0.10308,-0.40843,-0.39879,-0.052761,0.038694,0.0017528,-0.17757,-0.23387,-0.23694,-0.012461,-0.027684,-0.082242,-0.49392,-0.33684,-0.5202,-0.042185,-0.058609,-0.12335,-0.49862,-0.00038297,-0.19339,-0.097266,-0.3449,-0.14074,-0.32787,0.025696,-0.045146,0,-0.31379,0.12769,0.023052,0.36744,-0.11912,0.0073795,0.033591,-0.1143,-0.17261,-0.10656,-0.20573,0.067483,-0.19897,0.46245,0.01157,-0.55278,-0.19472,-0.12858,-0.31224,-0.41213,-0.33429,-0.077514,-0.1479,-0.25098,-0.16139,-0.28424,-0.24808,-0.41075,-0.21509,-0.17122,-0.080563,-0.01822,-0.23673,-0.18793,-0.32024,-0.29768,-0.087029,-0.35042,0.27633,0.17582,0.25777,0.26588,-0.15509,0.041014,-0.15123,0.0069302,-0.10637,0.09773,-0.25919,0.048335,-0.35304,-0.42306,-0.083185,-0.01305,-0.065355,0.17715,-0.4113,-0.33302,-0.5023,-0.36341,-0.082375,-0.43047,-0.36509,-0.33095,0.27647,0.0076004,-0.54918,-0.44202,-0.31345,-0.2299,-0.46511,-0.19835,-0.14542,-0.4959
-0.73448,-0.44673,-0.21627,-0.43916,-0.70673,-0.41656,-0.80139,-0.48736,-0.81336,-0.2993,-0.59288,-0.48955,-0.43332,-0.41028,0.081682,-0.042296,-0.040572,-0.19058,-0.19915,-0.22982,0.30519,0.097929,-0.24371,-0.024171,-0.5727,-0.12902,0.2372,0.15119,0.023133,0.21166,-0.31379,0,-0.20318,-0.26841,-0.44402,-0.059117,-0.58742,-0.42076,-0.69833,-0.57267,-0.58099,-0.39003,-0.43161,-0.13549,-0.37256,-0.057718,-0.43524,-0.30448,-0.21133,-0.36386,-0.2815,-0.1111,-0.66643,-0.37447,-0.40629,-0.22615,-0.20867,-0.18302,-0.11407,-0.45869,-0.26979,0.098209,0.11871,-0.28834,-0.011327,-0.28925,-0.22616,0.096294,0.22141,0.067306,0.080438,-0.29187,-0.20422,-0.30478,-0.40174,-0.46578,-0.30909,-0.32676,-0.30489,-0.3708,-0.23835,-0.43286,-0.37233,-0.21948,-0.30851,-0.15849,-0.16518,-0.13722,-0.10495,-0.83845,-0.98121,-0.78767,-0.69883,-0.84424,-0.79097,-0.69255,-0.54694,-0.45446,-0.53399,-0.084253,-0.20369,0.14946,0.023773,-0.37433,-0.42744
-0.38533,-0.21934,0.1527,0.0049197,-0.32314,-0.26456,-0.3044,-0.061687,-0.079473,0.23552,-0.055508,0.067653,0.41487,0.32469,-0.082286,-0.34709,-0.14157,-0.53023,0.20187,0.30013,-0.14939,-0.51618,0.14314,-0.08155,-0.21286,-0.098909,-0.083015,-0.27003,-0.25622,0.03267,0.12769,-0.20318,0,0.45957,0.26357,0.037516,-0.11624,-0.0042863,-0.27506,-0.28665,-0.4133,-0.21931,-0.39234,-0.29183,0.30539,0.17178,-0.64964,0.0084842,-0.027412,0.059213,0.0074237,-0.24156,-0.19666,-0.09214,-0.22292,-0.15595,-0.21794,-0.036912,-0.23328,-0.14419,-0.020599,-0.056937,-0.079458,-0.11477,-0.2417,-0.12133,0.0095889,-0.051502,-0.48288,0.11033,0.01948,0.12375,0.12154,-0.018007,0.11827,0.091735,0.46885,0.36567,0.4064,0.14656,0.64119,-0.10016,-0.053792,0.25718,0.30726,0.47865,0.55966,-0.26017,-0.10581,-0.50865,-0.44137,-0.35571,-0.57267,-0.78208,-0.59873,-0.15694,-0.12618,-0.57129,-0.50075,-0.16146,-0.39712,-0.43774,-0.29307,-0.22333,-0.50418
-0.40386,-0.16298,-0.11851,-0.17429,-0.39381,-0.3002,-0.33437,-0.14154,-0.19107,0.21152,-0.12112,0.062711,0.49419,0.60297,-0.057644,-0.18002,-0.038451,-0.38887,0.20494,0.2596,-0.12947,-0.45561,0.027007,-0.055029,-0.36114,-0.082912,-0.096751,-0.2509,-0.25632,-0.0068787,0.023052,-0.26841,0.45957,0,0.012962,0.15628,-0.2551,-0.11809,-0.42542,-0.36171,-0.54691,-0.28857,-0.4198,-0.37034,0.10657,0.24274,-0.58568,0.21493,-0.052047,0.04086,0.082574,-0.31498,-0.35612,-0.10535,-0.33683,-0.37241,-0.31859,0.086418,-0.11866,-0.1883,0.13196,-0.072226,-0.059183,-0.10286,-0.10363,0.034828,0.19126,-0.029923,-0.36684,0.077499,0.058336,0.29924,0.28426,0.051082,0.28085,-0.082029,0.35426,0.20577,0.54449,-0.085564,0.30481,-0.27571,0.082699,0.20565,0.37525,0.23292,0.44868,-0.14823,-0.146,-0.28363,-0.20754,-0.42639,-0.60925,-0.68149,-0.51102,-0.27455,-0.2602,-0.79475,-0.57316,0.023965,-0.19444,-0.40048,-0.32264,-0.40261,-0.33187
-0.084709,-0.0787,-0.19567,-0.14986,-0.27191,-0.23952,-0.037244,0.2076,-5.1553e-05,0.012682,-0.19863,-0.20607,0.033149,-0.028406,-0.17825,-0.46419,-0.44118,-0.75313,-0.12261,-0.043135,-0.24245,-0.52853,-0.057784,-0.19825,-0.097362,-0.28427,-0.21011,-0.37244,-0.20945,-0.12044,0.36744,-0.44402,0.26357,0.012962,0,-0.050456,0.021115,0.038864,-0.030763,-0.089865,-0.11571,-0.095977,-0.050986,-0.19633,0.53749,-0.020481,-0.72853,-0.28074,-0.25324,-0.26934,-0.33839,-0.38121,0.1258,-0.0047208,-0.073478,-0.10912,-0.30919,-0.3053,-0.51082,-0.28603,-0.1303,-0.13735,-0.12309,-0.13056,-0.25964,-0.38891,-0.29731,-0.32479,-0.66156,0.074804,0.0062379,0.1022,0.17464,-0.20355,0.042605,-0.15096,0.14091,-0.17308,-0.053299,-0.24013,0.044402,-0.28669,-0.42067,-0.22999,-0.052422,-0.12503,0.10131,-0.54664,-0.37026,-0.52645,-0.4263,-0.12409,-0.47231,-0.39347,-0.36815,0.21868,-0.10279,-0.5364,-0.51343,-0.40318,-0.27464,-0.51572,-0.24242,-0.11199,-0.54719
-0.60531,-0.18625,-0.19321,-0.3198,-0.77132,-0.44859,-0.691,-0.24363,-0.5739,0.037899,-0.63791,-0.28295,-0.16712,-0.16374,0.25827,0.14074,-0.034032,-0.29801,0.048305,0.19169,0.11555,-0.22382,-0.074399,0.17256,-0.75794,-0.042855,0.16921,-0.1189,-0.13366,0.2294,-0.11912,-0.059117,0.037516,0.15628,-0.050456,0,-0.59937,-0.36773,-0.73502,-0.51445,-0.68043,-0.27597,-0.30533,-0.1337,0.028502,0.3726,-0.36579,-0.018066,0.039755,-0.46123,-0.3388,0.044888,-0.36245,0.033708,-0.17244,-0.20883,-0.15324,0.10596,-0.00422,-0.28165,0.21322,-0.004684,0.088981,-0.043187,0.28421,0.0015245,0.11488,-0.10903,-0.17069,0.20029,0.16873,0.18802,0.25686,0.071011,0.1395,-0.48346,-0.030461,-0.23472,-0.068013,-0.35488,-0.06196,-0.36018,-0.19869,-0.23508,-0.092656,-0.16378,0.043835,-0.12994,-0.1203,-0.34871,-0.48077,-0.68677,-0.76486,-0.63298,-0.41978,-0.46959,-0.56225,-0.66325,-0.5537,0.056031,0.12477,-0.17509,-0.026579,-0.23736,-0.17245
0.19724,-0.30344,-0.30622,-0.027883,0.14745,-0.1469,0.45427,0.075503,0.36987,-0.13143,0.30567,-0.044505,-0.21312,-0.17751,-0.41101,-0.69549,-0.53242,-0.59056,-0.3459,-0.29038,-0.4688,-0.63017,-0.18337,-0.42431,0.35691,-0.29819,-0.4079,-0.31619,-0.26836,-0.42629,0.0073795,-0.58742,-0.11624,-0.2551,0.021115,-0.59937,0,0.5115,0.45648,0.31945,0.14196,-0.016946,-0.22144,-0.43537,-0.19835,-0.4311,-0.71333,-0.52128,-0.30357,-0.012689,-0.18496,-0.59448,0.028509,-0.32969,-0.27183,-0.4834,-0.66728,-0.64749,-0.73407,-0.13657,-0.31991,-0.45296,-0.52493,-0.27651,-0.61887,-0.69638,-0.59358,-0.406,-0.71334,-0.3042,-0.34671,-0.29789,-0.31022,-0.64687,-0.45376,0.092693,-0.11266,-0.18759,-0.14813,-0.20679,-0.064309,-0.29281,-0.32764,-0.28067,-0.21132,-0.16713,-0.14466,-0.85955,-0.68575,-0.61157,-0.29091,-0.01414,-0.22788,-0.18787,-0.19528,0.31105,0.19779,-0.45129,-0.47667,-0.59078,-0.72697,-0.67176,-0.56653,-0.29636,-0.59735
0.13357,-0.12256,-0.12891,0.1297,0.016703,-0.091146,0.06411,0.19543,0.13389,0.017845,0.1395,0.078574,-0.1866,-0.12076,-0.29118,-0.57024,-0.35256,-0.51374,-0.15726,-0.143,-0.31378,-0.65484,0.017381,-0.20596,0.10468,-0.092251,-0.31834,-0.29575,-0.2772,-0.31773,0.033591,-0.42076,-0.0042863,-0.11809,0.038864,-0.36773,0.5115,0,0.17474,0.34778,-0.034357,0.085534,-0.23717,-0.25327,-0.11753,-0.19444,-0.57274,-0.29676,-0.18712,-0.014604,-0.15972,-0.47319,0.11436,-0.095587,-0.066305,-0.38937,-0.5568,-0.43979,-0.49985,-0.035807,-0.18214,-0.45285,-0.48756,-0.30276,-0.56452,-0.53315,-0.41654,-0.41236,-0.62911,-0.21767,-0.2842,-0.26909,-0.19357,-0.52865,-0.36761,-0.013367,0.021012,-0.11672,-0.045971,-0.098106,0.15071,-0.11437,-0.20126,-0.18722,-0.051207,-0.0659,0.02873,-0.66124,-0.50511,-0.59458,-0.28078,-0.29304,-0.48968,-0.20175,-0.15016,0.063418,0.19369,-0.44579,-0.38536,-0.504,-0.62455,-0.62921,-0.56583,-0.32409,-0.4685
0.29327,-0.31948,-0.36677,-0.12658,0.11896,-0.22025,0.48255,-0.041699,0.19863,-0.39269,0.149,-0.29231,-0.30033,-0.27923,-0.58285,-0.89212,-0.67229,-0.82783,-0.53183,-0.5536,-0.5836,-0.72873,-0.37071,-0.59149,0.61608,-0.45631,-0.60055,-0.49391,-0.32784,-0.49655,-0.1143,-0.69833,-0.27506,-0.42542,-0.030763,-0.73502,0.45648,0.17474,0,0.39477,0.41377,-0.029761,-0.18064,-0.40801,-0.26374,-0.61312,-0.76163,-0.6251,-0.54864,-0.1637,-0.29331,-0.71146,0.069332,-0.36203,-0.19967,-0.40383,-0.57117,-0.65742,-0.81931,-0.35087,-0.57399,-0.51935,-0.60023,-0.40158,-0.80503,-0.83402,-0.7365,-0.545,-0.90326,-0.44002,-0.46348,-0.49966,-0.47155,-0.79328,-0.56155,0.033841,-0.2813,-0.35921,-0.35828,-0.23,-0.30828,-0.34021,-0.56078,-0.42558,-0.35909,-0.35828,-0.37382,-0.83047,-0.72444,-0.61013,-0.2997,-0.021034,-0.18262,-0.1265,-0.34446,0.14473,-0.052349,-0.25543,-0.34835,-0.77726,-0.70909,-0.65672,-0.69231,-0.21756,-0.69661
0.18803,-0.15864,-0.35112,-0.13614,0.043916,-0.0055162,0.15242,0.12688,0.016851,-0.18236,-0.066003,-0.19555,-0.35521,-0.32004,-0.38025,-0.61381,-0.33294,-0.4744,-0.31713,-0.34098,-0.42161,-0.63949,-0.20009,-0.33691,0.26753,-0.12357,-0.4162,-0.35412,-0.35731,-0.42283,-0.17261,-0.57267,-0.28665,-0.36171,-0.089865,-0.51445,0.31945,0.34778,0.39477,0,0.35905,0.31574,-0.048467,-0.11279,-0.2737,-0.37758,-0.57384,-0.44466,-0.48456,-0.22933,-0.26514,-0.65216,0.11391,-0.11987,-0.19989,-0.31981,-0.40564,-0.44044,-0.50527,-0.33767,-0.41652,-0.5312,-0.58589,-0.40839,-0.58907,-0.5875,-0.46528,-0.55378,-0.69397,-0.4002,-0.4511,-0.43535,-0.3818,-0.70663,-0.53183,-0.20168,-0.16981,-0.36066,-0.26142,-0.2617,-0.22121,-0.30317,-0.32736,-0.42928,-0.23523,-0.34048,-0.26928,-0.66218,-0.52634,-0.65045,-0.2481,-0.36957,-0.4843,-0.12016,-0.20297,-0.044932,-0.022904,-0.35663,-0.42083,-0.71455,-0.57737,-0.66146,-0.58497,-0.19024,-0.47115
0.10945,-0.22379,-0.50555,-0.33293,0.0070996,-0.11847,0.25378,-0.04955,-0.11917,-0.45397,-0.23449,-0.48054,-0.43411,-0.47192,-0.4558,-0.75192,-0.47127,-0.53685,-0.44568,-0.52628,-0.3827,-0.55234,-0.25964,-0.40744,0.45648,-0.38164,-0.46332,-0.46948,-0.29867,-0.51097,-0.10656,-0.58099,-0.4133,-0.54691,-0.11571,-0.68043,0.14196,-0.034357,0.41377,0.35905,0,0.12617,0.16122,-0.12038,-0.30089,-0.53195,-0.58315,-0.63482,-0.67591,-0.40642,-0.48726,-0.7734,-0.04983,-0.31936,-0.37017,-0.1648,-0.30417,-0.59487,-0.70327,-0.49426,-0.60767,-0.48372,-0.48709,-0.41991,-0.566,-0.71036,-0.66461,-0.56668,-0.66991,-0.39948,-0.46974,-0.46346,-0.43731,-0.7811,-0.60752,-0.33461,-0.38648,-0.51695,-0.44282,-0.42747,-0.44321,-0.43139,-0.55747,-0.46891,-0.36771,-0.46711,-0.44273,-0.69335,-0.55837,-0.7002,-0.3568,-0.19372,-0.33223,-0.085696,-0.30571,-0.020886,-0.15227,-0.41082,-0.5022,-0.71728,-0.51837,-0.50085,-0.4052,-0.20938,-0.66858
-0.068301,-0.069899,-0.36704,-0.29104,0.001959,0.13447,-0.073802,0.19247,-0.25545,-0.010127,-0.22214,-0.13106,-0.35295,-0.36995,-0.15266,-0.36542,-0.14098,-0.36284,-0.074517,-0.12164,-0.13821,-0.40488,0.069192,0.092023,-0.027765,0.18522,-0.11658,-0.17164,-0.27285,-0.28614,-0.20573,-0.39003,-0.21931,-0.28857,-0.095977,-0.27597,-0.016946,0.085534,-0.029761,0.31574,0.12617,0,-0.090955,0.087721,-0.2691,-0.18626,-0.51842,-0.39505,-0.32842,-0.21018,-0.1779,-0.61766,0.037435,0.073323,-0.18659,-0.22727,-0.30795,-0.3376,-0.39681,-0.28058,-0.20461,-0.33735,-0.34001,-0.35845,-0.40898,-0.48351,-0.33312,-0.4326,-0.54065,-0.2635,-0.322,-0.36903,-0.25102,-0.57014,-0.41682,-0.33954,-0.032803,-0.33731,-0.23256,-0.30337,-0.17583,-0.40511,-0.26347,-0.35539,-0.12673,-0.21023,-0.16563,-0.53358,-0.40575,-0.6867,-0.38194,-0.6153,-0.56789,-0.22756,-0.22679,-0.22324,-0.24142,-0.60772,-0.48163,-0.44119,-0.32908,-0.3573,-0.2893,-0.32431,-0.34137
-0.14872,-0.02085,-0.47928,-0.3873,-0.44655,-0.31737,-0.20187,-0.13779,-0.37487,-0.48944,-0.65141,-0.64751,-0.46527,-0.513,-0.22289,-0.49384,-0.34535,-0.35386,-0.31978,-0.3622,-0.29293,-0.49485,-0.28709,-0.32355,-0.19838,-0.47688,-0.30801,-0.43808,-0.20255,-0.33207,0.067483,-0.43161,-0.39234,-0.4198,-0.050986,-0.30533,-0.22144,-0.23717,-0.18064,-0.048467,0.16122,-0.090955,0,0.18711,-0.047819,-0.27416,-0.31751,-0.39088,-0.57033,-0.78682,-0.80732,-0.50331,-0.1708,-0.16666,-0.32071,0.060494,-0.0062232,-0.30084,-0.40425,-0.61836,-0.4875,-0.35927,-0.27063,-0.35954,-0.13191,-0.39008,-0.40313,-0.44728,-0.34384,-0.12522,-0.23507,-0.14286,-0.12016,-0.40805,-0.29333,-0.5563,-0.39942,-0.5649,-0.37502,-0.5397,-0.44378,-0.43954,-0.5164,-0.55443,-0.36111,-0.56893,-0.33545,-0.42393,-0.31029,-0.47741,-0.3167,-0.38473,-0.63522,-0.098761,-0.16465,-0.081925,-0.13531,-0.47957,-0.54873,-0.52218,-0.21395,-0.50555,-0.19039,-0.087935,-0.5767
