,,,,,,,,,,,,,,,,,,,,,,,,,,,,,,,,,,,,,,,,,,,,,,,,,,,,,,,,,,,,,,,,,,,,,,,,,,,,,,,,,,,,,,,,,,,,,,,,,,,,,,,,
0,0.013942,-0.27683,-0.24485,-0.034669,-0.068758,-0.25602,-0.16981,-0.008218,-0.010155,-0.14772,-0.047915,-0.43769,-0.1992,-0.018368,-0.056285,-0.14582,-0.054933,-0.30218,0.0038339,-0.05601,-0.0031783,-0.0030495,0.044186,0.13661,0.068173,0.092078,0.097053,0.38213,-0.062226,-0.43082,-0.42649,-0.47194,-0.29177,-0.40029,-0.33945,-0.30961,-0.31877,-0.098346,0.039486,-0.0001873,0.10558,-0.28803,-0.053657,-0.16914,-0.22266,-0.15182,-0.27143,-0.081062,-0.34008,-0.244,-0.37029,-0.055325,-0.11082,-0.19564,0.03629,0.0663,-0.28315,-0.34748,-0.047207,-0.06102,-0.19758,-0.18891,-0.34265,-0.29979,-0.1343,-0.17059,-0.27892,-0.2401,-0.24135,-0.27137,-0.37929,-0.27756,-0.10944,-0.070198,-0.20026,-0.030138,-0.39182,-0.17614,-0.3243,-0.25757,-0.28568,-0.3209,-0.32169,-0.15224,-0.33787,-0.17258,-0.14991,-0.23327,-0.0088735,-0.10136,-0.206,-0.091721,-0.36204,-0.18943,-0.26843,-0.1343,-0.24081,0.025391,-0.3254,-0.18236,-0.3348,-0.19177,-0.26771,-0.23338
0.013942,0,-0.41139,-0.34038,-0.34288,0.3576,-0.54185,0.035371,0.11118,0.026726,-0.3364,0.1505,-0.40821,-0.2636,0.13911,0.28104,-0.078867,-0.2642,-0.28533,0.23836,0.15987,0.0014633,0.069162,0.22887,0.053083,-0.16274,0.22324,0.015517,0.10898,-0.072206,-0.45732,-0.5737,-0.51979,-0.3942,-0.68775,-0.55669,-0.70391,-0.68699,-0.44638,-0.2158,-0.019421,0.30814,-0.46792,-0.11683,-0.24303,-0.22536,-0.44646,-0.51472,0.065398,-0.53047,-0.1912,-0.29752,-0.0045714,0.36978,-0.14592,0.062893,-0.11162,-0.57593,-0.66284,0.078668,0.48117,-0.06695,-0.059059,-0.31246,-0.15221,-0.51792,-0.45628,-0.27847,-0.1604,-0.14407,-0.28282,-0.36675,-0.28141,-0.37787,-0.351,-0.35216,0.11009,-0.55741,-0.28596,-0.55361,-0.53333,-0.37598,-0.51635,-0.35484,-0.26219,-0.61499,-0.26936,-0.46466,-0.59613,-0.05793,-0.22866,-0.27946,0.14903,-0.13654,0.38722,-0.27734,-0.0064737,-0.49895,-0.26621,-0.21412,0.064684,-0.55114,-0.15961,-0.15636,-0.0021247
-0.27683,-0.41139,0,0.37739,-0.34058,-0.45022,-0.46732,-0.42949,-0.26895,-0.13197,-0.055091,-0.48122,-0.091176,-0.30635,-0.34121,-0.44604,-0.28546,-0.17423,-0.18382,-0.2154,-0.49776,-0.41151,-0.25496,-0.27549,-0.059592,-0.24166,-0.38621,-0.32621,-0.38881,-0.3229,-0.53389,-0.35076,-0.13748,-0.184,-0.2022,-0.15062,0.01451,-0.070497,0.21706,0.092107,-0.42464,-0.29446,-0.44285,-0.43167,-0.55964,-0.50282,-0.31171,-0.16102,-0.37937,-0.075987,-0.4404,-0.51677,-0.11396,-0.28892,0.035617,-0.060084,-0.18362,-0.2152,-0.17797,-0.19482,-0.25658,-0.60795,-0.69737,-0.85447,-0.64298,-0.34062,-0.27912,-0.54733,-0.22355,-0.85032,-0.52308,-0.77511,-0.58441,-0.50789,-0.4688,0.37499,-0.12525,0.26347,-0.030408,0.20183,-0.042869,0.24376,0.17435,-0.086558,-0.20317,0.13193,-0.14418,-0.34231,-0.23185,-0.73874,-0.69804,-0.20603,-0.29938,-0.14233,-0.48025,0.10523,-0.15477,-0.051076,-0.22309,-0.57973,-0.52359,-0.44852,-0.35329,-0.17497,-0.39999
-0.24485,-0.34038,0.37739,0,-0.38293,-0.44971,-0.40559,-0.39343,-0.065937,-0.057245,0.020697,-0.34754,-0.18142,-0.29562,-0.30955,-0.41137,-0.21772,-0.05656,-0.20684,-0.13321,-0.39913,-0.33612,-0.25487,-0.20948,-0.038959,-0.20207,-0.36696,-0.30831,-0.37531,-0.49187,-0.5316,-0.47386,-0.1828,-0.228,-0.19709,-0.22677,-0.05227,-0.13338,0.072575,0.017115,-0.43248,-0.27661,-0.34742,-0.38672,-0.4241,-0.3883,-0.23534,-0.11711,-0.37674,-0.22412,-0.39806,-0.54412,-0.15276,-0.27102,-0.007779,-0.051245,-0.14136,-0.19934,-0.17237,-0.06558,-0.15502,-0.50489,-0.66062,-0.67499,-0.61283,-0.28059,-0.19407,-0.58632,-0.33678,-0.58587,-0.62618,-0.56417,-0.53844,-0.3867,-0.35077,0.28959,0.11406,0.0083877,-0.015137,0.033223,-0.083971,0.066048,0.15581,-0.18403,-0.07093,-0.034084,-0.039668,-0.2726,-0.18193,-0.50422,-0.47662,-0.27076,-0.30827,-0.22219,-0.46704,-0.038784,-0.10635,-0.18908,-0.21257,-0.505,-0.5253,-0.51978,-0.43081,-0.17196,-0.36992
-0.034669,-0.34288,-0.34058,-0.38293,0,-0.11675,0.15159,-0.14516,-0.29212,-0.29496,-0.38024,-0.307,-0.27356,0.10688,-0.071375,-0.37145,-0.023993,-0.080699,-0.076215,-0.24557,-0.10023,-0.26122,0.018467,-0.1911,-0.094068,-0.1566,-0.10985,-0.2199,-0.017753,0.04682,-0.35146,-0.19303,-0.36975,-0.17556,-0.25411,-0.10601,-0.3466,-0.37598,-0.16922,-0.16872,0.24211,-0.097644,-0.16843,0.0036583,-0.26627,-0.2635,-0.3318,-0.40348,-0.12426,-0.14935,-0.032292,-0.37489,-0.12017,-0.26186,-0.2715,-0.050426,-0.037718,-0.39183,-0.34207,-0.21486,-0.29905,-0.3014,-0.25046,-0.25833,-0.20956,-0.25773,-0.35494,-0.158,-0.11753,-0.27641,-0.15662,-0.36445,-0.22614,-0.24527,-0.1785,-0.44499,-0.38351,-0.26505,-0.034962,-0.35318,-0.033966,-0.33772,-0.37768,-0.1807,-0.024554,-0.23513,-0.13503,-0.32056,-0.26188,-0.30814,-0.26482,0.087091,-0.12641,-0.52721,-0.36759,-0.38135,-0.28796,-0.4162,-0.10877,-0.016617,-0.13546,0.17104,0.16813,-0.23932,-0.27928
-0.068758,0.3576,-0.45022,-0.44971,-0.11675,0,-0.36256,0.26054,-0.094612,-0.048155,-0.55333,0.021698,-0.3457,-0.047739,0.20848,0.049267,0.065691,-0.25475,-0.11618,0.13701,0.27455,-0.10608,0.28614,0.20437,-0.033732,-0.19109,0.19914,-0.063619,0.11619,0.1977,-0.43882,-0.41707,-0.51787,-0.31536,-0.67512,-0.42896,-0.85401,-0.81816,-0.48035,-0.23236,0.32594,0.41467,-0.39439,0.074647,-0.30202,-0.26498,-0.65,-0.67781,0.18297,-0.43782,-0.051538,-0.35629,0.035886,0.32734,-0.19613,0.076315,-0.13143,-0.71567,-0.70792,-0.0054377,0.27952,-0.0403,0.044695,-0.23206,0.021727,-0.6579,-0.65195,-0.22264,0.079733,-0.203,-0.15098,-0.42298,-0.2823,-0.4969,-0.45905,-0.52535,-0.11882,-0.47797,-0.17542,-0.65039,-0.39629,-0.40715,-0.69633,-0.22814,-0.16342,-0.56986,-0.26189,-0.65392,-0.65802,-0.21995,-0.3436,-0.13409,0.28356,-0.27644,0.33893,-0.33778,-0.024156,-0.59825,-0.24213,0.037742,0.22822,-0.30493,0.065615,-0.051427,0.081161
-0.25602,-0.54185,-0.46732,-0.40559,0.15159,-0.36256,0,-0.12296,-0.35677,-0.45219,-0.38811,-0.46968,-0.28599,0.02226,-0.3357,-0.6158,-0.23112,-0.22755,-0.32059,-0.54788,-0.33494,-0.44608,-0.33517,-0.49122,-0.41575,-0.21229,-0.47522,-0.52967,-0.26372,-0.22154,-0.12974,0.051959,-0.2139,-0.069402,0.04857,0.13731,-0.19226,-0.16497,-0.23342,-0.33434,-0.11656,-0.42165,0.039849,-0.0026632,-0.18909,-0.17448,-0.16474,-0.25794,-0.25288,-0.25944,-0.17107,-0.32313,-0.475,-0.58819,-0.53371,-0.38229,-0.18668,-0.21304,-0.20383,-0.30047,-0.53229,-0.28416,-0.3471,-0.13295,-0.21714,-0.13831,-0.2806,-0.058591,-0.24516,-0.15923,-0.057865,-0.15843,-0.0935,-0.13232,-0.12066,-0.55843,-0.53833,-0.30995,-0.18581,-0.30918,0.015336,-0.5697,-0.42554,-0.27737,-0.20872,-0.19954,-0.11794,-0.16787,-0.10085,-0.25463,-0.16278,-0.10495,-0.40867,-0.71238,-0.57479,-0.49805,-0.4566,-0.41181,-0.23191,-0.18541,-0.39091,0.19221,-0.16407,-0.41532,-0.49224
-0.16981,0.035371,-0.42949,-0.39343,-0.14516,0.26054,-0.12296,0,-0.19275,-0.10329,-0.59953,-0.13813,-0.35763,-0.031502,-0.001797,-0.20791,-0.069777,-0.32749,-0.24957,-0.12082,-0.010261,-0.25634,0.026404,-0.053388,-0.21067,-0.12202,-0.1217,-0.2834,-0.053546,0.039615,-0.38336,-0.24193,-0.40838,-0.22619,-0.40271,-0.16484,-0.61284,-0.53389,-0.40098,-0.19449,0.16706,0.069279,-0.25209,0.18131,-0.32335,-0.27297,-0.49528,-0.4905,0.072141,-0.48209,-0.18897,-0.38911,-0.21151,-0.073716,-0.36023,-0.11067,-0.098411,-0.49939,-0.48968,-0.029629,0.040821,-0.098996,-0.12051,-0.25719,-0.036115,-0.53432,-0.58581,-0.13967,0.17043,-0.24567,-0.046399,-0.39884,-0.19893,-0.43846,-0.4137,-0.54815,-0.20901,-0.4051,-0.172,-0.51549,-0.25196,-0.49558,-0.74147,-0.20613,-0.24641,-0.45067,-0.21047,-0.50194,-0.45814,-0.25604,-0.33511,-0.14236,0.016015,-0.45997,0.0096228,-0.38515,-0.13237,-0.55063,-0.2173,-0.11674,-0.12441,-0.27512,-0.095543,-0.14234,-0.13979
-0.008218,0.11118,-0.26895,-0.065937,-0.29212,-0.094612,-0.35677,-0.19275,0,0.047967,-0.076748,-0.037455,-0.29229,-0.16424,0.027908,0.012192,-0.033504,-0.16651,-0.3203,0.075858,0.0027276,-0.13343,-0.034675,-0.017882,0.11573,-0.15154,-0.048313,-0.18482,0.01691,-0.2808,-0.41689,-0.51809,-0.37336,-0.27346,-0.42573,-0.46538,-0.4019,-0.45141,-0.28404,-0.21825,-0.17348,-0.064222,-0.35294,-0.20756,-0.26411,-0.20612,-0.27017,-0.38283,0.039071,-0.378,-0.12163,-0.38669,-0.05131,0.016664,-0.12853,0.029272,-0.14971,-0.4394,-0.51774,0.30171,0.17413,-0.14983,-0.31036,-0.34522,-0.31975,-0.36634,-0.33898,-0.19703,-0.41075,-0.12603,-0.45517,-0.30659,-0.33425,-0.29427,-0.26654,-0.22074,0.19764,-0.42429,-0.1797,-0.36797,-0.30895,-0.31161,-0.23563,-0.35284,-0.11978,-0.41924,-0.035272,-0.31162,-0.42083,-0.078996,-0.20525,-0.16749,-0.062817,-0.13786,-0.096749,-0.18266,0.058152,-0.49897,-0.31848,-0.26029,-0.14366,-0.40117,-0.21688,-0.20435,-0.20999
-0.010155,0.026726,-0.13197,-0.057245,-0.29496,-0.048155,-0.45219,-0.10329,0.047967,0,-0.14322,0.15995,-0.25779,-0.17646,0.1718,0.018239,-0.031654,-0.14122,-0.14709,0.26782,0.025561,0.10916,0.10651,0.32647,0.072311,0.21184,0.048518,0.11027,0.096432,-0.21059,-0.42791,-0.42416,-0.33154,-0.32422,-0.43507,-0.38494,-0.38554,-0.42697,-0.22925,0.028675,-0.085095,0.12918,-0.22669,-0.085218,-0.34528,-0.32,-0.34202,-0.249,-0.12532,-0.35883,-0.26084,-0.70122,-0.17902,-0.084931,-0.25455,0.054541,0.034224,-0.31914,-0.28882,-0.09875,0.22894,-0.1628,-0.25563,-0.45029,-0.23712,-0.33538,-0.33331,-0.35717,-0.23542,-0.31586,-0.34134,-0.44288,-0.39405,-0.35365,-0.33398,-0.17768,0.1806,-0.29678,-0.088039,-0.32479,-0.3343,-0.066879,-0.27049,-0.15954,-0.15245,-0.35828,-0.1879,-0.32121,-0.28266,-0.24854,-0.32122,-0.15663,0.064169,-0.28738,-0.045919,-0.13139,0.1104,-0.3075,-0.0028564,-0.30742,-0.21212,-0.48118,-0.21099,-0.21709,-0.20807
-0.14772,-0.3364,-0.055091,0.020697,-0.38024,-0.55333,-0.38811,-0.59953,-0.076748,-0.14322,0,-0.24286,-0.14698,-0.33016,-0.37899,-0.24432,-0.38068,-0.12026,-0.3429,-0.22146,-0.50294,-0.1259,-0.41255,-0.26351,-0.054465,-0.026902,-0.28372,-0.15825,-0.27532,-0.5016,-0.24677,-0.33498,-0.051637,-0.1586,-0.083467,-0.23012,0.19169,0.075589,0.051275,-0.062109,-0.56474,-0.33863,-0.22851,-0.46348,-0.15327,-0.1971,0.088794,0.090222,-0.55032,-0.12002,-0.3592,-0.47781,-0.38808,-0.44835,-0.26166,-0.2585,-0.11239,0.071064,-0.0093359,-0.32738,-0.31276,-0.59668,-0.71983,-0.60065,-0.68295,0.04078,0.012374,-0.43566,-0.70075,-0.35424,-0.49113,-0.30524,-0.33378,-0.057584,-0.049665,0.13428,-0.09031,-0.11227,-0.19858,0.098996,-0.18409,-0.15461,0.24916,-0.36913,-0.31327,-0.025345,-0.060166,0.059493,0.040224,-0.26619,-0.23273,-0.33726,-0.41877,-0.23263,-0.48274,-0.075776,-0.26572,-0.0050045,-0.13686,-0.786,-0.61899,-0.49207,-0.51943,-0.65483,-0.70159
-0.047915,0.1505,-0.48122,-0.34754,-0.307,0.021698,-0.46968,-0.13813,-0.037455,0.15995,-0.24286,0,-0.40361,-0.2758,0.10201,0.25151,-0.047973,-0.076953,-0.10222,0.33513,0.21562,0.63206,0.026427,0.40484,-0.092212,0.096386,0.24996,0.31066,0.064275,-0.26985,-0.3001,-0.49846,-0.42868,-0.46519,-0.5117,-0.57101,-0.60704,-0.61336,-0.54385,-0.23835,-0.086096,0.15556,-0.15909,-0.096649,-0.033065,-0.052627,-0.36322,-0.30817,-0.19939,-0.50864,-0.17539,-0.46852,-0.26582,-0.054312,-0.39474,-0.091931,-0.023518,-0.36973,-0.35672,-0.23112,0.1682,-0.060242,-0.040323,-0.18751,-0.045006,-0.28531,-0.21775,-0.25293,-0.3188,-0.0045304,-0.22646,-0.12847,-0.12355,-0.14013,-0.097515,-0.42505,0.084463,-0.57423,-0.22203,-0.58901,-0.53277,-0.30958,-0.42591,-0.29716,-0.13632,-0.59614,-0.22139,-0.30019,-0.34488,0.052551,-0.0056133,-0.23534,0.12627,-0.30514,0.1583,-0.28138,0.019919,-0.3474,-0.030455,-0.2076,-0.02785,-0.50217,-0.19176,-0.35074,-0.16691
-0.43769,-0.40821,-0.091176,-0.18142,-0.27356,-0.3457,-0.28599,-0.35763,-0.29229,-0.25779,-0.14698,-0.40361,0,0.1252,-0.28447,-0.38166,-0.1732,-0.22504,-0.063631,-0.28459,-0.37578,-0.35948,-0.28761,-0.34392,-0.25739,-0.29594,-0.44355,-0.41017,-0.37234,-0.18462,-0.17136,-0.020094,0.32254,0.31002,-0.10034,-0.060657,-0.14081,-0.16291,-0.17147,-0.23536,-0.31159,-0.34444,-0.20762,-0.25437,-0.3411,-0.20522,-0.49728,-0.38569,-0.33759,0.28221,0.063344,-0.54524,-0.40647,-0.40763,-0.32511,-0.21659,-0.2713,-0.36511,-0.32173,-0.40537,-0.36157,-0.33885,-0.38631,-0.41941,-0.24242,-0.49466,-0.50929,-0.27398,-0.29518,-0.34105,-0.12617,-0.39326,-0.31669,-0.51414,-0.50342,-0.26776,-0.40255,0.20105,0.15817,0.045287,0.060049,-0.015037,-0.025491,0.25455,-0.12049,0.11369,0.0050572,-0.50634,-0.36219,-0.57612,-0.48878,-0.19761,-0.34274,-0.2081,-0.38032,0.0076736,-0.18095,-0.29482,-0.371,-0.37373,-0.30334,-0.2218,-0.29594,-0.49793,-0.58879
-0.1992,-0.2636,-0.30635,-0.29562,0.10688,-0.047739,0.02226,-0.031502,-0.16424,-0.17646,-0.33016,-0.2758,0.1252,0,-0.064597,-0.3348,0.1147,-0.089859,0.019825,-0.16995,-0.087436,-0.28883,0.026586,-0.16522,-0.13814,-0.14861,-0.21738,-0.31399,-0.098077,0.048564,-0.25243,-0.067225,-0.093646,0.19847,-0.22012,-0.050917,-0.35593,-0.36679,-0.22513,-0.17907,0.11582,-0.099254,-0.11924,0.094665,-0.28138,-0.18242,-0.52686,-0.53199,-0.092599,0.011765,0.30007,-0.60275,-0.24733,-0.26577,-0.36442,-0.068688,-0.12716,-0.49088,-0.42695,-0.20766,-0.21669,-0.18968,-0.21533,-0.22556,-0.053364,-0.49269,-0.61715,-0.15647,-0.13361,-0.21018,-0.04692,-0.38246,-0.27444,-0.44964,-0.41545,-0.48608,-0.34116,-0.082209,0.28719,-0.26081,0.15944,-0.27617,-0.3387,0.12731,0.079142,-0.10645,0.12319,-0.535,-0.37787,-0.40661,-0.37663,0.0061342,-0.13446,-0.44284,-0.28171,-0.23296,-0.11924,-0.51937,-0.22334,-0.062091,-0.1139,0.0036993,-0.055957,-0.33733,-0.40577
-0.018368,0.13911,-0.34121,-0.30955,-0.071375,0.20848,-0.3357,-0.001797,0.027908,0.1718,-0.37899,0.10201,-0.28447,-0.064597,0,0.17182,0.206,-0.19723,-0.10701,0.19961,0.44318,-0.0031139,0.34479,0.21717,0.020287,-0.093008,0.2297,-0.0012585,0.22222,-0.043425,-0.44288,-0.43458,-0.42751,-0.33315,-0.57319,-0.46008,-0.65143,-0.712,-0.418,-0.21306,0.21,0.21004,-0.32847,-0.0118,-0.36608,-0.29249,-0.54569,-0.58184,0.048342,-0.3911,-0.06493,-0.53715,-0.062232,0.082069,-0.24729,0.16072,-0.057333,-0.66592,-0.62358,-0.0019491,0.21862,0.070087,-0.019983,-0.26099,-0.066329,-0.53946,-0.54324,-0.15698,-0.14707,-0.11949,-0.22583,-0.40723,-0.3438,-0.48213,-0.41,-0.44866,-0.05392,-0.46007,-0.093002,-0.53403,-0.39722,-0.22977,-0.46787,-0.15397,-0.075419,-0.5448,-0.23158,-0.53356,-0.57432,-0.22605,-0.30725,-0.0024232,0.25512,-0.26301,0.059721,-0.29761,-0.015043,-0.62834,-0.26042,-0.038421,0.14202,-0.32329,0.073499,-0.14151,-0.033867
-0.056285,0.28104,-0.44604,-0.41137,-0.37145,0.049267,-0.6158,-0.20791,0.012192,0.018239,-0.24432,0.25151,-0.38166,-0.3348,0.17182,0,-0.10629,-0.25665,-0.26583,0.20392,0.11227,0.16749,-0.030706,0.16665,-0.076291,-0.13565,0.2708,0.13241,0.040042,-0.20398,-0.38643,-0.54842,-0.47111,-0.49198,-0.65931,-0.70384,-0.61198,-0.64575,-0.52601,-0.30328,-0.14717,0.083836,-0.43073,-0.24746,-0.21836,-0.20078,-0.43561,-0.48027,-0.12712,-0.46336,-0.18406,-0.3801,-0.14014,0.083994,-0.24843,-0.059937,-0.18042,-0.54376,-0.57642,-0.16596,0.14684,-0.062425,-0.073915,-0.26806,-0.17477,-0.44213,-0.38917,-0.19052,-0.35505,-0.070005,-0.29977,-0.28289,-0.27036,-0.33655,-0.28438,-0.38492,-0.041435,-0.56624,-0.33301,-0.53444,-0.59758,-0.32688,-0.41462,-0.36912,-0.27851,-0.61097,-0.32159,-0.41807,-0.56489,-0.083064,-0.2115,-0.21198,0.1318,-0.063923,0.22666,-0.19644,0.0015277,-0.41716,-0.27133,-0.26833,0.0073751,-0.58398,-0.17178,-0.30507,-0.13914
-0.14582,-0.078867,-0.28546,-0.21772,-0.023993,0.065691,-0.23112,-0.069777,-0.033504,-0.031654,-0.38068,-0.047973,-0.1732,0.1147,0.206,-0.10629,0,0.087518,0.25689,0.14075,0.28725,-0.091077,0.25453,0.064936,-0.071217,-0.13619,0.016354,-0.1348,-0.084375,-0.15573,-0.35641,-0.3301,-0.28957,-0.17224,-0.35986,-0.29805,-0.54319,-0.59869,-0.37356,-0.19157,0.075612,0.071129,-0.15773,0.1202,-0.24556,-0.14645,-0.57423,-0.53766,-0.077866,-0.35066,-0.033305,-0.66375,-0.071111,-0.024642,-0.22225,0.1747,-0.021107,-0.59821,-0.50546,-0.089561,0.0060757,-0.049595,-0.13716,-0.10103,0.040856,-0.50357,-0.50761,-0.17512,-0.17137,-0.12513,-0.15234,-0.35243,-0.24176,-0.45643,-0.3789,-0.42065,-0.081641,-0.31585,0.12141,-0.44961,-0.15358,-0.22882,-0.37047,-0.038444,0.27262,-0.31594,0.10382,-0.5643,-0.46176,-0.35622,-0.33101,0.040387,0.17475,-0.37794,-0.15866,-0.29442,-0.052035,-0.57056,-0.24779,0.033434,0.14103,-0.16671,0.13203,-0.14528,-0.15714
-0.054933,-0.2642,-0.17423,-0.05656,-0.080699,-0.25475,-0.22755,-0.32749,-0.16651,-0.14122,-0.12026,-0.076953,-0.22504,-0.089859,-0.19723,-0.25665,0.087518,0,0.17439,0.062659,-0.10334,0.030144,-0.094179,0.0031725,-0.073921,-0.017384,-0.10941,-0.012947,-0.21733,-0.33547,-0.32651,-0.35898,-0.25647,-0.22767,-0.2028,-0.25041,-0.2663,-0.32371,-0.1741,-0.070719,-0.17427,-0.07299,-0.081027,-0.084029,-0.029875,-0.02315,-0.28961,-0.2154,-0.37096,-0.27995,-0.16212,-0.56798,-0.16335,-0.2331,-0.19596,0.057602,0.118,-0.27588,-0.20875,-0.28166,-0.20045,-0.33568,-0.32825,-0.22052,-0.20006,-0.17005,-0.12227,-0.41396,-0.3194,-0.21361,-0.25258,-0.28021,-0.1884,-0.14259,-0.053376,-0.18808,-0.022962,-0.18888,0.13738,-0.23589,-0.055758,-0.16315,-0.08887,-0.11033,0.30194,-0.10767,0.20828,-0.26581,-0.1539,-0.28812,-0.17724,-0.0864,-0.066868,-0.38216,-0.34158,-0.15959,-0.080008,-0.18814,0.082069,-0.25269,-0.19899,-0.28671,-0.15922,-0.31322,-0.38327
-0.30218,-0.28533,-0.18382,-0.20684,-0.076215,-0.11618,-0.32059,-0.24957,-0.3203,-0.14709,-0.3429,-0.10222,-0.063631,0.019825,-0.10701,-0.26583,0.25689,0.17439,0,0.04003,-0.027317,-0.062683,0.054312,0.0083936,-0.16278,-0.14571,-0.097018,-0.08376,-0.26426,-0.184,-0.29431,-0.27,-0.16963,-0.16542,-0.28115,-0.24913,-0.4231,-0.4676,-0.32647,-0.15358,-0.081296,-0.028429,-0.10056,-0.05025,-0.19493,-0.13482,-0.61146,-0.40496,-0.31596,-0.18289,-0.065995,-0.65463,-0.17363,-0.17418,-0.24271,0.0001756,-0.069045,-0.44029,-0.30521,-0.36819,-0.17117,-0.27957,-0.22929,-0.20594,-0.032158,-0.44054,-0.38656,-0.33089,-0.13766,-0.30489,-0.15249,-0.35031,-0.22427,-0.40638,-0.33628,-0.33654,-0.1985,-0.12171,0.19126,-0.32871,-0.095326,-0.075759,-0.23785,0.07601,0.25317,-0.1553,0.045129,-0.5504,-0.3441,-0.50139,-0.38821,-0.058187,0.021236,-0.38916,-0.23664,-0.18676,-0.090813,-0.30925,-0.12153,-0.084146,-0.032222,-0.17717,0.012462,-0.24059,-0.2618
0.0038339,0.23836,-0.2154,-0.13321,-0.24557,0.13701,-0.54788,-0.12082,0.075858,0.26782,-0.22146,0.33513,-0.28459,-0.16995,0.19961,0.20392,0.14075,0.062659,0.04003,0,0.24639,0.24495,0.26208,0.73608,0.16548,0.0062571,0.33548,0.23858,0.032936,-0.17241,-0.50538,-0.58367,-0.43768,-0.39469,-0.58201,-0.52884,-0.58629,-0.64889,-0.35255,-0.076672,-0.0026106,0.3761,-0.33197,-0.10827,-0.22378,-0.18629,-0.48323,-0.40428,-0.093939,-0.38934,-0.12843,-0.54582,0.036021,0.21546,-0.10806,0.30768,0.056455,-0.50138,-0.45949,-0.059908,0.43428,-0.16729,-0.15599,-0.35468,-0.14115,-0.44077,-0.35481,-0.36793,-0.20969,-0.22845,-0.33145,-0.4065,-0.30502,-0.35544,-0.28542,-0.23057,0.29574,-0.35101,-0.021218,-0.42927,-0.36422,-0.11526,-0.28479,-0.15203,0.036899,-0.41435,-0.089976,-0.46063,-0.45355,-0.20602,-0.26703,-0.09981,0.37645,-0.14899,0.15463,-0.099213,0.23888,-0.36284,-0.043332,-0.1738,0.036238,-0.51303,-0.081518,-0.14421,-0.10223
-0.05601,0.15987,-0.49776,-0.39913,-0.10023,0.27455,-0.33494,-0.010261,0.0027276,0.025561,-0.50294,0.21562,-0.37578,-0.087436,0.44318,0.11227,0.28725,-0.10334,-0.027317,0.24639,0,0.048354,0.34221,0.23757,-0.080617,-0.16293,0.23336,0.0053382,0.13701,-0.091896,-0.40305,-0.48064,-0.53532,-0.40507,-0.63925,-0.56363,-0.89229,-0.9458,-0.59065,-0.33009,0.22869,0.19141,-0.27688,0.039,-0.24273,-0.17988,-0.60417,-0.64882,0.083075,-0.49664,-0.015909,-0.4505,-0.050443,0.13857,-0.29293,0.08513,-0.12281,-0.73406,-0.67942,-0.038146,0.18396,0.183,0.1714,-0.050484,0.15594,-0.53793,-0.50134,-0.15586,-0.16245,0.017302,-0.18634,-0.26699,-0.24148,-0.39758,-0.3416,-0.58471,-0.047868,-0.5885,-0.13118,-0.74517,-0.44827,-0.32802,-0.57408,-0.18193,0.028921,-0.65599,-0.20658,-0.56832,-0.61364,-0.10646,-0.17604,-0.057543,0.31095,-0.29654,0.14191,-0.37707,0.00031608,-0.66935,-0.24604,0.16669,0.44494,-0.26914,0.091451,-0.093248,0.066827
-0.0031783,0.0014633,-0.41151,-0.33612,-0.26122,-0.10608,-0.44608,-0.25634,-0.13343,0.10916,-0.1259,0.63206,-0.35948,-0.28883,-0.0031139,0.16749,-0.091077,0.030144,-0.062683,0.24495,0.048354,0,-0.064433,0.31289,-0.080512,0.22141,0.19614,0.50639,0.017694,-0.28941,-0.24679,-0.42085,-0.3549,-0.42966,-0.39279,-0.47774,-0.43491,-0.45375,-0.4119,-0.15336,-0.15062,0.096825,-0.091902,-0.11915,0.026234,-0.02528,-0.25197,-0.17937,-0.3143,-0.42515,-0.2274,-0.49657,-0.2993,-0.15882,-0.37496,-0.088255,0.098639,-0.24021,-0.22093,-0.35921,0.0013697,-0.1873,-0.15426,-0.22217,-0.1211,-0.14428,-0.095911,-0.2861,-0.36759,-0.061641,-0.19247,-0.12874,-0.079066,-0.035933,0.021294,-0.33311,0.019269,-0.46989,-0.20554,-0.43939,-0.44822,-0.2467,-0.29583,-0.28207,-0.14441,-0.43276,-0.1823,-0.18001,-0.20411,-0.012315,-0.0060172,-0.21439,0.051286,-0.33048,-0.0084697,-0.21767,-0.03783,-0.18221,0.12565,-0.31433,-0.13086,-0.46064,-0.19154,-0.4547,-0.29966
-0.0030495,0.069162,-0.25496,-0.25487,0.018467,0.28614,-0.33517,0.026404,-0.034675,0.10651,-0.41255,0.026427,-0.28761,0.026586,0.34479,-0.030706,0.25453,-0.094179,0.054312,0.26208,0.34221,-0.064433,0,0.29521,0.17509,-0.076379,0.32319,0.013328,0.17625,0.066557,-0.58286,-0.48815,-0.50598,-0.31316,-0.63028,-0.42265,-0.65176,-0.71126,-0.30595,-0.066394,0.34847,0.36679,-0.38031,-0.036068,-0.40835,-0.36327,-0.60841,-0.60836,0.061249,-0.28792,-0.033885,-0.58532,0.12421,0.15089,-0.18065,0.25284,-0.058181,-0.64395,-0.56332,0.017097,0.2172,-0.1408,-0.10396,-0.33382,-0.10379,-0.55678,-0.57648,-0.2505,-0.052264,-0.31238,-0.29783,-0.55806,-0.41661,-0.50602,-0.43187,-0.36999,-0.026591,-0.30489,0.043771,-0.4854,-0.24085,-0.17071,-0.44197,-0.073903,0.033756,-0.41256,-0.12994,-0.58896,-0.53918,-0.3198,-0.39747,0.044537,0.31751,-0.29927,0.016325,-0.2539,0.049911,-0.5478,-0.14285,0.02034,0.13319,-0.2586,0.088958,-0.049501,-0.047605
0.044186,0.22887,-0.27549,-0.20948,-0.1911,0.20437,-0.49122,-0.053388,-0.017882,0.32647,-0.26351,0.40484,-0.34392,-0.16522,0.21717,0.16665,0.064936,0.0031725,0.0083936,0.73608,0.23757,0.31289,0.29521,0,0.16114,0.098657,0.43083,0.40209,0.12958,-0.10547,-0.49361,-0.5592,-0.48403,-0.42784,-0.60326,-0.50759,-0.59794,-0.63914,-0.34232,-0.027013,0.094682,0.5898,-0.29706,-0.059024,-0.23177,-0.23897,-0.45391,-0.37947,-0.10003,-0.4015,-0.14946,-0.54799,-0.0080482,0.16805,-0.15998,0.21654,0.098387,-0.45601,-0.40797,-0.11427,0.42293,-0.17625,-0.12613,-0.3521,-0.13871,-0.40124,-0.34998,-0.38658,-0.1393,-0.25058,-0.31065,-0.40691,-0.3119,-0.32083,-0.26215,-0.27613,0.21589,-0.38877,-0.078914,-0.4731,-0.38169,-0.1615,-0.36493,-0.1922,-0.036776,-0.45293,-0.18021,-0.41855,-0.39632,-0.18188,-0.25609,-0.13374,0.32606,-0.26492,0.17384,-0.18006,0.16268,-0.35367,0.065475,-0.15531,-0.005666,-0.4746,-0.074026,-0.15837,-0.082449
0.13661,0.053083,-0.059592,-0.038959,-0.094068,-0.033732,-0.41575,-0.21067,0.11573,0.072311,-0.054465,-0.092212,-0.25739,-0.13814,0.020287,-0.076291,-0.071217,-0.073921,-0.16278,0.16548,-0.080617,-0.080512,0.17509,0.16114,0,-0.039486,0.19269,0.060956,0.086371,-0.091358,-0.66787,-0.60193,-0.43503,-0.2883,-0.49947,-0.37216,-0.32419,-0.38373,0.026966,0.19303,-0.012181,0.23264,-0.47532,-0.26489,-0.40056,-0.41321,-0.27206,-0.33184,-0.098545,-0.16611,-0.17009,-0.46653,0.1924,0.094366,0.07587,0.34713,0.084849,-0.36783,-0.38052,0.062448,0.17758,-0.42985,-0.41705,-0.62529,-0.47388,-0.32629,-0.33398,-0.41334,-0.2364,-0.44937,-0.50796,-0.62693,-0.47051,-0.3387,-0.27871,0.0054435,0.19696,-0.18204,-0.039106,-0.1756,-0.16895,-0.05042,-0.10974,-0.21528,-0.09707,-0.22122,-0.085791,-0.29719,-0.32745,-0.27997,-0.37297,-0.1322,-0.018929,-0.20379,-0.15192,-0.11748,-0.0046533,-0.32762,-0.063672,-0.31486,-0.19954,-0.39158,-0.13838,-0.1891,-0.25256
0.068173,-0.16274,-0.24166,-0.20207,-0.1566,-0.19109,-0.21229,-0.12202,-0.15154,0.21184,-0.026902,0.096386,-0.29594,-0.14861,-0.093008,-0.13565,-0.13619,-0.017384,-0.14571,0.0062571,-0.16293,0.22141,-0.076379,0.098657,-0.039486,0,-0.020252,0.13142,0.044046,-0.22471,-0.24115,-0.2204,-0.23206,-0.226,-0.17128,-0.1475,-0.17743,-0.18596,-0.12285,0.12858,-0.14401,0.013146,0.024361,-0.0039509,-0.096479,-0.14459,-0.096128,-0.007896,-0.31566,-0.3218,-0.31901,-0.66884,-0.36896,-0.34209,-0.44017,-0.12739,0.25174,-0.028517,-0.0097749,-0.3088,-0.10985,-0.3337,-0.37824,-0.37886,-0.26576,-0.016295,-0.10796,-0.26008,-0.29483,-0.26461,-0.16254,-0.29042,-0.14938,-0.039615,-0.0077146,-0.21892,-0.056367,-0.2569,-0.099646,-0.22614,-0.18235,-0.24986,-0.25678,-0.23095,-0.21482,-0.19586,-0.051128,-0.042618,0.043051,-0.17227,-0.15625,-0.13425,-0.082853,-0.50763,-0.24028,-0.1937,-0.10615,-0.082437,0.33776,-0.46553,-0.38113,-0.34976,-0.24712,-0.50031,-0.48895
0.092078,0.22324,-0.38621,-0.36696,-0.10985,0.19914,-0.47522,-0.1217,-0.048313,0.048518,-0.28372,0.24996,-0.44355,-0.21738,0.2297,0.2708,0.016354,-0.10941,-0.097018,0.33548,0.23336,0.19614,0.32319,0.43083,0.19269,-0.020252,0,0.34871,0.18464,-0.084105,-0.56147,-0.64397,-0.60749,-0.4882,-0.71191,-0.58479,-0.63083,-0.68073,-0.3566,-0.093067,0.10886,0.46091,-0.41998,-0.17832,-0.26541,-0.30463,-0.41614,-0.46708,-0.12064,-0.39414,-0.16389,-0.47033,0.044186,0.16836,-0.18514,0.13124,-0.0012175,-0.50466,-0.48161,-0.12324,0.22316,-0.21694,-0.12883,-0.33651,-0.2124,-0.3798,-0.38488,-0.30374,-0.23676,-0.2269,-0.35657,-0.42986,-0.33689,-0.30702,-0.23497,-0.32827,0.041763,-0.46982,-0.19001,-0.52035,-0.43023,-0.26447,-0.42053,-0.30551,-0.13677,-0.52367,-0.24652,-0.39037,-0.45118,-0.13928,-0.24022,-0.12948,0.23711,-0.26604,0.10188,-0.30023,-0.047523,-0.43395,-0.072165,-0.14746,0.03862,-0.43327,-0.047406,-0.22757,-0.10806
0.097053,0.015517,-0.32621,-0.30831,-0.2199,-0.063619,-0.52967,-0.2834,-0.18482,0.11027,-0.15825,0.31066,-0.41017,-0.31399,-0.0012585,0.13241,-0.1348,-0.012947,-0.08376,0.23858,0.0053382,0.50639,0.013328,0.40209,0.060956,0.13142,0.34871,0,0.083403,-0.20952,-0.42877,-0.5598,-0.47426,-0.49104,-0.5369,-0.54433,-0.43258,-0.46024,-0.28153,-0.0040739,-0.086289,0.25439,-0.26858,-0.19833,-0.16816,-0.25619,-0.28341,-0.24433,-0.31146,-0.36021,-0.26882,-0.51313,-0.14634,-0.067716,-0.2281,-0.0042495,0.079481,-0.28491,-0.25211,-0.33855,0.029442,-0.27049,-0.17299,-0.33357,-0.24451,-0.19709,-0.17398,-0.43674,-0.28978,-0.25685,-0.32905,-0.33684,-0.29345,-0.15779,-0.10948,-0.22061,0.046194,-0.40663,-0.21905,-0.39494,-0.42173,-0.14792,-0.27888,-0.28621,-0.15319,-0.40551,-0.28381,-0.2265,-0.23903,-0.12281,-0.16567,-0.27773,0.010144,-0.34537,-0.043437,-0.24055,-0.071714,-0.19051,0.16797,-0.30167,-0.15107,-0.49207,-0.20831,-0.34896,-0.22677
0.38213,0.10898,-0.38881,-0.37531,-0.017753,0.11619,-0.26372,-0.053546,0.01691,0.096432,-0.27532,0.064275,-0.37234,-0.098077,0.22222,0.040042,-0.084375,-0.21733,-0.26426,0.032936,0.13701,0.017694,0.17625,0.12958,0.086371,0.044046,0.18464,0.083403,0,0.11774,-0.3576,-0.36867,-0.45774,-0.28012,-0.51498,-0.41614,-0.48133,-0.48699,-0.28119,-0.11177,0.17994,0.18702,-0.2862,0.00049167,-0.24555,-0.25684,-0.34143,-0.4453,0.085557,-0.32097,-0.093617,-0.39714,-0.096555,-0.048026,-0.31213,-0.020838,-0.075858,-0.44285,-0.4949,-0.018531,0.050795,-0.02487,-0.023753,-0.28205,-0.14993,-0.32223,-0.36332,-0.14785,-0.15594,-0.16002,-0.20633,-0.3496,-0.30135,-0.25243,-0.23006,-0.40315,-0.11634,-0.46202,-0.18561,-0.48852,-0.35388,-0.32401,-0.48293,-0.26826,-0.20009,-0.49217,-0.25945,-0.32212,-0.39748,-0.028178,-0.16391,-0.13588,0.019006,-0.34512,-0.0097398,-0.30198,-0.062759,-0.40351,-0.10236,-0.18356,-0.016295,-0.26317,-0.086775,-0.24603,-0.12165
-0.062226,-0.072206,-0.3229,-0.49187,0.04682,0.1977,-0.22154,0.039615,-0.2808,-0.21059,-0.5016,-0.26985,-0.18462,0.048564,-0.043425,-0.20398,-0.15573,-0.33547,-0.184,-0.17241,-0.091896,-0.28941,0.066557,-0.10547,-0.091358,-0.22471,-0.084105,-0.20952,0.11774,0,-0.33304,-0.15745,-0.35873,-0.13541,-0.47464,-0.23674,-0.50779,-0.48364,-0.27206,-0.18768,0.24345,0.048067,-0.39137,-0.0082414,-0.37885,-0.33,-0.5934,-0.627,0.16025,-0.13402,0.012467,-0.26739,-0.034499,-0.034124,-0.22451,-0.072703,-0.22784,-0.58537,-0.60152,-0.1403,-0.12242,-0.18841,-0.079563,-0.34591,-0.1027,-0.57643,-0.62114,-0.13109,0.19557,-0.36758,-0.054353,-0.50053,-0.30585,-0.49167,-0.47005,-0.47965,-0.40658,-0.2334,-0.13772,-0.40414,-0.19888,-0.32833,-0.54505,-0.11721,-0.26494,-0.31503,-0.28519,-0.59219,-0.56265,-0.35974,-0.45439,-0.045275,-0.0048114,-0.2556,-0.0075975,-0.18534,-0.094758,-0.37739,-0.22541,-0.11372,0.0063098,-0.087143,0.066394,-0.14507,-0.12913
-0.43082,-0.45732,-0.53389,-0.5316,-0.35146,-0.43882,-0.12974,-0.38336,-0.41689,-0.42791,-0.24677,-0.3001,-0.17136,-0.25243,-0.44288,-0.38643,-0.35641,-0.32651,-0.29431,-0.50538,-0.40305,-0.24679,-0.58286,-0.49361,-0.66787,-0.24115,-0.56147,-0.42877,-0.3576,-0.33304,0,0.27876,0.093992,-0.060078,0.09254,-0.11657,-0.18161,-0.14679,-0.51239,-0.58252,-0.48295,-0.54421,0.19047,-0.11443,0.12863,0.17582,-0.23357,-0.17166,-0.40633,-0.3476,-0.26489,-0.24924,-0.78332,-0.62576,-0.7059,-0.64537,-0.38912,-0.14202,-0.19991,-0.56627,-0.57426,-0.16509,-0.24015,0.010589,-0.068038,-0.15463,-0.16164,-0.053616,-0.41854,0.02998,0.12321,0.24417,0.12182,-0.070426,-0.13118,-0.5874,-0.60798,-0.41278,-0.3929,-0.38622,-0.35986,-0.58377,-0.40343,-0.37379,-0.42661,-0.3007,-0.24327,-0.19967,-0.16318,-0.20231,-0.093178,-0.33629,-0.42533,-0.42698,-0.36551,-0.35184,-0.43362,-0.16443,-0.36208,-0.404,-0.32644,-0.10751,-0.31109,-0.64651,-0.47912
-0.42649,-0.5737,-0.35076,-0.47386,-0.19303,-0.41707,0.051959,-0.24193,-0.51809,-0.42416,-0.33498,-0.49846,-0.020094,-0.067225,-0.43458,-0.54842,-0.3301,-0.35898,-0.27,-0.58367,-0.48064,-0.42085,-0.48815,-0.5592,-0.60193,-0.2204,-0.64397,-0.5598,-0.36867,-0.15745,0.27876,0,0.15636,0.13179,0.20571,0.21662,-0.090398,-0.04301,-0.30024,-0.39838,-0.34668,-0.53582,0.096064,-0.039106,-0.15561,-0.069297,-0.29393,-0.21671,-0.32134,-0.16226,-0.23398,-0.33854,-0.66745,-0.67919,-0.62844,-0.52648,-0.32236,-0.16569,-0.17622,-0.53388,-0.63651,-0.26863,-0.33853,-0.17308,-0.1155,-0.24018,-0.32427,-0.0066259,-0.22716,-0.22563,0.25751,-0.13102,-0.0079136,-0.24966,-0.28531,-0.52657,-0.75827,-0.15374,-0.23215,-0.19958,-0.092165,-0.44629,-0.37281,-0.16026,-0.40289,-0.066985,-0.1796,-0.27777,-0.16298,-0.42789,-0.32136,-0.16485,-0.41105,-0.45627,-0.46652,-0.24379,-0.4058,-0.15231,-0.30958,-0.39797,-0.39668,0.056302,-0.22326,-0.54808,-0.57821
-0.47194,-0.51979,-0.13748,-0.1828,-0.36975,-0.51787,-0.2139,-0.40838,-0.37336,-0.33154,-0.051637,-0.42868,0.32254,-0.093646,-0.42751,-0.47111,-0.28957,-0.25647,-0.16963,-0.43768,-0.53532,-0.3549,-0.50598,-0.48403,-0.43503,-0.23206,-0.60749,-0.47426,-0.45774,-0.35873,0.093992,0.15636,0,0.3483,0.23921,0.096111,0.071796,0.08098,-0.1855,-0.27922,-0.52565,-0.49759,0.005145,-0.23226,-0.15771,-0.059832,-0.2943,-0.15323,-0.52055,-0.0040622,-0.20558,-0.50305,-0.66963,-0.64066,-0.48193,-0.42711,-0.27717,-0.12497,-0.12314,-0.50303,-0.51508,-0.36007,-0.47883,-0.34712,-0.29519,-0.27529,-0.27995,-0.23697,-0.37804,-0.27961,-0.052673,-0.2063,-0.16243,-0.31237,-0.32561,-0.25321,-0.46169,0.040668,-0.051632,0.050765,-0.031736,-0.19354,-0.058176,-0.043519,-0.25848,0.096626,-0.016395,-0.29221,-0.15151,-0.49515,-0.35949,-0.33292,-0.5001,-0.36576,-0.52671,-0.13557,-0.36344,-0.1454,-0.38005,-0.58082,-0.48893,-0.2613,-0.43207,-0.68333,-0.70981
-0.29177,-0.3942,-0.184,-0.228,-0.17556,-0.31536,-0.069402,-0.22619,-0.27346,-0.32422,-0.1586,-0.46519,0.31002,0.19847,-0.33315,-0.49198,-0.17224,-0.22767,-0.16542,-0.39469,-0.40507,-0.42966,-0.31316,-0.42784,-0.2883,-0.226,-0.4882,-0.49104,-0.28012,-0.13541,-0.060078,0.13179,0.3483,0,0.068951,0.19278,-0.057303,-0.033668,-0.10453,-0.19152,-0.28643,-0.34687,-0.077444,-0.071989,-0.20331,-0.10627,-0.34914,-0.31961,-0.30735,0.066224,-0.049577,-0.50402,-0.46926,-0.49039,-0.43333,-0.2955,-0.23085,-0.2554,-0.27335,-0.3223,-0.42848,-0.3005,-0.37807,-0.32228,-0.22709,-0.35452,-0.43548,-0.20446,-0.26053,-0.281,-0.0014516,-0.32553,-0.21939,-0.37096,-0.38574,-0.31401,-0.44614,0.052334,0.098821,-0.015183,0.14791,-0.26064,-0.19627,0.036378,-0.1659,0.095168,0.10164,-0.37463,-0.23873,-0.44405,-0.36493,-0.26426,-0.4241,-0.42475,-0.47668,-0.21498,-0.34327,-0.30235,-0.36278,-0.41364,-0.35202,-0.12833,-0.33106,-0.54651,-0.60767
-0.40029,-0.68775,-0.2022,-0.19709,-0.25411,-0.67512,0.04857,-0.40271,-0.42573,-0.43507,-0.083467,-0.5117,-0.10034,-0.22012,-0.57319,-0.65931,-0.35986,-0.2028,-0.28115,-0.58201,-0.63925,-0.39279,-0.63028,-0.60326,-0.49947,-0.17128,-0.71191,-0.5369,-0.51498,-0.47464,0.09254,0.20571,0.23921,0.068951,0,0.34795,0.2511,0.30042,-0.10879,-0.25547,-0.54494,-0.6132,0.2063,-0.17967,-0.067078,-0.039106,0.0049811,0.12892,-0.54644,-0.20022,-0.40568,-0.37672,-0.69921,-0.82782,-0.49043,-0.49033,-0.17411,0.15791,0.1344,-0.49987,-0.66646,-0.46894,-0.62041,-0.28683,-0.37468,0.046159,-0.013182,-0.18091,-0.41256,-0.28401,-0.069074,-0.092558,0.011227,-0.039591,-0.056461,-0.23802,-0.48034,-0.10769,-0.21129,0.020182,0.011589,-0.34674,-0.094173,-0.2639,-0.30442,0.10029,-0.029799,0.012274,0.17478,-0.37589,-0.20661,-0.29946,-0.58187,-0.55477,-0.75489,-0.27198,-0.49297,-0.03008,-0.24341,-0.58843,-0.65706,-0.10631,-0.38289,-0.63305,-0.76622
-0.33945,-0.55669,-0.15062,-0.22677,-0.10601,-0.42896,0.13731,-0.16484,-0.46538,-0.38494,-0.23012,-0.57101,-0.060657,-0.050917,-0.46008,-0.70384,-0.29805,-0.25041,-0.24913,-0.52884,-0.56363,-0.47774,-0.42265,-0.50759,-0.37216,-0.1475,-0.58479,-0.54433,-0.41614,-0.23674,-0.11657,0.21662,0.096111,0.19278,0.34795,0,0.073365,0.12991,0.0065849,-0.10903,-0.31301,-0.4201,0.019538,-0.058281,-0.23,-0.19639,-0.135,-0.053926,-0.40411,-0.13431,-0.34831,-0.42695,-0.52556,-0.62859,-0.42831,-0.34831,-0.089537,-0.0091955,-8.1946e-05,-0.40375,-0.53303,-0.50257,-0.57839,-0.40557,-0.35323,-0.1345,-0.24897,-0.23251,-0.19162,-0.42594,-0.012385,-0.33715,-0.1158,-0.22392,-0.23077,-0.25411,-0.48958,0.0091838,-0.091387,0.035248,0.15492,-0.32479,-0.22523,-0.14411,-0.30568,0.1541,-0.037835,-0.15227,0.030847,-0.4866,-0.35696,-0.2198,-0.46307,-0.595,-0.63194,-0.29614,-0.48147,-0.14979,-0.19446,-0.48555,-0.57529,-0.057971,-0.28159,-0.49377,-0.66302
-0.30961,-0.70391,0.01451,-0.05227,-0.3466,-0.85401,-0.19226,-0.61284,-0.4019,-0.38554,0.19169,-0.60704,-0.14081,-0.35593,-0.65143,-0.61198,-0.54319,-0.2663,-0.4231,-0.58629,-0.89229,-0.43491,-0.65176,-0.59794,-0.32419,-0.17743,-0.63083,-0.43258,-0.48133,-0.50779,-0.18161,-0.090398,0.071796,-0.057303,0.2511,0.073365,0,0.87392,0.23723,-0.072428,-0.68412,-0.60488,-0.16171,-0.45735,-0.28305,-0.32419,0.13924,0.19542,-0.66956,-0.052662,-0.52243,-0.42129,-0.54362,-0.7899,-0.33413,-0.46337,-0.23157,0.27742,0.20561,-0.49019,-0.66653,-0.71769,-0.89108,-0.57601,-0.74583,0.10137,0.0011824,-0.39639,-0.53013,-0.54058,-0.37793,-0.35836,-0.32988,-0.11828,-0.14037,0.0959,-0.40116,0.060897,-0.26585,0.3744,0.0084521,-0.17576,0.17609,-0.3255,-0.41864,0.2653,-0.15727,0.10686,0.22593,-0.46895,-0.36691,-0.39492,-0.71573,-0.42256,-0.90048,-0.1653,-0.49424,0.12837,-0.20843,-0.89857,-0.96828,-0.30178,-0.58064,-0.64523,-0.88519
-0.31877,-0.68699,-0.070497,-0.13338,-0.37598,-0.81816,-0.16497,-0.53389,-0.45141,-0.42697,0.075589,-0.61336,-0.16291,-0.36679,-0.712,-0.64575,-0.59869,-0.32371,-0.4676,-0.64889,-0.9458,-0.45375,-0.71126,-0.63914,-0.38373,-0.18596,-0.68073,-0.46024,-0.48699,-0.48364,-0.14679,-0.04301,0.08098,-0.033668,0.30042,0.12991,0.87392,0,0.16582,-0.086605,-0.67745,-0.61254,-0.12876,-0.41538,-0.25471,-0.30279,0.14898,0.20284,-0.65112,-0.085177,-0.5392,-0.37107,-0.61301,-0.84031,-0.38735,-0.52833,-0.24284,0.33536,0.22499,-0.5169,-0.69545,-0.67159,-0.7969,-0.52696,-0.6758,0.10353,0.00071995,-0.35996,-0.47055,-0.51824,-0.30196,-0.31577,-0.26484,-0.089368,-0.12825,0.014276,-0.44312,0.015792,-0.30718,0.31025,-0.00016974,-0.23222,0.052153,-0.32944,-0.46315,0.21978,-0.18807,0.12687,0.23839,-0.4185,-0.32391,-0.46883,-0.78886,-0.48359,-0.86585,-0.21488,-0.53383,0.13125,-0.21542,-0.9177,-1,-0.29867,-0.62707,-0.67984,-0.89531
-0.098346,-0.44638,0.21706,0.072575,-0.16922,-0.48035,-0.23342,-0.40098,-0.28404,-0.22925,0.051275,-0.54385,-0.17147,-0.22513,-0.418,-0.52601,-0.37356,-0.1741,-0.32647,-0.35255,-0.59065,-0.4119,-0.30595,-0.34232,0.026966,-0.12285,-0.3566,-0.28153,-0.28119,-0.27206,-0.51239,-0.30024,-0.1855,-0.10453,-0.10879,0.0065849,0.23723,0.16582,0,0.33203,-0.34867,-0.27505,-0.36826,-0.38125,-0.47961,-0.5249,-0.031268,-0.049911,-0.42366,0.0052972,-0.4315,-0.48832,-0.18755,-0.4136,-0.070093,-0.12625,-0.047464,-0.022693,-0.031619,-0.25604,-0.37284,-0.74828,-0.79535,-0.78209,-0.77521,-0.10209,-0.19619,-0.51724,-0.29956,-0.75275,-0.47651,-0.70932,-0.52109,-0.29227,-0.27604,0.29585,-0.2027,0.18465,-0.099611,0.37885,0.14489,-0.0087272,0.13231,-0.2017,-0.27655,0.2773,-0.11481,-0.082244,0.0082648,-0.5346,-0.5125,-0.27867,-0.46063,-0.38692,-0.65733,-0.12369,-0.33704,-0.043291,-0.078726,-0.64601,-0.67585,-0.3116,-0.40714,-0.37272,-0.60685
0.039486,-0.2158,0.092107,0.017115,-0.16872,-0.23236,-0.33434,-0.19449,-0.21825,0.028675,-0.062109,-0.23835,-0.23536,-0.17907,-0.21306,-0.30328,-0.19157,-0.070719,-0.15358,-0.076672,-0.33009,-0.15336,-0.066394,-0.027013,0.19303,0.12858,-0.093067,-0.0040739,-0.11177,-0.18768,-0.58252,-0.39838,-0.27922,-0.19152,-0.25547,-0.10903,-0.072428,-0.086605,0.33203,0,-0.16922,0.042986,-0.30434,-0.20544,-0.40882,-0.46288,-0.16166,-0.10341,-0.33657,-0.14044,-0.39507,-0.65062,-0.11956,-0.23734,-0.093237,0.04572,0.191,-0.10134,-0.06263,-0.2193,-0.1206,-0.56453,-0.55542,-0.66499,-0.52441,-0.17348,-0.2373,-0.49545,-0.16125,-0.65637,-0.38598,-0.70103,-0.44283,-0.29822,-0.26086,0.14987,0.0015979,0.028494,-0.017548,0.061553,0.032503,0.028687,-0.067242,-0.13068,-0.16617,0.048219,-0.075776,-0.16456,-0.053838,-0.43407,-0.44733,-0.25934,-0.22589,-0.45284,-0.39095,-0.13832,-0.17303,-0.092692,0.13516,-0.52117,-0.47854,-0.40924,-0.31606,-0.31273,-0.45788
-0.0001873,-0.019421,-0.42464,-0.43248,0.24211,0.32594,-0.11656,0.16706,-0.17348,-0.085095,-0.56474,-0.086096,-0.31159,0.11582,0.21,-0.14717,0.075612,-0.17427,-0.081296,-0.0026106,0.22869,-0.15062,0.34847,0.094682,-0.012181,-0.14401,0.10886,-0.086289,0.17994,0.24345,-0.48295,-0.34668,-0.52565,-0.28643,-0.54494,-0.31301,-0.68412,-0.67745,-0.34867,-0.16922,0,0.24077,-0.29792,0.11677,-0.35927,-0.32639,-0.55264,-0.61605,0.15594,-0.27985,0.062525,-0.39563,0.0069068,0.035512,-0.23343,0.10747,-0.044151,-0.63029,-0.56472,-0.069373,0.032591,-0.085727,0.0062454,-0.23292,-0.01506,-0.51193,-0.57112,-0.18031,0.092587,-0.23003,-0.13996,-0.43303,-0.28902,-0.41828,-0.36265,-0.54979,-0.21546,-0.38528,-0.055501,-0.54259,-0.21462,-0.31697,-0.58032,-0.10996,-0.027586,-0.44717,-0.23365,-0.53398,-0.50402,-0.23096,-0.29672,0.010249,0.12697,-0.41929,-0.014218,-0.36099,-0.071398,-0.59501,-0.12026,0.17602,0.11321,-0.083064,0.18578,-0.068711,-0.045837
0.10558,0.30814,-0.29446,-0.27661,-0.097644,0.41467,-0.42165,0.069279,-0.064222,0.12918,-0.33863,0.15556,-0.34444,-0.099254,0.21004,0.083836,0.071129,-0.07299,-0.028429,0.3761,0.19141,0.096825,0.36679,0.5898,0.23264,0.013146,0.46091,0.25439,0.18702,0.048067,-0.54421,-0.53582,-0.49759,-0.34687,-0.6132,-0.4201,-0.60488,-0.61254,-0.27505,0.042986,0.24077,0,-0.36072,-0.0038807,-0.28258,-0.29978,-0.4728,-0.45936,-0.038233,-0.36681,-0.13706,-0.493,0.077749,0.25183,-0.10342,0.27425,0.11638,-0.50294,-0.47269,-0.059171,0.37634,-0.1995,-0.12021,-0.36322,-0.15863,-0.45586,-0.44369,-0.36664,-0.0071176,-0.30099,-0.26506,-0.49664,-0.33043,-0.38024,-0.32045,-0.29097,0.10154,-0.36656,-0.077655,-0.45027,-0.3108,-0.21745,-0.43792,-0.19202,-0.066885,-0.42145,-0.18209,-0.45895,-0.43885,-0.21919,-0.31337,-0.16832,0.23608,-0.33278,0.13282,-0.26268,0.021382,-0.41862,-0.011724,-0.13659,0.017612,-0.41061,-0.033516,-0.13584,-0.064286
