,,,,,,,,,,,,,,,,,,,,,,,,,,,,,,,,,,,,,,,,,,,,,,,,,,,,,,,,,,,,,,,,,,,,,,,,,,,,,,,,,,,,,,,,,,,,,,,,,,,,,,,,
0,-0.071836,-0.18321,-0.17217,0.12173,-0.19769,-0.17071,-0.30552,0.12112,0.14799,0.086298,-0.07583,-0.28411,-0.11543,0.040232,0.080207,-0.24131,-0.10748,-0.28281,0.022207,-0.14734,0.06622,0.022407,0.045315,0.11486,0.11651,0.032612,0.15333,0.34101,0.025137,-0.34043,-0.36979,-0.28174,-0.13544,-0.27315,-0.21047,-0.10032,-0.18516,0.077921,0.12057,-0.0022601,0.016228,-0.17159,-0.13073,-0.20707,-0.23283,-0.12461,-0.17579,-0.061499,-0.12173,-0.19234,-0.33311,0.0047582,-0.18072,-0.16085,0.059502,0.17658,-0.12679,-0.16378,0.066928,-0.068305,-0.18046,-0.20245,-0.37719,-0.36406,-0.088865,-0.13767,-0.21902,-0.30344,-0.38868,-0.3265,-0.41558,-0.43955,-0.1041,-0.07317,-0.12257,-0.16404,-0.28604,-0.099277,-0.23415,-0.18312,-0.21508,-0.14159,-0.39624,-0.1587,-0.2982,-0.17352,-0.083368,-0.13188,0.020391,-0.01326,-0.16195,-0.16803,-0.2754,-0.26502,-0.20926,-0.18913,-0.17478,-0.056497,-0.34069,-0.27856,-0.33339,-0.25129,-0.28848,-0.25407
-0.071836,0,-0.3458,-0.31766,-0.33085,0.29658,-0.62487,0.021424,0.22079,0.15148,-0.25292,0.20517,-0.26506,-0.22654,0.081596,0.20159,0.014588,-0.34699,-0.16528,0.23957,0.13004,0.021593,0.079399,0.24135,0.068756,-0.16866,0.25355,0.026758,-0.00026295,-0.067322,-0.38499,-0.53754,-0.41949,-0.32686,-0.67678,-0.55212,-0.63946,-0.65429,-0.39139,-0.15885,-0.057405,0.29029,-0.44152,-0.13622,-0.28774,-0.24288,-0.461,-0.47241,0.028981,-0.4381,-0.15473,-0.35971,0.016917,0.44855,-0.034703,0.14892,-0.05681,-0.53854,-0.62058,0.10807,0.62705,-0.073126,-0.10578,-0.31654,-0.13234,-0.53899,-0.48245,-0.26881,-0.22933,-0.16907,-0.28759,-0.34997,-0.2882,-0.4303,-0.41685,-0.28854,0.07208,-0.52232,-0.28064,-0.50498,-0.52959,-0.26585,-0.44568,-0.33138,-0.25231,-0.60515,-0.25794,-0.48754,-0.58356,-0.11649,-0.28665,-0.30659,0.13579,-0.041484,0.29279,-0.2555,-0.1075,-0.47165,-0.31312,-0.17634,0.068956,-0.54755,-0.11172,-0.12588,0.019534
-0.18321,-0.3458,0,0.6196,-0.27646,-0.41576,-0.32568,-0.33353,-0.16632,-0.056278,-0.01296,-0.43569,-0.14475,-0.23988,-0.24696,-0.3994,-0.25438,0.047125,-0.26285,-0.139,-0.39178,-0.34623,-0.23923,-0.24371,0.027322,-0.13681,-0.36445,-0.30766,-0.28195,-0.30327,-0.54201,-0.32608,-0.16169,-0.19874,-0.15278,-0.083243,0.021562,-0.072293,0.13895,0.052165,-0.36428,-0.27997,-0.41248,-0.33951,-0.35676,-0.34485,-0.14318,-0.059252,-0.25545,-0.088296,-0.33423,-0.31441,-0.0057098,-0.22548,0.081064,-0.042918,-0.14615,-0.14834,-0.12766,0.047907,-0.18087,-0.51849,-0.60178,-0.86937,-0.65643,-0.16081,-0.091664,-0.49777,-0.13712,-0.6726,-0.57466,-0.64297,-0.52134,-0.29265,-0.26828,0.38526,0.030571,0.33397,0.071035,0.17742,-0.0079324,0.050236,0.18079,-0.089297,-0.1456,0.11948,-0.074603,-0.181,-0.11499,-0.51524,-0.49583,0.039499,-0.13106,-0.055107,-0.31956,0.18142,0.033645,0.011276,-0.065124,-0.51566,-0.45344,-0.3673,-0.21872,-0.013285,-0.28977
-0.17217,-0.31766,0.6196,0,-0.34158,-0.449,-0.30018,-0.30585,-0.057712,0.069557,0.12593,-0.297,-0.097536,-0.1772,-0.2636,-0.36715,-0.19228,0.19242,-0.23308,-0.0839,-0.3706,-0.22076,-0.28551,-0.2096,0.0021412,-0.0085459,-0.35537,-0.2603,-0.29905,-0.43884,-0.47482,-0.33227,-0.061168,-0.13697,-0.047394,-0.042517,0.056622,-0.017781,0.065544,0.038591,-0.43292,-0.29021,-0.21443,-0.28235,-0.19389,-0.1944,-0.031235,0.087563,-0.33646,-0.13584,-0.29887,-0.44607,-0.15035,-0.29131,-0.046386,-0.10116,-0.067497,-0.026483,0.014913,0.029382,-0.13061,-0.44948,-0.63441,-0.75679,-0.59982,-0.04375,0.013335,-0.50639,-0.25894,-0.51944,-0.56508,-0.48001,-0.41095,-0.16131,-0.15307,0.39314,0.2315,0.22811,0.1604,0.13735,0.0036751,-0.071548,0.1665,-0.11776,-0.065293,0.09646,0.052396,-0.073683,0.030058,-0.3486,-0.32312,0.014512,-0.14129,-0.16735,-0.30793,0.13839,0.092578,0.0072249,0.0014713,-0.53708,-0.49348,-0.43679,-0.29011,-0.14842,-0.37031
0.12173,-0.33085,-0.27646,-0.34158,0,-0.063484,0.11558,-0.16887,-0.2678,-0.19689,-0.28629,-0.30531,-0.15505,0.18232,0.047926,-0.21282,-0.15984,-0.18834,-0.16675,-0.17499,-0.082705,-0.22717,0.070308,-0.10112,-0.0076193,-0.083756,-0.056491,-0.081784,0.18474,0.262,-0.36398,-0.17407,-0.29491,-0.045948,-0.32831,-0.14705,-0.26377,-0.31036,-0.080845,-0.05795,0.3185,-0.01239,-0.21504,0.0091595,-0.28954,-0.30455,-0.35481,-0.40631,0.0075818,0.1584,0.090725,-0.2399,-0.050637,-0.25359,-0.31132,-0.086912,-0.11671,-0.34109,-0.2979,-0.2184,-0.29544,-0.23301,-0.075336,-0.30163,-0.21867,-0.27346,-0.38271,-0.25143,-0.041884,-0.34593,-0.13658,-0.40666,-0.40057,-0.24958,-0.21115,-0.40158,-0.44627,-0.10949,0.034296,-0.29468,0.017799,-0.17604,-0.27753,-0.066452,0.040207,-0.19202,-0.20101,-0.32206,-0.24824,-0.22584,-0.2374,-0.11671,-0.2379,-0.48796,-0.29762,-0.28376,-0.21357,-0.37806,-0.095865,0.020598,-0.14555,0.10331,-0.015176,-0.23447,-0.22008
-0.19769,0.29658,-0.41576,-0.449,-0.063484,0,-0.40073,0.22954,-0.08705,-0.052559,-0.55693,-0.003218,-0.23952,-0.03352,0.2287,0.021781,0.13587,-0.42757,-0.073339,0.11547,0.32426,-0.17977,0.20089,0.19689,-0.022326,-0.24112,0.21372,-0.067078,0.056679,0.19092,-0.36992,-0.35455,-0.45972,-0.27408,-0.7742,-0.53118,-0.87058,-0.85518,-0.51921,-0.23707,0.29533,0.42126,-0.42953,0.14109,-0.33257,-0.28314,-0.73804,-0.7084,0.26843,-0.30242,0.052027,-0.24396,0.035286,0.40254,-0.15006,0.039812,-0.24979,-0.77604,-0.78454,-0.089585,0.22014,-0.022889,0.13354,-0.21711,0.046373,-0.74769,-0.7314,-0.27539,0.093936,-0.13658,-0.10496,-0.31633,-0.26968,-0.55307,-0.52626,-0.53625,-0.18964,-0.435,-0.2117,-0.6682,-0.38421,-0.22034,-0.61725,-0.10114,-0.043268,-0.58587,-0.30724,-0.75974,-0.70859,-0.26327,-0.45209,-0.32064,0.090549,-0.26189,0.3074,-0.31582,-0.087713,-0.65527,-0.31912,0.25595,0.26517,-0.19487,0.12762,0.023497,0.21545
-0.17071,-0.62487,-0.32568,-0.30018,0.11558,-0.40073,0,-0.11748,-0.39878,-0.35991,-0.25769,-0.45182,-0.12446,0.088846,-0.33611,-0.5522,-0.35592,-0.16715,-0.31194,-0.5017,-0.40334,-0.38256,-0.29954,-0.43253,-0.35631,-0.033407,-0.48111,-0.41417,-0.15099,-0.10443,-0.063766,0.24766,-0.058375,0.031072,0.15203,0.29235,-0.0086586,0.034516,-0.069576,-0.16149,-0.10977,-0.38496,0.1146,0.0037565,-0.18075,-0.17833,-0.14306,-0.17682,-0.24905,0.033288,-0.083093,-0.30775,-0.52029,-0.73791,-0.65808,-0.41891,-0.16065,-0.070333,-0.040388,-0.34609,-0.59271,-0.29808,-0.28188,-0.25342,-0.23353,-0.081791,-0.20992,-0.038961,-0.14773,-0.23282,0.044764,-0.20444,-0.14545,-0.096491,-0.085597,-0.45357,-0.5501,-0.0327,-0.036813,-0.093836,0.26128,-0.38266,-0.26651,-0.10435,-0.20131,0.035336,-0.052766,-0.10787,0.005234,-0.2333,-0.14413,-0.092766,-0.42151,-0.63996,-0.54376,-0.26235,-0.29567,-0.19294,-0.06324,-0.2856,-0.49258,0.14534,-0.27123,-0.51274,-0.63289
-0.30552,0.021424,-0.33353,-0.30585,-0.16887,0.22954,-0.11748,0,-0.18167,-0.061074,-0.55483,-0.13459,-0.20942,0.014256,-0.097718,-0.30013,-0.031066,-0.36935,-0.19996,-0.14073,-0.045447,-0.31334,-0.046405,-0.077508,-0.20789,-0.14154,-0.15868,-0.34002,-0.15627,-0.011695,-0.32748,-0.1406,-0.32381,-0.18825,-0.37493,-0.15361,-0.58159,-0.48805,-0.40198,-0.19257,0.041096,0.026082,-0.22651,0.17282,-0.30755,-0.24804,-0.48794,-0.43577,0.048008,-0.35496,-0.080451,-0.37582,-0.24219,-0.05244,-0.3179,-0.13665,-0.16537,-0.47927,-0.46757,-0.038216,0.065888,-0.12035,-0.15018,-0.32084,-0.028374,-0.53365,-0.5606,-0.18325,0.077646,-0.22178,-0.020322,-0.33015,-0.14162,-0.44475,-0.44574,-0.49071,-0.17154,-0.28897,-0.1387,-0.45059,-0.20771,-0.39158,-0.67495,-0.091689,-0.20078,-0.3753,-0.20144,-0.52382,-0.43956,-0.29627,-0.41282,-0.16193,0.015721,-0.37635,0.06597,-0.27244,-0.087325,-0.48539,-0.2137,-0.047112,-0.13134,-0.21467,-0.021268,-0.069526,-0.10729
0.12112,0.22079,-0.16632,-0.057712,-0.2678,-0.08705,-0.39878,-0.18167,0,0.28933,0.07317,0.036206,-0.11026,-0.081478,0.053029,0.14126,0.017624,-0.17021,-0.22962,0.17727,-0.024661,-0.012891,0.037289,0.068656,0.19416,-0.01075,0.050825,-0.041816,0.073971,-0.17022,-0.38301,-0.46092,-0.21706,-0.12351,-0.3638,-0.35678,-0.26317,-0.31942,-0.12648,0.00023791,-0.15368,0.028261,-0.28754,-0.1801,-0.26451,-0.20554,-0.2467,-0.3043,0.010311,-0.2061,-0.10596,-0.48669,-0.0095915,0.024129,-0.082354,0.12688,6.2608e-05,-0.31251,-0.3735,0.34411,0.24405,-0.11683,-0.28348,-0.37694,-0.30386,-0.31496,-0.32559,-0.15073,-0.37996,-0.2231,-0.40739,-0.38201,-0.38722,-0.2972,-0.28364,-0.099797,0.13491,-0.2761,-0.076125,-0.216,-0.20417,-0.19815,-0.13762,-0.28281,-0.10972,-0.29602,0.052403,-0.26565,-0.33169,-0.067397,-0.19786,-0.17878,-0.048546,-0.093323,-0.091344,-0.11476,-0.017799,-0.36681,-0.25573,-0.32766,-0.16404,-0.45955,-0.25548,-0.26433,-0.27003
0.14799,0.15148,-0.056278,0.069557,-0.19689,-0.052559,-0.35991,-0.061074,0.28933,0,-0.061168,0.22759,-0.2345,-0.12028,0.15894,0.039869,0.016028,-0.022739,-0.1189,0.36917,0.090781,0.18826,0.11018,0.33543,0.18208,0.21768,0.078848,0.1565,0.13769,-0.1558,-0.4335,-0.46393,-0.30734,-0.27083,-0.38363,-0.33616,-0.33443,-0.38914,-0.16063,0.10164,-0.04072,0.17071,-0.16154,-0.034021,-0.23191,-0.21085,-0.24718,-0.18281,-0.0085835,-0.28759,-0.14976,-0.49756,-0.027773,0.018294,-0.10902,0.18593,0.1909,-0.25356,-0.24155,0.21412,0.40022,-0.071567,-0.19209,-0.44039,-0.23384,-0.2376,-0.18562,-0.30836,-0.17724,-0.28457,-0.37485,-0.37248,-0.35959,-0.22109,-0.19448,-0.094068,0.30321,-0.27177,0.0063547,-0.31038,-0.25639,-0.069181,-0.17747,-0.1813,-0.024799,-0.38179,-0.1086,-0.22584,-0.22104,-0.046686,-0.13848,-0.09574,0.12405,-0.20374,0.019214,-0.071679,0.13233,-0.24763,0.02354,-0.24652,-0.16428,-0.45687,-0.14442,-0.078191,-0.099953
0.086298,-0.25292,-0.01296,0.12593,-0.28629,-0.55693,-0.25769,-0.55483,0.07317,-0.061168,0,-0.19895,-0.13108,-0.23509,-0.30885,-0.14119,-0.40982,0.078598,-0.40712,-0.15148,-0.47474,-0.0099922,-0.37677,-0.23922,0.015758,0.077946,-0.24967,-0.091827,-0.1613,-0.41026,-0.24997,-0.33148,0.013047,-0.067297,0.044057,-0.072687,0.31003,0.18281,0.13893,-0.009291,-0.47967,-0.31755,-0.11997,-0.40449,0.0024167,-0.057937,0.27026,0.20604,-0.43998,-0.070252,-0.28973,-0.33566,-0.27718,-0.41437,-0.20038,-0.20662,0.048959,0.22855,0.13778,-0.11058,-0.24134,-0.48721,-0.62315,-0.57596,-0.69488,0.23001,0.1939,-0.34238,-0.57307,-0.34108,-0.50085,-0.28016,-0.30164,0.14146,0.15356,0.22652,0.0073689,-0.070108,-0.075724,0.14933,-0.10436,-0.27518,0.25277,-0.4251,-0.27107,-0.0019283,0.032462,0.26054,0.18609,-0.0090092,0.036845,-0.16136,-0.33108,-0.18183,-0.39678,-0.037277,-0.16007,0.076262,-0.041935,-0.78993,-0.58634,-0.48573,-0.49642,-0.60211,-0.63636
-0.07583,0.20517,-0.43569,-0.297,-0.30531,-0.003218,-0.45182,-0.13459,0.036206,0.22759,-0.19895,0,-0.38524,-0.27776,0.047957,0.14486,-0.020141,-0.086974,0.0070934,0.36948,0.25632,0.63725,0.058018,0.41393,-0.053273,0.12945,0.27884,0.33856,0.030033,-0.24105,-0.24312,-0.49354,-0.43414,-0.47999,-0.52376,-0.59917,-0.58453,-0.62156,-0.49188,-0.18821,-0.072481,0.17374,-0.13237,-0.10713,-0.080157,-0.070527,-0.35199,-0.28847,-0.16496,-0.44701,-0.1299,-0.41438,-0.22832,-0.012559,-0.36836,-0.028943,0.049648,-0.33692,-0.32763,-0.18025,0.21347,-0.046881,-0.0062983,-0.18285,-0.0088465,-0.28008,-0.19025,-0.22035,-0.27536,0.037602,-0.22525,-0.077577,-0.10728,-0.13769,-0.076895,-0.39406,0.084069,-0.55022,-0.20054,-0.57495,-0.47853,-0.19738,-0.32479,-0.24474,-0.10589,-0.62973,-0.17682,-0.28246,-0.32542,0.11398,0.038998,-0.22488,0.16589,-0.21166,0.15787,-0.21387,-0.018857,-0.28189,-0.016309,-0.1734,-0.013035,-0.4762,-0.19169,-0.31661,-0.1541
-0.28411,-0.26506,-0.14475,-0.097536,-0.15505,-0.23952,-0.12446,-0.20942,-0.11026,-0.2345,-0.13108,-0.38524,0,0.35195,-0.16906,-0.27497,-0.053905,-0.092835,-0.18313,-0.24512,-0.24888,-0.35365,-0.28912,-0.35415,-0.19869,-0.31375,-0.40653,-0.44667,-0.26699,-0.15348,-0.19478,-0.019033,0.31678,0.39033,-0.077608,0.0027798,-0.1919,-0.19924,-0.23738,-0.3661,-0.24406,-0.32597,-0.16385,-0.13198,-0.15015,-0.021913,-0.32627,-0.35389,-0.17399,0.21675,0.27448,-0.35891,-0.29549,-0.28911,-0.25933,-0.19218,-0.28525,-0.37602,-0.37042,-0.1583,-0.25521,-0.12602,-0.2798,-0.33746,-0.18092,-0.35648,-0.40375,-0.22077,-0.2718,-0.16158,-0.08134,-0.2925,-0.24743,-0.34923,-0.37417,-0.29021,-0.26332,0.10357,0.24637,-0.06304,0.044965,-0.27503,-0.13684,0.089022,-0.015063,0.014425,0.066602,-0.38725,-0.32006,-0.31018,-0.28476,-0.032481,-0.23985,-0.16385,-0.21263,-0.045447,-0.060479,-0.39731,-0.34982,-0.22206,-0.13938,-0.15472,-0.1165,-0.36938,-0.41311
-0.11543,-0.22654,-0.23988,-0.1772,0.18232,-0.03352,0.088846,0.014256,-0.081478,-0.12028,-0.23509,-0.27776,0.35195,0,-0.053586,-0.27437,0.10152,-0.061662,-0.068918,-0.151,-0.084746,-0.27754,-0.059014,-0.17762,-0.089473,-0.12973,-0.22126,-0.30034,-0.061449,0.055921,-0.25634,-0.023622,0.020385,0.32092,-0.17733,-0.0031241,-0.29053,-0.29173,-0.21154,-0.205,0.044883,-0.11329,-0.066802,0.13387,-0.14661,-0.069551,-0.37758,-0.40903,-0.010236,0.20461,0.48361,-0.43926,-0.19074,-0.23003,-0.31823,-0.11445,-0.1768,-0.3972,-0.35566,-0.10654,-0.17603,-0.10471,-0.17164,-0.26774,-0.074109,-0.35603,-0.46665,-0.20512,-0.13535,-0.18507,-0.03265,-0.31564,-0.25731,-0.31127,-0.32048,-0.40871,-0.26568,0.0291,0.35621,-0.23571,0.17091,-0.31833,-0.30526,0.10482,0.16512,-0.056779,0.10988,-0.41363,-0.28434,-0.24469,-0.26219,0.015959,-0.14107,-0.38638,-0.17061,-0.14594,-0.012465,-0.45844,-0.18075,0.00056973,-0.078548,0.025788,0.022846,-0.26692,-0.31388
0.040232,0.081596,-0.24696,-0.2636,0.047926,0.2287,-0.33611,-0.097718,0.053029,0.15894,-0.30885,0.047957,-0.16906,-0.053586,0,0.26537,0.042611,-0.30746,-0.10882,0.30167,0.40798,-0.019928,0.31766,0.31862,0.1138,-0.072074,0.22519,0.13569,0.42088,0.16016,-0.37292,-0.38874,-0.31595,-0.22778,-0.59835,-0.50489,-0.53569,-0.62819,-0.3381,-0.10916,0.40066,0.34469,-0.34183,0.074121,-0.35648,-0.28262,-0.59753,-0.55284,0.30491,-0.11145,0.07399,-0.21953,0.035617,0.11121,-0.20575,0.14839,-0.1214,-0.57452,-0.55791,-0.022182,0.12351,0.086517,0.22612,-0.29607,-0.086042,-0.54213,-0.49574,-0.19602,0.066289,-0.14668,-0.17305,-0.32191,-0.39641,-0.44224,-0.37223,-0.40061,-0.17887,-0.31803,-0.050681,-0.44853,-0.27406,0.10398,-0.248,0.012396,0.14524,-0.51837,-0.24286,-0.53484,-0.53357,-0.1634,-0.288,-0.2811,-0.016766,-0.23954,0.053955,-0.18976,-0.021781,-0.54033,-0.24893,0.081734,0.10095,-0.22728,-0.039424,-0.10017,0.05743
0.080207,0.20159,-0.3994,-0.36715,-0.21282,0.021781,-0.5522,-0.30013,0.14126,0.039869,-0.14119,0.14486,-0.27497,-0.27437,0.26537,0,-0.1841,-0.34169,-0.24063,0.246,0.073764,0.131,0.01969,0.19738,-0.036012,-0.15526,0.23811,0.20922,0.1619,-0.043925,-0.30936,-0.5233,-0.34644,-0.33998,-0.59164,-0.62909,-0.4717,-0.55725,-0.3915,-0.23811,-0.002185,0.12791,-0.3746,-0.20118,-0.2429,-0.20002,-0.44356,-0.43771,0.030133,-0.25297,-0.10008,-0.17295,-0.02011,0.10204,-0.14822,0.018663,-0.13787,-0.43725,-0.47097,-0.085697,0.10918,-0.012866,0.050224,-0.25826,-0.19405,-0.42655,-0.36733,-0.13908,-0.25732,-0.14769,-0.28922,-0.24283,-0.3423,-0.32288,-0.26902,-0.3419,-0.17836,-0.51959,-0.28564,-0.48359,-0.46671,-0.16694,-0.24467,-0.36447,-0.14594,-0.64848,-0.32164,-0.39322,-0.50082,-0.010099,-0.14205,-0.35839,-0.06267,-0.049923,0.072806,-0.19672,-0.11823,-0.40331,-0.32556,-0.16375,-0.034259,-0.50089,-0.22459,-0.2758,-0.078823
-0.24131,0.014588,-0.25438,-0.19228,-0.15984,0.13587,-0.35592,-0.031066,0.017624,0.016028,-0.40982,-0.020141,-0.053905,0.10152,0.042611,-0.1841,0,-0.090255,0.25833,0.12793,0.33792,-0.16073,0.16595,0.068098,-0.05254,-0.22992,0.00216,-0.16053,-0.14944,-0.17825,-0.4156,-0.39653,-0.31764,-0.17024,-0.54368,-0.47272,-0.6437,-0.68731,-0.41341,-0.20633,-0.010493,0.069651,-0.28498,0.015276,-0.31349,-0.2191,-0.64346,-0.63003,-0.05445,-0.26944,0.073489,-0.68762,-0.053204,0.078491,-0.19446,0.11377,-0.19526,-0.72532,-0.64574,-0.081903,0.079549,0.024354,-0.042216,-0.092453,0.1179,-0.61351,-0.60921,-0.36451,-0.19936,-0.080294,-0.21231,-0.34909,-0.34943,-0.54304,-0.51792,-0.38998,-0.015107,-0.24316,0.083231,-0.45416,-0.19879,-0.10457,-0.37054,0.12727,0.31308,-0.29983,0.044752,-0.68475,-0.56731,-0.35219,-0.39657,-0.16814,0.063459,-0.2736,-0.059859,-0.27099,-0.0509,-0.63887,-0.28684,0.1511,0.23991,-0.22927,-0.029156,-0.037239,-0.053655
-0.10748,-0.34699,0.047125,0.19242,-0.18834,-0.42757,-0.16715,-0.36935,-0.17021,-0.022739,0.078598,-0.086974,-0.092835,-0.061662,-0.30746,-0.34169,-0.090255,0,0.08005,-0.00020661,-0.22817,0.072763,-0.20801,-0.094625,-0.067961,0.14179,-0.22595,-0.057048,-0.24141,-0.36437,-0.27655,-0.24472,-0.13081,-0.18853,-0.077007,-0.12152,-0.080927,-0.15704,-0.080983,-0.063559,-0.32404,-0.2303,-0.01502,-0.20255,0.030446,0.020316,-0.089867,-0.00077633,-0.41976,-0.085754,-0.098532,-0.51023,-0.22481,-0.35477,-0.25628,-0.096522,0.054807,-0.067435,0.011802,-0.23191,-0.22988,-0.38994,-0.42016,-0.41817,-0.29982,0.035993,0.093573,-0.41315,-0.32346,-0.26931,-0.33238,-0.27507,-0.21786,0.014318,0.070703,-0.027372,0.054669,0.10544,0.28479,-0.057098,0.039612,-0.15711,0.091751,-0.052446,0.060047,0.078804,0.2194,-0.069814,0.053154,-0.21041,-0.089479,0.20098,0.010255,-0.20252,-0.26487,0.12784,0.11534,0.10807,0.30726,-0.40187,-0.31329,-0.29518,-0.18243,-0.32653,-0.48549
-0.28281,-0.16528,-0.26285,-0.23308,-0.16675,-0.073339,-0.31194,-0.19996,-0.22962,-0.1189,-0.40712,0.0070934,-0.18313,-0.068918,-0.10882,-0.24063,0.25833,0.08005,0,0.10639,0.1392,-0.055076,0.18043,0.10246,-0.14047,-0.19041,-0.00090155,-0.030127,-0.18642,-0.16331,-0.33521,-0.409,-0.38455,-0.35274,-0.52976,-0.45962,-0.59013,-0.6923,-0.35795,-0.1745,-0.024173,0.043155,-0.27057,-0.14835,-0.32204,-0.27316,-0.67765,-0.57822,-0.24991,-0.22599,-0.0085397,-0.61581,-0.076938,-0.059189,-0.25007,0.061587,-0.14327,-0.59367,-0.47145,-0.23611,-0.081809,-0.16692,-0.039781,-0.13072,0.053774,-0.52686,-0.44991,-0.33665,-0.13031,-0.20173,-0.26562,-0.37868,-0.40815,-0.48545,-0.41286,-0.41662,-0.15488,-0.17831,0.071723,-0.43519,-0.14631,-0.055977,-0.26202,0.040038,0.1549,-0.28281,-0.0053404,-0.61888,-0.47956,-0.46695,-0.38766,-0.087356,0.12594,-0.24717,-0.14325,-0.2086,-0.095214,-0.38638,-0.12368,0.016954,0.069225,-0.25377,-0.094957,-0.13091,-0.17796
0.022207,0.23957,-0.139,-0.0839,-0.17499,0.11547,-0.5017,-0.14073,0.17727,0.36917,-0.15148,0.36948,-0.24512,-0.151,0.30167,0.246,0.12793,-0.00020661,0.10639,0,0.33753,0.28823,0.30487,0.79377,0.24755,0.089009,0.42194,0.37117,0.14595,-0.07789,-0.44453,-0.56039,-0.41307,-0.39051,-0.62033,-0.57681,-0.52638,-0.64875,-0.29981,0.00095164,0.084383,0.44248,-0.3407,-0.075724,-0.23814,-0.19383,-0.47496,-0.39004,0.020185,-0.23931,-0.021237,-0.38863,0.12428,0.24423,-0.073933,0.34825,0.070459,-0.46337,-0.42959,0.027654,0.38826,-0.12909,-0.04586,-0.38477,-0.1541,-0.41307,-0.31031,-0.31007,-0.095477,-0.18825,-0.35187,-0.35146,-0.35187,-0.32676,-0.23841,-0.20723,0.16589,-0.26536,0.016485,-0.38979,-0.27576,0.057198,-0.13791,-0.074284,0.13669,-0.42249,-0.061299,-0.42855,-0.42015,-0.16065,-0.25262,-0.11373,0.34512,-0.065613,0.17994,-0.0058726,0.19593,-0.30146,-0.01738,-0.113,0.031316,-0.44701,-0.062288,-0.095965,-0.063309
-0.14734,0.13004,-0.39178,-0.3706,-0.082705,0.32426,-0.40334,-0.045447,-0.024661,0.090781,-0.47474,0.25632,-0.24888,-0.084746,0.40798,0.073764,0.33792,-0.22817,0.1392,0.33753,0,0.061205,0.37061,0.37468,-0.0033432,-0.11309,0.29387,0.11818,0.1431,0.00025043,-0.33412,-0.41853,-0.46531,-0.36486,-0.74473,-0.69516,-0.84645,-0.94685,-0.55224,-0.2347,0.26313,0.32019,-0.30457,0.073952,-0.30458,-0.2252,-0.71926,-0.6629,0.15763,-0.29445,0.083143,-0.36328,-0.035486,0.17352,-0.29544,0.101,-0.17856,-0.73771,-0.68595,-0.14592,0.15132,0.14607,0.31367,-0.084508,0.21284,-0.61129,-0.5357,-0.21419,-0.029394,0.034459,-0.1147,-0.20967,-0.25499,-0.44801,-0.38472,-0.55407,-0.11407,-0.43393,-0.098131,-0.66028,-0.37251,0.0059164,-0.40079,0.075874,0.18644,-0.5882,-0.18915,-0.64794,-0.63175,-0.16696,-0.27151,-0.23536,0.15582,-0.2457,0.16018,-0.25563,-0.0076632,-0.58106,-0.2182,0.2639,0.43459,-0.18973,0.058538,-0.068405,0.099358
0.06622,0.021593,-0.34623,-0.22076,-0.22717,-0.17977,-0.38256,-0.31334,-0.012891,0.18826,-0.0099922,0.63725,-0.35365,-0.27754,-0.019928,0.131,-0.16073,0.072763,-0.055076,0.28823,0.061205,0,-0.048684,0.30442,-0.017987,0.25747,0.16554,0.52086,0.052947,-0.25305,-0.20923,-0.45101,-0.34317,-0.41602,-0.37389,-0.48358,-0.3586,-0.41821,-0.33498,-0.12861,-0.1338,0.061362,-0.054481,-0.1734,0.018757,-0.010975,-0.18703,-0.12689,-0.24913,-0.32454,-0.15051,-0.34747,-0.22974,-0.14792,-0.34913,-0.057261,0.16225,-0.1619,-0.15129,-0.24268,0.038967,-0.15987,-0.11051,-0.24014,-0.14521,-0.083932,0.0070747,-0.27308,-0.33261,-0.050092,-0.25678,-0.073314,-0.1227,0.04822,0.13144,-0.2734,0.042486,-0.4311,-0.15053,-0.41863,-0.39228,-0.17317,-0.14437,-0.28262,-0.1079,-0.46681,-0.14628,-0.098594,-0.14494,0.19207,0.19679,-0.16853,0.04844,-0.21134,0.0061293,-0.13067,-0.012972,-0.10142,0.1383,-0.30189,-0.14599,-0.45471,-0.24462,-0.41019,-0.2686
0.022407,0.079399,-0.23923,-0.28551,0.070308,0.20089,-0.29954,-0.046405,0.037289,0.11018,-0.37677,0.058018,-0.28912,-0.059014,0.31766,0.01969,0.16595,-0.20801,0.18043,0.30487,0.37061,-0.048684,0,0.40917,0.20949,-0.076081,0.38576,0.12721,0.25469,0.17602,-0.521,-0.52009,-0.55249,-0.36167,-0.75663,-0.52507,-0.61068,-0.74454,-0.21368,0.070158,0.4416,0.4771,-0.45708,-0.084314,-0.53067,-0.47215,-0.68633,-0.68416,0.15091,-0.16167,-0.0024292,-0.45121,0.24466,0.18762,-0.13339,0.38582,-0.031129,-0.65503,-0.59847,0.094306,0.18663,-0.12523,0.041496,-0.29584,-0.095965,-0.61432,-0.58178,-0.19065,0.015239,-0.31557,-0.32486,-0.55372,-0.55673,-0.55959,-0.45862,-0.38196,-0.1473,-0.25707,-0.022758,-0.44155,-0.17514,0.070891,-0.28771,-0.040031,0.06858,-0.42257,-0.12758,-0.61422,-0.5904,-0.35007,-0.42932,-0.13141,0.1588,-0.21526,-0.045603,-0.22301,-0.074716,-0.51415,-0.16924,0.06237,0.086323,-0.23651,-0.027854,-0.017073,-0.033908
0.045315,0.24135,-0.24371,-0.2096,-0.10112,0.19689,-0.43253,-0.077508,0.068656,0.33543,-0.23922,0.41393,-0.35415,-0.17762,0.31862,0.19738,0.068098,-0.094625,0.10246,0.79377,0.37468,0.30442,0.40917,0,0.22312,0.1205,0.53458,0.52869,0.22662,-0.00053216,-0.42873,-0.56381,-0.51484,-0.45546,-0.68712,-0.59604,-0.57816,-0.69109,-0.29458,0.061243,0.22882,0.73166,-0.32725,-0.034134,-0.29647,-0.28539,-0.5033,-0.42542,0.032111,-0.29045,-0.068812,-0.38153,0.10015,0.23294,-0.12006,0.31796,0.12794,-0.46882,-0.43046,-0.036751,0.37242,-0.14133,0.016234,-0.32411,-0.122,-0.4342,-0.35091,-0.32111,-0.029037,-0.20346,-0.32091,-0.35198,-0.3709,-0.33678,-0.24742,-0.29425,0.059771,-0.35588,-0.088421,-0.46871,-0.3122,0.03764,-0.23153,-0.13091,0.054049,-0.49715,-0.16349,-0.43441,-0.42147,-0.16061,-0.25347,-0.19929,0.25369,-0.1949,0.14429,-0.14097,0.056059,-0.34177,0.0147,-0.058106,0.0094037,-0.3951,-0.08,-0.091301,-0.01954
0.11486,0.068756,0.027322,0.0021412,-0.0076193,-0.022326,-0.35631,-0.20789,0.19416,0.18208,0.015758,-0.053273,-0.19869,-0.089473,0.1138,-0.036012,-0.05254,-0.067961,-0.14047,0.24755,-0.0033432,-0.017987,0.20949,0.22312,0,0.079725,0.25864,0.14978,0.15397,-0.026364,-0.61059,-0.54559,-0.3951,-0.25275,-0.49405,-0.35842,-0.25876,-0.35272,0.067641,0.32296,0.041434,0.26895,-0.46533,-0.21656,-0.36434,-0.3832,-0.24312,-0.28223,-0.0024605,-0.02282,-0.086643,-0.34819,0.2667,0.11575,0.082241,0.3475,0.13437,-0.3063,-0.31825,0.14226,0.18407,-0.41807,-0.33932,-0.64414,-0.47878,-0.27102,-0.27889,-0.38328,-0.1507,-0.41153,-0.52676,-0.56957,-0.49978,-0.27604,-0.21459,0.038391,0.14155,-0.059602,0.019521,-0.096654,-0.096021,0.073752,0.020604,-0.12452,-0.028549,-0.16038,-0.034647,-0.24517,-0.2602,-0.22914,-0.34626,-0.093573,0.018012,-0.14893,-0.095545,-0.038792,0.031698,-0.2648,-0.0057474,-0.26009,-0.17809,-0.29863,-0.07799,-0.15603,-0.22227
0.11651,-0.16866,-0.13681,-0.0085459,-0.083756,-0.24112,-0.033407,-0.14154,-0.01075,0.21768,0.077946,0.12945,-0.31375,-0.12973,-0.072074,-0.15526,-0.22992,0.14179,-0.19041,0.089009,-0.11309,0.25747,-0.076081,0.1205,0.079725,0,-0.036506,0.16067,0.14296,-0.17584,-0.1904,-0.20262,-0.23064,-0.2541,-0.11118,-0.1352,-0.099377,-0.13836,-0.071266,0.14734,-0.080388,0.0068493,0.077946,0.019659,0.007588,-0.038585,-0.018194,0.056779,-0.165,-0.17007,-0.14834,-0.32294,-0.27534,-0.32406,-0.40555,-0.10697,0.27536,0.052196,0.055596,-0.12049,-0.08926,-0.31414,-0.28133,-0.45309,-0.31761,0.081828,0.10555,-0.20105,-0.14773,-0.17395,-0.21797,-0.1524,-0.10218,0.16108,0.27085,-0.155,0.03295,-0.1548,0.010368,-0.16038,-0.042467,-0.16088,-0.048634,-0.17014,-0.084883,-0.17357,0.052741,0.070847,0.1205,0.078003,0.058219,-0.038948,-0.032036,-0.37889,-0.16117,0.00061355,0.086956,0.051933,0.48086,-0.4059,-0.39535,-0.24372,-0.22889,-0.41024,-0.43596
0.032612,0.25355,-0.36445,-0.35537,-0.056491,0.21372,-0.48111,-0.15868,0.050825,0.078848,-0.24967,0.27884,-0.40653,-0.22126,0.22519,0.23811,0.00216,-0.22595,-0.00090155,0.42194,0.29387,0.16554,0.38576,0.53458,0.25864,-0.036506,0,0.4205,0.19344,-0.0054343,-0.51504,-0.67873,-0.64653,-0.49037,-0.85091,-0.68783,-0.62762,-0.7376,-0.30794,-0.010205,0.20225,0.5707,-0.46506,-0.17094,-0.33039,-0.34778,-0.4796,-0.49533,-0.006267,-0.25851,-0.075962,-0.33588,0.14566,0.27041,-0.11065,0.23586,0.012759,-0.50465,-0.49173,-0.084201,0.2468,-0.21747,-0.015508,-0.33615,-0.19992,-0.43909,-0.41044,-0.28249,-0.16877,-0.20455,-0.39407,-0.37737,-0.38636,-0.34206,-0.25824,-0.31579,-0.027929,-0.43666,-0.19725,-0.49252,-0.37158,-0.065406,-0.2918,-0.23544,-0.043988,-0.55512,-0.23989,-0.4313,-0.48075,-0.12071,-0.25476,-0.26214,0.13491,-0.18636,0.086054,-0.25712,-0.10127,-0.43058,-0.12016,-0.025212,0.051507,-0.37067,-0.062927,-0.18126,-0.060435
0.15333,0.026758,-0.30766,-0.2603,-0.081784,-0.067078,-0.41417,-0.34002,-0.041816,0.1565,-0.091827,0.33856,-0.44667,-0.30034,0.13569,0.20922,-0.16053,-0.057048,-0.030127,0.37117,0.11818,0.52086,0.12721,0.52869,0.14978,0.16067,0.4205,0,0.21886,-0.1077,-0.35539,-0.58395,-0.50412,-0.49979,-0.55363,-0.58194,-0.39427,-0.49531,-0.22673,0.040601,0.067873,0.31428,-0.24312,-0.16548,-0.19558,-0.2546,-0.29426,-0.25344,-0.14684,-0.25765,-0.1734,-0.28874,-0.016672,-0.0081766,-0.17919,0.10019,0.16553,-0.25699,-0.23014,-0.21947,0.06128,-0.23107,-0.043681,-0.30501,-0.24513,-0.20093,-0.14002,-0.34698,-0.19406,-0.20367,-0.37583,-0.25088,-0.34071,-0.12354,-0.033977,-0.23344,-0.029094,-0.41683,-0.19915,-0.41138,-0.35266,-0.0068117,-0.11783,-0.28703,-0.049197,-0.48469,-0.25504,-0.20273,-0.22911,-0.0058288,-0.057374,-0.28234,0.002786,-0.26851,-0.049786,-0.20029,-0.088552,-0.19859,0.091132,-0.17951,-0.13057,-0.38182,-0.19328,-0.27772,-0.14944
0.34101,-0.00026295,-0.28195,-0.29905,0.18474,0.056679,-0.15099,-0.15627,0.073971,0.13769,-0.1613,0.030033,-0.26699,-0.061449,0.42088,0.1619,-0.14944,-0.24141,-0.18642,0.14595,0.1431,0.052947,0.25469,0.22662,0.15397,0.14296,0.19344,0.21886,0,0.31435,-0.22295,-0.26014,-0.31688,-0.19951,-0.42111,-0.34377,-0.333,-0.40637,-0.16954,0.012046,0.36447,0.25876,-0.20188,0.098501,-0.24931,-0.23368,-0.36947,-0.37961,0.2778,-0.05306,0.012872,-0.15621,-0.0083018,-0.064937,-0.28643,0.041233,-0.017474,-0.32648,-0.35892,0.012296,-0.013573,-0.036582,0.10877,-0.32472,-0.17576,-0.29868,-0.29794,-0.045215,0.011301,-0.19123,-0.14812,-0.27582,-0.33043,-0.22114,-0.16296,-0.37055,-0.24897,-0.31919,-0.10384,-0.3877,-0.18199,-0.064955,-0.22337,-0.17548,-0.051395,-0.44228,-0.20557,-0.29115,-0.31505,-0.0085334,-0.13098,-0.20542,-0.055833,-0.30115,-0.061562,-0.16694,-0.064185,-0.30396,-0.083412,-0.10134,-0.070859,-0.11342,-0.058882,-0.23621,-0.11554
0.025137,-0.067322,-0.30327,-0.43884,0.262,0.19092,-0.10443,-0.011695,-0.17022,-0.1558,-0.41026,-0.24105,-0.15348,0.055921,0.16016,-0.043925,-0.17825,-0.36437,-0.16331,-0.07789,0.00025043,-0.25305,0.17602,-0.00053216,-0.026364,-0.17584,-0.0054343,-0.1077,0.31435,0,-0.24197,-0.11987,-0.32143,-0.13367,-0.48239,-0.25922,-0.44984,-0.49374,-0.22618,-0.14867,0.44993,0.14283,-0.37079,0.071116,-0.3808,-0.32785,-0.58782,-0.61086,0.39947,0.031704,0.11715,-0.060805,0.080482,0.01142,-0.19353,-0.0099984,-0.22391,-0.54107,-0.56696,-0.03327,-0.10427,-0.11165,0.088884,-0.3237,-0.10846,-0.53693,-0.55548,-0.035016,0.22494,-0.3247,-0.037377,-0.41956,-0.37184,-0.45392,-0.41414,-0.50998,-0.47783,-0.21026,-0.12405,-0.41885,-0.13004,-0.18679,-0.39529,-0.12339,-0.15695,-0.36875,-0.28845,-0.54633,-0.52684,-0.30158,-0.40847,-0.1196,-0.033495,-0.2123,-0.0099922,-0.15621,-0.10546,-0.3873,-0.22928,0.020354,0.013542,0.022113,0.13906,-0.083087,-0.04231
-0.34043,-0.38499,-0.54201,-0.47482,-0.36398,-0.36992,-0.063766,-0.32748,-0.38301,-0.4335,-0.24997,-0.24312,-0.19478,-0.25634,-0.37292,-0.30936,-0.4156,-0.27655,-0.33521,-0.44453,-0.33412,-0.20923,-0.521,-0.42873,-0.61059,-0.1904,-0.51504,-0.35539,-0.22295,-0.24197,0,0.31134,0.083938,-0.098983,0.067735,-0.13642,-0.18296,-0.13123,-0.50634,-0.59231,-0.37617,-0.45962,0.18814,-0.031229,0.14527,0.19227,-0.22384,-0.19376,-0.29472,-0.29591,-0.18686,-0.053749,-0.75891,-0.58393,-0.79169,-0.67705,-0.43305,-0.13624,-0.21262,-0.51849,-0.55892,-0.050167,-0.066151,0.02421,-0.0067554,-0.14499,-0.11316,0.021362,-0.25636,0.1794,0.27531,0.36378,0.19564,-0.023321,-0.058194,-0.60634,-0.55769,-0.41396,-0.36468,-0.39505,-0.30484,-0.51559,-0.36599,-0.30986,-0.38867,-0.3334,-0.22762,-0.17315,-0.16781,-0.034309,0.032775,-0.35647,-0.39217,-0.37598,-0.26557,-0.2705,-0.31494,-0.11161,-0.27875,-0.36364,-0.27094,-0.072719,-0.33991,-0.62263,-0.41431
-0.36979,-0.53754,-0.32608,-0.33227,-0.17407,-0.35455,0.24766,-0.1406,-0.46092,-0.46393,-0.33148,-0.49354,-0.019033,-0.023622,-0.38874,-0.5233,-0.39653,-0.24472,-0.409,-0.56039,-0.41853,-0.45101,-0.52009,-0.56381,-0.54559,-0.20262,-0.67873,-0.58395,-0.26014,-0.11987,0.31134,0,0.14461,0.079793,0.21338,0.18301,-0.10427,-0.022902,-0.34931,-0.49633,-0.2876,-0.52321,0.11197,0.082968,0.010274,0.085747,-0.20731,-0.18742,-0.17133,-0.078685,-0.060892,-0.034747,-0.63486,-0.63428,-0.65997,-0.61696,-0.444,-0.15552,-0.19735,-0.41418,-0.63001,-0.1495,-0.19294,-0.19606,-0.095139,-0.15791,-0.18959,0.028186,-0.082561,-0.049241,0.3681,0.043525,0.14321,-0.099045,-0.1367,-0.5289,-0.59969,-0.11022,-0.16669,-0.20997,-0.026445,-0.48534,-0.35465,-0.094018,-0.30996,-0.077514,-0.15812,-0.20359,-0.13136,-0.20523,-0.16868,-0.11616,-0.36158,-0.38731,-0.30348,-0.12138,-0.18633,-0.10791,-0.21149,-0.30105,-0.32767,0.1807,-0.14029,-0.44177,-0.45401
-0.28174,-0.41949,-0.16169,-0.061168,-0.29491,-0.45972,-0.058375,-0.32381,-0.21706,-0.30734,0.013047,-0.43414,0.31678,0.020385,-0.31595,-0.34644,-0.31764,-0.13081,-0.38455,-0.41307,-0.46531,-0.34317,-0.55249,-0.51484,-0.3951,-0.23064,-0.64653,-0.50412,-0.31688,-0.32143,0.083938,0.14461,0,0.47078,0.32537,0.18673,0.075868,0.10422,-0.2311,-0.42341,-0.46121,-0.52613,0.094456,-0.13644,0.067923,0.16035,-0.10349,-0.075793,-0.34881,-0.0097793,-0.081459,-0.24203,-0.58724,-0.57968,-0.47887,-0.48693,-0.32758,-0.065287,-0.10355,-0.27702,-0.44835,-0.16053,-0.3573,-0.30103,-0.28291,-0.11205,-0.13928,-0.22753,-0.33783,-0.13753,-0.02972,-0.079937,-0.11288,-0.11105,-0.16456,-0.23918,-0.33437,-0.022814,0.014763,-0.045128,-0.057962,-0.40983,-0.11526,-0.15282,-0.19547,-0.024743,-0.012046,-0.13637,-0.063221,-0.1757,-0.086768,-0.22794,-0.47589,-0.3309,-0.36756,-0.14275,-0.21474,-0.20123,-0.3397,-0.47435,-0.4005,-0.22908,-0.40386,-0.57141,-0.51294
-0.13544,-0.32686,-0.19874,-0.13697,-0.045948,-0.27408,0.031072,-0.18825,-0.12351,-0.27083,-0.067297,-0.47999,0.39033,0.32092,-0.22778,-0.33998,-0.17024,-0.18853,-0.35274,-0.39051,-0.36486,-0.41602,-0.36167,-0.45546,-0.25275,-0.2541,-0.49037,-0.49979,-0.19951,-0.13367,-0.098983,0.079793,0.47078,0,0.11118,0.20829,-0.023447,0.0048771,-0.14583,-0.32043,-0.27397,-0.38417,-0.0092597,-0.047112,-0.051776,0.021143,-0.17721,-0.22846,-0.19257,0.0762,0.037239,-0.32757,-0.37675,-0.42774,-0.37607,-0.34311,-0.2887,-0.19817,-0.23496,-0.13893,-0.3554,-0.13458,-0.3305,-0.27628,-0.24519,-0.21303,-0.32574,-0.2452,-0.31615,-0.22286,-0.037383,-0.24749,-0.23174,-0.21571,-0.27916,-0.27383,-0.34792,-0.019383,0.097549,-0.11159,0.015564,-0.46476,-0.25305,-0.13662,-0.11174,-0.012691,0.018394,-0.2418,-0.16168,-0.20091,-0.17305,-0.1873,-0.44251,-0.40317,-0.35767,-0.2478,-0.245,-0.37459,-0.38301,-0.30077,-0.27641,-0.11554,-0.26402,-0.44055,-0.40806
-0.27315,-0.67678,-0.15278,-0.047394,-0.32831,-0.7742,0.15203,-0.37493,-0.3638,-0.38363,0.044057,-0.52376,-0.077608,-0.17733,-0.59835,-0.59164,-0.54368,-0.077007,-0.52976,-0.62033,-0.74473,-0.37389,-0.75663,-0.68712,-0.49405,-0.11118,-0.85091,-0.55363,-0.42111,-0.48239,0.067735,0.21338,0.32537,0.11118,0,0.46389,0.41869,0.59831,-0.074008,-0.30737,-0.6157,-0.74511,0.24199,-0.22237,0.06637,0.047663,0.23568,0.25689,-0.52611,-0.1426,-0.3394,-0.25913,-0.75538,-1,-0.57039,-0.64881,-0.24077,0.32887,0.26747,-0.37659,-0.67517,-0.37016,-0.57223,-0.34524,-0.43566,0.24231,0.14428,-0.20509,-0.41995,-0.24758,-0.11186,-0.070327,-0.034372,0.14125,0.068749,-0.14289,-0.35271,-0.0292,-0.14193,0.094362,0.014356,-0.50245,-0.090524,-0.30444,-0.37184,0.12917,-0.055852,0.21419,0.32712,-0.14269,0.0010518,-0.1835,-0.5834,-0.46577,-0.60861,-0.17064,-0.30406,0.074065,-0.14613,-0.69938,-0.74514,-0.18799,-0.51194,-0.65474,-0.76927
-0.21047,-0.55212,-0.083243,-0.042517,-0.14705,-0.53118,0.29235,-0.15361,-0.35678,-0.33616,-0.072687,-0.59917,0.0027798,-0.0031241,-0.50489,-0.62909,-0.47272,-0.12152,-0.45962,-0.57681,-0.69516,-0.48358,-0.52507,-0.59604,-0.35842,-0.1352,-0.68783,-0.58194,-0.34377,-0.25922,-0.13642,0.18301,0.18673,0.20829,0.46389,0,0.23057,0.33889,0.064085,-0.16803,-0.39696,-0.53208,0.044282,-0.15378,-0.11043,-0.11792,0.068023,0.06123,-0.38995,-0.024711,-0.2434,-0.30779,-0.51084,-0.69682,-0.40793,-0.44215,-0.15386,0.11803,0.10301,-0.20823,-0.5109,-0.41196,-0.57247,-0.50385,-0.46203,0.033432,-0.081046,-0.21776,-0.26123,-0.42653,-0.12772,-0.32481,-0.18502,-0.072055,-0.12117,-0.13943,-0.35424,0.10703,-0.015715,0.12357,0.16097,-0.50074,-0.19668,-0.24421,-0.3562,0.17599,-0.072293,0.016334,0.14068,-0.2796,-0.18846,-0.069206,-0.45273,-0.45911,-0.5269,-0.17018,-0.28264,-0.053242,-0.13719,-0.56213,-0.66874,-0.15043,-0.34001,-0.46988,-0.64835
-0.10032,-0.63946,0.021562,0.056622,-0.26377,-0.87058,-0.0086586,-0.58159,-0.26317,-0.33443,0.31003,-0.58453,-0.1919,-0.29053,-0.53569,-0.4717,-0.6437,-0.080927,-0.59013,-0.52638,-0.84645,-0.3586,-0.61068,-0.57816,-0.25876,-0.099377,-0.62762,-0.39427,-0.333,-0.44984,-0.18296,-0.10427,0.075868,-0.023447,0.41869,0.23057,0,0.94772,0.287,-0.071823,-0.58078,-0.61378,-0.077233,-0.41966,-0.13823,-0.20487,0.36935,0.28712,-0.53118,-0.060423,-0.45575,-0.24935,-0.43906,-0.77324,-0.30296,-0.44215,-0.1391,0.42614,0.32513,-0.26576,-0.60197,-0.59502,-0.75524,-0.53802,-0.80519,0.30918,0.18531,-0.3179,-0.47457,-0.48694,-0.41655,-0.31354,-0.32268,0.085509,0.058363,0.15453,-0.29129,0.048008,-0.18591,0.36222,0.040244,-0.32109,0.18174,-0.42456,-0.40397,0.22768,-0.098244,0.34851,0.3686,-0.22343,-0.11294,-0.21805,-0.62656,-0.36601,-0.75705,-0.14142,-0.34886,0.14377,-0.12103,-0.88441,-0.95824,-0.28661,-0.60187,-0.57975,-0.77106
-0.18516,-0.65429,-0.072293,-0.017781,-0.31036,-0.85518,0.034516,-0.48805,-0.31942,-0.38914,0.18281,-0.62156,-0.19924,-0.29173,-0.62819,-0.55725,-0.68731,-0.15704,-0.6923,-0.64875,-0.94685,-0.41821,-0.74454,-0.69109,-0.35272,-0.13836,-0.7376,-0.49531,-0.40637,-0.49374,-0.13123,-0.022902,0.10422,0.0048771,0.59831,0.33889,0.94772,0,0.15584,-0.15703,-0.6447,-0.70246,-0.011445,-0.38362,-0.093536,-0.16655,0.46815,0.3512,-0.55449,-0.13287,-0.48305,-0.23303,-0.55862,-0.86122,-0.37201,-0.56018,-0.18878,0.49995,0.35433,-0.31657,-0.64428,-0.56737,-0.78276,-0.48867,-0.73101,0.33879,0.17202,-0.30116,-0.49158,-0.43418,-0.33793,-0.2397,-0.21652,0.12557,0.0582,0.066758,-0.3152,-0.02555,-0.25149,0.26869,-0.012246,-0.44166,0.017981,-0.45474,-0.47901,0.18163,-0.14707,0.39446,0.41931,-0.18412,-0.084933,-0.25799,-0.69598,-0.43705,-0.73834,-0.20958,-0.39217,0.10463,-0.15952,-0.86764,-0.99681,-0.25687,-0.59671,-0.61489,-0.78046
0.077921,-0.39139,0.13895,0.065544,-0.080845,-0.51921,-0.069576,-0.40198,-0.12648,-0.16063,0.13893,-0.49188,-0.23738,-0.21154,-0.3381,-0.3915,-0.41341,-0.080983,-0.35795,-0.29981,-0.55224,-0.33498,-0.21368,-0.29458,0.067641,-0.071266,-0.30794,-0.22673,-0.16954,-0.22618,-0.50634,-0.34931,-0.2311,-0.14583,-0.074008,0.064085,0.287,0.15584,0,0.40836,-0.27648,-0.26221,-0.34641,-0.41916,-0.45255,-0.51485,0.033357,-0.051795,-0.35375,-0.018444,-0.40553,-0.421,-0.066752,-0.38683,-0.013561,-0.031416,0.1191,0.020886,0.0084833,-0.0036625,-0.30538,-0.65912,-0.6889,-0.67969,-0.82782,-0.032525,-0.11797,-0.37558,-0.32837,-0.74637,-0.592,-0.74339,-0.65007,-0.21556,-0.18935,0.25041,-0.17408,0.12021,-0.085134,0.36904,0.13513,-0.12182,0.15812,-0.34363,-0.3116,0.21257,-0.069845,0.016441,0.027923,-0.41279,-0.354,-0.12912,-0.38275,-0.2971,-0.65032,-0.15608,-0.31727,-0.057474,-0.071942,-0.63857,-0.69421,-0.32451,-0.42866,-0.324,-0.57635
0.12057,-0.15885,0.052165,0.038591,-0.05795,-0.23707,-0.16149,-0.19257,0.00023791,0.10164,-0.009291,-0.18821,-0.3661,-0.205,-0.10916,-0.23811,-0.20633,-0.063559,-0.1745,0.00095164,-0.2347,-0.12861,0.070158,0.061243,0.32296,0.14734,-0.010205,0.040601,0.012046,-0.14867,-0.59231,-0.49633,-0.42341,-0.32043,-0.30737,-0.16803,-0.071823,-0.15703,0.40836,0,-0.040081,0.093561,-0.35244,-0.23595,-0.4781,-0.5432,-0.1447,-0.15952,-0.2005,-0.15239,-0.33856,-0.49299,0.055558,-0.15797,0.00065738,0.22158,0.37962,-0.12809,-0.10611,0.072118,-0.028211,-0.5402,-0.46409,-0.62737,-0.59511,-0.17171,-0.20504,-0.39358,-0.1546,-0.58767,-0.57221,-0.68667,-0.60426,-0.27086,-0.2023,0.10468,0.023722,-0.038735,-0.063447,0.05105,0.046542,0.0329,0.036312,-0.24522,-0.15225,-0.038122,-0.044915,-0.12277,-0.087732,-0.35494,-0.37261,-0.17295,-0.15696,-0.35158,-0.38974,-0.16525,-0.17614,-0.16526,0.083337,-0.4191,-0.49615,-0.35589,-0.32522,-0.20263,-0.38695
-0.0022601,-0.057405,-0.36428,-0.43292,0.3185,0.29533,-0.10977,0.041096,-0.15368,-0.04072,-0.47967,-0.072481,-0.24406,0.044883,0.40066,-0.002185,-0.010493,-0.32404,-0.024173,0.084383,0.26313,-0.1338,0.4416,0.22882,0.041434,-0.080388,0.20225,0.067873,0.36447,0.44993,-0.37617,-0.2876,-0.46121,-0.27397,-0.6157,-0.39696,-0.58078,-0.6447,-0.27648,-0.040081,0,0.40103,-0.33974,0.14054,-0.44426,-0.40302,-0.66285,-0.65707,0.2955,-0.049498,0.1264,-0.23762,0.048346,0.032525,-0.25055,0.11638,-0.093661,-0.60266,-0.54707,-0.12394,-0.02448,-0.072681,0.21623,-0.25325,-0.038422,-0.57451,-0.60055,-0.13576,0.2237,-0.23047,-0.097023,-0.39494,-0.39852,-0.47724,-0.39589,-0.55692,-0.35678,-0.27511,-0.078053,-0.46789,-0.12504,-0.013411,-0.37501,0.010881,0.063985,-0.4274,-0.25622,-0.58055,-0.52304,-0.28033,-0.37838,-0.21245,-0.012797,-0.37334,-0.042291,-0.26056,-0.10927,-0.5328,-0.15112,0.22408,0.042761,-0.022351,0.064041,-0.090405,-0.035048
0.016228,0.29029,-0.27997,-0.29021,-0.01239,0.42126,-0.38496,0.026082,0.028261,0.17071,-0.31755,0.17374,-0.32597,-0.11329,0.34469,0.12791,0.069651,-0.2303,0.043155,0.44248,0.32019,0.061362,0.4771,0.73166,0.26895,0.0068493,0.5707,0.31428,0.25876,0.14283,-0.45962,-0.52321,-0.52613,-0.38417,-0.74511,-0.53208,-0.61378,-0.70246,-0.26221,0.093561,0.40103,0,-0.40981,0.025801,-0.37272,-0.369,-0.56409,-0.52505,0.11996,-0.23898,-0.0366,-0.33873,0.16146,0.33708,-0.069288,0.33489,0.069444,-0.54246,-0.51942,-0.017161,0.3432,-0.17504,0.02786,-0.35383,-0.14941,-0.53315,-0.49471,-0.32311,0.060686,-0.24584,-0.29262,-0.42443,-0.41363,-0.43649,-0.35714,-0.3298,-0.039261,-0.34589,-0.12236,-0.45926,-0.27321,-0.0050399,-0.31801,-0.13183,0.014763,-0.4818,-0.20773,-0.51914,-0.49149,-0.23594,-0.36872,-0.27547,0.15379,-0.26239,0.12342,-0.23006,-0.048352,-0.45514,-0.087982,0.021368,0.028518,-0.30897,-0.027197,-0.066289,0.019465
