,,,,,,,,,,,,,,,,,,,,,,,,,,,,,,,,,,,,,,,,,,,,,,,,,,,,,,,,,,,,,,,,,,,,,,,,,,,,,,,,,,,,,,,,,,,,,,,,,,,,,,,,
0,-0.068405,-0.13024,-0.12564,0.21825,-0.17036,-0.15008,-0.18811,-0.14143,0.12456,-0.02739,-0.13304,-0.34855,-0.23966,-0.11194,-0.068144,-0.29843,-0.20374,-0.19749,-0.12509,-0.19255,0.01606,-0.04291,0.0031611,-0.078094,-0.0058558,-0.016393,0.040985,0.21363,0.004572,-0.32203,-0.39087,-0.2794,-0.25162,-0.27837,-0.29259,-0.057716,-0.13688,0.08137,0.18,0.0018106,-0.00039967,-0.18083,-0.18055,-0.27715,-0.32161,-0.13434,-0.18223,-0.14867,-0.09617,-0.16675,-0.38165,-0.0090774,-0.23479,-0.16741,-0.013819,0.1939,-0.20382,-0.24999,-0.076822,-0.087183,-0.22451,-0.22497,-0.40693,-0.37987,-0.12711,-0.12303,-0.34673,-0.49096,-0.47035,-0.42611,-0.44596,-0.49512,-0.12433,-0.12875,-0.064244,-0.18782,-0.23991,-0.1237,-0.13178,-0.22687,-0.16205,-0.12523,-0.29588,-0.20813,-0.2096,-0.20915,-0.1014,-0.21166,0.077579,-0.17718,-0.22705,-0.23137,-0.39173,-0.29403,-0.41698,-0.32567,-0.21217,-0.072958,-0.36526,-0.34737,-0.52761,-0.43626,-0.43087,-0.27551
-0.068405,0,-0.39721,-0.39885,-0.36785,0.36416,-0.68193,0.094662,-0.057892,0.080546,-0.36797,0.19021,-0.32821,-0.29654,-0.039598,0.084052,-0.052963,-0.4548,-0.17965,0.068889,0.066437,0.0074242,0.011542,0.16067,-0.15392,-0.33418,0.22147,-0.037121,-0.14528,-0.14534,-0.47775,-0.64813,-0.46005,-0.4371,-0.68657,-0.65483,-0.63622,-0.65614,-0.44297,-0.24711,-0.085021,0.29902,-0.47545,-0.22827,-0.3479,-0.32091,-0.46268,-0.50202,-0.080389,-0.39627,-0.019414,-0.4377,-0.066527,0.31807,-0.10382,0.13849,-0.046538,-0.60662,-0.67929,-0.052611,0.62631,-0.1095,-0.082411,-0.36135,-0.1678,-0.54171,-0.50196,-0.43128,-0.47814,-0.30998,-0.44209,-0.42309,-0.40721,-0.42,-0.4527,-0.32585,-0.016526,-0.50246,-0.3303,-0.41917,-0.611,-0.2398,-0.47771,-0.31238,-0.32752,-0.5557,-0.33805,-0.49839,-0.63958,-0.04784,-0.29861,-0.43599,0.10803,-0.075653,0.25342,-0.40782,-0.23347,-0.50342,-0.31699,-0.22015,0.010815,-0.77507,-0.31048,-0.21777,-0.04331
-0.13024,-0.39721,0,0.50126,-0.017434,-0.39595,-0.1738,-0.37713,-0.22155,-0.11531,0.040567,-0.46107,0.089,0.032204,-0.33964,-0.47946,-0.14568,0.19024,-0.086481,-0.15409,-0.35157,-0.2887,-0.20673,-0.24254,0.059061,-0.12417,-0.36998,-0.31201,-0.23209,-0.22624,-0.40417,-0.24416,-0.064795,-0.072759,-0.16792,-0.13461,0.048827,-0.075036,0.10531,0.046998,-0.28498,-0.28739,-0.32369,-0.31266,-0.28717,-0.28707,-0.16195,-0.13409,-0.31188,0.3016,-0.024937,-0.40534,0.0067218,-0.28369,0.049444,-0.1064,-0.14775,-0.20923,-0.16118,-0.1494,-0.26589,-0.56793,-0.60828,-0.71408,-0.51422,-0.14967,-0.099307,-0.45901,-0.24734,-0.53992,-0.45579,-0.49343,-0.41704,-0.24611,-0.20123,0.27883,-0.12312,0.54619,0.3627,0.10078,0.16499,0.1136,0.31498,0.12509,4.239e-05,0.23222,0.042608,-0.18558,-0.12125,-0.43431,-0.41128,0.23133,-0.13531,-0.15968,-0.34752,0.070694,0.016974,-0.06554,0.013504,-0.40067,-0.40925,-0.2865,-0.27295,-0.20606,-0.36124
-0.12564,-0.39885,0.50126,0,-0.10281,-0.46467,-0.11442,-0.3647,-0.12027,-0.0021921,0.19915,-0.34897,0.10931,0.041487,-0.34239,-0.42009,-0.14784,0.32728,-0.063112,-0.1241,-0.34217,-0.19419,-0.28143,-0.22619,0.018203,0.056427,-0.35673,-0.25945,-0.19103,-0.33317,-0.2942,-0.18717,0.028843,-0.035595,-0.043952,-0.065516,0.13305,0.02759,0.070881,0.062173,-0.36213,-0.31948,-0.1242,-0.24343,-0.14377,-0.14855,-0.046556,0.0060859,-0.35927,0.14323,-0.049771,-0.4597,-0.14796,-0.37286,-0.09353,-0.1874,-0.091259,-0.075223,-0.029091,-0.16326,-0.26309,-0.45747,-0.59253,-0.6216,-0.46245,-0.022999,0.021467,-0.36139,-0.3073,-0.38325,-0.39924,-0.34911,-0.30414,-0.11925,-0.085318,0.29396,0.024743,0.34435,0.49048,0.12005,0.21128,-0.071717,0.31171,0.06359,0.0814,0.23851,0.20684,-0.063736,0.016078,-0.29125,-0.31481,0.22103,-0.16749,-0.27714,-0.35648,0.064178,0.083859,-0.028801,0.055518,-0.44241,-0.44427,-0.32103,-0.27141,-0.36815,-0.47304
0.21825,-0.36785,-0.017434,-0.10281,0,-0.24306,0.058952,-0.28951,-0.27891,-0.1968,-0.11626,-0.39506,-0.30911,-0.29398,-0.092222,-0.20007,-0.39254,-0.17036,-0.24125,-0.25079,-0.22165,-0.25019,-0.1092,-0.15786,-0.0366,-0.089303,-0.22042,-0.15153,0.11417,0.075284,-0.18705,-0.1735,-0.18716,-0.2021,-0.17053,-0.20352,-0.018306,-0.090423,0.050117,0.082956,0.069846,-0.18453,-0.19253,-0.087534,-0.30033,-0.32749,-0.26642,-0.2169,-0.085972,-0.047628,-0.24866,-0.12228,-0.013722,-0.31816,-0.17075,-0.21094,-0.16402,-0.26467,-0.24628,-0.1658,-0.35254,-0.29816,-0.26123,-0.33848,-0.42834,-0.21674,-0.1389,-0.30585,-0.17751,-0.37436,-0.27977,-0.36866,-0.43337,-0.22076,-0.17141,-0.11326,-0.31654,-0.14479,-0.15902,-0.17468,-0.15101,-0.059061,-0.044346,-0.18447,-0.18138,-0.14589,-0.28661,-0.22675,-0.21609,-0.20564,-0.30319,-0.20152,-0.37859,-0.43569,-0.41564,-0.40218,-0.37931,-0.28925,-0.19474,-0.14113,-0.35055,-0.14605,-0.28716,-0.32573,-0.1984
-0.17036,0.36416,-0.39595,-0.46467,-0.24306,0,-0.60521,0.16346,-0.22981,-0.080165,-0.58368,-0.026427,-0.37326,-0.27918,0.060375,0.016708,-0.028637,-0.55747,-0.17396,-0.014219,0.18926,-0.1905,0.037733,0.10622,-0.2174,-0.42022,0.12692,-0.11894,-0.10675,0.014909,-0.41742,-0.50568,-0.48779,-0.4438,-0.75889,-0.7248,-0.74908,-0.76253,-0.56541,-0.32667,0.12041,0.32449,-0.51056,-0.044818,-0.39371,-0.36216,-0.67956,-0.66382,0.13192,-0.37499,0.042892,-0.2604,-0.019009,0.38196,-0.12742,-0.0032822,-0.30092,-0.81407,-0.85281,-0.17203,0.23523,-0.050637,0.10104,-0.27184,-0.067496,-0.71612,-0.6465,-0.42975,-0.24206,-0.27756,-0.32281,-0.36883,-0.39946,-0.53559,-0.56275,-0.47638,-0.19846,-0.48966,-0.37874,-0.53321,-0.58876,-0.17343,-0.56344,-0.19218,-0.22806,-0.59038,-0.45227,-0.71395,-0.77966,-0.18736,-0.45408,-0.51976,0.022382,-0.1991,0.28729,-0.4434,-0.22777,-0.61586,-0.38639,0.077143,0.15475,-0.45297,-0.1782,-0.049923,0.23537
-0.15008,-0.68193,-0.1738,-0.11442,0.058952,-0.60521,0,-0.26038,-0.36937,-0.39031,-0.095134,-0.53728,-0.26041,-0.30939,-0.38213,-0.47272,-0.59581,-0.15914,-0.39673,-0.57134,-0.53101,-0.43015,-0.4749,-0.51417,-0.376,0.01067,-0.61675,-0.46643,-0.13854,-0.21869,0.16341,0.29811,0.038145,-0.10502,0.39704,0.27103,0.24857,0.31729,0.0046205,-0.094075,-0.28836,-0.57748,0.1549,-0.048972,-0.15984,-0.16072,-0.075732,-0.0078421,-0.31548,-0.16656,-0.4174,-0.15686,-0.53176,-0.87818,-0.58333,-0.58792,-0.25874,0.029255,0.011687,-0.3062,-0.72102,-0.31777,-0.39938,-0.27954,-0.40403,-0.028982,0.012033,-0.025724,-0.18496,-0.17828,-0.016217,-0.12756,-0.13247,-0.076525,-0.036074,-0.26279,-0.44387,-0.12286,-0.20485,-0.046174,0.081642,-0.36035,-0.10111,-0.24162,-0.35021,0.0061707,-0.12973,-0.021516,0.033887,-0.22933,-0.21677,-0.14628,-0.57634,-0.60428,-0.67471,-0.33071,-0.42515,-0.11648,-0.19907,-0.41526,-0.68791,-0.010567,-0.38636,-0.6423,-0.62732
-0.18811,0.094662,-0.37713,-0.3647,-0.28951,0.16346,-0.26038,0,-0.3219,-0.12467,-0.52618,-0.16996,-0.3371,-0.28031,-0.20023,-0.24789,-0.2356,-0.55321,-0.32226,-0.32933,-0.17323,-0.32824,-0.25913,-0.20708,-0.4386,-0.3195,-0.2231,-0.39269,-0.21042,-0.11669,-0.25726,-0.2462,-0.31663,-0.35697,-0.35034,-0.31373,-0.4499,-0.37371,-0.42844,-0.28768,-0.1353,-0.090817,-0.25923,0.0093136,-0.32316,-0.29151,-0.39384,-0.39124,-0.030999,-0.3798,-0.082442,-0.31706,-0.32099,-0.13474,-0.34339,-0.24547,-0.24468,-0.48686,-0.55421,-0.1591,0.00023617,-0.096642,-0.12524,-0.33658,-0.14043,-0.47346,-0.45304,-0.27659,-0.3441,-0.27308,-0.21883,-0.30309,-0.23985,-0.36925,-0.43653,-0.44858,-0.21738,-0.38554,-0.36744,-0.31342,-0.38738,-0.38602,-0.58641,-0.21251,-0.431,-0.37042,-0.33958,-0.43647,-0.50239,-0.089636,-0.39916,-0.383,-0.12222,-0.34017,0.02507,-0.46695,-0.29084,-0.44151,-0.31288,-0.20107,-0.21799,-0.44175,-0.2902,-0.28453,-0.16678
-0.14143,-0.057892,-0.22155,-0.12027,-0.27891,-0.22981,-0.36937,-0.3219,0,0.025549,0.014473,0.027051,-0.050026,-0.14761,0.037133,0.096321,-0.067872,-0.12532,-0.24662,0.18438,-0.019196,-0.028183,0.0054864,-0.0071275,0.12886,-0.13024,-0.099876,-0.12697,-0.15208,-0.33808,-0.30899,-0.4266,-0.090659,-0.12735,-0.27093,-0.32654,-0.34388,-0.38942,-0.28119,-0.17999,-0.20385,-0.12783,-0.21335,-0.17924,-0.22024,-0.12549,-0.35473,-0.29179,-0.1446,-0.26001,-0.10941,-0.43831,-0.20544,-0.12039,-0.2213,-0.022969,-0.091719,-0.33525,-0.31524,0.2677,0.04179,-0.11638,-0.29836,-0.30216,-0.3375,-0.37546,-0.29073,-0.23033,-0.30687,-0.11134,-0.35835,-0.28559,-0.34496,-0.34536,-0.2906,-0.17586,0.11442,-0.3548,-0.095982,-0.36459,-0.28708,-0.14302,-0.13897,-0.30333,-0.1696,-0.43327,-0.051188,-0.34858,-0.33029,-0.1753,-0.069549,-0.27298,-0.13256,-0.093427,-0.20414,-0.21131,-0.17534,-0.51262,-0.38986,-0.22965,-0.20534,-0.39709,-0.33876,-0.29128,-0.28741
0.12456,0.080546,-0.11531,-0.0021921,-0.1968,-0.080165,-0.39031,-0.12467,0.025549,0,-0.12485,0.15621,-0.23827,-0.12689,-0.010416,-0.027826,-0.016574,-0.12484,-0.054301,0.18825,0.077034,0.20053,0.04876,0.26031,-0.0099313,0.08817,0.069585,0.13626,0.11573,-0.14853,-0.39139,-0.4525,-0.32774,-0.32281,-0.42853,-0.45307,-0.29803,-0.3615,-0.20117,0.021443,-0.041372,0.13395,-0.1976,-0.13203,-0.27177,-0.26298,-0.25524,-0.25559,-0.080322,-0.21386,-0.0064674,-0.52637,-0.064783,-0.063554,-0.16055,0.10609,0.13737,-0.31765,-0.32738,-0.049559,0.22643,-0.067793,-0.14034,-0.40891,-0.16262,-0.23401,-0.20755,-0.32424,-0.36733,-0.31337,-0.38751,-0.36019,-0.38628,-0.21092,-0.21274,-0.13684,0.08467,-0.26146,0.0044751,-0.24126,-0.28762,-0.086075,-0.17017,-0.12224,-0.017943,-0.31721,-0.14541,-0.22431,-0.29265,0.017616,-0.20966,-0.13016,0.079063,-0.24767,-0.021037,-0.17138,0.05097,-0.2373,0.0083205,-0.29479,-0.14028,-0.56477,-0.24987,-0.24871,-0.16491
-0.02739,-0.36797,0.040567,0.19915,-0.11626,-0.58368,-0.095134,-0.52618,0.014473,-0.12485,0,-0.23393,-0.0086232,-0.11573,-0.3645,-0.26389,-0.34758,0.26378,-0.27969,-0.12388,-0.45327,-0.0083205,-0.36317,-0.23359,0.028001,0.13961,-0.31933,-0.15829,-0.19895,-0.42113,-0.19124,-0.23227,0.12948,0.014219,0.083404,-0.015406,0.25097,0.13246,0.075078,0.0040512,-0.44471,-0.3579,-0.02415,-0.32075,0.042408,0.0051352,0.15498,0.21209,-0.52147,0.00029673,-0.22142,-0.39151,-0.31302,-0.48872,-0.25282,-0.27299,0.071475,0.18758,0.17888,-0.19111,-0.31844,-0.53238,-0.67816,-0.53422,-0.60547,0.16502,0.22578,-0.34339,-0.44019,-0.28304,-0.36339,-0.21044,-0.20907,0.098204,0.18695,0.20189,-0.046411,-0.013038,0.093863,0.0068066,-0.007503,-0.21832,0.30203,-0.28772,-0.16133,0.0037545,0.12757,0.17495,0.202,-0.11064,0.020232,-0.043655,-0.32674,-0.29202,-0.44627,-0.087783,-0.17814,-0.011403,-0.013722,-0.64121,-0.62746,-0.43033,-0.51561,-0.63964,-0.65196
-0.13304,0.19021,-0.46107,-0.34897,-0.39506,-0.026427,-0.53728,-0.16996,0.027051,0.15621,-0.23393,0,-0.46441,-0.40044,-0.035644,0.084192,-0.11713,-0.21815,-0.12099,0.26995,0.17882,0.52245,0.017065,0.34133,-0.092488,-0.013092,0.21757,0.24261,-0.087395,-0.31287,-0.29396,-0.54539,-0.44721,-0.53088,-0.50929,-0.63312,-0.57644,-0.60472,-0.50843,-0.23905,-0.13444,0.15309,-0.19138,-0.15902,-0.14079,-0.14029,-0.34009,-0.27789,-0.19103,-0.52345,-0.17174,-0.39434,-0.26634,-0.018869,-0.36632,-0.064771,0.016229,-0.34004,-0.35374,-0.15818,0.22227,-0.10129,-0.075956,-0.22924,-0.11943,-0.3011,-0.20064,-0.31822,-0.36314,-0.080056,-0.34263,-0.1351,-0.20157,-0.16445,-0.1421,-0.37844,0.10317,-0.60653,-0.32538,-0.55525,-0.59508,-0.21736,-0.36332,-0.35331,-0.25737,-0.66077,-0.27032,-0.28508,-0.34766,0.096654,-0.0050807,-0.36448,0.11934,-0.21005,0.1103,-0.30343,-0.13144,-0.31586,-0.11516,-0.22974,-0.073255,-0.53081,-0.28667,-0.31428,-0.1555
-0.34855,-0.32821,0.089,0.10931,-0.30911,-0.37326,-0.26041,-0.3371,-0.050026,-0.23827,-0.0086232,-0.46441,0,0.36252,-0.33423,-0.38328,-0.088449,-0.029291,-0.27435,-0.20562,-0.38258,-0.4005,-0.3838,-0.41345,-0.17933,-0.30462,-0.52743,-0.53268,-0.37474,-0.32789,-0.27231,-0.12465,0.33061,0.41024,-0.081757,-0.011027,-0.12121,-0.16086,-0.22316,-0.35894,-0.45425,-0.43258,-0.24598,-0.23177,-0.12969,-0.01781,-0.25319,-0.23592,-0.31822,0.06425,0.098065,-0.3988,-0.28948,-0.30824,-0.1715,-0.26272,-0.34198,-0.2743,-0.26582,-0.11353,-0.27895,-0.31366,-0.52074,-0.50748,-0.33524,-0.2931,-0.2949,-0.34282,-0.27624,-0.29467,-0.19789,-0.3116,-0.23765,-0.34274,-0.33524,-0.095116,-0.21062,0.1071,0.28305,-0.11572,-0.016689,-0.24794,-0.058588,-0.0075514,-0.048118,-0.03921,0.077034,-0.32821,-0.24019,-0.42479,-0.3093,0.0042511,-0.23735,-0.10203,-0.27506,0.058352,-0.026536,-0.28753,-0.35286,-0.41662,-0.3004,-0.3261,-0.27045,-0.29754,-0.39759
-0.23966,-0.29654,0.032204,0.041487,-0.29398,-0.27918,-0.30939,-0.28031,-0.14761,-0.12689,-0.11573,-0.40044,0.36252,0,-0.3531,-0.43401,0.066867,-0.074285,-0.22826,-0.18511,-0.32742,-0.32008,-0.33347,-0.35018,-0.3013,-0.28715,-0.47825,-0.44504,-0.32328,-0.31301,-0.37395,-0.22775,0.12783,0.35768,-0.17922,-0.13465,-0.15776,-0.21445,-0.2788,-0.36847,-0.38241,-0.33174,-0.1853,-0.15464,-0.10678,-0.049075,-0.2182,-0.23733,-0.29711,0.076858,0.24922,-0.52423,-0.26754,-0.31103,-0.2398,-0.26119,-0.31388,-0.24327,-0.23765,-0.21924,-0.23695,-0.27371,-0.41869,-0.45128,-0.22238,-0.22471,-0.29901,-0.47797,-0.37297,-0.42717,-0.26005,-0.29797,-0.2837,-0.25944,-0.29664,-0.17532,-0.29249,0.060254,0.32837,-0.20873,-0.023278,-0.22746,-0.16297,0.027711,0.13411,-0.093354,0.051643,-0.281,-0.19247,-0.31115,-0.25876,-0.089194,-0.22686,-0.31196,-0.24761,-0.024919,0.037279,-0.24143,-0.22123,-0.38444,-0.28405,-0.38039,-0.36714,-0.21604,-0.29333
-0.11194,-0.039598,-0.33964,-0.34239,-0.092222,0.060375,-0.38213,-0.20023,0.037133,-0.010416,-0.3645,-0.035644,-0.33423,-0.3531,0,0.40097,-0.23756,-0.44387,-0.28117,0.10163,0.27583,-0.14007,0.23853,0.17922,0.10655,-0.18273,0.13044,0.067236,0.17807,0.099319,-0.32196,-0.39479,-0.3786,-0.38798,-0.51045,-0.49144,-0.53726,-0.5782,-0.32877,-0.1608,0.39183,0.16848,-0.39273,-0.024967,-0.44937,-0.37121,-0.6474,-0.54925,0.39722,-0.28154,-0.11927,-0.074212,-0.044866,0.048978,-0.21638,0.073558,-0.21244,-0.59974,-0.5907,0.087244,0.010113,0.10627,0.19797,-0.26667,-0.25296,-0.60643,-0.49668,-0.16972,0.028147,-0.13812,-0.26811,-0.39424,-0.49846,-0.51122,-0.45598,-0.38302,-0.13625,-0.46759,-0.29222,-0.44227,-0.41435,-0.05481,-0.31729,-0.22641,-0.19434,-0.58467,-0.40389,-0.58079,-0.58871,-0.23578,-0.34792,-0.43655,-0.14571,-0.16061,-0.06947,-0.29757,-0.21071,-0.60317,-0.43372,0.065558,0.043195,-0.1777,-0.0085687,-0.12899,0.0095558
-0.068144,0.084052,-0.47946,-0.42009,-0.20007,0.016708,-0.47272,-0.24789,0.096321,-0.027826,-0.26389,0.084192,-0.38328,-0.43401,0.40097,0,-0.33594,-0.46312,-0.30624,0.12164,0.094638,-0.016496,0.10447,0.1888,0.019935,-0.18818,0.27037,0.16525,0.13195,0.017586,-0.30788,-0.48081,-0.40099,-0.42531,-0.53876,-0.53229,-0.52527,-0.56184,-0.35968,-0.2024,0.1487,0.1605,-0.39155,-0.18299,-0.36751,-0.32236,-0.54027,-0.48739,0.12679,-0.35077,-0.19078,-0.10342,-0.076247,0.070391,-0.20265,0.010997,-0.15897,-0.49452,-0.5129,0.034239,0.073788,0.025113,0.0929,-0.27484,-0.28853,-0.52741,-0.44356,-0.12927,-0.15754,-0.15865,-0.32034,-0.35487,-0.44931,-0.42795,-0.38289,-0.38068,-0.13763,-0.59178,-0.38722,-0.47793,-0.521,-0.24746,-0.35447,-0.45288,-0.30113,-0.68876,-0.43522,-0.48112,-0.55522,-0.11713,-0.2561,-0.47413,-0.14487,-0.11379,-0.01847,-0.33558,-0.26319,-0.54144,-0.4504,-0.09832,-0.042438,-0.39506,-0.13766,-0.28729,-0.09276
-0.29843,-0.052963,-0.14568,-0.14784,-0.39254,-0.028637,-0.59581,-0.2356,-0.067872,-0.016574,-0.34758,-0.11713,-0.088449,0.066867,-0.23756,-0.33594,0,-0.13769,0.095207,0.048724,0.088612,-0.17872,-0.032906,-0.06611,-0.19714,-0.36631,-0.1816,-0.25733,-0.33125,-0.39145,-0.47579,-0.51169,-0.29542,-0.19236,-0.54966,-0.61581,-0.51764,-0.59672,-0.47109,-0.3251,-0.26428,-0.079371,-0.36569,-0.19284,-0.3105,-0.25633,-0.5014,-0.52113,-0.24962,-0.31625,0.033857,-0.76012,-0.10811,0.01956,-0.13626,-0.033282,-0.2943,-0.5982,-0.54374,-0.21611,0.026045,-0.16561,-0.24413,-0.18691,0.024435,-0.49526,-0.4939,-0.55863,-0.39985,-0.28234,-0.38029,-0.32549,-0.37204,-0.47627,-0.48512,-0.2905,-0.088013,-0.24381,-0.019984,-0.43401,-0.32926,-0.036195,-0.29043,0.032416,0.16998,-0.31902,-0.056505,-0.55035,-0.48598,-0.36056,-0.35413,-0.27077,-0.013389,-0.25115,-0.11587,-0.26012,-0.074351,-0.49666,-0.28675,-0.10356,0.052194,-0.45132,-0.33821,-0.014528,-0.032501
-0.20374,-0.4548,0.19024,0.32728,-0.17036,-0.55747,-0.15914,-0.55321,-0.12532,-0.12484,0.26378,-0.21815,-0.029291,-0.074285,-0.44387,-0.46312,-0.13769,0,0.0092349,-0.059139,-0.32233,-0.021522,-0.29362,-0.19814,-0.03049,0.087916,-0.37767,-0.18982,-0.28999,-0.46728,-0.17065,-0.19735,0.013898,-0.09448,-0.029491,-0.14154,0.01976,-0.081255,-0.10957,-0.098356,-0.46304,-0.37107,-0.0075998,-0.25358,0.051207,0.018821,-0.045926,0.084246,-0.54371,-0.086662,-0.17964,-0.47565,-0.2693,-0.42623,-0.23262,-0.29492,-0.11216,0.011276,0.096327,-0.27645,-0.33605,-0.51446,-0.61933,-0.42976,-0.37841,0.065783,0.22296,-0.41152,-0.30564,-0.25949,-0.33018,-0.1553,-0.16041,0.0049354,0.089103,0.082702,-0.01609,0.053435,0.21083,-0.1612,-0.02005,-0.10011,0.2288,-0.11213,-0.008157,-0.011615,0.13702,-0.019838,0.12797,-0.27464,-0.077409,0.15189,-0.12795,-0.27139,-0.37273,0.020474,-0.016998,0.058825,0.12593,-0.43472,-0.42995,-0.27933,-0.35082,-0.3651,-0.44691
-0.19749,-0.17965,-0.086481,-0.063112,-0.24125,-0.17396,-0.39673,-0.32226,-0.24662,-0.054301,-0.27969,-0.12099,-0.27435,-0.22826,-0.28117,-0.30624,0.095207,0.0092349,0,0.035516,-0.0087383,-0.10396,0.070894,0.046465,-0.15803,-0.17753,-0.068144,-0.06643,-0.13992,-0.19858,-0.29631,-0.4027,-0.39442,-0.41548,-0.50086,-0.5522,-0.36259,-0.4748,-0.24947,-0.080104,-0.1611,-0.026681,-0.33823,-0.27539,-0.36138,-0.35572,-0.51596,-0.48113,-0.28711,-0.26349,-0.13468,-0.55813,0.030666,-0.066588,-0.097841,-0.022424,-0.20693,-0.50498,-0.44152,-0.26227,-0.11773,-0.2735,-0.20196,-0.24609,-0.066182,-0.41928,-0.33104,-0.34722,-0.27395,-0.33922,-0.39994,-0.39665,-0.44321,-0.43419,-0.38366,-0.2238,-0.14583,-0.14107,-0.012741,-0.28889,-0.18948,-0.035662,-0.11966,-0.01847,0.073952,-0.18726,-0.028401,-0.4786,-0.43238,-0.43062,-0.50995,-0.082502,0.083616,-0.23599,-0.20099,-0.20031,-0.091313,-0.2367,-0.11787,-0.18905,-0.057807,-0.41774,-0.23455,-0.20676,-0.18882
-0.12509,0.068889,-0.15409,-0.1241,-0.25079,-0.014219,-0.57134,-0.32933,0.18438,0.18825,-0.12388,0.26995,-0.20562,-0.18511,0.10163,0.12164,0.048724,-0.059139,0.035516,0,0.2672,0.25437,0.26911,0.5448,0.24298,-0.057862,0.24628,0.2625,-0.018494,-0.19093,-0.4047,-0.56424,-0.3347,-0.36775,-0.56508,-0.62827,-0.49841,-0.63001,-0.36356,-0.12666,0.0066794,0.27762,-0.3514,-0.17281,-0.24016,-0.20649,-0.46597,-0.3778,-0.091501,-0.21258,0.053623,-0.37207,0.024217,0.16342,-0.086099,0.1682,-0.050565,-0.44358,-0.39645,-0.037575,0.23286,-0.1944,-0.13869,-0.39057,-0.22745,-0.40566,-0.28292,-0.37661,-0.18992,-0.20991,-0.42494,-0.30161,-0.37387,-0.33461,-0.25694,-0.19932,0.10441,-0.30997,-0.051104,-0.43434,-0.35752,0.10706,-0.099089,-0.13028,0.030678,-0.47937,-0.14938,-0.41868,-0.40084,-0.1976,-0.20473,-0.22116,0.21729,-0.05966,0.067835,-0.079505,0.06677,-0.3512,-0.13632,-0.13072,-0.0089987,-0.44258,-0.19052,-0.1488,-0.080879
-0.19255,0.066437,-0.35157,-0.34217,-0.22165,0.18926,-0.53101,-0.17323,-0.019196,0.077034,-0.45327,0.17882,-0.38258,-0.32742,0.27583,0.094638,0.088612,-0.32233,-0.0087383,0.2672,0,0.00069034,0.32667,0.33824,-0.015599,-0.18895,0.20223,0.083162,0.050771,-0.079916,-0.31684,-0.46018,-0.48929,-0.485,-0.68627,-0.80915,-0.71881,-0.80255,-0.5398,-0.25496,0.18073,0.22668,-0.37552,-0.035771,-0.3789,-0.30919,-0.71258,-0.62618,0.16993,-0.44141,-0.071687,-0.29009,-0.038968,0.18395,-0.24504,0.042341,-0.26638,-0.73322,-0.69208,-0.10555,0.12018,0.11549,0.20366,-0.10763,0.063276,-0.62081,-0.48826,-0.26126,-0.10296,-0.052745,-0.24178,-0.25353,-0.3509,-0.48503,-0.43598,-0.47891,-0.071142,-0.51116,-0.26959,-0.59717,-0.5345,0.0032943,-0.36743,-0.088437,-0.039319,-0.62241,-0.31942,-0.64097,-0.65513,-0.20631,-0.33136,-0.36252,0.081521,-0.17812,0.086735,-0.30778,-0.10499,-0.56789,-0.3275,0.16597,0.35774,-0.26675,-0.054676,-0.055318,0.16052
0.01606,0.0074242,-0.2887,-0.19419,-0.25019,-0.1905,-0.43015,-0.32824,-0.028183,0.20053,-0.0083205,0.52245,-0.4005,-0.32008,-0.14007,-0.016496,-0.17872,-0.021522,-0.10396,0.25437,0.00069034,0,-0.052781,0.29933,-0.014425,0.17243,0.11924,0.37821,-0.032083,-0.30766,-0.28131,-0.49987,-0.34604,-0.41406,-0.3907,-0.51675,-0.3307,-0.39757,-0.3208,-0.11653,-0.18221,0.064735,-0.11879,-0.22859,-0.04225,-0.091477,-0.1599,-0.1043,-0.31119,-0.35749,-0.18086,-0.40354,-0.22344,-0.1528,-0.32417,-0.095746,0.16244,-0.15362,-0.16456,-0.23525,0.061047,-0.26107,-0.23104,-0.32002,-0.23082,-0.088715,0.012517,-0.39313,-0.40715,-0.19518,-0.3705,-0.13709,-0.20536,0.025022,0.075363,-0.20922,0.051873,-0.42075,-0.18628,-0.41138,-0.45749,-0.15917,-0.15852,-0.32576,-0.1725,-0.46114,-0.18834,-0.084422,-0.14966,0.13867,0.093511,-0.2305,0.026372,-0.26105,-0.039404,-0.21768,-0.08946,-0.12086,0.094735,-0.37474,-0.22379,-0.55846,-0.37498,-0.3976,-0.24823
-0.04291,0.011542,-0.20673,-0.28143,-0.1092,0.037733,-0.4749,-0.25913,0.0054864,0.04876,-0.36317,0.017065,-0.3838,-0.33347,0.23853,0.10447,-0.032906,-0.29362,0.070894,0.26911,0.32667,-0.052781,0,0.36906,0.12394,-0.22532,0.25281,0.12939,0.089939,0.036897,-0.46558,-0.59424,-0.52751,-0.50551,-0.69634,-0.69331,-0.55164,-0.69767,-0.25026,-0.026294,0.31644,0.31105,-0.51983,-0.22746,-0.59153,-0.52826,-0.7103,-0.65817,0.11531,-0.24073,-0.10834,-0.34798,0.25057,0.18369,-0.059339,0.35368,-0.12269,-0.68849,-0.62896,0.090992,0.12316,-0.10772,0.027147,-0.28511,-0.20596,-0.6378,-0.50629,-0.27851,-0.13972,-0.35164,-0.47393,-0.55629,-0.66814,-0.59466,-0.50606,-0.30556,-0.13577,-0.34281,-0.1972,-0.41254,-0.34147,0.20432,-0.20062,-0.14167,-0.1036,-0.47786,-0.26808,-0.62264,-0.65013,-0.35491,-0.43391,-0.29258,0.062343,-0.092113,-0.11486,-0.28056,-0.1852,-0.50824,-0.30544,-0.01018,0.051976,-0.35091,-0.18048,-0.043231,-0.0013867
0.0031611,0.16067,-0.24254,-0.22619,-0.15786,0.10622,-0.51417,-0.20708,-0.0071275,0.26031,-0.23359,0.34133,-0.41345,-0.35018,0.17922,0.1888,-0.06611,-0.19814,0.046465,0.5448,0.33824,0.29933,0.36906,0,0.15168,-0.020601,0.46202,0.50883,0.1279,-0.062246,-0.38116,-0.58458,-0.48249,-0.53253,-0.64126,-0.71664,-0.50697,-0.61876,-0.31304,-0.0015926,0.19666,0.61238,-0.36472,-0.14646,-0.34136,-0.34194,-0.49873,-0.42558,-0.027178,-0.312,-0.084991,-0.33992,0.066443,0.18515,-0.10674,0.21801,0.044715,-0.49245,-0.46599,-0.09571,0.27935,-0.1516,-0.0098647,-0.32467,-0.19666,-0.43692,-0.31622,-0.3683,-0.19508,-0.24408,-0.42764,-0.35367,-0.44791,-0.34614,-0.2807,-0.25575,0.031792,-0.40362,-0.2033,-0.42288,-0.43719,0.078584,-0.1897,-0.19485,-0.085524,-0.50685,-0.27287,-0.42621,-0.45996,-0.13762,-0.2735,-0.32358,0.14363,-0.17329,0.064232,-0.25589,-0.089836,-0.36571,-0.10208,-0.10576,-0.021389,-0.48168,-0.21894,-0.17958,-0.019784
-0.078094,-0.15392,0.059061,0.018203,-0.0366,-0.2174,-0.376,-0.4386,0.12886,-0.0099313,0.028001,-0.092488,-0.17933,-0.3013,0.10655,0.019935,-0.19714,-0.03049,-0.15803,0.24298,-0.015599,-0.014425,0.12394,0.15168,0,-0.060514,0.058122,0.086117,-0.056548,-0.19021,-0.44091,-0.4982,-0.27165,-0.32946,-0.38412,-0.40936,-0.26205,-0.36153,-0.05762,0.10454,-0.034608,0.025234,-0.42242,-0.29568,-0.35304,-0.33426,-0.34138,-0.26252,-0.13015,-0.059176,-0.1463,-0.25651,0.096267,-0.023024,0.046338,0.17028,0.00052079,-0.3509,-0.30279,0.059412,-0.014534,-0.38174,-0.34512,-0.54074,-0.56371,-0.32808,-0.19875,-0.38303,-0.15679,-0.29229,-0.53089,-0.46565,-0.49785,-0.32619,-0.22716,0.10443,0.15087,-0.14066,-0.053441,-0.1786,-0.21391,0.24337,0.15943,-0.15098,-0.12188,-0.25502,-0.15525,-0.31179,-0.29835,-0.30428,-0.27282,-0.1749,-0.083193,-0.030793,-0.21108,-0.11287,-0.12093,-0.34466,-0.17207,-0.20406,-0.22512,-0.30148,-0.1995,-0.20814,-0.23041
-0.0058558,-0.33418,-0.12417,0.056427,-0.089303,-0.42022,0.01067,-0.3195,-0.13024,0.08817,0.13961,-0.013092,-0.30462,-0.28715,-0.18273,-0.18818,-0.36631,0.087916,-0.17753,-0.057862,-0.18895,0.17243,-0.22532,-0.020601,-0.060514,0,-0.1733,0.058346,0.12344,-0.23647,-0.0037727,-0.098077,-0.13024,-0.28387,-0.035989,-0.17383,0.031126,-0.019439,-0.10059,0.064408,-0.17603,-0.1874,0.14101,-0.0625,-0.0037061,-0.037145,-0.021395,0.08487,-0.26501,-0.17531,-0.21871,-0.25383,-0.37425,-0.489,-0.48531,-0.30056,0.062852,0.06924,0.047634,-0.28369,-0.29036,-0.28003,-0.28698,-0.3883,-0.31164,0.10755,0.24757,-0.12662,-0.21359,-0.087238,-0.15763,-0.032937,-0.078094,0.16258,0.29162,-0.14926,-0.085354,-0.17424,-0.041094,-0.11946,-0.082127,-0.17184,0.072813,-0.16292,-0.11618,-0.14872,-0.012039,0.1127,0.090714,0.053629,-0.03683,-0.051491,-0.18361,-0.42362,-0.28627,-0.081527,-0.035977,0.081067,0.22928,-0.46157,-0.4563,-0.26863,-0.31337,-0.61378,-0.5049
-0.016393,0.22147,-0.36998,-0.35673,-0.22042,0.12692,-0.61675,-0.2231,-0.099876,0.069585,-0.31933,0.21757,-0.52743,-0.47825,0.13044,0.27037,-0.1816,-0.37767,-0.068144,0.24628,0.20223,0.11924,0.25281,0.46202,0.058122,-0.1733,0,0.43604,0.093063,-0.068386,-0.49912,-0.71893,-0.67289,-0.68022,-0.79414,-0.81802,-0.56857,-0.66273,-0.3151,-0.057002,0.15171,0.55515,-0.51959,-0.28847,-0.43457,-0.45649,-0.47772,-0.49002,-0.021467,-0.31035,-0.14075,-0.27474,0.1116,0.24264,-0.072474,0.22764,-0.019378,-0.53212,-0.54207,-0.14496,0.21779,-0.17623,0.031114,-0.38602,-0.27899,-0.45829,-0.39395,-0.32437,-0.31518,-0.30559,-0.53865,-0.44458,-0.50696,-0.37591,-0.33787,-0.25913,-0.032168,-0.46968,-0.3319,-0.37488,-0.48709,-0.049729,-0.27288,-0.28031,-0.1831,-0.53291,-0.36663,-0.42747,-0.5456,-0.10188,-0.35711,-0.41573,0.052387,-0.15951,0.043867,-0.33618,-0.18984,-0.40292,-0.20907,-0.12862,0.0039846,-0.53536,-0.17662,-0.26012,-0.090205
0.040985,-0.037121,-0.31201,-0.25945,-0.15153,-0.11894,-0.46643,-0.39269,-0.12697,0.13626,-0.15829,0.24261,-0.53268,-0.44504,0.067236,0.16525,-0.25733,-0.18982,-0.06643,0.2625,0.083162,0.37821,0.12939,0.50883,0.086117,0.058346,0.43604,0,0.15345,-0.12573,-0.38181,-0.58927,-0.54336,-0.58688,-0.56461,-0.63275,-0.38679,-0.48338,-0.22507,0.019081,0.08269,0.30396,-0.31408,-0.25544,-0.29464,-0.35128,-0.329,-0.29182,-0.16447,-0.30098,-0.23576,-0.27659,-0.027989,-0.039646,-0.1808,0.074115,0.1057,-0.30238,-0.29216,-0.24184,0.017792,-0.22312,-0.045369,-0.34866,-0.30581,-0.24801,-0.17765,-0.34815,-0.26154,-0.28033,-0.46473,-0.33208,-0.44179,-0.19138,-0.13061,-0.20661,-0.05424,-0.43078,-0.25906,-0.3655,-0.42104,-0.044376,-0.14906,-0.31767,-0.12409,-0.4768,-0.33282,-0.23837,-0.29748,-0.06356,-0.19346,-0.34776,-0.051067,-0.28151,-0.10613,-0.26516,-0.15766,-0.22342,-0.023175,-0.23223,-0.15323,-0.46042,-0.22925,-0.31911,-0.16692
0.21363,-0.14528,-0.23209,-0.19103,0.11417,-0.10675,-0.13854,-0.21042,-0.15208,0.11573,-0.19895,-0.087395,-0.37474,-0.32328,0.17807,0.13195,-0.33125,-0.28999,-0.13992,-0.018494,0.050771,-0.032083,0.089939,0.1279,-0.056548,0.12344,0.093063,0.15345,0,0.29796,-0.14226,-0.20929,-0.3362,-0.36548,-0.36277,-0.38482,-0.21611,-0.28414,-0.12966,0.045375,0.3518,0.082514,-0.21421,-0.024023,-0.33433,-0.31316,-0.38697,-0.37357,0.18801,-0.13682,-0.10896,-0.11117,-0.04893,-0.19395,-0.30191,-0.065637,-0.088933,-0.35882,-0.39238,-0.13263,-0.16436,0.0093015,0.13043,-0.32083,-0.18363,-0.3025,-0.24428,-0.018391,-0.1123,-0.20831,-0.16408,-0.30483,-0.37517,-0.25753,-0.20308,-0.32112,-0.284,-0.29275,-0.15326,-0.22167,-0.2164,-0.11422,-0.14749,-0.14142,-0.091107,-0.31945,-0.25551,-0.29152,-0.37236,-0.051582,-0.33305,-0.19637,-0.14526,-0.319,-0.16919,-0.23159,-0.13982,-0.23966,-0.15144,-0.19709,-0.13956,-0.26979,-0.12268,-0.40938,-0.20979
0.004572,-0.14534,-0.22624,-0.33317,0.075284,0.014909,-0.21869,-0.11669,-0.33808,-0.14853,-0.42113,-0.31287,-0.32789,-0.31301,0.099319,0.017586,-0.39145,-0.46728,-0.19858,-0.19093,-0.079916,-0.30766,0.036897,-0.062246,-0.19021,-0.23647,-0.068386,-0.12573,0.29796,0,-0.20513,-0.18352,-0.35784,-0.34609,-0.4593,-0.36775,-0.3381,-0.38914,-0.20248,-0.1471,0.36391,0.014479,-0.43824,-0.10201,-0.48686,-0.43532,-0.60819,-0.5893,0.32413,-0.098616,-0.076876,0.021443,0.054664,-0.081436,-0.18685,-0.089575,-0.31389,-0.57434,-0.61461,-0.10975,-0.1927,-0.052817,0.14159,-0.36754,-0.1931,-0.54163,-0.47323,-0.077845,0.014219,-0.37433,-0.15915,-0.47643,-0.49075,-0.49516,-0.46212,-0.41917,-0.48928,-0.25202,-0.24879,-0.27922,-0.27389,-0.17235,-0.31031,-0.17308,-0.26075,-0.35025,-0.42657,-0.54262,-0.60937,-0.30279,-0.55925,-0.21559,-0.13626,-0.15571,-0.097787,-0.24227,-0.21601,-0.32659,-0.33225,-0.13121,-0.068738,-0.22609,-0.037563,-0.20939,-0.056439
-0.32203,-0.47775,-0.40417,-0.2942,-0.18705,-0.41742,0.16341,-0.25726,-0.30899,-0.39139,-0.19124,-0.29396,-0.27231,-0.37395,-0.32196,-0.30788,-0.47579,-0.17065,-0.29631,-0.4047,-0.31684,-0.28131,-0.46558,-0.38116,-0.44091,-0.0037727,-0.49912,-0.38181,-0.14226,-0.20513,0,0.44512,0.033403,-0.15836,0.11552,-0.04053,-0.12897,-0.068829,-0.3867,-0.37326,-0.31592,-0.49053,0.19581,0.078596,0.050238,0.11578,-0.29072,-0.17217,-0.27117,-0.43492,-0.36981,-0.068259,-0.65251,-0.61387,-0.74937,-0.6931,-0.42758,-0.15645,-0.18553,-0.3874,-0.58902,-0.12281,-0.19583,-0.037248,-0.086705,-0.19566,-0.083986,0.094468,-0.061568,0.23477,0.42508,0.23184,0.16507,-0.11767,-0.068156,-0.54644,-0.42767,-0.37623,-0.3265,-0.3664,-0.25278,-0.52699,-0.31144,-0.33129,-0.36642,-0.29283,-0.19881,-0.22672,-0.16781,-0.18234,-0.13758,-0.21809,-0.37494,-0.4222,-0.34612,-0.28878,-0.33567,-0.17169,-0.29077,-0.30197,-0.35912,-0.025349,-0.25851,-0.59858,-0.42391
-0.39087,-0.64813,-0.24416,-0.18717,-0.1735,-0.50568,0.29811,-0.2462,-0.4266,-0.4525,-0.23227,-0.54539,-0.12465,-0.22775,-0.39479,-0.48081,-0.51169,-0.19735,-0.4027,-0.56424,-0.46018,-0.49987,-0.59424,-0.58458,-0.4982,-0.098077,-0.71893,-0.58927,-0.20929,-0.18352,0.44512,0,0.12236,-0.033379,0.23315,0.16835,-0.014782,0.066406,-0.30432,-0.40107,-0.36396,-0.65618,0.092034,0.030605,-0.041348,0.029152,-0.2296,-0.14614,-0.24366,-0.23778,-0.29126,-0.023587,-0.64236,-0.73381,-0.67065,-0.764,-0.53344,-0.12691,-0.15604,-0.40563,-0.74308,-0.18937,-0.2854,-0.22228,-0.17233,-0.16026,-0.11075,0.087322,-0.013643,0.012178,0.41781,0.065958,0.12097,-0.14934,-0.12795,-0.46137,-0.53083,-0.16559,-0.21163,-0.20947,-0.074781,-0.49705,-0.26041,-0.17883,-0.32368,-0.11829,-0.19342,-0.19966,-0.12699,-0.29193,-0.26851,-0.077428,-0.43563,-0.41298,-0.40936,-0.15332,-0.24471,-0.10508,-0.28485,-0.35321,-0.42641,0.10116,-0.17398,-0.52048,-0.47498
-0.2794,-0.46005,-0.064795,0.028843,-0.18716,-0.48779,0.038145,-0.31663,-0.090659,-0.32774,0.12948,-0.44721,0.33061,0.12783,-0.3786,-0.40099,-0.29542,0.013898,-0.39442,-0.3347,-0.48929,-0.34604,-0.52751,-0.48249,-0.27165,-0.13024,-0.67289,-0.54336,-0.3362,-0.35784,0.033403,0.12236,0,0.59112,0.33321,0.26004,0.072516,0.085294,-0.20433,-0.34177,-0.49255,-0.5606,0.093729,-0.066509,0.12644,0.2417,-0.1076,-0.01245,-0.38802,-0.076671,-0.10536,-0.28929,-0.52625,-0.57312,-0.44108,-0.51061,-0.3168,-0.038532,-0.050892,-0.18851,-0.45638,-0.31985,-0.54884,-0.35013,-0.36573,-0.11252,-0.081176,-0.26237,-0.25753,-0.13929,-0.022418,-0.071463,-0.054095,-0.11472,-0.10094,-0.17971,-0.27223,-0.03835,0.070597,-0.16602,-0.015575,-0.40292,-0.090417,-0.19771,-0.19765,-0.058764,0.082654,-0.14571,-0.013474,-0.26397,-0.086675,-0.10458,-0.4213,-0.33105,-0.40657,-0.11904,-0.20705,-0.21013,-0.30146,-0.46256,-0.50428,-0.20607,-0.41231,-0.50166,-0.51514
-0.25162,-0.4371,-0.072759,-0.035595,-0.2021,-0.4438,-0.10502,-0.35697,-0.12735,-0.32281,0.014219,-0.53088,0.41024,0.35768,-0.38798,-0.42531,-0.19236,-0.09448,-0.41548,-0.36775,-0.485,-0.41406,-0.50551,-0.53253,-0.32946,-0.28387,-0.68022,-0.58688,-0.36548,-0.34609,-0.15836,-0.033379,0.59112,0,0.10708,0.11679,0.0089926,-0.0012232,-0.21535,-0.40713,-0.49272,-0.55617,-0.053035,-0.15644,-0.0066249,0.080849,-0.144,-0.13641,-0.37286,-0.036933,-0.059236,-0.37983,-0.43317,-0.50903,-0.36909,-0.44874,-0.36622,-0.1337,-0.15014,-0.20719,-0.43409,-0.28196,-0.51804,-0.32638,-0.32022,-0.17015,-0.22223,-0.36593,-0.35797,-0.28314,-0.10689,-0.19748,-0.19287,-0.201,-0.22597,-0.19213,-0.36211,-0.035983,0.098725,-0.19289,-0.060066,-0.39926,-0.16249,-0.1787,-0.11545,-0.072668,0.019372,-0.20953,-0.10812,-0.30226,-0.14893,-0.15742,-0.47655,-0.3514,-0.42864,-0.16916,-0.22639,-0.28969,-0.38085,-0.44393,-0.41988,-0.27165,-0.44222,-0.3952,-0.42075
-0.27837,-0.68657,-0.16792,-0.043952,-0.17053,-0.75889,0.39704,-0.35034,-0.27093,-0.42853,0.083404,-0.50929,-0.081757,-0.17922,-0.51045,-0.53876,-0.54966,-0.029491,-0.50086,-0.56508,-0.68627,-0.3907,-0.69634,-0.64126,-0.38412,-0.035989,-0.79414,-0.56461,-0.36277,-0.4593,0.11552,0.23315,0.33321,0.10708,0,0.61928,0.28436,0.43477,-0.087668,-0.25888,-0.57885,-0.76757,0.29993,-0.12881,0.083962,0.085439,0.11731,0.24393,-0.51067,-0.18142,-0.38484,-0.24718,-0.72437,-1,-0.61484,-0.69899,-0.26799,0.26014,0.21941,-0.30349,-0.6977,-0.40009,-0.61183,-0.33255,-0.4842,0.13063,0.14707,-0.16433,-0.31009,-0.146,-0.062167,-0.035383,-0.0070306,0.072777,0.075108,-0.16728,-0.31457,-0.10822,-0.13698,-0.076931,0.036055,-0.50618,-0.11082,-0.33444,-0.38064,0.0050686,-0.032888,0.11377,0.26275,-0.19506,-0.026045,-0.13085,-0.5883,-0.51861,-0.6403,-0.2398,-0.36463,-0.061507,-0.20368,-0.56247,-0.78224,-0.095716,-0.44537,-0.67259,-0.74744
-0.29259,-0.65483,-0.13461,-0.065516,-0.20352,-0.7248,0.27103,-0.31373,-0.32654,-0.45307,-0.015406,-0.63312,-0.011027,-0.13465,-0.49144,-0.53229,-0.61581,-0.14154,-0.5522,-0.62827,-0.80915,-0.51675,-0.69331,-0.71664,-0.40936,-0.17383,-0.81802,-0.63275,-0.38482,-0.36775,-0.04053,0.16835,0.26004,0.11679,0.61928,0,0.22529,0.34684,-0.01979,-0.26988,-0.54369,-0.74406,0.064293,-0.19393,-0.073352,-0.059466,0.048554,0.11191,-0.45879,-0.070736,-0.33331,-0.22224,-0.6242,-0.86288,-0.48439,-0.58619,-0.27768,0.14535,0.10228,-0.23733,-0.66091,-0.40046,-0.58739,-0.47335,-0.56691,0.018464,-0.0088776,-0.16838,-0.29241,-0.29826,-0.13759,-0.22974,-0.15817,-0.077518,-0.098816,-0.1364,-0.3736,-0.038387,-0.11669,0.004239,0.090968,-0.51945,-0.15413,-0.33502,-0.43737,0.027154,-0.12009,0.012444,0.11237,-0.29167,-0.16651,-0.1117,-0.56577,-0.41825,-0.61866,-0.19139,-0.35906,-0.076011,-0.2643,-0.59769,-0.77357,-0.13276,-0.36539,-0.57622,-0.73307
-0.057716,-0.63622,0.048827,0.13305,-0.018306,-0.74908,0.24857,-0.4499,-0.34388,-0.29803,0.25097,-0.57644,-0.12121,-0.15776,-0.53726,-0.52527,-0.51764,0.01976,-0.36259,-0.49841,-0.71881,-0.3307,-0.55164,-0.50697,-0.26205,0.031126,-0.56857,-0.38679,-0.21611,-0.3381,-0.12897,-0.014782,0.072516,0.0089926,0.28436,0.22529,0,0.85303,0.30457,0.035868,-0.46253,-0.56526,-0.011276,-0.32973,-0.13075,-0.18733,0.2293,0.17099,-0.53683,0.055252,-0.36151,-0.34176,-0.39479,-0.81526,-0.35214,-0.45752,-0.094789,0.25222,0.20266,-0.36984,-0.62763,-0.57457,-0.68373,-0.50415,-0.59771,0.23339,0.14259,-0.26006,-0.41911,-0.411,-0.27536,-0.27978,-0.24682,0.057825,0.083247,0.090241,-0.3525,0.14279,-0.0012051,0.2768,0.23503,-0.31534,0.18193,-0.23867,-0.2292,0.36234,0.028837,0.24929,0.25786,-0.22577,-0.21125,-0.032125,-0.57393,-0.51596,-0.72042,-0.19238,-0.31493,0.088879,-0.029079,-0.7275,-0.87712,-0.29429,-0.54188,-0.71937,-0.80127
-0.13688,-0.65614,-0.075036,0.02759,-0.090423,-0.76253,0.31729,-0.37371,-0.38942,-0.3615,0.13246,-0.60472,-0.16086,-0.21445,-0.5782,-0.56184,-0.59672,-0.081255,-0.4748,-0.63001,-0.80255,-0.39757,-0.69767,-0.61876,-0.36153,-0.019439,-0.66273,-0.48338,-0.28414,-0.38914,-0.068829,0.066406,0.085294,-0.0012232,0.43477,0.34684,0.85303,0,0.15902,-0.07222,-0.53605,-0.6706,0.053574,-0.29683,-0.094977,-0.15096,0.28047,0.22302,-0.54898,-0.065353,-0.4253,-0.30525,-0.52724,-0.94508,-0.44553,-0.57897,-0.16144,0.29377,0.20804,-0.40093,-0.68495,-0.5281,-0.67888,-0.45381,-0.57766,0.24221,0.13134,-0.22158,-0.43114,-0.34328,-0.21157,-0.21495,-0.16419,0.089,0.076465,-0.0045175,-0.36533,0.023381,-0.12019,0.20526,0.12783,-0.44621,0.0060678,-0.31109,-0.33808,0.25785,-0.053102,0.2724,0.27183,-0.1843,-0.18197,-0.10451,-0.65306,-0.5642,-0.71659,-0.26167,-0.37763,0.043183,-0.09646,-0.71953,-0.93333,-0.25702,-0.53066,-0.76574,-0.82982
0.08137,-0.44297,0.10531,0.070881,0.050117,-0.56541,0.0046205,-0.42844,-0.28119,-0.20117,0.075078,-0.50843,-0.22316,-0.2788,-0.32877,-0.35968,-0.47109,-0.10957,-0.24947,-0.36356,-0.5398,-0.3208,-0.25026,-0.31304,-0.05762,-0.10059,-0.3151,-0.22507,-0.12966,-0.20248,-0.3867,-0.30432,-0.20433,-0.21535,-0.087668,-0.01979,0.30457,0.15902,0,0.39825,-0.24975,-0.31096,-0.30357,-0.45176,-0.45204,-0.50341,-0.039434,-0.10681,-0.401,0.1017,-0.37446,-0.39801,-0.10247,-0.47929,-0.083937,-0.09267,0.10089,-0.074545,-0.083538,-0.1594,-0.39618,-0.54976,-0.54781,-0.61106,-0.75069,-0.073582,-0.10677,-0.32657,-0.41611,-0.61407,-0.54847,-0.6631,-0.62611,-0.22632,-0.19201,0.26908,-0.25276,0.11348,-0.035971,0.39377,0.16378,-0.10404,0.21515,-0.23542,-0.26513,0.23774,-0.078736,-0.027983,-0.072535,-0.35282,-0.39953,-0.10875,-0.45124,-0.35804,-0.69423,-0.26425,-0.38822,-0.1022,-0.1094,-0.60222,-0.67734,-0.38954,-0.46103,-0.51237,-0.63672
0.18,-0.24711,0.046998,0.062173,0.082956,-0.32667,-0.094075,-0.28768,-0.17999,0.021443,0.0040512,-0.23905,-0.35894,-0.36847,-0.1608,-0.2024,-0.3251,-0.098356,-0.080104,-0.12666,-0.25496,-0.11653,-0.026294,-0.0015926,0.10454,0.064408,-0.057002,0.019081,0.045375,-0.1471,-0.37326,-0.40107,-0.34177,-0.40713,-0.25888,-0.26988,0.035868,-0.07222,0.39825,0,-0.037727,-0.03112,-0.29806,-0.30515,-0.46423,-0.52268,-0.17216,-0.18385,-0.26754,-0.045726,-0.30949,-0.42537,0.0031065,-0.2842,-0.052024,0.067623,0.27003,-0.20119,-0.18759,-0.13295,-0.18186,-0.45091,-0.37952,-0.53374,-0.57429,-0.17294,-0.1322,-0.325,-0.33998,-0.4684,-0.56098,-0.56367,-0.59024,-0.24815,-0.18127,0.15378,-0.079747,-0.04334,-0.083792,0.15124,0.017876,0.082393,0.1875,-0.17137,-0.17289,0.024507,-0.089297,-0.12239,-0.17127,-0.251,-0.39753,-0.18446,-0.2603,-0.37289,-0.46285,-0.30525,-0.30182,-0.18306,0.0059345,-0.40744,-0.51253,-0.43576,-0.43007,-0.44605,-0.45838
0.0018106,-0.085021,-0.28498,-0.36213,0.069846,0.12041,-0.28836,-0.1353,-0.20385,-0.041372,-0.44471,-0.13444,-0.45425,-0.38241,0.39183,0.1487,-0.26428,-0.46304,-0.1611,0.0066794,0.18073,-0.18221,0.31644,0.19666,-0.034608,-0.17603,0.15171,0.08269,0.3518,0.36391,-0.31592,-0.36396,-0.49255,-0.49272,-0.57885,-0.54369,-0.46253,-0.53605,-0.24975,-0.037727,0,0.2798,-0.43637,-0.02263,-0.54855,-0.51277,-0.66543,-0.60612,0.37427,-0.2032,-0.12064,-0.082847,0.079977,0.020414,-0.17405,0.061059,-0.19813,-0.61771,-0.60074,-0.092397,-0.074164,-0.026173,0.24534,-0.30049,-0.21071,-0.58854,-0.49409,-0.17449,0.034281,-0.28911,-0.27347,-0.44252,-0.54242,-0.52051,-0.45096,-0.41711,-0.32334,-0.37867,-0.3046,-0.37431,-0.32665,0.053599,-0.2819,-0.14743,-0.15903,-0.47717,-0.44157,-0.56657,-0.60212,-0.27077,-0.47901,-0.39049,-0.12709,-0.27235,-0.11527,-0.34034,-0.24332,-0.48211,-0.3069,0.061495,-0.040664,-0.20989,-0.093729,-0.1417,0.021479
-0.00039967,0.29902,-0.28739,-0.31948,-0.18453,0.32449,-0.57748,-0.090817,-0.12783,0.13395,-0.3579,0.15309,-0.43258,-0.33174,0.16848,0.1605,-0.079371,-0.37107,-0.026681,0.27762,0.22668,0.064735,0.31105,0.61238,0.025234,-0.1874,0.55515,0.30396,0.082514,0.014479,-0.49053,-0.65618,-0.5606,-0.55617,-0.76757,-0.74406,-0.56526,-0.6706,-0.31096,-0.03112,0.2798,0,-0.49943,-0.15678,-0.43988,-0.44843,-0.54891,-0.53288,0.024459,-0.25932,-0.015896,-0.32768,0.12171,0.31105,-0.043607,0.31626,0.0061404,-0.5951,-0.59699,-0.12791,0.31934,-0.16689,0.054331,-0.39881,-0.23395,-0.53287,-0.46268,-0.42695,-0.24917,-0.35293,-0.49115,-0.47195,-0.54657,-0.43969,-0.40577,-0.28103,-0.07704,-0.39462,-0.25544,-0.3709,-0.42964,0.044061,-0.2863,-0.18319,-0.12804,-0.48995,-0.33518,-0.50972,-0.57571,-0.17322,-0.40471,-0.43776,0.090659,-0.19625,0.093802,-0.3273,-0.16116,-0.43117,-0.17697,-0.10097,-0.013201,-0.54268,-0.22982,-0.16187,-0.00052684
