,,,,,,,,,,,,,,,,,,,,,,,,,,,,,,,,,,,,,,,,,,,,,,,,,,,,,,,,,,,,,,,,,,,,,,,,,,,,,,,,,,,,,,,,,,,,,,,,,,,,,,,,
0,-0.16942,0.32671,0.26796,0.28469,-0.17805,0.58196,-0.056071,0.13936,-0.019485,0.25898,0.38884,0.42876,0.40722,0.12044,-0.18546,-0.15677,0.067005,0.25361,0.067929,-0.11526,0.27785,0.27532,0.071111,0.15357,0.36093,0.19173,0.18819,0.089365,-0.074008,-0.094924,-0.082087,0.091457,0.48648,0.39736,0.33171,0.30727,0.10472,0.31755,0.42055,0.12325,0.087021,0.59635,-0.069446,0.40963,0.27098,0.41049,0.34836,-0.31626,0.29223,0.25076,0.058174,0.14513,-0.12672,0.15471,0.071787,0.083314,0.25775,0.20662,0.20763,0.078157,-0.17751,-0.053087,-0.218,-0.30115,0.34691,0.24209,-0.035406,0.11004,-0.089175,-0.20743,-0.20283,-0.051712,0.45379,0.5871,0.25367,0.2439,0.33562,0.34205,0.25934,0.30366,0.059725,0.1414,0.2313,0.1616,0.38624,0.50489,0.26838,0.31269,0.11181,0.13848,0.24771,0.17149,0.098517,-0.039175,0.14555,0.13373,0.17534,0.17868,-0.063616,-0.20125,0.13429,0.27089,-0.38552,-0.44178
-0.16942,0,-0.43477,-0.53905,-0.051592,0.5837,-0.18606,0.44717,-0.27989,0.17775,-0.098075,-0.1321,-0.06189,-0.37652,-0.30685,0.13248,0.20107,-0.04869,-0.43237,0.0072466,0.10014,-0.11233,-0.28347,0.058423,-0.29202,-0.34035,0.035695,-0.16276,0.16272,0.30349,0.37378,0.36783,0.19758,-0.32289,-0.054054,-0.14301,-0.041281,0.020517,-0.35244,-0.34381,-0.066371,-0.057205,-0.13738,0.48966,-0.12196,0.06023,-0.019997,-0.031361,0.37867,-0.4439,-0.50436,-0.12795,-0.2213,0.12272,-0.33534,-0.14052,-0.10238,-0.2812,-0.25531,-0.44038,-0.1376,0.056191,-0.054632,0.23845,0.22209,-0.17604,-0.074042,0.12099,-0.38219,-0.0088753,0.42158,0.37974,0.22112,-0.22132,-0.18835,-0.34571,-0.38052,-0.49416,-0.50067,-0.36948,-0.36649,0.014392,-0.097014,-0.24478,-0.26617,-0.39214,-0.18621,-0.23974,-0.10587,-0.11348,-0.15503,-0.5723,-0.24395,-0.29151,-0.045678,-0.4201,-0.4172,-0.11694,-0.23167,0.23572,0.19778,-0.45891,-0.32585,0.15638,0.17296
0.32671,-0.43477,0,0.67547,0.1749,-0.35549,0.31115,-0.27587,0.36233,-0.14742,0.27446,0.23853,0.18976,0.48363,0.26992,-0.079794,-0.10662,0.15573,0.64421,0.094695,-0.039373,0.23208,0.39155,0.032013,0.38122,0.46854,0.035149,0.21066,-0.071089,-0.26671,-0.30394,-0.29934,-0.061068,0.46871,0.15462,0.25522,0.14119,0.031654,0.50718,0.50955,0.14766,0.14333,0.26003,-0.28648,0.31202,0.072572,0.16313,0.1721,-0.6242,0.84859,0.67276,0.18358,0.31788,-0.048388,0.40921,0.20635,0.1885,0.50849,0.42192,0.51707,0.22277,-0.03768,0.093591,-0.19061,-0.23329,0.33758,0.22861,-0.10035,0.31392,0.038709,-0.42924,-0.24705,-0.15624,0.37666,0.35549,0.56431,0.57618,0.77078,0.63993,0.37515,0.41153,0.080258,0.20486,0.34607,0.35504,0.49198,0.3247,0.44097,0.27846,0.20641,0.20679,0.64345,0.27178,0.27297,0.058747,0.3392,0.3478,0.14319,0.26716,-0.094664,-0.17443,0.37599,0.29979,-0.1833,-0.17205
0.26796,-0.53905,0.67547,0,0.11738,-0.45418,0.25386,-0.36253,0.40169,-0.12808,0.22171,0.18631,0.13612,0.46181,0.27386,-0.086904,-0.12393,0.12901,0.57199,0.056006,-0.05695,0.17201,0.3247,-0.01344,0.37451,0.48125,0.02809,0.17525,-0.11853,-0.32107,-0.29816,-0.3054,-0.11874,0.41298,0.1181,0.19543,0.12895,0.050488,0.41019,0.48299,0.10699,0.10796,0.20921,-0.38326,0.24531,0.03702,0.11948,0.11455,-0.4862,0.68128,0.73461,0.16676,0.29004,-0.063493,0.43608,0.18896,0.16103,0.45187,0.38096,0.52386,0.20995,-0.034454,0.095994,-0.21537,-0.17133,0.32286,0.16929,-0.066211,0.40759,0.079872,-0.36336,-0.24562,-0.13408,0.35431,0.31084,0.4805,0.51383,0.6853,0.58565,0.44653,0.46715,0.041389,0.16097,0.28855,0.32635,0.48237,0.25558,0.42007,0.21098,0.23375,0.25351,0.95354,0.33629,0.35532,0.10814,0.44681,0.45491,0.17086,0.32618,-0.13238,-0.19517,0.43698,0.31652,-0.1233,-0.13085
0.28469,-0.051592,0.1749,0.11738,0,-0.012957,0.33074,0.043569,0.057305,-0.11154,0.23906,0.4389,0.45617,0.16736,0.1396,0.0058621,0.0090954,0.16561,0.16954,0.262,0.073732,0.59954,0.30133,0.32666,0.13288,0.12051,0.065879,0.31995,0.201,0.039225,-0.097036,-0.071187,0.23721,0.20839,0.27946,0.5309,0.10323,-0.076022,0.26449,0.15648,0.34434,0.26548,0.33453,0.040671,0.2954,0.19927,0.27422,0.55928,-0.12766,0.16506,0.13622,0.16294,0.18059,0.044462,0.096095,0.15988,0.19843,0.16263,0.16831,0.14121,0.1271,0.00084171,0.0442,0.015852,-0.41415,0.11468,0.3801,-0.20548,-0.012798,-0.24789,-0.17674,-0.11322,-0.16237,0.14573,0.19754,0.18918,0.17328,0.16396,0.17539,0.05402,0.082713,0.26966,0.29983,0.30121,0.18298,0.15449,0.40147,0.12352,0.37476,-0.030853,-0.064178,0.11537,-0.029165,-0.050237,-0.27383,-0.0011278,0.0040194,-0.026028,-0.025986,0.081051,0.029871,0.071771,0.1141,-0.47849,-0.25184
-0.17805,0.5837,-0.35549,-0.45418,-0.012957,0,-0.1816,0.39032,-0.22491,0.098765,-0.063622,-0.1086,-0.053724,-0.41804,-0.20585,0.20715,0.2811,0.017369,-0.30436,0.078366,0.17951,-0.059333,-0.19427,0.12153,-0.19518,-0.41396,-0.023734,-0.10094,0.16001,0.28281,0.25735,0.25839,0.21562,-0.33691,-0.07362,-0.098603,-0.096757,-0.054299,-0.25548,-0.38884,0.0029475,0.016949,-0.14191,0.44145,-0.10201,0.033563,-0.033621,-0.0095988,0.34884,-0.34289,-0.36962,-0.046765,-0.13172,0.19946,-0.2421,-0.059174,-0.025355,-0.22233,-0.17998,-0.29866,-0.065485,0.11987,0.012012,0.33956,0.17666,-0.20823,-0.023299,0.04569,-0.37236,-0.024112,0.30357,0.36876,0.13754,-0.26838,-0.2163,-0.2468,-0.26964,-0.42781,-0.43036,-0.57082,-0.5219,0.08649,-0.023707,-0.15519,-0.16556,-0.44597,-0.16054,-0.22186,-0.063152,-0.13056,-0.22369,-0.4367,-0.34236,-0.32182,-0.088367,-0.47866,-0.41139,-0.20914,-0.32931,0.31643,0.27856,-0.31811,-0.39982,0.13482,0.18537
0.58196,-0.18606,0.31115,0.25386,0.33074,-0.1816,0,-0.053489,0.11379,-0.033663,0.20431,0.50481,0.46681,0.40591,0.16993,-0.16704,-0.17323,0.059403,0.25341,0.083976,-0.088683,0.33414,0.32998,0.11088,0.15168,0.31805,0.17349,0.27043,0.1196,-0.038759,-0.11489,-0.093038,0.097877,0.48785,0.42946,0.42907,0.24659,0.067077,0.36077,0.37426,0.16901,0.11484,0.74204,-0.068927,0.31858,0.21939,0.32462,0.34917,-0.26198,0.27908,0.24338,0.084454,0.15261,-0.12181,0.14499,0.089655,0.097748,0.22109,0.18682,0.21122,0.074282,-0.12925,-0.03713,-0.17388,-0.40256,0.24713,0.22846,-0.064287,0.1033,-0.14551,-0.23817,-0.28098,-0.09948,0.34023,0.40544,0.24608,0.23902,0.33124,0.35649,0.23859,0.27631,0.084278,0.16084,0.27664,0.17491,0.38141,0.69133,0.20682,0.28201,0.049875,0.086443,0.23977,0.13305,0.077366,-0.082898,0.1369,0.12494,0.15438,0.13795,-0.085694,-0.13723,0.14637,0.31713,-0.46782,-0.55864
-0.056071,0.44717,-0.27587,-0.36253,0.043569,0.39032,-0.053489,0,-0.39655,0.19787,-0.072162,-0.014027,0.049774,-0.19709,-0.24349,0.059057,0.11629,-0.074704,-0.3168,0.020196,0.055434,-0.020659,-0.16331,0.11479,-0.31881,-0.21532,0.11686,-0.065954,0.3195,0.44156,0.35702,0.39284,0.33333,-0.16033,0.06296,-0.03152,0.031987,0.038951,-0.19954,-0.19871,-0.015432,-0.037501,-0.014722,0.8792,-0.056713,0.14826,0.06772,0.063806,0.27828,-0.30453,-0.36635,-0.14008,-0.22124,0.058719,-0.40636,-0.15929,-0.10876,-0.25314,-0.24962,-0.37029,-0.18297,-0.0045368,-0.1241,0.17691,0.10571,-0.13239,-0.02583,0.10233,-0.71634,-0.1281,0.28982,0.21331,0.18383,-0.1328,-0.092535,-0.27422,-0.30358,-0.27567,-0.25724,-0.26637,-0.24336,0.033915,-0.067714,-0.15426,-0.24773,-0.21008,-0.058669,-0.2267,-0.045709,-0.18615,-0.19462,-0.39208,-0.26207,-0.47801,-0.14228,-0.51291,-0.65102,-0.073673,-0.24111,0.18495,0.16277,-0.53721,-0.16957,0.043883,0.049371
0.13936,-0.27989,0.36233,0.40169,0.057305,-0.22491,0.11379,-0.39655,0,-0.21397,0.25047,0.081152,0.038547,0.22512,0.22743,0.033702,0.010091,0.23218,0.4217,0.10508,0.039954,0.11489,0.23258,-0.016153,0.50374,0.25619,-0.087082,0.10265,-0.24787,-0.60079,-0.32163,-0.37865,-0.16297,0.2061,-0.0055202,0.10669,0.02863,-0.015437,0.26747,0.24904,0.10154,0.14405,0.080783,-0.35658,0.20169,-0.033364,0.044026,0.051489,-0.29855,0.40502,0.44298,0.23025,0.36716,0.054355,0.65155,0.2688,0.23307,0.47536,0.48095,0.4593,0.34831,0.057699,0.20893,-0.09303,-0.07507,0.24781,0.17469,-0.10252,0.4027,0.18383,-0.25592,-0.088546,-0.13253,0.21146,0.1806,0.42728,0.44368,0.32006,0.28619,0.25114,0.25009,0.080534,0.19064,0.23493,0.37085,0.23389,0.13197,0.42765,0.19341,0.33266,0.23743,0.42225,0.265,0.38136,0.15597,0.3544,0.41256,0.067776,0.25127,-0.022578,-0.10733,0.426,0.14218,-0.026651,0.001094
-0.019485,0.17775,-0.14742,-0.12808,-0.11154,0.098765,-0.033663,0.19787,-0.21397,0,-0.17193,-0.068988,-0.011233,-0.044119,-0.2383,-0.15285,-0.093407,-0.42401,-0.22116,-0.31358,-0.20505,-0.18182,-0.23659,-0.14536,-0.35113,-0.0259,0.28958,-0.17802,0.12809,0.1958,0.40915,0.40457,0.06508,-0.049184,0.078802,-0.13305,0.17013,0.33032,-0.19839,-0.041837,-0.2888,-0.41385,-0.0019424,0.17683,-0.10412,0.12604,0.047241,-0.056196,0.17607,-0.17371,-0.18016,-0.6696,-0.48994,-0.18245,-0.26802,-0.91829,-0.72167,-0.21069,-0.29769,-0.24605,-0.55288,-0.1862,-0.38303,-0.047866,0.18831,-0.010554,-0.22219,0.49262,-0.10195,0.013014,0.29788,0.099858,0.42309,0.0020902,-0.003777,-0.25322,-0.24654,-0.11525,-0.10956,-0.0011049,-0.0088669,-0.28757,-0.42234,-0.29716,-0.42114,-0.042784,-0.082487,-0.1288,-0.18246,-0.037635,0.055543,-0.14705,0.028113,-0.060462,0.085166,-0.06603,-0.099891,0.18585,0.038216,-0.058493,-0.048346,-0.2147,0.0093759,0.1149,0.024479
0.25898,-0.098075,0.27446,0.22171,0.23906,-0.063622,0.20431,-0.072162,0.25047,-0.17193,0,0.18829,0.21385,0.1843,0.099209,0.030403,0.065873,0.30101,0.27204,0.22234,0.062513,0.25575,0.23876,0.11994,0.26795,0.19937,-0.0016982,0.1222,-0.0075623,-0.16345,-0.15317,-0.15743,0.080269,0.20772,0.12306,0.21935,0.11229,-0.024743,0.25244,0.21724,0.17862,0.20911,0.19646,-0.062473,0.52386,0.16071,0.24425,0.27455,-0.27704,0.27552,0.24371,0.17838,0.28289,0.083004,0.24746,0.21005,0.24461,0.38745,0.37415,0.23902,0.26372,-0.0083641,0.11099,-0.043354,-0.1727,0.29258,0.47332,-0.15534,0.10708,0.025351,-0.19135,-0.023142,-0.092077,0.23995,0.26741,0.32152,0.29358,0.22844,0.20714,0.12547,0.15058,0.18893,0.28674,0.24709,0.26345,0.18163,0.24095,0.37655,0.53486,0.21111,0.10862,0.21751,0.10827,0.10275,-0.015745,0.10598,0.1237,0.0021483,0.10997,0.11546,-0.075461,0.1508,0.066158,-0.18594,-0.099986
0.38884,-0.1321,0.23853,0.18631,0.4389,-0.1086,0.50481,-0.014027,0.081152,-0.068988,0.18829,0,0.46581,0.28123,0.18687,-0.086021,-0.10433,0.087744,0.21406,0.14751,-0.016256,0.44161,0.35264,0.19463,0.142,0.20207,0.13085,0.35141,0.15756,0.0035761,-0.11978,-0.093203,0.14497,0.33032,0.36837,0.58342,0.15832,-0.0045675,0.33479,0.25066,0.24982,0.17947,0.48262,-0.025919,0.27881,0.19209,0.27882,0.40125,-0.18396,0.22448,0.19527,0.1249,0.16417,-0.052305,0.11994,0.12349,0.13905,0.18311,0.16964,0.18583,0.095178,-0.059116,3.073e-06,-0.080459,-0.56255,0.15895,0.25807,-0.12582,0.0538,-0.22225,-0.23324,-0.24271,-0.15091,0.22338,0.27103,0.21783,0.21048,0.24678,0.27197,0.14954,0.17918,0.1527,0.20993,0.30808,0.18146,0.25982,0.57012,0.14876,0.29163,-0.0060174,0.011593,0.18001,0.053933,0.019765,-0.16675,0.076439,0.070268,0.073405,0.055101,-0.028252,-0.047595,0.12098,0.23692,-0.54498,-0.4125
0.42876,-0.06189,0.18976,0.13612,0.45617,-0.053724,0.46681,0.049774,0.038547,-0.011233,0.21385,0.46581,0,0.23138,0.086423,-0.11221,-0.084836,0.069742,0.1531,0.12718,-0.042206,0.36205,0.23982,0.18265,0.083649,0.18872,0.18395,0.22874,0.22068,0.04003,-0.039175,-0.017577,0.22357,0.28067,0.49181,0.41309,0.23528,0.043821,0.23949,0.22434,0.1873,0.12962,0.54771,0.038795,0.32316,0.32113,0.43625,0.57431,-0.15564,0.16785,0.13484,0.058817,0.10531,-0.065717,0.065477,0.061359,0.088971,0.15079,0.12886,0.11597,0.044724,-0.12219,-0.06158,-0.082981,-0.34183,0.18599,0.27005,-0.073123,-0.0035982,-0.23231,-0.13751,-0.14116,-0.061339,0.2364,0.3046,0.16165,0.14873,0.1914,0.20345,0.11745,0.14883,0.12972,0.16804,0.21474,0.115,0.21703,0.4719,0.14119,0.30967,-0.00063583,0.010024,0.12542,0.038116,-0.025469,-0.17905,0.025806,0.017952,0.080959,0.04565,0.010713,-0.067639,0.04735,0.17474,-0.60906,-0.44687
0.40722,-0.37652,0.48363,0.46181,0.16736,-0.41804,0.40591,-0.19709,0.22512,-0.044119,0.1843,0.28123,0.23138,0,0.22079,-0.19574,-0.23564,0.050772,0.36778,0.0191,-0.13643,0.20237,0.31389,0.00026372,0.22578,0.59188,0.13378,0.20089,-0.012784,-0.16395,-0.18018,-0.16986,-0.040778,0.78249,0.24368,0.25556,0.22715,0.10734,0.39488,0.73215,0.095958,0.067284,0.34856,-0.22217,0.26186,0.11958,0.20192,0.17705,-0.40007,0.43055,0.40055,0.091125,0.18592,-0.15997,0.24859,0.10415,0.089113,0.30477,0.24701,0.32364,0.10732,-0.1237,-0.001993,-0.30406,-0.23519,0.33238,0.15466,-0.022338,0.25788,-0.0079283,-0.2933,-0.34959,-0.090594,0.46335,0.43133,0.32694,0.33554,0.58716,0.62932,0.47936,0.55721,0.011739,0.11737,0.25687,0.21735,0.99536,0.36378,0.30449,0.20715,0.15088,0.21664,0.42684,0.29397,0.23112,0.051306,0.31135,0.28734,0.24262,0.29497,-0.18458,-0.24411,0.26947,0.46787,-0.21081,-0.27472
0.12044,-0.30685,0.26992,0.27386,0.1396,-0.20585,0.16993,-0.24349,0.22743,-0.2383,0.099209,0.18687,0.086423,0.22079,0,0.045664,-0.041971,0.15738,0.33219,0.14825,0.087582,0.21766,0.38342,0.11402,0.3299,0.16999,-0.08585,0.36219,-0.058716,-0.12499,-0.41739,-0.36228,-0.088817,0.21022,0.05157,0.22883,-0.041412,-0.12162,0.35426,0.18693,0.25402,0.23631,0.1246,-0.24628,0.1003,-0.093966,-0.0066013,0.076106,-0.15323,0.28949,0.31286,0.33328,0.33124,0.043602,0.3033,0.3173,0.26123,0.21993,0.25267,0.37032,0.24634,0.13558,0.21827,-0.015273,-0.19395,0.068449,0.13784,-0.20068,0.25515,-0.0062102,-0.3573,-0.27215,-0.40457,0.10478,0.098494,0.30487,0.32261,0.2755,0.29436,0.17856,0.17844,0.15393,0.24101,0.38717,0.37825,0.21934,0.1975,0.14847,0.13796,0.038932,0.04272,0.29749,0.10584,0.18179,-0.0043664,0.23626,0.25313,0.02519,0.094636,-0.087459,0.025656,0.41175,0.23413,-0.090396,-0.062311
-0.18546,0.13248,-0.079794,-0.086904,0.0058621,0.20715,-0.16704,0.059057,0.033702,-0.15285,0.030403,-0.086021,-0.11221,-0.19574,0.045664,0,0.48514,0.23304,-0.020206,0.24344,0.59618,0.023765,-0.00077159,0.17129,0.070974,-0.20455,-0.37904,0.026812,-0.025156,0.045357,-0.017482,-0.02274,0.041936,-0.188,-0.22867,-0.029338,-0.3949,-0.32995,-0.038339,-0.19404,0.1456,0.20839,-0.18551,0.082752,-0.051693,-0.15552,-0.1519,-0.039457,0.14341,-0.055841,-0.045296,0.20695,0.11135,0.66879,0.04042,0.1953,0.20782,-0.0065845,0.046286,0.0028581,0.18319,0.47544,0.32551,0.43589,0.092664,-0.16202,0.070938,-0.15316,-0.037831,0.071528,0.057635,0.19317,-0.077573,-0.22781,-0.21244,0.0020779,-0.002165,-0.11199,-0.11923,-0.21693,-0.22207,0.24316,0.155,0.040251,0.085264,-0.19601,-0.10686,-0.048369,0.020652,-0.023952,-0.15605,-0.068214,-0.17808,-0.05352,-0.034244,-0.088555,-0.053232,-0.46796,-0.19252,0.29652,0.36188,0.014449,-0.23215,0.13519,0.2658
-0.15677,0.20107,-0.10662,-0.12393,0.0090954,0.2811,-0.17323,0.11629,0.010091,-0.093407,0.065873,-0.10433,-0.084836,-0.23564,-0.041971,0.48514,0,0.22256,-0.057484,0.22261,0.39991,0.0065376,-0.047723,0.15188,0.03018,-0.21276,-0.23752,-0.03687,0.0032962,0.060518,0.04383,0.035082,0.095706,-0.21402,-0.1862,-0.052618,-0.2203,-0.20489,-0.08097,-0.20691,0.098681,0.15913,-0.17063,0.14415,-0.014613,-0.059294,-0.075305,-0.0083166,0.14753,-0.086688,-0.084607,0.132,0.068759,0.54582,0.0025232,0.131,0.15775,-0.013985,0.028762,-0.043988,0.14243,0.27717,0.21892,0.38524,0.11978,-0.11023,0.088359,-0.10021,-0.092393,0.0789,0.10735,0.30136,-0.0010769,-0.18803,-0.16639,-0.026408,-0.036183,-0.14947,-0.1669,-0.2619,-0.25615,0.21274,0.1251,-0.0062325,0.037849,-0.23559,-0.11741,-0.034607,0.04122,0.0072287,-0.13194,-0.10979,-0.18395,-0.090432,-0.031646,-0.14363,-0.1042,-0.41105,-0.19024,0.46642,0.28049,-0.05086,-0.36884,0.1284,0.25528
0.067005,-0.04869,0.15573,0.12901,0.16561,0.017369,0.059403,-0.074704,0.23218,-0.42401,0.30101,0.087744,0.069742,0.050772,0.15738,0.23304,0.22256,0,0.20753,0.42142,0.27773,0.20836,0.20488,0.201,0.30632,0.050462,-0.2201,0.14351,-0.054612,-0.1244,-0.21045,-0.217,0.041229,0.062454,-0.031945,0.14835,-0.089848,-0.23704,0.1808,0.063152,0.27832,0.39912,0.039603,-0.052553,0.19394,-0.013957,0.045389,0.13388,-0.10506,0.1748,0.17103,0.38988,0.38591,0.29319,0.25079,0.43318,0.52321,0.24837,0.31939,0.21336,0.4945,0.20173,0.34931,0.12352,-0.093762,0.082291,0.33724,-0.34831,0.091446,0.054833,-0.15526,0.036233,-0.20663,0.046339,0.059018,0.24837,0.23303,0.11685,0.10389,0.0076492,0.020027,0.3625,0.43734,0.25158,0.32847,0.050068,0.10785,0.19105,0.27773,0.1196,-0.006294,0.14132,-0.0012356,0.069178,-0.037675,0.05935,0.092929,-0.17569,-0.0074366,0.20669,0.098237,0.16914,-0.030998,-0.055249,0.048199
0.25361,-0.43237,0.64421,0.57199,0.16954,-0.30436,0.25341,-0.3168,0.4217,-0.22116,0.27204,0.21406,0.1531,0.36778,0.33219,-0.020206,-0.057484,0.20753,0,0.13633,0.016739,0.24077,0.43496,0.057696,0.5169,0.34928,-0.023684,0.23451,-0.096751,-0.28922,-0.43128,-0.42558,-0.076514,0.35736,0.10538,0.24875,0.07793,-0.023558,0.5278,0.37191,0.18726,0.19438,0.20505,-0.31548,0.2744,0.024707,0.11478,0.1496,-0.45058,0.76143,0.75777,0.2559,0.42209,0.0054196,0.52975,0.28316,0.25454,0.54054,0.51964,0.75467,0.29701,0.023436,0.15763,-0.12403,-0.22418,0.26348,0.24237,-0.15404,0.33163,0.050604,-0.5309,-0.22276,-0.21974,0.27966,0.26594,0.77634,0.88163,0.54285,0.50232,0.30239,0.32096,0.12125,0.25619,0.40843,0.47938,0.37228,0.28194,0.40164,0.27596,0.19451,0.16989,0.61549,0.22776,0.27412,0.05185,0.32998,0.35781,0.089884,0.21959,-0.064479,-0.11089,0.46474,0.2506,-0.15318,-0.12017
0.067929,0.0072466,0.094695,0.056006,0.262,0.078366,0.083976,0.020196,0.10508,-0.31358,0.22234,0.14751,0.12718,0.0191,0.14825,0.24344,0.22261,0.42142,0.13633,0,0.33548,0.2913,0.2092,0.40111,0.19218,-0.0080177,-0.16124,0.21635,0.065792,0.00017739,-0.14334,-0.13026,0.14679,0.041931,0.024427,0.21385,-0.10098,-0.34001,0.1626,0.017362,0.44301,0.58671,0.072042,0.03598,0.16436,0.020278,0.066759,0.19918,-0.03913,0.10686,0.096712,0.3523,0.27447,0.30061,0.13778,0.34381,0.43904,0.14801,0.19977,0.1362,0.29691,0.21444,0.2639,0.19083,-0.14642,0.0093415,0.34881,-0.49221,-0.0056291,-0.069846,-0.12404,0.024801,-0.24095,-0.0031707,0.027471,0.16921,0.15496,0.065505,0.064692,-0.062451,-0.042304,0.80355,0.49687,0.25721,0.24392,0.012585,0.13707,0.090228,0.26841,-0.0052464,-0.12902,0.066748,-0.11036,-0.042382,-0.184,-0.032235,-0.0030227,-0.25707,-0.11641,0.24303,0.18173,0.091614,-0.041264,-0.11069,0.0055839
-0.11526,0.10014,-0.039373,-0.05695,0.073732,0.17951,-0.088683,0.055434,0.039954,-0.20505,0.062513,-0.016256,-0.042206,-0.13643,0.087582,0.59618,0.39991,0.27773,0.016739,0.33548,0,0.092848,0.057789,0.25389,0.099148,-0.16074,-0.34205,0.093759,0.01429,0.051511,-0.054249,-0.052238,0.077467,-0.12242,-0.14289,0.040482,-0.32895,-0.48156,0.016471,-0.14215,0.22738,0.29443,-0.10449,0.077249,-0.0084842,-0.11953,-0.10034,0.02118,0.10589,-0.019519,-0.014088,0.26653,0.15264,0.60887,0.059529,0.24679,0.27066,0.021146,0.076316,0.034517,0.21254,0.46569,0.34322,0.41348,0.024444,-0.14205,0.12476,-0.23712,-0.039239,0.014284,0.0089298,0.1339,-0.13993,-0.18124,-0.15517,0.039546,0.033384,-0.068259,-0.070491,-0.19193,-0.18665,0.34434,0.22515,0.099723,0.12709,-0.13955,-0.035725,-0.030707,0.071044,-0.050081,-0.19651,-0.039172,-0.1974,-0.068415,-0.095564,-0.086348,-0.050682,-0.54699,-0.21233,0.28877,0.37541,0.034968,-0.16906,0.065234,0.17841
0.27785,-0.11233,0.23208,0.17201,0.59954,-0.059333,0.33414,-0.020659,0.11489,-0.18182,0.25575,0.44161,0.36205,0.20237,0.21766,0.023765,0.0065376,0.20836,0.24077,0.2913,0.092848,0,0.421,0.30881,0.20567,0.14872,0.021133,0.41175,0.1316,-0.01256,-0.17986,-0.14864,0.15768,0.24035,0.2271,0.65289,0.069969,-0.11004,0.35582,0.18677,0.4263,0.33115,0.30973,-0.021921,0.29681,0.13348,0.21482,0.41077,-0.17181,0.22722,0.19987,0.23614,0.26109,0.059113,0.1626,0.23311,0.26741,0.21731,0.23322,0.21438,0.18998,0.037354,0.099193,0.0090938,-0.52869,0.12327,0.40736,-0.27565,0.047755,-0.18543,-0.26922,-0.15763,-0.25158,0.15562,0.19866,0.26226,0.24595,0.21734,0.23039,0.087501,0.11395,0.29668,0.38353,0.4298,0.26814,0.18977,0.42851,0.15951,0.39876,-0.0039474,-0.039909,0.17411,0.0029358,0.0055922,-0.21196,0.052893,0.061971,-0.02709,0.0025531,0.056948,0.027908,0.14207,0.14459,-0.41326,-0.22338
0.27532,-0.28347,0.39155,0.3247,0.30133,-0.19427,0.32998,-0.16331,0.23258,-0.23659,0.23876,0.35264,0.23982,0.31389,0.38342,-0.00077159,-0.047723,0.20488,0.43496,0.2092,0.057789,0.421,0,0.17245,0.34965,0.24474,-0.0092636,0.43337,0.015923,-0.12283,-0.36367,-0.31096,0.020786,0.33671,0.16749,0.44011,0.059018,-0.085199,0.69438,0.2853,0.32749,0.28621,0.27194,-0.16688,0.26743,0.051777,0.14144,0.23793,-0.2833,0.39817,0.37362,0.2949,0.38186,0.024666,0.30479,0.30021,0.29201,0.32886,0.3487,0.40521,0.25591,0.047062,0.14574,-0.05711,-0.42885,0.16909,0.29929,-0.24498,0.18574,-0.071081,-0.60378,-0.2738,-0.33889,0.20956,0.22753,0.43846,0.43105,0.37546,0.39773,0.19758,0.21977,0.20649,0.34535,0.74061,0.42918,0.30295,0.40074,0.24045,0.31869,0.067815,0.052121,0.33588,0.10706,0.1331,-0.070952,0.18815,0.20006,0.035818,0.10195,-0.033012,-0.029257,0.30682,0.24338,-0.2674,-0.1884
0.071111,0.058423,0.032013,-0.01344,0.32666,0.12153,0.11088,0.11479,-0.016153,-0.14536,0.11994,0.19463,0.18265,0.00026372,0.11402,0.17129,0.15188,0.201,0.057696,0.40111,0.25389,0.30881,0.17245,0,0.076944,-0.048282,-0.059009,0.26012,0.20766,0.12628,-0.05212,-0.028763,0.26034,0.029792,0.097072,0.25008,-0.064787,-0.25944,0.12192,-0.015817,0.42929,0.36007,0.11011,0.1224,0.11067,0.064384,0.088946,0.23834,0.028476,0.034656,0.019861,0.21393,0.14422,0.19829,0.027553,0.19151,0.23771,0.046171,0.081928,0.050799,0.13405,0.16087,0.13542,0.20744,-0.16881,-0.055185,0.24664,-0.28975,-0.10072,-0.23076,-0.065806,0.0016421,-0.18575,-0.037663,0.0063608,0.079065,0.067105,0.016818,0.027764,-0.10805,-0.08266,0.46558,0.30303,0.20212,0.13353,-0.010104,0.1546,-0.0084926,0.19492,-0.14369,-0.26612,-0.0056543,-0.21165,-0.15925,-0.42756,-0.11605,-0.095092,-0.21866,-0.21397,0.19631,0.22839,0.010442,-0.021955,-0.15227,-0.048458
0.15357,-0.29202,0.38122,0.37451,0.13288,-0.19518,0.15168,-0.31881,0.50374,-0.35113,0.26795,0.142,0.083649,0.22578,0.3299,0.070974,0.03018,0.30632,0.5169,0.19218,0.099148,0.20567,0.34965,0.076944,0,0.22236,-0.12087,0.20233,-0.15,-0.31892,-0.55123,-0.63842,-0.095494,0.21843,0.020231,0.18798,-0.006903,-0.096536,0.36465,0.23224,0.21029,0.25328,0.11245,-0.29154,0.21837,-0.038613,0.049364,0.10282,-0.28662,0.43267,0.46092,0.36303,0.62362,0.093957,0.7005,0.41449,0.35937,0.47285,0.60982,0.58836,0.46718,0.10771,0.26992,-0.038096,-0.15424,0.18763,0.24435,-0.21602,0.31272,0.093902,-0.38552,-0.12821,-0.26182,0.17591,0.16439,0.55716,0.56948,0.33096,0.30992,0.20018,0.20687,0.17122,0.30945,0.37353,0.65499,0.22938,0.18674,0.34222,0.25014,0.20112,0.13153,0.40611,0.16974,0.25961,0.060104,0.27543,0.32026,0.011676,0.15911,0.0021025,-0.037099,0.46907,0.14878,-0.083085,-0.029081
0.36093,-0.34035,0.46854,0.48125,0.12051,-0.41396,0.31805,-0.21532,0.25619,-0.0259,0.19937,0.20207,0.18872,0.59188,0.16999,-0.20455,-0.21276,0.050462,0.34928,-0.0080177,-0.16074,0.14872,0.24474,-0.048282,0.22236,0,0.13031,0.13136,-0.050092,-0.21015,-0.1525,-0.1523,-0.06772,0.52179,0.20208,0.18707,0.25367,0.14562,0.31758,0.7536,0.048284,0.032593,0.28446,-0.23777,0.26399,0.12172,0.19682,0.14351,-0.42566,0.41479,0.39169,0.065387,0.17077,-0.16421,0.25924,0.08409,0.068728,0.32364,0.25199,0.30509,0.10316,-0.14775,-0.0088976,-0.36454,-0.15888,0.42784,0.13905,0.011911,0.28772,0.048273,-0.23197,-0.2409,-0.043854,0.55305,0.45812,0.31308,0.31928,0.5247,0.49059,0.56473,0.66982,-0.021217,0.08953,0.20383,0.19642,0.6465,0.28388,0.36501,0.19261,0.21668,0.29275,0.43499,0.38163,0.28008,0.10501,0.35051,0.3237,0.27461,0.38979,-0.17509,-0.32663,0.26031,0.37202,-0.15399,-0.20829
0.19173,0.035695,0.035149,0.02809,0.065879,-0.023734,0.17349,0.11686,-0.087082,0.28958,-0.0016982,0.13085,0.18395,0.13378,-0.08585,-0.37904,-0.23752,-0.2201,-0.023684,-0.16124,-0.34205,0.021133,-0.0092636,-0.059009,-0.12087,0.13031,0,-0.0078193,0.18098,0.10925,0.17006,0.18117,0.11784,0.14207,0.31124,0.0656,0.41371,0.34585,0.015347,0.13288,-0.096938,-0.16826,0.21196,0.092753,0.082138,0.30682,0.24375,0.12266,-0.0056738,0.012197,-0.0056431,-0.24372,-0.1469,-0.34023,-0.097036,-0.23548,-0.21526,-0.021421,-0.075374,-0.051967,-0.2228,-0.45282,-0.49226,-0.19345,-0.016873,0.13716,-0.0225,0.22634,-0.035177,-0.087672,0.07398,-0.049955,0.1928,0.18006,0.19008,-0.036197,-0.036842,0.059373,0.068061,0.12452,0.13451,-0.15549,-0.13048,-0.048134,-0.12401,0.12845,0.12322,0.021565,0.018266,0.0061068,0.10549,0.0094547,0.10165,-0.014532,0.011245,0.013004,-0.019916,0.28809,0.11377,-0.11027,-0.17538,-0.081562,0.15467,-0.083861,-0.19526
0.18819,-0.16276,0.21066,0.17525,0.31995,-0.10094,0.27043,-0.065954,0.10265,-0.17802,0.1222,0.35141,0.22874,0.20089,0.36219,0.026812,-0.03687,0.14351,0.23451,0.21635,0.093759,0.41175,0.43337,0.26012,0.20233,0.13136,-0.0078193,0,0.10009,-0.00020086,-0.22332,-0.1802,0.073732,0.22001,0.16999,0.44061,0.010633,-0.13534,0.35079,0.16357,0.40787,0.29545,0.23214,-0.071673,0.15151,0.027748,0.095145,0.21811,-0.11863,0.21114,0.20238,0.26602,0.24559,0.038114,0.1641,0.24299,0.24098,0.16064,0.18341,0.2286,0.16705,0.088742,0.12688,0.0178,-0.3825,0.050139,0.21549,-0.25066,0.092256,-0.178,-0.28763,-0.26036,-0.37135,0.10104,0.12454,0.23088,0.22942,0.21483,0.24087,0.10351,0.11885,0.237,0.29545,0.43318,0.27027,0.19039,0.3199,0.095499,0.20908,-0.060093,-0.057448,0.18419,0.0074221,0.035886,-0.17164,0.093636,0.099531,-0.0097162,0.0025925,-0.024978,0.062367,0.19668,0.20533,-0.24243,-0.17256
0.089365,0.16272,-0.071089,-0.11853,0.201,0.16001,0.1196,0.3195,-0.24787,0.12809,-0.0075623,0.15756,0.22068,-0.012784,-0.058716,-0.025156,0.0032962,-0.054612,-0.096751,0.065792,0.01429,0.1316,0.015923,0.20766,-0.15,-0.050092,0.18098,0.10009,0,0.3544,0.16572,0.20061,0.43452,0.016614,0.23456,0.14005,0.10734,0.027419,-0.0061404,-0.028551,0.096597,0.038381,0.15242,0.29431,0.043349,0.22206,0.1713,0.20639,0.11476,-0.091588,-0.12058,-0.059345,-0.094198,-0.015194,-0.19288,-0.079252,-0.040795,-0.11011,-0.11525,-0.12809,-0.13241,-0.049804,-0.13734,0.084755,-0.065161,-0.049975,0.064977,0.022968,-0.27218,-0.39683,0.092404,0.022796,0.055442,-0.011197,0.032184,-0.089169,-0.10184,-0.061633,-0.043312,-0.095952,-0.073961,0.087733,0.025547,0.011107,-0.091329,-0.02317,0.11428,-0.11994,0.057903,-0.24745,-0.19375,-0.1277,-0.1781,-0.32015,-0.30895,-0.21841,-0.24493,-0.011973,-0.16253,0.082023,0.10409,-0.18431,0.0081981,-0.12489,-0.12183
-0.074008,0.30349,-0.26671,-0.32107,0.039225,0.28281,-0.038759,0.44156,-0.60079,0.1958,-0.16345,0.0035761,0.04003,-0.16395,-0.12499,0.045357,0.060518,-0.1244,-0.28922,0.00017739,0.051511,-0.01256,-0.12283,0.12628,-0.31892,-0.21015,0.10925,-0.00020086,0.3544,0,0.28632,0.33023,0.25473,-0.1394,0.068245,-0.010149,0.0015164,0.018621,-0.16099,-0.19354,0.0088817,-0.032803,-0.010132,0.4096,-0.12464,0.080685,0.013486,0.032848,0.32146,-0.29612,-0.32766,-0.11261,-0.22129,0.02797,-0.41379,-0.14579,-0.11469,-0.34303,-0.31607,-0.31302,-0.21856,0.026289,-0.1121,0.17881,0.083758,-0.21729,-0.07469,0.093795,-0.37758,-0.18363,0.24269,0.12001,0.12352,-0.17058,-0.12889,-0.28484,-0.29925,-0.23903,-0.2058,-0.22319,-0.2154,0.026095,-0.075469,-0.11854,-0.22478,-0.17437,-0.047095,-0.36373,-0.098301,-0.37004,-0.26123,-0.32909,-0.27699,-0.40946,-0.16657,-0.33437,-0.3851,-0.053517,-0.25981,0.094882,0.20165,-0.31026,-0.087286,0.045185,0.035339
-0.094924,0.37378,-0.30394,-0.29816,-0.097036,0.25735,-0.11489,0.35702,-0.32163,0.40915,-0.15317,-0.11978,-0.039175,-0.18018,-0.41739,-0.017482,0.04383,-0.21045,-0.43128,-0.14334,-0.054249,-0.17986,-0.36367,-0.05212,-0.55123,-0.1525,0.17006,-0.22332,0.16572,0.28632,0,0.82104,0.14277,-0.17256,0.018628,-0.1694,0.078727,0.17537,-0.35429,-0.16862,-0.20127,-0.22629,-0.070882,0.34068,-0.12709,0.11363,0.022054,-0.049746,0.29356,-0.34736,-0.37828,-0.35753,-0.51509,-0.03211,-0.45226,-0.38574,-0.31003,-0.31199,-0.38552,-0.51863,-0.34873,-0.076629,-0.22069,0.076788,0.24086,-0.087504,-0.16603,0.29614,-0.24591,0.0016834,0.51154,0.23524,0.41493,-0.097447,-0.089373,-0.42734,-0.45111,-0.27531,-0.27173,-0.14091,-0.14617,-0.13214,-0.26542,-0.39273,-0.62909,-0.1809,-0.15203,-0.20755,-0.16747,-0.080263,-0.039706,-0.33157,-0.089122,-0.17738,0.024552,-0.21287,-0.24914,0.043881,-0.077662,0.077185,0.059487,-0.45907,-0.12955,0.14839,0.09757
-0.082087,0.36783,-0.29934,-0.3054,-0.071187,0.25839,-0.093038,0.39284,-0.37865,0.40457,-0.15743,-0.093203,-0.017577,-0.16986,-0.36228,-0.02274,0.035082,-0.217,-0.42558,-0.13026,-0.052238,-0.14864,-0.31096,-0.028763,-0.63842,-0.1523,0.18117,-0.1802,0.20061,0.33023,0.82104,0,0.16576,-0.1589,0.039108,-0.13698,0.082498,0.16495,-0.31369,-0.16434,-0.16944,-0.20435,-0.050941,0.36786,-0.12299,0.12324,0.031738,-0.030688,0.29604,-0.34775,-0.38703,-0.33828,-0.5095,-0.03737,-0.53185,-0.37633,-0.29911,-0.33115,-0.41122,-0.53241,-0.37672,-0.077349,-0.23284,0.080786,0.20842,-0.096852,-0.15411,0.27274,-0.27375,-0.029196,0.45592,0.20976,0.36331,-0.098377,-0.085417,-0.42605,-0.45391,-0.26724,-0.25726,-0.14551,-0.14844,-0.1155,-0.24222,-0.33314,-0.58032,-0.17209,-0.12674,-0.22703,-0.15672,-0.11026,-0.061314,-0.34021,-0.10627,-0.20614,-0.0025142,-0.23163,-0.2747,0.04099,-0.093706,0.072919,0.068999,-0.48958,-0.11502,0.12438,0.076863
0.091457,0.19758,-0.061068,-0.11874,0.23721,0.21562,0.097877,0.33333,-0.16297,0.06508,0.080269,0.14497,0.22357,-0.040778,-0.088817,0.041936,0.095706,0.041229,-0.076514,0.14679,0.077467,0.15768,0.020786,0.26034,-0.095494,-0.06772,0.11784,0.073732,0.43452,0.25473,0.14277,0.16576,0,-0.0041401,0.18536,0.14023,0.0839,-0.016862,-0.004115,-0.042033,0.12764,0.093952,0.13141,0.33012,0.10511,0.25856,0.2086,0.26221,0.088585,-0.074575,-0.10734,-0.014842,-0.038859,0.068929,-0.1388,-0.023603,0.02477,-0.051707,-0.049039,-0.10671,-0.045455,-0.01896,-0.070547,0.12628,-0.064412,-0.016737,0.14682,-0.029232,-0.31174,-0.26542,0.083864,0.091038,0.047636,-0.0078808,0.040229,-0.052196,-0.069784,-0.06989,-0.061024,-0.14095,-0.10816,0.15868,0.085965,0.026371,-0.050148,-0.052444,0.10821,-0.058358,0.12945,-0.14007,-0.18812,-0.12698,-0.20698,-0.3411,-0.32361,-0.27302,-0.27592,-0.084853,-0.19029,0.20336,0.11859,-0.19071,-0.067376,-0.13126,-0.082691
0.48648,-0.32289,0.46871,0.41298,0.20839,-0.33691,0.48785,-0.16033,0.2061,-0.049184,0.20772,0.33032,0.28067,0.78249,0.21022,-0.188,-0.21402,0.062454,0.35736,0.041931,-0.12242,0.24035,0.33671,0.029792,0.21843,0.52179,0.14207,0.22001,0.016614,-0.1394,-0.17256,-0.1589,-0.0041401,0,0.2823,0.2995,0.23856,0.095664,0.4175,0.66069,0.11828,0.085322,0.41404,-0.18087,0.30067,0.14868,0.24027,0.22154,-0.40437,0.41443,0.37314,0.095209,0.18907,-0.14625,0.23204,0.10774,0.099391,0.30529,0.24896,0.30724,0.10848,-0.12795,-0.0070958,-0.27168,-0.28151,0.33361,0.18614,-0.038985,0.21617,-0.036803,-0.29981,-0.33356,-0.097229,0.47019,0.47547,0.32777,0.33006,0.53749,0.57554,0.39904,0.46198,0.03517,0.13732,0.2757,0.21847,0.69765,0.4351,0.30023,0.24295,0.13416,0.18584,0.38437,0.25044,0.19086,0.01886,0.26077,0.24319,0.21652,0.25299,-0.14978,-0.22267,0.2408,0.42002,-0.26478,-0.32722
0.39736,-0.054054,0.15462,0.1181,0.27946,-0.07362,0.42946,0.06296,-0.0055202,0.078802,0.12306,0.36837,0.49181,0.24368,0.05157,-0.22867,-0.1862,-0.031945,0.10538,0.024427,-0.14289,0.2271,0.16749,0.097072,0.020231,0.20208,0.31124,0.16999,0.23456,0.068245,0.018628,0.039108,0.18536,0.2823,0,0.28571,0.33275,0.13225,0.17966,0.23027,0.093765,0.032506,0.53079,0.044218,0.22603,0.34739,0.4006,0.33886,-0.11745,0.12932,0.1018,-0.026226,0.025955,-0.17735,0.015562,-0.02536,-0.0062186,0.093295,0.059258,0.07115,-0.04267,-0.22182,-0.16314,-0.15025,-0.23095,0.18072,0.14689,0.022616,-0.0038664,-0.22163,-0.080481,-0.16357,0.0078886,0.2511,0.3054,0.1014,0.094768,0.17208,0.18795,0.14989,0.17725,0.030332,0.064801,0.13383,0.042548,0.22995,0.36032,0.10063,0.18541,-0.013775,0.044385,0.10349,0.071871,-0.016566,-0.11867,0.037174,0.017137,0.17013,0.081369,-0.065479,-0.12026,0.018238,0.22548,-0.3487,-0.56956
0.33171,-0.14301,0.25522,0.19543,0.5309,-0.098603,0.42907,-0.03152,0.10669,-0.13305,0.21935,0.58342,0.41309,0.25556,0.22883,-0.029338,-0.052618,0.14835,0.24875,0.21385,0.040482,0.65289,0.44011,0.25008,0.18798,0.18707,0.0656,0.44061,0.14005,-0.010149,-0.1694,-0.13698,0.14023,0.2995,0.28571,0,0.1083,-0.061434,0.38873,0.22986,0.34261,0.25577,0.38974,-0.038362,0.28665,0.14824,0.23375,0.40085,-0.19002,0.24395,0.21507,0.19171,0.22572,0.0028053,0.1547,0.18811,0.20811,0.20976,0.21177,0.21878,0.1477,-0.0025534,0.058372,-0.036367,-0.80163,0.1408,0.32361,-0.20337,0.064166,-0.20453,-0.28277,-0.22302,-0.22293,0.1909,0.23542,0.25833,0.24644,0.25226,0.27356,0.12804,0.15555,0.22103,0.29635,0.4084,0.24245,0.23973,0.54961,0.15906,0.34286,-0.0080344,-0.014409,0.19456,0.033707,0.022234,-0.18839,0.077752,0.079889,0.025708,0.034036,0.0028864,-0.0081154,0.15001,0.20493,-0.50338,-0.30327
0.30727,-0.041281,0.14119,0.12895,0.10323,-0.096757,0.24659,0.031987,0.02863,0.17013,0.11229,0.15832,0.23528,0.22715,-0.041412,-0.3949,-0.2203,-0.089848,0.07793,-0.10098,-0.32895,0.069969,0.059018,-0.064787,-0.006903,0.25367,0.41371,0.010633,0.10734,0.0015164,0.078727,0.082498,0.0839,0.23856,0.33275,0.1083,0,0.33412,0.095796,0.24849,-0.061635,-0.10393,0.2845,0.014542,0.19636,0.35725,0.34747,0.17414,-0.12325,0.11459,0.09317,-0.13963,-0.034359,-0.29051,0.015541,-0.11902,-0.10596,0.095349,0.041402,0.044329,-0.090225,-0.57255,-0.26232,-0.30204,-0.062756,0.29177,0.064599,0.15757,0.044989,-0.030188,-0.0052883,-0.074207,0.1413,0.33353,0.34761,0.069695,0.065778,0.15761,0.15606,0.21421,0.2336,-0.11014,-0.046109,0.02471,-0.019452,0.22592,0.19222,0.14778,0.11276,0.11042,0.1922,0.10818,0.19114,0.066253,0.047509,0.090862,0.065342,0.32099,0.20849,-0.10132,-0.31473,0.0045234,0.19216,-0.13638,-0.24128
0.10472,0.020517,0.031654,0.050488,-0.076022,-0.054299,0.067077,0.038951,-0.015437,0.33032,-0.024743,-0.0045675,0.043821,0.10734,-0.12162,-0.32995,-0.20489,-0.23704,-0.023558,-0.34001,-0.48156,-0.11004,-0.085199,-0.25944,-0.096536,0.14562,0.34585,-0.13534,0.027419,0.018621,0.17537,0.16495,-0.016862,0.095664,0.13225,-0.061434,0.33412,0,-0.038032,0.12276,-0.28151,-0.35253,0.087809,0.022091,0.030242,0.17012,0.12751,-0.0076042,-0.0029473,0.013061,0.0080861,-0.31456,-0.15995,-0.33414,-0.050215,-0.2738,-0.2947,-0.0082048,-0.065063,-0.041957,-0.1993,-0.3837,-0.31925,-0.25116,0.10244,0.16652,-0.10611,0.40155,0.050662,0.082375,0.11681,0.0086714,0.30325,0.1739,0.15102,-0.042306,-0.037999,0.052955,0.048993,0.16834,0.16151,-0.36887,-0.24632,-0.12825,-0.1395,0.11218,0.018253,0.05611,-0.054347,0.11787,0.24252,0.033172,0.21088,0.092846,0.18302,0.089851,0.059604,0.40532,0.2262,-0.14782,-0.27053,-0.039999,0.12289,0.046084,-0.052199
0.31755,-0.35244,0.50718,0.41019,0.26449,-0.25548,0.36077,-0.19954,0.26747,-0.19839,0.25244,0.33479,0.23949,0.39488,0.35426,-0.038339,-0.08097,0.1808,0.5278,0.1626,0.016471,0.35582,0.69438,0.12192,0.36465,0.31758,0.015347,0.35079,-0.0061404,-0.16099,-0.35429,-0.31369,-0.004115,0.4175,0.17966,0.38873,0.095796,-0.038032,0,0.36498,0.2549,0.22709,0.29436,-0.20684,0.29331,0.065449,0.15857,0.22575,-0.36971,0.50307,0.45969,0.24853,0.36091,-0.010697,0.33831,0.26073,0.24803,0.38267,0.37677,0.46217,0.23836,0.010319,0.11971,-0.1077,-0.37951,0.22214,0.27767,-0.1849,0.22625,-0.041499,-0.67041,-0.2997,-0.26422,0.26934,0.28177,0.5069,0.50246,0.48807,0.51464,0.25858,0.28545,0.15619,0.28817,0.54903,0.41119,0.38407,0.41731,0.29388,0.31445,0.10647,0.10097,0.4184,0.15915,0.17499,-0.029612,0.23674,0.24606,0.07992,0.15468,-0.064186,-0.080182,0.33822,0.28691,-0.2593,-0.20622
0.42055,-0.34381,0.50955,0.48299,0.15648,-0.38884,0.37426,-0.19871,0.24904,-0.041837,0.21724,0.25066,0.22434,0.73215,0.18693,-0.19404,-0.20691,0.063152,0.37191,0.017362,-0.14215,0.18677,0.2853,-0.015817,0.23224,0.7536,0.13288,0.16357,-0.028551,-0.19354,-0.16862,-0.16434,-0.042033,0.66069,0.23027,0.22986,0.24849,0.12276,0.36498,0,0.078215,0.058303,0.3309,-0.22001,0.29625,0.13572,0.22063,0.178,-0.47212,0.44692,0.40865,0.081875,0.18722,-0.15121,0.26082,0.099598,0.087482,0.34004,0.267,0.32143,0.11471,-0.14006,-0.0038803,-0.3287,-0.20604,0.41334,0.16666,-0.012862,0.26238,0.018305,-0.26958,-0.26995,-0.06713,0.57266,0.50274,0.33814,0.343,0.58101,0.55881,0.49469,0.59219,0.0054051,0.1143,0.23677,0.21413,0.75986,0.33836,0.36373,0.22396,0.19353,0.25313,0.43723,0.32719,0.24722,0.071494,0.31618,0.29491,0.24621,0.33124,-0.15691,-0.28833,0.25946,0.3849,-0.19703,-0.24932
0.12325,-0.066371,0.14766,0.10699,0.34434,0.0029475,0.16901,-0.015432,0.10154,-0.2888,0.17862,0.24982,0.1873,0.095958,0.25402,0.1456,0.098681,0.27832,0.18726,0.44301,0.22738,0.4263,0.32749,0.42929,0.21029,0.048284,-0.096938,0.40787,0.096597,0.0088817,-0.20127,-0.16944,0.12764,0.11828,0.093765,0.34261,-0.061635,-0.28151,0.2549,0.078215,0,0.57551,0.14732,-0.0087552,0.16438,0.020047,0.08035,0.2324,-0.07443,0.156,0.14565,0.37233,0.29217,0.17211,0.15451,0.34121,0.38867,0.15712,0.20241,0.1852,0.24996,0.17321,0.21414,0.12216,-0.26933,0.016355,0.31406,-0.5152,0.032297,-0.14536,-0.21069,-0.091007,-0.39138,0.036263,0.066737,0.20817,0.19774,0.13047,0.14077,0.0050548,0.023244,0.48626,0.49712,0.38348,0.28622,0.087535,0.2267,0.087362,0.26298,-0.050763,-0.12446,0.11808,-0.073715,-0.019078,-0.22827,0.017296,0.036921,-0.14378,-0.079822,0.11234,0.1462,0.14264,0.065133,-0.18913,-0.076394
0.087021,-0.057205,0.14333,0.10796,0.26548,0.016949,0.11484,-0.037501,0.14405,-0.41385,0.20911,0.17947,0.12962,0.067284,0.23631,0.20839,0.15913,0.39912,0.19438,0.58671,0.29443,0.33115,0.28621,0.36007,0.25328,0.032593,-0.16826,0.29545,0.038381,-0.032803,-0.22629,-0.20435,0.093952,0.085322,0.032506,0.25577,-0.10393,-0.35253,0.22709,0.058303,0.57551,0,0.092762,-0.024159,0.16273,-0.012208,0.049857,0.18576,-0.074899,0.15842,0.15218,0.47989,0.35292,0.24574,0.19072,0.45103,0.55813,0.18295,0.24262,0.19977,0.34582,0.22346,0.30052,0.14871,-0.19303,0.020462,0.33043,-1,0.051065,-0.067862,-0.19752,-0.040139,-0.37429,0.020866,0.0453,0.22379,0.21227,0.11738,0.12002,-0.0089116,0.0070047,0.58635,0.6251,0.34875,0.32585,0.061121,0.17039,0.11133,0.26558,-0.00079841,-0.099402,0.12139,-0.064801,0.0069214,-0.15869,0.026006,0.052744,-0.19267,-0.072824,0.15782,0.1571,0.15851,0.020698,-0.12644,-0.016429
0.59635,-0.13738,0.26003,0.20921,0.33453,-0.14191,0.74204,-0.014722,0.080783,-0.0019424,0.19646,0.48262,0.54771,0.34856,0.1246,-0.18551,-0.17063,0.039603,0.20505,0.072042,-0.10449,0.30973,0.27194,0.11011,0.11245,0.28446,0.21196,0.23214,0.15242,-0.010132,-0.070882,-0.050941,0.13141,0.41404,0.53079,0.38974,0.2845,0.087809,0.29436,0.3309,0.14732,0.092762,0,-0.030135,0.31721,0.27368,0.38767,0.38317,-0.22206,0.23081,0.19704,0.05083,0.11558,-0.13432,0.10622,0.056079,0.069589,0.18757,0.15237,0.16538,0.043677,-0.16296,-0.072734,-0.17089,-0.34915,0.24276,0.21877,-0.040225,0.06715,-0.1667,-0.18283,-0.2288,-0.062348,0.3297,0.40474,0.20178,0.19373,0.27585,0.29424,0.20938,0.24511,0.072581,0.13633,0.22856,0.13397,0.32844,0.56945,0.18357,0.27131,0.039021,0.077291,0.19441,0.11537,0.047309,-0.09646,0.1025,0.088831,0.15743,0.12221,-0.069402,-0.13986,0.10246,0.27769,-0.48556,-0.70583
-0.069446,0.48966,-0.28648,-0.38326,0.040671,0.44145,-0.068927,0.8792,-0.35658,0.17683,-0.062473,-0.025919,0.038795,-0.22217,-0.24628,0.082752,0.14415,-0.052553,-0.31548,0.03598,0.077249,-0.021921,-0.16688,0.1224,-0.29154,-0.23777,0.092753,-0.071673,0.29431,0.4096,0.34068,0.36786,0.33012,-0.18087,0.044218,-0.038362,0.014542,0.022091,-0.20684,-0.22001,-0.0087552,-0.024159,-0.030135,0,-0.056476,0.13594,0.058093,0.0593,0.28501,-0.31118,-0.37323,-0.1217,-0.20101,0.083509,-0.36982,-0.13856,-0.090024,-0.24292,-0.23158,-0.36216,-0.15687,0.01422,-0.098908,0.20064,0.11355,-0.13938,-0.017399,0.088862,-0.7778,-0.11283,0.29276,0.23951,0.17646,-0.1482,-0.10576,-0.26682,-0.29693,-0.29601,-0.28009,-0.30227,-0.2747,0.048353,-0.054897,-0.15227,-0.23028,-0.23612,-0.070027,-0.22091,-0.040812,-0.17492,-0.20455,-0.41035,-0.28389,-0.48469,-0.14035,-0.593,-0.7267,-0.097533,-0.26168,0.21436,0.17983,-0.51595,-0.20149,0.053147,0.067306
