,,,,,,,,,,,,,,,,,,,,,,,,,,,,,,,,,,,,,,,,,,,,,,,,,,,,,,,,,,,,,,,,,,,,,,,,,,,,,,,,,,,,,,,,,,,,,,,,,,,,,,,,
0,0.059185,0.0022203,-0.021822,0.27589,-0.038507,0.06606,-0.050552,-0.16016,-0.16198,-0.0043536,-0.21038,-0.18032,-0.27617,-0.1367,-0.063091,-0.39076,0.19292,-0.176,0.036989,-0.23969,-0.094764,0.069404,0.0026282,-0.10187,-0.056551,0.0066141,0.11622,0.26823,0.18603,-0.085615,-0.0089213,-0.24739,-0.10438,-0.13846,0.074928,-0.098208,-0.13761,0.34572,0.18096,0.099104,0.097004,-0.1053,-0.025359,-0.034328,-0.11596,0.07975,-0.061961,-0.11093,-0.34667,-0.45888,-0.044499,0.38935,0.02441,0.1827,0.026075,-0.011784,0.0039056,-0.19984,0.1723,-0.01389,-0.12636,-0.040346,-0.53078,-0.41035,-0.030074,-0.31552,-0.14314,0.18116,-0.23028,-0.16648,-0.25951,-0.083214,-0.029305,-0.016632,0.13084,-0.10037,-0.32282,-0.19247,-0.24361,-0.15546,-0.35343,-0.33092,-0.4141,-0.42371,-0.23581,-0.13021,-0.016345,-0.0087207,0.18805,-0.027894,-0.042567,-0.11731,-0.14238,-0.25687,-0.073945,-0.16459,-0.22929,-0.1107,-0.21308,-0.11368,-0.31143,-0.083147,-0.25356,-0.224
0.059185,0,-0.50156,-0.38901,-0.095967,0.82626,-0.37136,0.51515,-0.32891,0.072139,-0.56383,0.16889,-0.38125,-0.16372,0.040888,0.041243,0.00076239,-0.095472,0.10107,0.3598,0.2842,0.14217,0.30912,0.67886,-0.18895,-0.15604,0.35878,0.31092,0.20486,0.30062,-0.55525,-0.42062,-0.57788,-0.28556,-0.80086,-0.4672,-0.697,-0.53682,-0.29988,0.026129,0.3739,0.87434,-0.58574,0.026369,-0.40023,-0.52183,-0.26915,-0.48287,-0.0087808,-0.40722,-0.15168,-0.1274,0.19916,0.8625,0.059948,0.27289,-0.023688,-0.5253,-0.64136,-0.28752,0.38481,-0.0040794,0.26132,-0.2612,-0.18306,-0.30445,-0.35853,-0.31751,-0.16036,-0.28456,-0.38027,-0.54797,-0.47334,-0.24806,-0.20959,-0.41605,-0.094222,-0.19163,0.050485,-0.33953,-0.12026,0.045737,-0.35428,0.17713,0.13027,-0.36969,-0.095753,-0.42739,-0.46739,0.060456,0.078807,-0.26702,0.45664,-0.083575,0.29929,-0.34931,-0.02651,-0.57178,-0.088083,0.19373,0.45123,-0.41517,0.013997,-0.12805,0.16299
0.0022203,-0.50156,0,0.62014,-0.015114,-0.54817,0.14307,-0.37757,0.0064469,-0.38935,0.52785,-0.57178,0.084846,-0.12232,-0.45222,-0.35876,-0.40251,0.060322,-0.094443,-0.42321,-0.78713,-0.46385,-0.31213,-0.55946,0.041724,-0.35798,-0.38598,-0.32414,-0.31322,-0.24318,0.18865,0.11582,0.080693,-0.0010968,0.45853,0.4351,0.36203,0.2715,0.25046,0.032783,-0.49292,-0.39294,0.27845,-0.12045,0.42017,0.269,0.14392,0.090838,-0.38327,-0.013609,-0.34661,-0.18526,-0.11608,-0.45915,-0.11301,-0.33155,-0.20355,0.30858,0.22686,0.27567,-0.21733,-0.55311,-0.55988,-0.39097,-0.26494,0.19744,0.088404,-0.27531,-0.23002,-0.21993,-0.11362,0.16598,0.3465,0.25855,0.45091,0.51762,-0.19827,-0.0068548,-0.19423,0.082886,0.022424,-0.33847,-0.11496,-0.48586,-0.37134,0.25899,-0.010018,0.17922,0.2393,-0.21021,-0.37126,0.082947,-0.49491,-0.24303,-0.61303,0.36478,0.0070688,0.33994,-0.27132,-0.58717,-0.60508,-0.29088,-0.44041,-0.11659,-0.49951
-0.021822,-0.38901,0.62014,0,-0.082191,-0.44479,0.089922,-0.28416,0.15156,-0.24746,0.45671,-0.3309,-0.11805,-0.18122,-0.44752,-0.19095,-0.29615,0.076192,-0.11738,-0.2211,-0.77726,-0.38145,-0.29704,-0.4416,0.091473,-0.14976,-0.20175,-0.15066,-0.29557,-0.29724,0.16363,-0.027138,-0.12057,-0.13462,0.25616,0.13972,0.21943,0.20569,0.1486,0.17154,-0.43696,-0.25763,0.21537,-0.1181,0.45454,0.27103,0.19995,0.1043,-0.53047,-0.26982,-0.3689,-0.36746,-0.22643,-0.40748,-0.19604,-0.48563,-0.35011,0.2023,0.1462,0.31513,-0.035224,-0.59041,-0.5344,-0.51026,-0.39882,0.17847,0.13932,-0.21248,-0.1662,-0.18196,-0.183,0.19654,0.26605,0.30851,0.51762,0.48806,0.058831,-0.18876,-0.21984,-0.090183,-0.042935,-0.53297,-0.18581,-0.52702,-0.28495,0.09158,0.073377,0.24027,0.28525,-0.10887,-0.26924,-0.046339,-0.41909,-0.311,-0.45913,0.11015,0.016017,0.19228,-0.19105,-0.56502,-0.67028,-0.29855,-0.4008,-0.1849,-0.33748
0.27589,-0.095967,-0.015114,-0.082191,0,0.033338,0.51943,0.053528,-0.051635,-0.20382,0.036548,-0.26558,-0.059988,-0.037852,-0.18132,-0.24652,-0.22885,0.18604,-0.20415,0.089253,-0.17092,-0.46827,0.28581,0.033779,-0.047783,-0.042968,-0.07547,-0.1388,0.15971,0.17496,-0.15851,-0.058497,-0.2663,0.019601,-0.15419,0.050237,-0.074921,-0.12488,0.29513,0.13383,0.2679,-0.0020598,-0.099391,-0.0093025,-0.12723,-0.16742,-0.013088,-0.1947,-0.049094,-0.18322,-0.24145,-0.28049,0.31582,-0.055855,-0.026209,-0.10833,-0.25371,-0.14258,-0.30225,0.22505,-0.067759,-0.23709,-0.10893,-0.42761,-0.43028,-0.023447,-0.28589,-0.16349,-0.012332,-0.32242,-0.28522,-0.19117,-0.12379,-0.035311,-0.047562,-0.04266,-0.17649,-0.18604,-0.048398,-0.16047,-0.044479,-0.31925,-0.16807,-0.35598,-0.2517,-0.20356,-0.097539,-0.16536,-0.22998,-0.10924,-0.23258,-0.052906,-0.16211,-0.097726,-0.30311,-0.187,-0.25425,-0.34558,-0.22705,-0.076132,-0.1904,-0.15668,-0.23488,-0.017227,-0.12852
-0.038507,0.82626,-0.54817,-0.44479,0.033338,0,-0.25377,0.80613,-0.33123,0.067886,-0.63486,0.15937,-0.39419,-0.058671,0.001264,0.017622,0.03196,-0.11693,0.063479,0.41513,0.31202,-0.051434,0.41026,0.81803,-0.21858,-0.12744,0.32579,0.17944,0.17437,0.28489,-0.65909,-0.47859,-0.69858,-0.28747,-0.96308,-0.52331,-0.7254,-0.58719,-0.30764,0.030522,0.54624,0.73751,-0.68955,-0.039497,-0.50291,-0.63373,-0.32129,-0.59437,0.04145,-0.36542,-0.032281,-0.24864,0.18832,0.71591,-0.028964,0.17093,-0.15099,-0.63639,-0.76267,-0.25718,0.36787,-0.050164,0.26345,-0.25455,-0.22878,-0.33252,-0.43155,-0.34539,-0.15899,-0.3875,-0.50984,-0.61211,-0.59238,-0.30948,-0.31431,-0.48494,-0.10176,-0.19383,0.075824,-0.32605,-0.11936,0.027212,-0.3478,0.22387,0.15755,-0.38739,-0.10738,-0.51797,-0.59887,-0.050217,0.00957,-0.32353,0.41774,-0.036662,0.33387,-0.42861,-0.084043,-0.68961,-0.11341,0.257,0.36018,-0.31384,-0.018097,-0.0001605,0.3098
0.06606,-0.37136,0.14307,0.089922,0.51943,-0.25377,0,-0.22625,0.15461,-0.25575,0.26349,-0.48343,-0.021601,0.055855,-0.22605,-0.32194,-0.15723,0.15394,-0.23818,-0.09899,-0.32037,-0.71457,0.11725,-0.22136,0.13547,0.0053434,-0.23067,-0.3186,0.088437,0.065545,0.14833,0.096656,-0.17722,0.13476,0.088397,0.065866,0.18186,0.13094,0.3163,0.11283,-0.026878,-0.24298,0.20985,0.030877,0.039798,0.0054437,0.0872,-0.087193,-0.047235,-0.12154,-0.25744,-0.26002,-0.01823,-0.34723,-0.23473,-0.40625,-0.46358,-0.015602,-0.2101,0.37862,-0.24944,-0.20223,-0.1736,-0.27456,-0.30366,0.11808,-0.043135,-0.14197,0.030542,-0.030322,-0.085107,0.1459,0.094416,0.079088,0.065218,-0.0087407,-0.28117,-0.21982,-0.064877,0.017896,0.064522,-0.41998,0.012867,-0.50197,-0.28141,-0.037798,-0.018451,-0.015923,-0.17491,-0.32295,-0.5524,-0.045656,-0.3998,-0.2784,-0.61009,-0.029994,-0.23359,-0.12246,-0.28628,-0.25674,-0.37431,-0.095432,-0.23895,-0.16186,-0.25804
-0.050552,0.51515,-0.37757,-0.28416,0.053528,0.80613,-0.22625,0,-0.29746,0.17205,-0.50319,0.10932,-0.36467,0.015194,-0.15752,-0.02219,-0.059573,-0.011336,0.16153,0.36422,0.050953,-0.081362,0.28505,0.55862,-0.19896,-0.10212,0.18884,0.17439,0.059901,0.19258,-0.55565,-0.3657,-0.6978,-0.30702,-0.74761,-0.37893,-0.52855,-0.41249,-0.21253,0.15859,0.32122,0.53695,-0.57618,-0.069959,-0.34366,-0.51317,-0.15244,-0.57342,-0.043342,-0.33199,-0.076654,-0.36436,0.12668,0.40084,-0.046044,0.064917,-0.23782,-0.42248,-0.56217,-0.19649,0.4242,-0.20057,0.065713,-0.39011,-0.30021,-0.16748,-0.48517,-0.34703,-0.20759,-0.52219,-0.56545,-0.61361,-0.50512,-0.14567,-0.21511,-0.33237,-0.030489,-0.17007,0.050358,-0.2922,-0.067237,-0.067812,-0.45954,0.098529,0.046158,-0.27253,-0.07246,-0.3402,-0.45956,0.087554,0.046499,-0.30156,0.28592,0.058169,0.31879,-0.29226,0.062877,-0.54178,-0.032348,0.07769,0.17086,-0.31896,-0.099318,0.11915,0.25607
-0.16016,-0.32891,0.0064469,0.15156,-0.051635,-0.33123,0.15461,-0.29746,0,-0.059145,0.30649,-0.4181,-0.40701,-0.35199,-0.28145,-0.12531,-0.22671,-0.0098576,-0.4112,-0.14042,-0.29072,-0.3626,-0.06269,-0.25499,0.72527,0.13645,-0.052284,-0.27252,-0.15063,-0.19004,0.10396,-0.06905,-0.33765,-0.24144,-0.031452,-0.21415,0.043817,0.0059587,0.021808,0.075918,-0.26901,-0.27883,0.15153,-0.05104,0.12743,0.05857,0.056236,-0.19239,-0.20686,-0.49454,-0.5483,-0.22987,-0.20163,-0.29021,-0.19037,-0.60685,-0.57413,-0.086678,-0.23161,0.26499,-0.070528,-0.2525,-0.32438,-0.16411,-0.15436,0.0957,0.027907,-0.13915,-0.065392,0.11038,-0.0097706,0.20936,0.12487,0.18838,0.18269,0.080365,-0.035913,-0.49514,-0.40479,-0.21436,-0.28854,-0.62436,-0.20968,-0.58889,-0.33287,-0.23932,-0.243,-0.020845,-0.23829,-0.23634,-0.5106,-0.073631,-0.37741,-0.15301,-0.37229,-0.20871,-0.29809,-0.13141,-0.34978,-0.26623,-0.33411,-0.25824,-0.29994,-0.18567,-0.33763
-0.16198,0.072139,-0.38935,-0.24746,-0.20382,0.067886,-0.25575,0.17205,-0.059145,0,-0.29385,-0.10964,-0.33437,-0.14173,-0.18598,-0.082492,0.032127,0.13915,0.081328,0.12791,-0.095874,-0.056611,0.081194,0.18041,-0.063272,0.37278,-0.11897,-0.045162,0.09782,0.056276,-0.17355,-0.034843,-0.52601,-0.38303,-0.4582,-0.38194,-0.14998,-0.10661,-0.052785,0.23567,-0.023072,0.027994,-0.20126,-0.024075,-0.22502,-0.32559,0.15557,-0.27243,0.095339,-0.36132,-0.49805,-0.32496,-0.14518,-0.028409,0.03412,-0.16254,-0.33985,-0.073122,-0.2801,-0.26949,-0.017441,0.055193,-0.0051963,-0.10918,-0.20485,0.16464,-0.23642,-0.013542,-0.10392,-0.15168,-0.14665,-0.35365,-0.30658,0.072594,-0.1875,-0.30261,-0.092222,-0.3054,-0.124,-0.13796,-0.15167,-0.22651,-0.32667,-0.11893,-0.1995,-0.15006,-0.1002,0.038708,-0.27374,0.16137,-0.09136,-0.28587,-0.11449,0.00074901,0.001712,-0.20463,-0.042928,-0.2871,0.16355,-0.13239,0.039123,-0.24271,-0.1496,-0.093647,0.076934
-0.0043536,-0.56383,0.52785,0.45671,0.036548,-0.63486,0.26349,-0.50319,0.30649,-0.29385,0,-0.51048,0.03844,-0.258,-0.44874,-0.39314,-0.29405,0.12378,-0.2528,-0.33568,-0.69122,-0.40765,-0.27584,-0.55707,0.2052,-0.098756,-0.34354,-0.32365,-0.2428,-0.26385,0.34532,0.17695,0.10721,0.013863,0.6067,0.3128,0.47057,0.31215,0.30884,0.0064736,-0.48202,-0.47203,0.56544,-0.067746,0.58356,0.5209,0.21885,0.16104,-0.40594,-0.14863,-0.4924,-0.27112,-0.20984,-0.54856,-0.16639,-0.47566,-0.31275,0.35207,0.22319,0.24791,-0.3011,-0.47219,-0.57899,-0.3675,-0.3215,0.23966,0.1192,-0.13618,-0.19942,-0.043871,0.019942,0.40874,0.49749,0.33766,0.44546,0.42713,-0.1353,-0.17068,-0.27569,-0.081201,-0.091079,-0.52186,-0.097833,-0.76486,-0.42023,0.057059,-0.065178,0.24307,0.20035,-0.17141,-0.39538,0.04252,-0.61043,-0.26055,-0.70822,0.10405,-0.21452,0.18796,-0.33419,-0.57814,-0.64182,-0.30058,-0.54097,-0.27977,-0.62547
-0.21038,0.16889,-0.57178,-0.3309,-0.26558,0.15937,-0.48343,0.10932,-0.4181,-0.10964,-0.51048,0,-0.40002,-0.35434,0.058477,0.13909,-0.058818,-0.31608,-0.13057,0.23155,0.085802,0.21033,-0.19084,0.15747,-0.56328,-0.13353,0.24421,0.34855,-0.24393,-0.27761,-0.6812,-0.76251,-0.42347,-0.46792,-0.53343,-0.44225,-0.78089,-0.69724,-0.57563,-0.33924,0.020337,0.12244,-0.65614,-0.39799,-0.44094,-0.34494,-0.46189,-0.23557,-0.42575,-0.52237,-0.032388,-0.46676,-0.23184,0.12115,-0.31544,-0.10419,-0.15566,-0.50442,-0.27154,-0.35705,0.12595,-0.20914,-0.095921,-0.45257,-0.59579,-0.61716,-0.32864,-0.10996,-0.14701,-0.451,-0.64183,-0.54295,-0.57183,-0.52203,-0.37676,-0.34257,0.32473,-0.33521,-0.18181,-0.75945,-0.39014,-0.059393,-0.4327,0.034702,0.054036,-0.6312,-0.24094,-0.4805,-0.21779,0.0030295,0.41985,-0.52179,0.13979,-0.18421,0.29632,-0.52947,-0.22726,-0.4863,-0.12419,-0.022865,-0.095279,-0.094188,-0.12938,-0.23965,0.053942
-0.18032,-0.38125,0.084846,-0.11805,-0.059988,-0.39419,-0.021601,-0.36467,-0.40701,-0.33437,0.03844,-0.40002,0,0.20114,-0.28047,-0.68472,0.013455,0.031037,0.136,-0.33409,-0.40158,-0.34583,-0.1806,-0.37296,-0.33636,-0.34249,-0.59439,-0.35971,-0.13217,-0.083134,0.088932,0.19577,0.58443,0.52458,0.26309,0.33943,0.20198,0.23674,0.051147,-0.20412,-0.24127,-0.32236,0.19825,0.053702,0.01793,0.049943,0.0069351,0.23214,-0.17428,0.62482,-0.059058,-0.18916,-0.20724,-0.40903,-0.10679,0.008734,0.060309,0.16433,0.17625,-0.30612,-0.55133,-0.29811,-0.36417,-0.20391,-0.19402,0.056263,0.058269,-0.10152,-0.46486,-0.16322,0.050806,0.061506,0.062844,0.022517,-0.0063198,-0.219,-0.60156,0.61727,0.29077,0.1268,0.3482,-0.011396,0.17893,-0.14589,-0.021454,0.39,0.20569,0.067384,0.11015,-0.24314,-0.28459,0.084023,-0.31254,-0.35909,-0.54918,0.071959,-0.14497,0.028148,-0.21446,-0.32122,-0.3626,-0.2665,-0.45609,-0.35849,-0.43203
-0.27617,-0.16372,-0.12232,-0.18122,-0.037852,-0.058671,0.055855,0.015194,-0.35199,-0.14173,-0.258,-0.35434,0.20114,0,-0.29539,-0.46961,0.15643,-0.0052297,0.26588,-0.096884,-0.24996,-0.51074,0.075202,-0.11467,-0.19801,-0.21817,-0.37096,-0.28648,0.052424,0.14346,-0.02645,0.06279,-0.11524,0.3693,-0.16888,-0.11152,-0.031659,0.14037,-0.082793,0.026985,-0.025092,-0.058543,-0.050117,0.15445,-0.13776,-0.24952,-0.0084331,-0.20945,0.036127,0.33237,0.20145,-0.29436,-0.22765,-0.25218,-0.31105,-0.11717,-0.27251,-0.13478,-0.28604,-0.25605,-0.26797,-0.18556,-0.051281,-0.18969,-0.044901,0.062489,-0.12707,-0.29468,-0.37669,-0.15353,-0.090865,-0.089534,-0.14593,-0.0011703,-0.14149,-0.45593,-0.58117,0.27314,0.59239,0.20163,0.68401,-0.082258,0.050358,0.0073631,0.16204,0.31338,0.36681,-0.067438,-0.27501,-0.32012,-0.46662,-0.11057,-0.11161,-0.32693,-0.29912,-0.0030496,0.12734,-0.16767,-0.081535,-0.17268,-0.16244,-0.27808,-0.16571,-0.14526,-0.030302
-0.1367,0.040888,-0.45222,-0.44752,-0.18132,0.001264,-0.22605,-0.15752,-0.28145,-0.18598,-0.44874,0.058477,-0.28047,-0.29539,0,0.25505,-0.16103,-0.20789,-0.2429,0.11019,0.46883,0.060864,0.085541,0.17467,-0.28271,-0.15903,0.14124,0.10961,-0.034421,-0.027426,-0.41759,-0.44414,-0.31825,-0.253,-0.41673,-0.33605,-0.59407,-0.53282,-0.41495,-0.36531,0.17302,0.020611,-0.40289,-0.22693,-0.64093,-0.49345,-0.42129,-0.14967,-0.0085267,-0.36728,-0.25043,0.064689,0.042547,0.14925,-0.10738,-0.011048,-0.064201,-0.43447,-0.34718,-0.13206,-0.094496,0.30189,0.10534,-0.058249,-0.22072,-0.46433,-0.13415,0.14729,0.16099,-0.050157,-0.19885,-0.43614,-0.43375,-0.51589,-0.35953,-0.41067,-0.12003,-0.32987,-0.19392,-0.35301,-0.32155,0.1049,-0.10492,0.079255,-0.048532,-0.52773,-0.40655,-0.48988,-0.36003,-0.26878,-0.1139,-0.20824,0.11797,-0.22358,-0.053173,-0.30625,-0.29757,-0.39545,-0.22236,0.097934,0.11774,0.10326,0.21668,-0.23679,-0.12503
-0.063091,0.041243,-0.35876,-0.19095,-0.24652,0.017622,-0.32194,-0.02219,-0.12531,-0.082492,-0.39314,0.13909,-0.68472,-0.46961,0.25505,0,-0.36362,-0.13485,-0.35919,0.22415,0.066355,0.14786,-0.067144,0.15651,-0.19803,-0.052852,0.4578,0.39952,-0.18508,-0.24744,-0.51189,-0.63229,-0.60231,-0.54972,-0.49248,-0.42482,-0.60199,-0.61651,-0.33672,-0.16011,0.027687,0.10518,-0.54734,-0.50726,-0.43975,-0.4887,-0.24628,-0.20602,-0.30444,-0.81089,-0.31681,-0.20872,0.013422,0.1391,-0.094162,-0.23646,-0.23136,-0.3397,-0.28617,0.035083,0.23341,-0.077075,-0.095787,-0.38208,-0.44502,-0.36567,-0.35523,-0.020952,0.25935,-0.32072,-0.48531,-0.56149,-0.56488,-0.38538,-0.338,-0.081047,0.34015,-0.68953,-0.49222,-0.66551,-0.62275,-0.26583,-0.4492,-0.098435,-0.2423,-0.68255,-0.50546,-0.29928,-0.19904,-0.034542,0.031144,-0.23221,0.17027,0.028496,0.23007,-0.45168,-0.25607,-0.49878,-0.13125,-0.19405,-0.11269,-0.11904,0.060276,-0.12626,-0.045824
-0.39076,0.00076239,-0.40251,-0.29615,-0.22885,0.03196,-0.15723,-0.059573,-0.22671,0.032127,-0.29405,-0.058818,0.013455,0.15643,-0.16103,-0.36362,0,-0.064415,0.21547,0.05972,-0.0015515,-0.29651,0.085862,0.018237,-0.20735,-0.07654,-0.16566,-0.19082,0.06608,0.070768,-0.17139,-0.18246,-0.18625,0.027252,-0.31746,-0.46751,-0.21838,-0.12941,-0.29533,-0.11755,-0.035806,-0.019601,-0.15187,0.060877,-0.22454,-0.21093,-0.18324,-0.20106,-0.042533,-0.03394,0.03729,-0.37956,-0.36496,-0.10584,-0.34502,-0.17817,-0.33055,-0.32402,-0.34647,-0.45678,-0.16578,-0.029218,0.097198,-0.014773,-0.15061,-0.12954,0.071029,-0.18049,-0.39621,-0.0059921,-0.13028,-0.035344,-0.23709,-0.1192,-0.15352,-0.64364,-0.3523,0.088511,0.39781,-0.010359,0.20019,0.023607,0.20479,0.10003,0.38434,0.037497,0.30975,-0.20458,-0.3337,-0.33734,-0.26781,-0.35424,-0.11605,-0.37697,-0.19409,-0.27045,-0.07551,-0.29959,-0.10665,-0.067458,-0.0041597,-0.32767,-0.24286,-0.32002,0.069531
0.19292,-0.095472,0.060322,0.076192,0.18604,-0.11693,0.15394,-0.011336,-0.0098576,0.13915,0.12378,-0.31608,0.031037,-0.0052297,-0.20789,-0.13485,-0.064415,0,0.087768,0.18097,-0.32397,-0.19704,0.21526,0.03412,0.0022939,0.078673,-0.13351,0.050505,0.14647,0.15186,0.049134,0.16635,-0.14561,0.047228,-0.012994,0.082733,0.13241,0.13213,0.41568,0.30991,-0.001799,-0.00533,0.1058,-0.023968,0.086043,-0.059165,0.61399,0.030703,-0.13294,-0.19445,-0.48899,-0.28521,0.10309,-0.14712,0.071156,-0.18228,-0.27864,0.28604,-0.024169,0.090677,-0.025393,-0.18391,-0.18336,-0.47431,-0.45924,0.46081,-0.18459,0.016452,-0.039016,-0.22585,-0.1271,-0.13579,-0.077503,0.37289,0.11839,0.027366,-0.14866,-0.12814,-0.012733,-0.093185,0.056704,-0.3097,-0.069224,-0.34966,-0.26305,0.057988,0.043623,0.34994,0.068682,0.20159,-0.14339,0.04038,-0.15669,0.010145,-0.28931,-0.027954,-0.0067946,-0.25923,-0.010607,-0.43419,-0.19203,-0.39119,-0.27686,-0.16368,-0.22118
-0.176,0.10107,-0.094443,-0.11738,-0.20415,0.063479,-0.23818,0.16153,-0.4112,0.081328,-0.2528,-0.13057,0.136,0.26588,-0.2429,-0.35919,0.21547,0.087768,0,-0.023581,-0.22596,-0.13626,0.022377,0.026844,-0.24743,-0.2577,-0.22038,-0.043623,-0.010259,0.19428,-0.12308,-0.012345,-0.145,0.029512,-0.20845,-0.097405,-0.13115,0.013924,-0.15397,0.067197,-0.12243,0.0894,-0.11602,0.11037,-0.026189,-0.12353,0.033231,-0.17009,-0.056805,0.09039,-0.076252,-0.2148,-0.18413,-0.036167,-0.1205,0.027426,-0.13993,-0.056457,-0.15007,-0.31738,-0.015415,-0.21026,-0.093941,-0.25397,-0.18943,0.070742,-0.045008,-0.26666,-0.38019,-0.21889,-0.18263,-0.17968,-0.13052,0.091192,0.040781,-0.3223,-0.36443,0.30132,0.41822,0.06923,0.43896,0.14202,-0.12648,0.11428,0.17258,0.31871,0.35782,-0.044667,-0.12876,-0.038768,-0.095158,-0.23573,-0.072641,-0.25917,-0.17473,0.13879,0.22595,-0.07775,-0.11113,-0.20362,-0.019762,-0.38671,-0.25371,-0.22371,-0.10516
0.036989,0.3598,-0.42321,-0.2211,0.089253,0.41513,-0.09899,0.36422,-0.14042,0.12791,-0.33568,0.23155,-0.33409,-0.096884,0.11019,0.22415,0.05972,0.18097,-0.023581,0,0.137,-0.014211,0.41846,0.62155,-0.15846,0.12675,0.41855,0.45659,0.17435,0.1574,-0.42077,-0.38848,-0.56861,-0.21139,-0.54227,-0.39729,-0.50578,-0.40926,-0.16656,0.098107,0.43268,0.49636,-0.40064,-0.10583,-0.32832,-0.39824,-0.077255,-0.22878,-0.16114,-0.51809,-0.21276,-0.40607,0.1138,0.30881,-0.097258,-0.074988,-0.2723,-0.32279,-0.40239,-0.071758,0.33504,-0.052565,0.11504,-0.48447,-0.49718,-0.16907,-0.30717,-0.036889,0.0041196,-0.31079,-0.41965,-0.44845,-0.45018,-0.16157,-0.19649,-0.29044,0.14091,-0.33381,0.0083194,-0.47063,-0.16238,-0.19411,-0.2573,-0.021146,0.078031,-0.42552,-0.060623,-0.22859,-0.27768,0.062529,0.036621,-0.2861,0.27078,-0.086284,0.14987,-0.46474,-0.1162,-0.66686,-0.054912,-0.053153,0.059848,-0.30107,-0.053615,-0.10437,0.17158
-0.23969,0.2842,-0.78713,-0.77726,-0.17092,0.31202,-0.32037,0.050953,-0.29072,-0.095874,-0.69122,0.085802,-0.40158,-0.24996,0.46883,0.066355,-0.0015515,-0.32397,-0.22596,0.137,0,0.014954,0.23371,0.40849,-0.23435,-0.1849,0.2052,-0.005758,0.061058,0.082712,-0.65962,-0.55364,-0.47465,-0.29862,-0.79448,-0.61784,-0.85988,-0.76203,-0.52722,-0.36933,0.34184,0.16321,-0.6542,-0.1523,-0.87588,-0.75569,-0.60377,-0.51327,0.1543,-0.34883,-0.10829,-0.0065472,0.062161,0.4057,-0.11332,0.11053,-0.092256,-0.81961,-0.74663,-0.35424,-0.030743,0.32032,0.3434,0.092336,-0.045115,-0.58203,-0.30966,-0.15362,-0.077296,-0.12185,-0.29251,-0.55185,-0.63692,-0.6111,-0.50727,-0.71223,-0.22651,-0.28096,-0.10173,-0.33881,-0.31285,0.21198,-0.12885,0.25415,0.091741,-0.59601,-0.40701,-0.78478,-0.81059,-0.31783,-0.1514,-0.27265,0.29516,-0.094897,0.16692,-0.49481,-0.28946,-0.66193,-0.21144,0.37691,0.48519,-0.08615,0.14271,-0.12567,0.081696
-0.094764,0.14217,-0.46385,-0.38145,-0.46827,-0.051434,-0.71457,-0.081362,-0.3626,-0.056611,-0.40765,0.21033,-0.34583,-0.51074,0.060864,0.14786,-0.29651,-0.19704,-0.13626,-0.014211,0.014954,0,-0.25115,0.042674,-0.34873,-0.18437,0.09469,0.39884,-0.23746,-0.24293,-0.41219,-0.3862,-0.22024,-0.39033,-0.36166,-0.24873,-0.52515,-0.46137,-0.41468,-0.32103,-0.14794,0.048492,-0.40938,-0.3138,-0.27518,-0.28052,-0.22237,-0.19169,-0.35808,-0.43531,-0.29539,-0.098957,-0.14644,0.08415,-0.020016,0.041363,0.072487,-0.20958,-0.15535,-0.42152,-0.00089614,-0.12327,-0.21804,-0.34807,-0.30944,-0.35035,-0.43916,-0.054678,-0.14907,-0.26508,-0.26646,-0.4906,-0.40029,-0.30015,-0.29585,-0.21899,0.043744,-0.33554,-0.35805,-0.66567,-0.44249,-0.083013,-0.52313,-0.12252,-0.22404,-0.50632,-0.43482,-0.24572,-0.12084,0.27514,0.31785,-0.19403,0.14676,0.014164,0.2268,-0.30938,-0.20549,-0.38192,-0.13058,-0.15581,0.022511,-0.25974,-0.074681,-0.39351,-0.34447
0.069404,0.30912,-0.31213,-0.29704,0.28581,0.41026,0.11725,0.28505,-0.06269,0.081194,-0.27584,-0.19084,-0.1806,0.075202,0.085541,-0.067144,0.085862,0.21526,0.022377,0.41846,0.23371,-0.25115,0,0.55681,0.065993,0.016485,0.16295,0.02457,0.48559,0.63425,-0.27381,-0.15506,-0.45724,0.0039056,-0.48715,-0.3008,-0.32456,-0.24945,-0.003083,0.18753,0.63613,0.39564,-0.25399,0.17968,-0.33755,-0.4582,-0.05849,-0.35278,0.23622,-0.2454,-0.22777,-0.12967,0.3396,0.32988,0.062482,0.05627,-0.22523,-0.34575,-0.60946,-0.018692,0.12656,0.090644,0.25184,-0.17065,-0.1593,-0.03725,-0.22127,-0.16178,-0.037049,-0.12381,-0.18907,-0.3046,-0.3197,-0.062703,-0.12509,-0.3902,-0.28394,-0.14489,0.17022,-0.11574,0.053815,-0.07448,-0.062931,0.012927,0.073343,-0.20129,-0.027359,-0.26223,-0.5092,-0.13886,-0.29513,-0.069157,0.19034,-0.076961,-0.069371,-0.2797,-0.11426,-0.56391,-0.1523,0.11459,0.24672,-0.31373,-0.027627,-0.06271,0.082124
0.0026282,0.67886,-0.55946,-0.4416,0.033779,0.81803,-0.22136,0.55862,-0.25499,0.18041,-0.55707,0.15747,-0.37296,-0.11467,0.17467,0.15651,0.018237,0.03412,0.026844,0.62155,0.40849,0.042674,0.55681,0,-0.18429,-0.0072694,0.40935,0.30228,0.24924,0.30611,-0.59593,-0.42707,-0.61621,-0.25727,-0.79934,-0.44538,-0.65709,-0.55652,-0.23802,0.024637,0.65525,0.68314,-0.59137,-0.06808,-0.54257,-0.66909,-0.21155,-0.42747,0.086765,-0.43531,-0.20045,-0.2044,0.26009,0.70126,0.069478,0.15418,-0.13277,-0.49387,-0.61677,-0.19115,0.31437,0.062951,0.24269,-0.25805,-0.29587,-0.26201,-0.40643,-0.18127,-0.01377,-0.32762,-0.43867,-0.64011,-0.64939,-0.28024,-0.32832,-0.45439,-0.065733,-0.25486,0.020738,-0.38613,-0.17241,0.033505,-0.28895,0.19425,0.096837,-0.43114,-0.18654,-0.3963,-0.50839,0.032214,0.023079,-0.21359,0.49649,0.036956,0.30865,-0.45431,-0.14605,-0.79259,-0.095914,0.14031,0.33525,-0.2863,-0.0083796,-0.077329,0.20973
-0.10187,-0.18895,0.041724,0.091473,-0.047783,-0.21858,0.13547,-0.19896,0.72527,-0.063272,0.2052,-0.56328,-0.33636,-0.19801,-0.28271,-0.19803,-0.20735,0.0022939,-0.24743,-0.15846,-0.23435,-0.34873,0.065993,-0.18429,0,0.022872,-0.058597,-0.27748,-0.013984,0.014753,0.12488,0.02754,-0.33853,-0.11461,-0.089019,-0.18474,0.027687,0.056437,0.05849,0.18838,-0.20163,-0.14053,0.15044,0.16676,0.1426,-0.021206,0.062623,-0.29757,-0.055929,-0.33016,-0.46042,-0.087441,-0.084304,-0.16468,-0.081114,-0.37033,-0.41234,-0.10746,-0.34611,0.19251,-0.050532,-0.18468,-0.20453,-0.092717,0.071912,0.15847,-0.0012105,-0.29341,-0.14817,0.17586,0.085247,0.1828,0.17324,0.24558,0.22938,0.014051,-0.23135,-0.33255,-0.23862,-0.062951,-0.11194,-0.46193,-0.1989,-0.43922,-0.24336,-0.10877,-0.14703,-0.058463,-0.345,-0.26969,-0.67133,0.014017,-0.26266,-0.16814,-0.36228,-0.068816,-0.15684,-0.096369,-0.35384,-0.19996,-0.16874,-0.39799,-0.22515,-0.15858,-0.33116
-0.056551,-0.15604,-0.35798,-0.14976,-0.042968,-0.12744,0.0053434,-0.10212,0.13645,0.37278,-0.098756,-0.13353,-0.34249,-0.21817,-0.15903,-0.052852,-0.07654,0.078673,-0.2577,0.12675,-0.1849,-0.18437,0.016485,-0.0072694,0.022872,0,-0.10446,-0.083602,0.15106,-0.04894,0.010326,0.0012974,-0.44804,-0.25856,-0.2721,-0.30354,-0.045115,-0.035638,0.073497,0.22093,0.0040527,-0.094556,-0.019809,0.0057647,-0.1559,-0.17751,0.13767,-0.060958,-0.027426,-0.45674,-0.49747,-0.39753,-0.20243,-0.21721,-0.074366,-0.33781,-0.38635,-0.037203,-0.22682,-0.086578,-0.19319,0.03186,-0.085916,-0.21487,-0.31145,0.082091,-0.17436,0.14532,0.093185,0.021828,-0.011356,-0.14188,-0.1611,-0.0064001,-0.22935,-0.19307,-0.0099579,-0.5312,-0.23278,-0.28144,-0.24948,-0.58755,-0.30776,-0.3941,-0.30252,-0.31651,-0.111,0.074253,-0.17213,0.024062,-0.22797,-0.26859,-0.26419,-0.23121,-0.2143,-0.35944,-0.33893,-0.2818,0.0051428,-0.17088,-0.22964,-0.11643,-0.14012,-0.29281,-0.053501
0.0066141,0.35878,-0.38598,-0.20175,-0.07547,0.32579,-0.23067,0.18884,-0.052284,-0.11897,-0.34354,0.24421,-0.59439,-0.37096,0.14124,0.4578,-0.16566,-0.13351,-0.22038,0.41855,0.2052,0.09469,0.16295,0.40935,-0.058597,-0.10446,0,0.46916,-0.021842,-0.029606,-0.59268,-0.72087,-0.61392,-0.3682,-0.57068,-0.44048,-0.74372,-0.69868,-0.33791,-0.085936,0.22811,0.44743,-0.56187,-0.24293,-0.35238,-0.43873,-0.31934,-0.33716,-0.25298,-0.74606,-0.1938,-0.24462,0.126,0.49,-0.070039,-0.093299,-0.18491,-0.5389,-0.4948,0.025466,0.50806,-0.17783,-0.014933,-0.41426,-0.39695,-0.41616,-0.30057,-0.27556,0.049355,-0.30249,-0.54542,-0.43116,-0.50589,-0.33015,-0.19695,-0.16979,0.23189,-0.47294,-0.23816,-0.71221,-0.40527,-0.17124,-0.43569,-0.0047482,0.030502,-0.64952,-0.31267,-0.45471,-0.36951,-0.077095,-0.004688,-0.2022,0.39496,-0.02863,0.29535,-0.54419,-0.28188,-0.65827,-0.31481,-0.032274,0.005009,-0.34031,-0.10622,-0.18977,-0.0062997
0.11622,0.31092,-0.32414,-0.15066,-0.1388,0.17944,-0.3186,0.17439,-0.27252,-0.045162,-0.32365,0.34855,-0.35971,-0.28648,0.10961,0.39952,-0.19082,0.050505,-0.043623,0.45659,-0.005758,0.39884,0.02457,0.30228,-0.27748,-0.083602,0.46916,0,-0.048973,-0.065285,-0.44002,-0.4736,-0.40753,-0.28779,-0.39795,-0.23653,-0.54386,-0.45656,-0.24503,-0.051595,0.11982,0.39928,-0.42213,-0.26635,-0.22306,-0.30805,-0.090443,-0.14281,-0.3942,-0.56754,-0.216,-0.30542,0.042981,0.24487,-0.058082,-0.040286,-0.097365,-0.22207,-0.22226,-0.10007,0.34214,-0.20414,-0.11725,-0.65915,-0.58818,-0.25228,-0.38689,-0.086638,0.020745,-0.37542,-0.48292,-0.48176,-0.43877,-0.2036,-0.16505,-0.11166,0.26658,-0.37627,-0.18412,-0.70233,-0.28607,-0.18653,-0.47158,-0.10236,-0.080432,-0.47988,-0.21453,-0.18601,-0.072266,0.27387,0.27489,-0.19511,0.32677,-0.019615,0.25729,-0.35047,-0.1138,-0.51768,-0.096877,-0.20174,-0.0617,-0.31038,-0.073363,-0.28469,-0.1258
0.26823,0.20486,-0.31322,-0.29557,0.15971,0.17437,0.088437,0.059901,-0.15063,0.09782,-0.2428,-0.24393,-0.13217,0.052424,-0.034421,-0.18508,0.06608,0.14647,-0.010259,0.17435,0.061058,-0.23746,0.48559,0.24924,-0.013984,0.15106,-0.021842,-0.048973,0,0.69043,-0.090651,0.038012,-0.35073,0.068856,-0.37843,-0.238,-0.16239,-0.1086,0.16321,0.24527,0.39181,0.24335,-0.13408,0.32663,-0.26525,-0.37067,0.0032836,-0.21011,0.36462,-0.178,-0.2729,-0.07543,0.20437,0.11983,0.10453,0.098442,-0.10068,-0.21323,-0.51844,-0.11151,-0.13381,0.24378,0.38899,-0.1312,-0.09475,-0.0034174,-0.19798,-0.16792,0.044974,0.03077,0.0046746,-0.22572,-0.21859,-0.080305,-0.18945,-0.36653,-0.38721,-0.17784,0.18429,-0.027312,0.10394,-0.1752,-0.081763,-0.10508,-0.069966,-0.12735,0.080412,-0.1204,-0.37126,-0.091306,-0.31899,-0.088664,0.012212,-0.24948,-0.2133,-0.18973,-0.13061,-0.36822,-0.014746,0.02249,0.15253,-0.33387,0.014465,-0.28555,0.052866
0.18603,0.30062,-0.24318,-0.29724,0.17496,0.28489,0.065545,0.19258,-0.19004,0.056276,-0.26385,-0.27761,-0.083134,0.14346,-0.027426,-0.24744,0.070768,0.15186,0.19428,0.1574,0.082712,-0.24293,0.63425,0.30611,0.014753,-0.04894,-0.029606,-0.065285,0.69043,0,-0.10471,0.052371,-0.35151,0.089614,-0.38127,-0.20912,-0.21136,-0.10707,0.047562,0.20718,0.33767,0.28678,-0.14232,0.374,-0.21583,-0.30695,-0.028904,-0.32289,0.40009,-0.11251,-0.2403,0.054859,0.23208,0.20324,0.049221,0.13597,-0.13919,-0.24474,-0.55149,-0.085909,-0.0064602,0.15714,0.34664,-0.14859,-0.051816,-0.0024142,-0.18291,-0.22087,-0.033532,-0.0056845,-0.017408,-0.22577,-0.15935,-0.026911,-0.092851,-0.39392,-0.47804,-0.050605,0.27744,0.047736,0.23936,-0.017756,-0.086759,-0.023988,0.0089748,-0.033525,0.1164,-0.20579,-0.44219,-0.10847,-0.2926,-0.15491,0.013442,-0.25089,-0.23924,-0.054089,-0.026356,-0.32393,-0.17734,0.071805,0.30643,-0.34326,0.032268,-0.20276,-0.011061
-0.085615,-0.55525,0.18865,0.16363,-0.15851,-0.65909,0.14833,-0.55565,0.10396,-0.17355,0.34532,-0.6812,0.088932,-0.02645,-0.41759,-0.51189,-0.17139,0.049134,-0.12308,-0.42077,-0.65962,-0.41219,-0.27381,-0.59593,0.12488,0.010326,-0.59268,-0.44002,-0.090651,-0.10471,0,0.65305,0.089387,0.14946,0.39878,0.10847,0.63907,0.8504,0.19357,0.051167,-0.47793,-0.49845,1,0.14769,0.4083,0.41441,0.30702,0.13584,-0.14486,-0.0022604,-0.41051,-0.050605,-0.40782,-0.71996,-0.25941,-0.47304,-0.35918,0.35913,0.061787,0.0065137,-0.48356,-0.1923,-0.34763,-0.18121,-0.084077,0.33835,0.14568,0.0066141,-0.12786,0.33264,0.53086,0.53521,0.60229,0.34874,0.18467,-0.0092423,-0.44747,-0.13427,-0.12485,0.16318,0.13718,-0.53292,-0.014271,-0.68202,-0.39283,0.25349,0.11831,0.37071,0.098415,-0.17596,-0.50279,-0.089708,-0.74071,-0.51802,-1,0.20817,-0.13406,0.28028,-0.23868,-0.43338,-0.44192,-0.18965,-0.21087,-0.48661,-0.55451
-0.0089213,-0.42062,0.11582,-0.027138,-0.058497,-0.47859,0.096656,-0.3657,-0.06905,-0.034843,0.17695,-0.76251,0.19577,0.06279,-0.44414,-0.63229,-0.18246,0.16635,-0.012345,-0.38848,-0.55364,-0.3862,-0.15506,-0.42707,0.02754,0.0012974,-0.72087,-0.4736,0.038012,0.052371,0.65305,0,0.090042,0.18011,0.22186,0.1817,0.6273,0.75416,0.36471,0.11315,-0.33845,-0.41125,0.54899,0.21467,0.21703,0.16371,0.37461,0.021882,0.047308,0.15433,-0.446,-0.018692,-0.21818,-0.55039,-0.071544,-0.2205,-0.21571,0.42058,0.015208,-0.12465,-0.52925,-0.097813,-0.23628,-0.14101,-0.018953,0.46545,-0.060516,-0.034441,-0.19434,0.11458,0.46389,0.15524,0.34172,0.34114,0.054578,-0.085735,-0.60253,-0.0063265,-0.031659,0.30931,0.21046,-0.36393,-0.027433,-0.52322,-0.43012,0.34717,0.096054,0.36364,0.0070354,-0.065967,-0.43673,-0.032475,-0.60113,-0.32864,-0.78135,0.27936,-0.046539,0.17759,-0.097245,-0.36767,-0.25887,-0.24538,-0.20707,-0.30835,-0.43581
-0.24739,-0.57788,0.080693,-0.12057,-0.2663,-0.69858,-0.17722,-0.6978,-0.33765,-0.52601,0.10721,-0.42347,0.58443,-0.11524,-0.31825,-0.60231,-0.18625,-0.14561,-0.145,-0.56861,-0.47465,-0.22024,-0.45724,-0.61621,-0.33853,-0.44804,-0.61392,-0.40753,-0.35073,-0.35151,0.089387,0.090042,0,0.3109,0.48298,0.35937,0.18588,0.13076,-0.059607,-0.4525,-0.48877,-0.54777,0.1965,-0.15962,0.039825,0.13003,-0.097419,0.2952,-0.34748,0.34554,-0.14881,-0.095593,-0.33403,-0.55951,-0.15839,-0.10812,0.11221,0.1708,0.32866,-0.32773,-0.69204,-0.37816,-0.5569,-0.19809,-0.1832,-0.096991,0.0097171,-0.13012,-0.43742,-0.13581,0.076226,0.11459,0.064295,-0.095486,-0.076012,-0.1136,-0.51931,0.29396,-0.057968,-0.057126,0.0048552,-0.089888,0.1205,-0.28028,-0.19032,0.16152,-0.074875,0.046352,0.20415,-0.25617,-0.25207,0.14225,-0.39245,-0.31749,-0.56511,-0.021026,-0.30627,0.041898,-0.34397,-0.47538,-0.49854,-0.28549,-0.52451,-0.51167,-0.70276
-0.10438,-0.28556,-0.0010968,-0.13462,0.019601,-0.28747,0.13476,-0.30702,-0.24144,-0.38303,0.013863,-0.46792,0.52458,0.3693,-0.253,-0.54972,0.027252,0.047228,0.029512,-0.21139,-0.29862,-0.39033,0.0039056,-0.25727,-0.11461,-0.25856,-0.3682,-0.28779,0.068856,0.089614,0.14946,0.18011,0.3109,0,0.15547,0.17881,0.11446,0.21813,0.069591,-0.11588,-0.092055,-0.16842,0.20324,0.21073,0.010647,-0.044399,0.018284,0.075898,-0.07555,0.38244,0.02019,-0.11953,-0.15057,-0.32038,-0.16087,-0.044499,-0.036514,0.010834,-0.10237,-0.1814,-0.44731,-0.23908,-0.22023,-0.24446,-0.085093,0.032361,-0.032448,-0.22599,-0.3298,-0.012914,0.12811,0.13561,0.028897,0.015903,-0.050064,-0.28955,-0.68963,0.32566,0.37867,0.047556,0.44883,-0.14242,0.17153,-0.17985,0.054136,0.24546,0.23377,0.01292,-0.088163,-0.30395,-0.48743,0.17848,-0.16832,-0.38501,-0.51447,-0.054036,-0.17647,-0.15843,-0.3223,-0.28544,-0.29322,-0.39556,-0.32377,-0.4653,-0.39686
-0.13846,-0.80086,0.45853,0.25616,-0.15419,-0.96308,0.088397,-0.74761,-0.031452,-0.4582,0.6067,-0.53343,0.26309,-0.16888,-0.41673,-0.49248,-0.31746,-0.012994,-0.20845,-0.54227,-0.79448,-0.36166,-0.48715,-0.79934,-0.089019,-0.2721,-0.57068,-0.39795,-0.37843,-0.38127,0.39878,0.22186,0.48298,0.15547,0,0.51167,0.51762,0.37777,0.13367,-0.23141,-0.66394,-0.67567,0.58965,-0.16761,0.40921,0.50405,0.12785,0.34875,-0.43589,0.066562,-0.3485,-0.17319,-0.37167,-0.79833,-0.26172,-0.42874,-0.18622,0.46381,0.49067,0.033351,-0.54347,-0.46834,-0.68705,-0.33127,-0.29541,0.11604,0.11287,-0.10364,-0.23643,-0.047482,0.081703,0.37948,0.39022,0.13682,0.18413,0.23117,-0.30475,-0.015823,-0.22867,-0.035057,-0.027138,-0.35448,0.0020063,-0.61499,-0.39755,0.17574,-0.067632,0.26869,0.37388,-0.22519,-0.35667,0.054671,-0.66933,-0.36114,-0.85362,0.17505,-0.23805,0.27905,-0.37382,-0.73151,-0.77107,-0.22091,-0.52332,-0.44003,-0.8149
0.074928,-0.4672,0.4351,0.13972,0.050237,-0.52331,0.065866,-0.37893,-0.21415,-0.38194,0.3128,-0.44225,0.33943,-0.11152,-0.33605,-0.42482,-0.46751,0.082733,-0.097405,-0.39729,-0.61784,-0.24873,-0.3008,-0.44538,-0.18474,-0.30354,-0.44048,-0.23653,-0.238,-0.20912,0.10847,0.1817,0.35937,0.17881,0.51167,0,0.29006,0.20498,0.28743,-0.11313,-0.34077,-0.36373,0.23573,-0.10108,0.19454,0.14757,0.14635,0.25365,-0.30673,0.12931,-0.34031,-0.14495,-0.045369,-0.42523,0.035892,-0.088223,0.068508,0.41235,0.36112,0.044707,-0.40829,-0.47912,-0.62349,-0.44546,-0.34472,0.11374,-0.10524,-0.16872,-0.21099,-0.28887,-0.079991,-0.0046746,0.138,0.09259,0.10698,0.25474,-0.30218,0.093968,-0.14169,-0.085662,0.010988,-0.22429,-0.17571,-0.42616,-0.38144,0.12704,-0.11128,0.18487,0.30522,-0.039684,-0.21003,0.25086,-0.35414,-0.17852,-0.52733,0.18172,-0.2006,0.10651,-0.2958,-0.53547,-0.57885,-0.23953,-0.50912,-0.29926,-0.66797
-0.098208,-0.697,0.36203,0.21943,-0.074921,-0.7254,0.18186,-0.52855,0.043817,-0.14998,0.47057,-0.78089,0.20198,-0.031659,-0.59407,-0.60199,-0.21838,0.13241,-0.13115,-0.50578,-0.85988,-0.52515,-0.32456,-0.65709,0.027687,-0.045115,-0.74372,-0.54386,-0.16239,-0.21136,0.63907,0.6273,0.18588,0.11446,0.51762,0.29006,0,0.85167,0.43323,0.068167,-0.51817,-0.59547,0.71872,-0.00079583,0.38071,0.29866,0.39905,0.16502,-0.18259,0.11354,-0.41779,-0.22355,-0.3247,-0.79918,-0.13936,-0.42422,-0.30064,0.58109,0.22218,-0.0093292,-0.55876,-0.33044,-0.4853,-0.19147,-0.17144,0.5001,0.05758,-0.088965,-0.23205,0.0046145,0.20956,0.33542,0.37928,0.39344,0.16168,0.12715,-0.41769,-0.03283,-0.15291,0.22996,0.087006,-0.4897,0.002441,-0.65091,-0.482,0.39058,0.056664,0.53722,0.20012,-0.15528,-0.47661,0.047388,-0.767,-0.28472,-0.84431,0.22289,-0.13072,0.28185,-0.12595,-0.58137,-0.59675,-0.23241,-0.44353,-0.30194,-0.50831
-0.13761,-0.53682,0.2715,0.20569,-0.12488,-0.58719,0.13094,-0.41249,0.0059587,-0.10661,0.31215,-0.69724,0.23674,0.14037,-0.53282,-0.61651,-0.12941,0.13213,0.013924,-0.40926,-0.76203,-0.46137,-0.24945,-0.55652,0.056437,-0.035638,-0.69868,-0.45656,-0.1086,-0.10707,0.8504,0.75416,0.13076,0.21813,0.37777,0.20498,0.85167,0,0.27538,0.13855,-0.45049,-0.44879,0.80084,0.17718,0.41599,0.2972,0.43859,0.11578,-0.15291,0.16469,-0.3223,-0.18972,-0.37612,-0.70415,-0.1991,-0.37923,-0.31691,0.46787,0.11574,-0.069491,-0.47526,-0.28949,-0.40882,-0.20646,-0.087314,0.55574,0.098649,-0.063813,-0.28813,0.10509,0.33885,0.37725,0.4675,0.51421,0.22525,-0.012439,-0.47214,0.041604,0.0040193,0.27922,0.30023,-0.46172,-0.0045476,-0.55401,-0.32139,0.50632,0.22883,0.50612,0.12946,-0.13301,-0.49,0.0029359,-0.62797,-0.39531,-0.79199,0.27945,0.0038119,0.28983,-0.10639,-0.45959,-0.47473,-0.24546,-0.31397,-0.33644,-0.46366
0.34572,-0.29988,0.25046,0.1486,0.29513,-0.30764,0.3163,-0.21253,0.021808,-0.052785,0.30884,-0.57563,0.051147,-0.082793,-0.41495,-0.33672,-0.29533,0.41568,-0.15397,-0.16656,-0.52722,-0.41468,-0.003083,-0.23802,0.05849,0.073497,-0.33791,-0.24503,0.16321,0.047562,0.19357,0.36471,-0.059607,0.069591,0.13367,0.28743,0.43323,0.27538,0,0.35113,-0.11231,-0.19671,0.23799,0.056042,0.15518,-0.0037049,0.44933,0.069056,-0.066702,-0.080399,-0.51355,-0.23577,0.13227,-0.31137,0.18225,-0.15612,-0.14751,0.36644,0.0055909,0.15828,-0.28941,-0.23409,-0.25445,-0.35339,-0.29465,0.43804,-0.16657,-0.14209,-0.045964,-0.18203,-0.012399,-0.024082,0.091132,0.29214,0.090778,0.2146,-0.26888,-0.14766,-0.12548,0.047368,0.0043269,-0.4796,-0.12865,-0.53823,-0.48408,0.10045,-0.005203,0.36837,0.094964,0.029472,-0.33926,0.16394,-0.36395,-0.10018,-0.49177,0.051809,-0.14261,-0.049836,-0.026068,-0.43399,-0.37368,-0.34538,-0.357,-0.16726,-0.28968
0.18096,0.026129,0.032783,0.17154,0.13383,0.030522,0.11283,0.15859,0.075918,0.23567,0.0064736,-0.33924,-0.20412,0.026985,-0.36531,-0.16011,-0.11755,0.30991,0.067197,0.098107,-0.36933,-0.32103,0.18753,0.024637,0.18838,0.22093,-0.085936,-0.051595,0.24527,0.20718,0.051167,0.11315,-0.4525,-0.11588,-0.23141,-0.11313,0.068167,0.13855,0.35113,0,0.039156,0.15435,0.02126,0.23852,0.098248,-0.13289,0.3838,-0.1627,-0.036207,-0.26767,-0.38717,-0.32561,0.064094,-0.058684,0.11372,-0.16284,-0.2986,0.049181,-0.26421,0.10593,0.083609,-0.21292,-0.10545,-0.34791,-0.22199,0.41384,-0.12418,-0.19523,-0.087641,-0.14075,-0.10234,-0.097987,-0.0022738,0.38842,0.15946,0.019314,-0.12339,-0.2161,0.00052163,-0.0041731,0.088919,-0.49722,-0.30505,-0.31662,-0.20826,0.046325,0.1852,0.19495,-0.10682,0.07985,-0.29205,-0.069284,-0.15582,-0.16651,-0.22023,-0.040634,0.043871,-0.13469,0.042734,-0.20001,-0.18061,-0.38976,-0.19526,-0.085521,-0.017354
0.099104,0.3739,-0.49292,-0.43696,0.2679,0.54624,-0.026878,0.32122,-0.26901,-0.023072,-0.48202,0.020337,-0.24127,-0.025092,0.17302,0.027687,-0.035806,-0.001799,-0.12243,0.43268,0.34184,-0.14794,0.63613,0.65525,-0.20163,0.0040527,0.22811,0.11982,0.39181,0.33767,-0.47793,-0.33845,-0.48877,-0.092055,-0.66394,-0.34077,-0.51817,-0.45049,-0.11231,0.039156,0,0.49468,-0.48033,0.027513,-0.57464,-0.66058,-0.23913,-0.33896,0.13968,-0.29325,-0.10088,-0.19098,0.36185,0.42616,0.077837,0.18605,-0.084478,-0.50463,-0.65834,-0.13236,0.083421,0.071156,0.24533,-0.23594,-0.26971,-0.27449,-0.37332,-0.12706,0.012365,-0.27285,-0.33003,-0.5177,-0.54114,-0.31286,-0.35212,-0.46624,-0.18032,-0.20986,0.087534,-0.30014,-0.10423,-0.089086,-0.19039,0.075577,0.055246,-0.40945,-0.13788,-0.40492,-0.49705,-0.0893,-0.1119,-0.1086,0.35404,-0.081642,0.10419,-0.48364,-0.24475,-0.74603,-0.086825,0.28089,0.19298,-0.17129,0.038889,-0.099231,0.18303
0.097004,0.87434,-0.39294,-0.25763,-0.0020598,0.73751,-0.24298,0.53695,-0.27883,0.027994,-0.47203,0.12244,-0.32236,-0.058543,0.020611,0.10518,-0.019601,-0.00533,0.0894,0.49636,0.16321,0.048492,0.39564,0.68314,-0.14053,-0.094556,0.44743,0.39928,0.24335,0.28678,-0.49845,-0.41125,-0.54777,-0.16842,-0.67567,-0.36373,-0.59547,-0.44879,-0.19671,0.15435,0.49468,0,-0.50599,0.060884,-0.34552,-0.53033,-0.17207,-0.35599,-0.069852,-0.38028,-0.10172,-0.23177,0.25111,0.7236,0.10059,0.23072,-0.020123,-0.44228,-0.56059,-0.17088,0.41353,-0.10769,0.14479,-0.3695,-0.24901,-0.22344,-0.32892,-0.3227,-0.12861,-0.31716,-0.40759,-0.48523,-0.4659,-0.18816,-0.17446,-0.32706,-0.056637,-0.17127,0.11366,-0.36284,-0.059627,-0.068561,-0.34216,0.15638,0.188,-0.32259,-0.014673,-0.32118,-0.36446,0.042721,-0.011001,-0.14006,0.59453,-0.098475,0.27778,-0.38778,-0.056196,-0.60849,-0.097974,0.085595,0.19064,-0.45672,-0.056109,-0.14539,0.16135
-0.1053,-0.58574,0.27845,0.21537,-0.099391,-0.68955,0.20985,-0.57618,0.15153,-0.20126,0.56544,-0.65614,0.19825,-0.050117,-0.40289,-0.54734,-0.15187,0.1058,-0.11602,-0.40064,-0.6542,-0.40938,-0.25399,-0.59137,0.15044,-0.019809,-0.56187,-0.42213,-0.13408,-0.14232,1,0.54899,0.1965,0.20324,0.58965,0.23573,0.71872,0.80084,0.23799,0.02126,-0.48033,-0.50599,0,0.14252,0.49736,0.49809,0.33223,0.21804,-0.2114,0.033552,-0.43154,-0.1315,-0.36262,-0.69179,-0.21391,-0.43814,-0.30815,0.44336,0.17025,0.029198,-0.48851,-0.26788,-0.45056,-0.19287,-0.13673,0.3925,0.21666,-0.011657,-0.2075,0.25048,0.40158,0.64589,0.66977,0.41702,0.29813,0.056584,-0.40704,-0.064435,-0.10833,0.12015,0.13615,-0.46771,0.025119,-0.66317,-0.34215,0.25917,0.098047,0.39219,0.15561,-0.19348,-0.51083,0.0058182,-0.69028,-0.45371,-0.98168,0.19285,-0.17887,0.26974,-0.28327,-0.48198,-0.51251,-0.23006,-0.36583,-0.46162,-0.64352
