,,,,,,,,,,,,,,,,,,,,,,,,,,,,,,,,,,,,,,,,,,,,,,,,,,,,,,,,,,,,,,,,,,,,,,,,,,,,,,,,,,,,,,,,,,,,,,,,,,,,,,,,
0,0.17348,-0.083197,-0.095584,0.33795,0.015348,0.19907,-0.14675,-0.0093919,-0.10783,-0.030742,-0.24941,-0.23336,-0.339,0.014242,-0.017757,-0.23996,0.28375,-0.11666,0.070258,-0.091918,0.05747,0.21834,0.0028696,0.049835,0.020396,0.018863,0.1343,0.48407,0.33304,0.03196,-0.031341,-0.31169,-0.1263,-0.18927,-0.097282,-0.17613,-0.15188,0.13109,0.057898,0.19704,0.098592,0.0051665,0.09869,-0.05828,-0.045768,-0.026603,-0.19382,0.022785,-0.35311,-0.46583,0.16928,0.44687,0.097743,0.15889,0.040575,0.008918,-0.20868,-0.40428,0.20611,-0.021759,-0.099283,0.013446,-0.42072,-0.24878,-0.1266,-0.30093,-0.012057,0.23561,-0.0018297,0.036646,-0.19068,-0.11452,-0.075938,-0.11505,-0.028577,-0.20679,-0.31435,-0.18993,-0.25225,-0.10399,-0.28293,-0.239,-0.33453,-0.33804,-0.27592,-0.10525,-0.13981,-0.17548,0.099296,-0.11228,-0.062044,-0.14307,-0.18428,-0.27211,-0.084935,-0.20552,-0.19322,-0.2112,0.0024549,0.070107,-0.18669,0.00090825,-0.29562,-0.26167
0.17348,0,-0.42402,-0.36918,-0.028228,0.75398,-0.33146,0.33037,-0.38771,0.14993,-0.44941,0.21181,-0.29216,-0.21907,0.048618,0.067053,0.0096815,-0.055489,0.084283,0.47933,0.19924,0.30907,0.34832,0.55305,-0.26411,-0.17428,0.39789,0.52442,0.20383,0.27528,-0.48515,-0.44154,-0.51087,-0.26515,-0.64954,-0.34473,-0.66433,-0.50834,-0.32651,-0.057384,0.30469,0.87074,-0.40346,0.045715,-0.2509,-0.28548,-0.17602,-0.26168,-0.087502,-0.37835,-0.15202,-0.084876,0.26231,0.82717,0.025714,0.34015,0.13503,-0.37643,-0.41855,-0.2636,0.35754,-0.14176,0.095742,-0.36028,-0.27342,-0.21778,-0.25867,-0.29894,-0.12749,-0.32748,-0.35642,-0.46511,-0.39577,-0.13831,-0.11876,-0.3574,-0.068896,-0.18745,0.031881,-0.47479,-0.12265,0.064091,-0.38703,0.089292,0.20022,-0.39816,-0.074358,-0.27579,-0.24513,0.19379,0.18273,-0.23494,0.37769,-0.17161,0.16303,-0.36257,-0.21676,-0.52129,-0.20197,0.11451,0.25698,-0.38907,-0.13164,-0.25626,-0.11727
-0.083197,-0.42402,0,0.56456,0.031769,-0.46152,0.25929,-0.26316,0.37317,-0.38926,0.74036,-0.66952,0.02295,-0.094208,-0.43093,-0.42712,-0.30251,0.21272,-0.004074,-0.40035,-0.74181,-0.59607,-0.22549,-0.57862,0.40181,-0.12167,-0.4137,-0.43738,-0.24707,-0.20479,0.36229,0.2186,0.12668,0.19891,0.27422,0.21197,0.48407,0.57352,0.3741,0.28806,-0.43807,-0.37311,0.12781,-0.074069,0.11183,5.9234e-05,-0.048236,-0.27437,-0.34848,-0.025484,-0.38487,-0.17708,-0.15469,-0.41798,0.00027642,-0.38639,-0.3592,-0.081907,-0.22449,0.29735,-0.26141,-0.53909,-0.63757,-0.45159,-0.20123,-0.066796,-0.14077,-0.11639,-0.25747,-0.17384,-0.058747,-0.031276,0.034487,-0.064407,-0.037482,0.54127,-0.21946,0.064848,-0.15344,0.32213,0.16979,-0.24453,0.058734,-0.34837,-0.44851,0.30047,0.033336,-0.11596,-0.21195,-0.39722,-0.6452,0.039529,-0.48965,-0.066283,-0.41805,0.44698,0.16688,0.3019,-0.25375,-0.46493,-0.54121,-0.24511,-0.37448,0.0051073,-0.16276
-0.095584,-0.36918,0.56456,0,-0.10463,-0.4539,0.14839,-0.31694,0.31621,-0.3557,0.41828,-0.48819,-0.17761,-0.25696,-0.291,-0.20274,-0.22308,0.1409,-0.058043,-0.28836,-0.55184,-0.35561,-0.23317,-0.44431,0.36048,-0.053225,-0.28104,-0.29364,-0.26701,-0.23562,0.2017,0.025398,-0.073957,-0.05924,0.18294,0.033599,0.24574,0.25621,0.18657,0.19586,-0.33442,-0.26592,0.1028,-0.098315,0.018698,-0.055542,-0.12581,-0.24033,-0.35656,-0.19345,-0.38035,-0.16738,-0.21259,-0.35234,-0.027768,-0.3854,-0.2957,-0.15246,-0.21461,0.18884,-0.14599,-0.39183,-0.43154,-0.40882,-0.18741,-0.17079,-0.11035,-0.097552,-0.20763,-0.13485,-0.082019,-0.035093,-0.035481,-0.12696,-0.077215,0.35469,-0.094221,-0.078946,-0.20645,0.11443,0.020686,-0.29953,0.16873,-0.38037,-0.31778,0.10417,0.042425,-0.14388,-0.14685,-0.33624,-0.47365,-0.083638,-0.46734,-0.25887,-0.45459,0.22779,0.11193,0.20636,-0.21591,-0.47985,-0.46145,-0.16852,-0.22614,-0.13735,-0.23317
0.33795,-0.028228,0.031769,-0.10463,0,0.059306,0.50948,0.019225,0.054976,-0.28359,0.066651,-0.33459,-0.12225,-0.18625,-0.19651,-0.28911,-0.30149,0.21208,-0.16823,-0.025425,-0.19861,-0.32983,0.27723,-0.050171,0.069725,-0.020528,-0.13961,-0.183,0.15053,0.1935,-0.055193,-0.0045544,-0.22239,0.027998,-0.18822,0.018158,-0.081414,-0.080176,0.22835,0.087429,0.16676,-0.050059,-0.11813,-0.0048374,-0.16091,-0.13696,-0.15987,-0.42487,-0.043445,-0.21188,-0.34044,-0.042826,0.36283,-0.012143,0.070462,-0.062906,-0.21013,-0.33243,-0.54578,0.24882,-0.081953,-0.31805,-0.20661,-0.48855,-0.34462,-0.21544,-0.48054,-0.10534,0.02961,-0.29425,-0.17995,-0.2847,-0.20563,-0.18247,-0.22573,-0.012084,-0.24597,-0.15354,-0.14725,-0.11454,-0.039344,-0.21948,-0.14938,-0.3105,-0.37977,-0.20216,-0.15102,-0.31151,-0.39444,-0.11311,-0.22894,-0.06494,-0.2177,-0.036758,-0.26253,-0.079117,-0.19669,-0.267,-0.31962,0.013321,-0.10758,-0.14739,-0.19903,-0.028663,-0.12051
0.015348,0.75398,-0.46152,-0.4539,0.059306,0,-0.29069,0.6288,-0.45582,0.073009,-0.5293,0.25339,-0.28021,-0.086686,-0.051428,-0.014953,-0.020857,-0.12851,0.038265,0.47025,0.16344,0.060998,0.35591,0.62294,-0.35165,-0.21604,0.33468,0.30154,0.095281,0.18468,-0.6536,-0.51496,-0.56716,-0.22405,-0.81189,-0.36994,-0.72139,-0.56258,-0.35696,-0.08943,0.34585,0.69139,-0.5962,-0.081137,-0.35421,-0.39911,-0.2589,-0.388,-0.10657,-0.31562,0.00876,-0.22732,0.20027,0.64808,-0.080367,0.24408,-0.016362,-0.47237,-0.50252,-0.27399,0.34083,-0.22492,0.033336,-0.39716,-0.34895,-0.29037,-0.41577,-0.37475,-0.16828,-0.54117,-0.56158,-0.60182,-0.53474,-0.23447,-0.23389,-0.42047,-0.063235,-0.14851,0.071844,-0.46813,-0.12379,0.065993,-0.41875,0.16805,0.21997,-0.40174,-0.11419,-0.37606,-0.35635,0.091957,0.17091,-0.25861,0.44398,-0.075839,0.28019,-0.4241,-0.21939,-0.65632,-0.20903,0.13371,0.15495,-0.34551,-0.18438,-0.11364,0.024016
0.19907,-0.33146,0.25929,0.14839,0.50948,-0.29069,0,-0.29226,0.22963,-0.39884,0.26868,-0.67051,-0.10409,-0.19461,-0.21241,-0.32446,-0.30151,0.25679,-0.17767,-0.31265,-0.33544,-0.44865,0.035646,-0.3132,0.27082,-0.065407,-0.37152,-0.39978,0.055384,0.061162,0.19352,0.17161,-0.12318,0.035613,0.080005,0.086857,0.19999,0.11953,0.39076,0.032638,-0.049882,-0.32075,0.10671,-0.052409,-0.097328,-0.091562,-0.14117,-0.42529,0.012446,-0.09848,-0.39341,0.024181,0.10588,-0.30034,0.010728,-0.26281,-0.30682,-0.23589,-0.44833,0.39207,-0.29815,-0.22784,-0.21987,-0.3037,-0.17242,-0.17288,-0.38336,-0.084119,0.062485,-0.066118,-0.0090891,-0.080137,-0.085948,-0.18467,-0.23421,0.08296,-0.38864,-0.14131,-0.21498,0.1224,0.018073,-0.26379,0.080064,-0.43767,-0.53166,-0.01852,-0.14483,-0.24291,-0.36807,-0.33528,-0.51137,0.00094116,-0.48953,-0.11334,-0.54212,0.17011,-0.086988,0.0051863,-0.26894,-0.19219,-0.21276,-0.0053903,-0.12487,-0.078636,-0.22971
-0.14675,0.33037,-0.26316,-0.31694,0.019225,0.6288,-0.29226,0,-0.4498,0.026458,-0.37059,0.19853,-0.18099,0.099085,-0.30655,-0.18752,-0.10611,-0.13869,0.097348,0.38604,-0.14165,-0.1832,0.17117,0.27134,-0.371,-0.19424,0.14844,0.15164,-0.1102,0.039568,-0.51117,-0.36425,-0.42809,-0.081874,-0.55431,-0.17827,-0.45399,-0.30664,-0.24417,0.11863,0.021508,0.40627,-0.53186,-0.11978,-0.20976,-0.311,-0.11314,-0.3188,-0.32498,-0.24645,0.041372,-0.44304,-0.013571,0.23271,-0.22458,0.010919,-0.23692,-0.27007,-0.3304,-0.26157,0.31299,-0.44341,-0.19823,-0.60153,-0.48518,-0.14564,-0.35885,-0.45421,-0.35362,-0.86462,-0.72639,-0.57234,-0.40969,-0.12198,-0.12576,-0.22487,0.023167,-0.08144,0.11492,-0.32844,-0.0018033,-0.012972,-0.43425,0.046762,0.09848,-0.23353,0.00026984,-0.23817,-0.25409,0.097262,0.082013,-0.35386,0.23578,-0.071535,0.22943,-0.31969,-0.099579,-0.53356,-0.22449,-0.13131,-0.13734,-0.49885,-0.35496,-0.0063907,0.067454
-0.0093919,-0.38771,0.37317,0.31621,0.054976,-0.45582,0.22963,-0.4498,0,-0.56491,0.58569,-0.53399,-0.35709,-0.55575,-0.2109,-0.17893,-0.45145,0.036337,-0.36865,-0.38004,-0.38823,-0.3303,-0.24332,-0.47916,0.74385,0.010669,-0.17648,-0.3623,-0.27581,-0.30399,0.14232,-0.075115,-0.065987,-0.14044,0.095465,-0.075207,0.10064,0.045143,0.11572,-0.044952,-0.30829,-0.39967,0.0089706,-0.2146,-0.082217,-0.054495,-0.33773,-0.40176,-0.29531,-0.36861,-0.5816,-0.0073977,-0.0593,-0.27311,0.070146,-0.40621,-0.28269,-0.36084,-0.41085,0.41562,-0.22707,-0.41899,-0.53921,-0.37061,-0.18448,-0.389,-0.27525,-0.045353,-0.028274,-0.051948,-0.040753,-0.085672,-0.1209,-0.31183,-0.24049,0.44065,-0.086409,-0.27925,-0.55473,-0.070699,-0.2864,-0.31376,0.0089312,-0.42897,-0.57927,-0.18356,-0.3456,-0.37082,-0.38488,-0.47701,-0.55666,0.017987,-0.46147,-0.049579,-0.36601,0.082394,-0.15468,0.053877,-0.43008,-0.2863,-0.40238,-0.1221,-0.28387,-0.11165,-0.27668
-0.10783,0.14993,-0.38926,-0.3557,-0.28359,0.073009,-0.39884,0.026458,-0.56491,0,-0.44924,0.12732,-0.064473,-0.049,0.019903,-0.065631,0.22359,0.00096091,0.20382,0.17693,-0.0019086,0.069429,-0.025648,0.12749,-0.49595,-0.094136,-0.14158,0.13178,0.073108,0.018106,-0.32227,-0.22321,-0.3031,-0.27059,-0.40878,-0.32943,-0.35315,-0.27417,-0.28712,-0.15802,-0.030143,0.065328,-0.28765,-0.12177,-0.29024,-0.27737,-0.050823,-0.040819,-0.061814,-0.15344,-0.19198,-0.24138,-0.11401,0.02297,-0.15446,0.068481,-0.032092,-0.099105,-0.076958,-0.44663,-0.11075,0.049184,0.11379,-0.17262,-0.27336,-0.067843,-0.11118,-0.04894,-0.15639,-0.24299,-0.24688,-0.4306,-0.34292,-0.14102,-0.19574,-0.43308,-0.13134,-0.086949,0.11972,-0.18075,-0.02345,0.14064,-0.19439,0.14165,0.084185,-0.14114,0.036113,-0.050836,-0.054587,0.071252,0.11431,-0.31693,0.022614,-0.21604,-0.015914,-0.17482,-0.027438,-0.22381,0.10744,-0.13831,0.080617,-0.21815,-0.082539,-0.16719,0.040259
-0.030742,-0.44941,0.74036,0.41828,0.066651,-0.5293,0.26868,-0.37059,0.58569,-0.44924,0,-0.58893,-0.05878,-0.29694,-0.44495,-0.45022,-0.31981,0.16127,-0.17009,-0.39203,-0.70315,-0.51945,-0.2761,-0.63683,0.42463,0.03296,-0.38155,-0.43028,-0.25491,-0.25706,0.43293,0.21043,0.18929,0.11578,0.35532,0.17171,0.50329,0.46304,0.40702,0.20457,-0.47743,-0.45293,0.19516,-0.10596,0.13446,0.11106,-0.078886,-0.21902,-0.41774,-0.17742,-0.54025,-0.16628,-0.18754,-0.45349,-0.017461,-0.46029,-0.38271,-0.084553,-0.20902,0.25445,-0.31757,-0.53836,-0.68431,-0.47864,-0.29639,-0.12913,-0.13598,-0.053561,-0.2233,-0.11922,-0.023476,0.030367,0.062643,-0.10407,-0.070291,0.64552,-0.14944,-0.10183,-0.31769,0.1519,-0.020949,-0.32585,0.057095,-0.53289,-0.61942,0.087949,-0.074332,-0.12702,-0.19228,-0.34754,-0.54801,-0.060274,-0.63254,-0.10584,-0.48122,0.25264,-0.026195,0.1909,-0.35014,-0.47541,-0.5816,-0.26928,-0.44833,-0.13025,-0.254
-0.24941,0.21181,-0.66952,-0.48819,-0.33459,0.25339,-0.67051,0.19853,-0.53399,0.12732,-0.58893,0,-0.4225,-0.25829,-0.10607,0.075958,-0.01621,-0.3913,-0.15617,0.35509,0.027313,0.16002,-0.19738,0.1869,-0.67122,-0.1403,0.28421,0.35969,-0.26679,-0.26584,-0.68188,-0.72521,-0.55795,-0.54703,-0.63018,-0.55688,-0.7884,-0.66757,-0.67998,-0.30683,-0.086139,0.14765,-0.59451,-0.39272,-0.26289,-0.20391,-0.2523,-0.10463,-0.41855,-0.54889,0.0080097,-0.46363,-0.28867,0.10297,-0.45606,-0.17218,-0.26598,-0.28753,-0.12365,-0.45677,0.23169,-0.23042,-0.083316,-0.38945,-0.60213,-0.31217,-0.20732,-0.20555,-0.20691,-0.49651,-0.64741,-0.4377,-0.40604,-0.23138,-0.17153,-0.39008,0.33688,-0.41724,-0.19257,-0.80286,-0.42956,-0.17013,-0.59627,-0.046038,0.082059,-0.58644,-0.21366,-0.24618,-0.068672,0.20147,0.68165,-0.59204,0.13441,-0.20448,0.27824,-0.60659,-0.32065,-0.55787,-0.15042,-0.061096,-0.094386,-0.28598,-0.21218,-0.25834,-0.062209
-0.23336,-0.29216,0.02295,-0.17761,-0.12225,-0.28021,-0.10409,-0.18099,-0.35709,-0.064473,-0.05878,-0.4225,0,0.35041,-0.43469,-0.76932,0.104,0.05254,0.24304,-0.36677,-0.46553,-0.51626,-0.15921,-0.35293,-0.29799,-0.38268,-0.66622,-0.44988,-0.062933,-0.056772,0.072226,0.26434,0.42387,0.43239,0.058299,0.15521,0.21971,0.27633,0.10239,-0.022035,-0.28823,-0.29353,0.029334,0.056173,0.016434,-0.071495,0.11582,-0.0032644,-0.15036,0.56048,-0.059504,-0.29874,-0.24806,-0.4013,-0.12344,-0.063295,-0.1329,0.12344,0.015276,-0.31603,-0.44452,-0.2596,-0.30222,-0.11476,-0.15076,0.18349,0.0043899,-0.14807,-0.48559,-0.14746,-0.012985,0.029926,0.054758,0.092201,0.024023,-0.23943,-0.58832,0.57463,0.41088,0.32521,0.49085,-0.076366,-0.032381,-0.088107,-0.07243,0.57602,0.29624,0.089246,-0.024839,-0.15875,-0.27776,0.040931,-0.27152,-0.12693,-0.32734,0.096782,0.068158,0.050224,-0.00055285,-0.22858,-0.26063,-0.26137,-0.3651,-0.12524,-0.077162
-0.339,-0.21907,-0.094208,-0.25696,-0.18625,-0.086686,-0.19461,0.099085,-0.55575,-0.049,-0.29694,-0.25829,0.35041,0,-0.51444,-0.51989,0.017244,-0.087456,0.24571,-0.2202,-0.45308,-0.57039,-0.17161,-0.23021,-0.44185,-0.51962,-0.44448,-0.31341,-0.12005,-0.11672,-0.19558,-0.018369,-0.061175,0.24864,-0.20728,-0.055226,-0.042964,0.049079,-0.079163,-0.01677,-0.25683,-0.14566,-0.26693,-0.13347,-0.055673,-0.25718,0.077636,-0.18895,-0.20468,0.44377,0.32078,-0.53146,-0.28736,-0.33139,-0.34896,-0.13752,-0.29539,0.032526,-0.077774,-0.3214,-0.25561,-0.3126,-0.21133,-0.22093,-0.17496,0.1448,-0.22999,-0.41742,-0.50207,-0.4084,-0.33353,-0.18652,-0.13208,0.021522,-0.063426,-0.28561,-0.40475,0.32815,0.49645,0.14139,0.41971,-0.13821,-0.26332,0.052929,0.036771,0.38021,0.24858,0.02709,-0.10882,-0.16881,-0.26424,-0.05412,-0.044794,-0.017086,-0.059201,0.0032579,0.2145,-0.087574,0.12257,-0.28796,-0.26738,-0.31566,-0.2915,0.088272,0.15603
0.014242,0.048618,-0.43093,-0.291,-0.19651,-0.051428,-0.21241,-0.30655,-0.2109,0.019903,-0.44495,-0.10607,-0.43469,-0.51444,0,0.40623,-0.1853,-0.087883,-0.21051,-0.039667,0.55515,0.33966,0.084375,0.21082,-0.14171,-0.21164,0.050329,0.047822,0.046847,0.009326,-0.42695,-0.42566,-0.50775,-0.5707,-0.50231,-0.4685,-0.57118,-0.60911,-0.39256,-0.51703,0.3105,-0.016145,-0.35744,-0.24301,-0.65326,-0.50186,-0.49459,-0.34134,0.23846,-0.35232,-0.35515,0.25845,0.17883,0.19283,0.11608,0.14269,0.17853,-0.51162,-0.43352,-0.12201,-0.10408,0.44823,0.26237,0.095446,0.0035738,-0.51551,-0.33667,0.1924,0.26037,0.081447,-0.053916,-0.47474,-0.47346,-0.50607,-0.44905,-0.45827,-0.21908,-0.3401,-0.31445,-0.33461,-0.4287,0.0959,-0.074799,0.04359,-0.11306,-0.49339,-0.52974,-0.51799,-0.41114,-0.18022,-0.032901,-0.071008,0.029676,-0.15534,-0.12797,-0.18069,-0.20992,-0.25005,-0.081453,0.19491,0.44768,0.27829,0.48335,-0.21644,-0.22981
-0.017757,0.067053,-0.42712,-0.20274,-0.28911,-0.014953,-0.32446,-0.18752,-0.17893,-0.065631,-0.45022,0.075958,-0.76932,-0.51989,0.40623,0,-0.27388,-0.14389,-0.33882,0.17179,0.22411,0.34404,-0.053014,0.17506,-0.19826,-0.169,0.39903,0.33979,-0.12479,-0.20211,-0.52843,-0.70197,-0.7754,-0.7263,-0.54067,-0.60665,-0.69117,-0.71734,-0.46339,-0.37423,0.11738,0.092043,-0.46482,-0.46814,-0.44965,-0.42912,-0.33523,-0.23711,-0.1375,-0.67727,-0.25892,-0.042523,0.047598,0.17274,-0.099697,-0.13413,-0.082342,-0.41053,-0.3075,-0.041556,0.17758,0.066145,0.093175,-0.19991,-0.23744,-0.41752,-0.3456,-0.0075819,0.22091,-0.17231,-0.32843,-0.48308,-0.52359,-0.38029,-0.33486,-0.23696,0.15033,-0.61853,-0.4703,-0.62941,-0.62937,-0.20804,-0.28649,-0.071403,-0.13089,-0.65731,-0.51697,-0.33701,-0.2078,-0.059096,0.060583,-0.18337,0.14411,-0.11229,0.072377,-0.38237,-0.24865,-0.4093,-0.09615,-0.083217,0.082789,-0.02607,0.20555,-0.20626,-0.18413
-0.23996,0.0096815,-0.30251,-0.22308,-0.30149,-0.020857,-0.30151,-0.10611,-0.45145,0.22359,-0.31981,-0.01621,0.104,0.017244,-0.1853,-0.27388,0,-0.022318,0.31108,-0.050454,-0.10338,-0.13629,-0.098578,-0.053067,-0.41035,-0.34488,-0.22424,-0.10151,-0.0072331,-0.084797,-0.32363,-0.28788,-0.13479,-0.14991,-0.31449,-0.41784,-0.22441,-0.22478,-0.25984,-0.21695,-0.10153,-0.043307,-0.25259,-0.14646,-0.20006,-0.23667,-0.14692,-0.14021,-0.14149,0.050184,0.062755,-0.37213,-0.27019,-0.10639,-0.2226,-0.040733,-0.12185,-0.20835,-0.14359,-0.52581,-0.17025,-0.10214,0.030295,-0.048973,-0.21648,-0.10723,-0.010024,-0.25114,-0.42365,-0.21713,-0.31006,-0.15591,-0.30846,-0.12352,-0.12873,-0.47737,-0.27304,0.1755,0.33546,-0.051619,0.11512,0.12037,0.010781,0.1461,0.3266,0.071772,0.2373,-0.1157,-0.11807,-0.1838,-0.034619,-0.21839,-0.07807,-0.1861,-0.088259,-0.15363,0.01417,-0.17337,0.096959,-0.17013,-0.026227,-0.25037,-0.28504,-0.21929,0.044267
0.28375,-0.055489,0.21272,0.1409,0.21208,-0.12851,0.25679,-0.13869,0.036337,0.00096091,0.16127,-0.3913,0.05254,-0.087456,-0.087883,-0.14389,-0.022318,0,0.14433,0.024095,-0.28974,-0.24801,0.1852,-0.1057,0.083263,-0.12443,-0.17847,-0.070192,0.20217,0.11623,0.043386,0.048552,-0.085929,0.088719,-0.065263,-0.034481,0.064216,0.080795,0.34181,0.14757,0.0045149,-0.047229,-0.04199,-0.095136,-0.080038,-0.16821,0.049678,-0.21944,-0.13293,-0.10315,-0.39004,-0.1104,0.22205,-0.089101,0.15819,-0.084198,-0.14976,-0.11187,-0.27961,0.19891,-0.099691,-0.1849,-0.16138,-0.4197,-0.30808,-0.04147,-0.29574,0.063117,-0.036514,-0.16674,-0.11387,-0.24037,-0.19741,-0.081657,-0.12096,0.089154,-0.21396,0.015651,0.02037,0.089608,0.14324,-0.10731,0.084876,-0.1572,-0.25726,0.10038,0.054396,-0.075885,-0.15852,-0.079518,-0.24687,0.10235,-0.16315,0.049408,-0.24528,0.20311,0.18084,-0.046834,-0.0088653,-0.28364,-0.10067,-0.19263,-0.13447,-0.020653,-0.010965
-0.11666,0.084283,-0.004074,-0.058043,-0.16823,0.038265,-0.17767,0.097348,-0.36865,0.20382,-0.17009,-0.15617,0.24304,0.24571,-0.21051,-0.33882,0.31108,0.14433,0,-0.055634,-0.26763,-0.20963,0.0038305,-0.063959,-0.21979,-0.37382,-0.24133,-0.074358,0.023443,0.12003,-0.12083,-0.063834,-0.10685,0.079637,-0.21083,-0.10583,-0.10648,0.02682,-0.11233,0.063091,-0.13568,0.061926,-0.15437,0.060636,-0.044715,-0.15974,-0.016678,-0.20389,-0.12819,0.16305,-0.025477,-0.24085,-0.13978,-0.056246,-0.10494,0.036093,-0.10531,-0.11776,-0.18136,-0.24157,-0.059991,-0.23475,-0.13381,-0.25671,-0.18485,0.0035738,-0.043905,-0.24417,-0.37363,-0.22238,-0.22632,-0.19392,-0.15689,-0.010201,-0.0010399,-0.2417,-0.33249,0.39587,0.5589,0.13237,0.59491,0.20414,-0.10181,0.172,0.21988,0.33686,0.43264,-0.095334,-0.14819,-0.11612,-0.14638,-0.12939,-0.059556,-0.15712,-0.12894,0.18666,0.26801,0.031736,-0.018817,-0.19492,-0.065848,-0.27896,-0.24198,-0.11198,0.023292
0.070258,0.47933,-0.40035,-0.28836,-0.025425,0.47025,-0.31265,0.38604,-0.38004,0.17693,-0.39203,0.35509,-0.36677,-0.2202,-0.039667,0.17179,-0.050454,0.024095,-0.055634,0,0.028867,0.12548,0.24202,0.47275,-0.38408,-0.045498,0.42571,0.60471,0.0093063,0.046729,-0.52416,-0.47916,-0.56423,-0.3262,-0.56227,-0.34974,-0.57997,-0.49083,-0.25996,-0.0040871,0.15815,0.51218,-0.46427,-0.23445,-0.25432,-0.27644,-0.059938,-0.13013,-0.31439,-0.56855,-0.20586,-0.30852,0.108,0.36014,-0.15475,-0.0077004,-0.15986,-0.22743,-0.23214,-0.19911,0.47453,-0.2106,0.0019876,-0.59244,-0.61175,-0.17065,-0.31241,-0.18173,-0.10337,-0.59054,-0.58574,-0.5733,-0.46061,-0.13802,-0.14676,-0.21264,0.2288,-0.3547,-0.1016,-0.56255,-0.25969,-0.11703,-0.34861,-0.065078,0.019001,-0.46754,-0.11215,-0.15087,-0.079577,0.33817,0.36653,-0.40103,0.23194,-0.13762,0.16503,-0.46127,-0.20725,-0.66768,-0.1523,-0.16737,0.0051797,-0.42741,-0.17769,-0.16623,-0.022601
-0.091918,0.19924,-0.74181,-0.55184,-0.19861,0.16344,-0.33544,-0.14165,-0.38823,-0.0019086,-0.70315,0.027313,-0.46553,-0.45308,0.55515,0.22411,-0.10338,-0.28974,-0.26763,0.028867,0,0.3746,0.18786,0.46051,-0.29067,-0.28202,0.13995,0.061873,0.053212,0.073318,-0.69867,-0.55889,-0.57149,-0.57602,-0.69549,-0.52668,-0.84664,-0.94959,-0.54425,-0.60538,0.41921,0.11145,-0.47831,-0.17933,-0.7156,-0.56012,-0.53619,-0.39415,0.27633,-0.34901,-0.19962,0.13959,0.15633,0.3742,-0.010419,0.27564,0.20644,-0.58173,-0.48505,-0.35555,-0.041497,0.37755,0.4287,0.16302,0.025227,-0.49947,-0.34845,-0.14614,0.04952,-0.080236,-0.19848,-0.4952,-0.54407,-0.46318,-0.42513,-0.7523,-0.26999,-0.33502,-0.23067,-0.4759,-0.46187,0.16753,-0.16571,0.091233,0.06132,-0.63779,-0.5352,-0.55465,-0.48186,-0.14256,0.038897,-0.17869,0.17917,-0.20185,-0.03171,-0.44181,-0.37413,-0.53271,-0.16623,0.30445,0.6571,0.048671,0.23443,-0.26535,-0.25459
0.05747,0.30907,-0.59607,-0.35561,-0.32983,0.060998,-0.44865,-0.1832,-0.3303,0.069429,-0.51945,0.16002,-0.51626,-0.57039,0.33966,0.34404,-0.13629,-0.24801,-0.20963,0.12548,0.3746,0,-0.013097,0.24864,-0.27229,-0.15657,0.2731,0.45431,0.0016256,0.015019,-0.40033,-0.48023,-0.53522,-0.64362,-0.42737,-0.41391,-0.70953,-0.66864,-0.53973,-0.38954,0.11391,0.20064,-0.21797,-0.076899,-0.26483,-0.18873,-0.2247,-0.098348,-0.026181,-0.57344,-0.32922,0.11432,0.018738,0.28587,-0.086528,0.099638,0.16032,-0.27875,-0.20397,-0.29425,0.13405,0.14716,0.21905,-0.07813,-0.12336,-0.25985,-0.10484,-0.1204,0.070627,0.038542,-0.10681,-0.23847,-0.24393,-0.16448,-0.11566,-0.42724,-0.059135,-0.49703,-0.31532,-0.67341,-0.45036,-0.095202,-0.356,-0.13819,0.0077531,-0.63758,-0.34547,-0.22104,-0.099599,0.16828,0.21398,-0.28149,0.096604,-0.37555,-0.075813,-0.44165,-0.40341,-0.39748,-0.20955,0.081782,0.31312,-0.14254,0.11686,-0.5132,-0.45462
0.21834,0.34832,-0.22549,-0.23317,0.27723,0.35591,0.035646,0.17117,-0.24332,-0.025648,-0.2761,-0.19738,-0.15921,-0.17161,0.084375,-0.053014,-0.098578,0.1852,0.0038305,0.24202,0.18786,-0.013097,0,0.50842,-0.079768,-0.16806,0.091615,0.06727,0.33728,0.58082,-0.3458,-0.181,-0.3302,-0.055969,-0.41591,-0.090174,-0.35159,-0.33058,-0.0033434,-0.0054298,0.53093,0.38416,-0.27483,0.081776,-0.38659,-0.42363,-0.16522,-0.36224,0.14026,-0.21633,-0.29868,0.069429,0.62913,0.45159,0.2316,0.36156,0.11711,-0.35551,-0.53207,-0.079887,0.11048,-0.031111,0.1254,-0.26844,-0.17494,-0.20083,-0.39032,-0.23034,-0.039608,-0.31359,-0.23668,-0.48577,-0.42384,-0.19727,-0.23611,-0.31591,-0.33128,-0.077129,0.046334,-0.18803,-0.02707,0.14119,-0.027517,-0.011524,-0.013295,-0.2501,-0.14485,-0.31063,-0.39221,0.0053179,-0.10297,-0.058549,0.1439,-0.12191,-0.13335,-0.21603,-0.17927,-0.51684,-0.24369,0.018705,0.26207,-0.25846,-0.053093,-0.15779,-0.16397
0.0028696,0.55305,-0.57862,-0.44431,-0.050171,0.62294,-0.3132,0.27134,-0.47916,0.12749,-0.63683,0.1869,-0.35293,-0.23021,0.21082,0.17506,-0.053067,-0.1057,-0.063959,0.47275,0.46051,0.24864,0.50842,0,-0.34879,-0.19286,0.3582,0.32303,0.13748,0.25694,-0.69762,-0.50018,-0.56563,-0.31981,-0.71989,-0.34797,-0.78853,-0.70905,-0.37654,-0.23431,0.52633,0.59708,-0.53625,-0.11147,-0.52324,-0.51531,-0.28509,-0.30935,0.048085,-0.38944,-0.14655,-0.06184,0.25019,0.70041,-0.0065026,0.3224,0.11073,-0.43695,-0.44032,-0.29296,0.27469,0.045571,0.24522,-0.22944,-0.25613,-0.33751,-0.40372,-0.25192,-0.015769,-0.3767,-0.4127,-0.63213,-0.59542,-0.30586,-0.31158,-0.54742,-0.1306,-0.24161,-0.0268,-0.50915,-0.2496,0.14033,-0.24037,0.13276,0.18351,-0.50079,-0.25528,-0.37634,-0.33132,0.13144,0.21406,-0.23471,0.42339,-0.17086,0.10263,-0.47325,-0.28743,-0.76258,-0.20444,0.088087,0.35121,-0.21993,0.022752,-0.23941,-0.12923
0.049835,-0.26411,0.40181,0.36048,0.069725,-0.35165,0.27082,-0.371,0.74385,-0.49595,0.42463,-0.67122,-0.29799,-0.44185,-0.14171,-0.19826,-0.41035,0.083263,-0.21979,-0.38408,-0.29067,-0.27229,-0.079768,-0.34879,0,-0.040496,-0.19306,-0.35617,-0.11638,-0.095176,0.14708,0.011603,-0.084922,-0.041385,0.042398,0.0020205,0.092254,0.078893,0.1788,0.034191,-0.17722,-0.2457,0.033507,-0.00048703,-0.1394,-0.16851,-0.34602,-0.50972,-0.11664,-0.23484,-0.54494,0.13445,0.068935,-0.1488,0.25865,-0.1762,-0.084178,-0.40143,-0.54825,0.32021,-0.22618,-0.29887,-0.38023,-0.27843,0.024812,-0.36951,-0.30908,-0.15115,-0.054475,0.016553,0.056568,-0.13009,-0.13631,-0.31277,-0.25908,0.26277,-0.27021,-0.1431,-0.35592,0.05849,-0.11448,-0.15668,0.11178,-0.30912,-0.42666,-0.091483,-0.25413,-0.41056,-0.49701,-0.49539,-0.70719,0.11476,-0.35558,-0.1151,-0.40356,0.20108,-0.064736,0.082914,-0.40446,-0.22679,-0.24179,-0.12914,-0.18085,-0.12971,-0.29575
0.020396,-0.17428,-0.12167,-0.053225,-0.020528,-0.21604,-0.065407,-0.19424,0.010669,-0.094136,0.03296,-0.1403,-0.38268,-0.51962,-0.21164,-0.169,-0.34488,-0.12443,-0.37382,-0.045498,-0.28202,-0.15657,-0.16806,-0.19286,-0.040496,0,-0.15808,-0.137,-0.084408,-0.14214,0.031052,-0.022588,-0.16271,-0.18169,-0.1084,-0.072311,-0.040016,-0.045116,0.07445,0.11618,-0.16854,-0.16263,-0.071561,-0.083105,-0.26094,-0.13513,-0.20237,-0.071212,-0.25595,-0.53213,-0.64151,-0.12207,-0.15072,-0.179,0.0027906,-0.22118,-0.14215,-0.2045,-0.26118,-0.11698,-0.26467,-0.24885,-0.30507,-0.49285,-0.42036,-0.32952,-0.25465,0.011926,0.023417,-0.22715,-0.10423,-0.34028,-0.28047,-0.35651,-0.43009,0.033678,0.0030538,-0.4647,-0.43068,-0.25028,-0.32447,-0.28397,-0.083658,-0.42735,-0.51173,-0.39502,-0.19902,-0.18153,-0.16857,-0.089726,-0.17848,-0.43532,-0.41253,-0.41466,-0.33896,-0.26443,-0.4167,-0.26114,-0.40995,-0.32463,-0.39157,-0.26733,-0.27612,-0.409,-0.23045
0.018863,0.39789,-0.4137,-0.28104,-0.13961,0.33468,-0.37152,0.14844,-0.17648,-0.14158,-0.38155,0.28421,-0.66622,-0.44448,0.050329,0.39903,-0.22424,-0.17847,-0.24133,0.42571,0.13995,0.2731,0.091615,0.3582,-0.19306,-0.15808,0,0.5645,-0.11356,-0.090509,-0.60657,-0.76611,-0.63759,-0.45113,-0.60126,-0.46573,-0.78798,-0.70995,-0.43863,-0.18759,0.11174,0.41488,-0.54462,-0.32142,-0.28955,-0.3137,-0.29059,-0.28102,-0.30579,-0.77766,-0.18515,-0.1623,0.092056,0.48401,-0.11169,-0.068172,-0.11724,-0.45691,-0.39847,-0.085336,0.58076,-0.2554,-0.090286,-0.46969,-0.43823,-0.39515,-0.35394,-0.2853,-0.0022311,-0.40899,-0.55196,-0.48179,-0.51888,-0.27547,-0.20271,-0.17378,0.24319,-0.50123,-0.33894,-0.84115,-0.49445,-0.16067,-0.45871,-0.0675,-0.013295,-0.68122,-0.37714,-0.36332,-0.2477,0.093307,0.18619,-0.25593,0.33267,-0.063518,0.26229,-0.52542,-0.34807,-0.68295,-0.33346,-0.074569,-0.0037054,-0.3553,-0.15712,-0.27356,-0.18845
0.1343,0.52442,-0.43738,-0.29364,-0.183,0.30154,-0.39978,0.15164,-0.3623,0.13178,-0.43028,0.35969,-0.44988,-0.31341,0.047822,0.33979,-0.10151,-0.070192,-0.074358,0.60471,0.061873,0.45431,0.06727,0.32303,-0.35617,-0.137,0.5645,0,-0.002909,0.0015796,-0.44275,-0.5354,-0.6074,-0.4493,-0.48855,-0.38391,-0.65577,-0.54192,-0.39262,-0.10579,0.071476,0.47269,-0.34346,-0.20287,-0.12286,-0.15661,-0.015579,-0.062913,-0.29494,-0.63829,-0.20213,-0.1893,0.050941,0.33851,-0.18245,-0.039338,-0.10467,-0.17928,-0.16573,-0.17405,0.51494,-0.16668,0.022101,-0.46378,-0.47384,-0.11744,-0.19019,-0.19446,-0.016908,-0.31835,-0.42619,-0.36031,-0.31677,-0.038482,-0.014348,-0.20898,0.21165,-0.46598,-0.20401,-0.72047,-0.32141,-0.19733,-0.51782,-0.12547,0.0066539,-0.51901,-0.17347,-0.084533,0.020087,0.42392,0.37734,-0.33466,0.25164,-0.18362,0.15985,-0.44355,-0.26077,-0.5189,-0.15708,-0.11258,0.054607,-0.38014,-0.10237,-0.32793,-0.21744
0.48407,0.20383,-0.24707,-0.26701,0.15053,0.095281,0.055384,-0.1102,-0.27581,0.073108,-0.25491,-0.26679,-0.062933,-0.12005,0.046847,-0.12479,-0.0072331,0.20217,0.023443,0.0093063,0.053212,0.0016256,0.33728,0.13748,-0.11638,-0.084408,-0.11356,-0.002909,0,0.53409,-0.12312,-0.015013,-0.24708,0.0037515,-0.34069,-0.1674,-0.21155,-0.19651,0.097117,-0.041727,0.37292,0.15767,-0.14293,0.17311,-0.28157,-0.31966,-0.11611,-0.25706,0.29293,-0.072048,-0.24402,0.10251,0.3697,0.1314,0.22126,0.34396,0.23476,-0.26727,-0.4888,-0.13228,-0.20978,0.12725,0.26516,-0.16673,-0.054897,-0.16319,-0.37584,-0.12661,0.073957,-0.0027445,0.038015,-0.31083,-0.28663,-0.20295,-0.29375,-0.3465,-0.47107,-0.08275,0.11064,-0.095801,0.058957,-0.050974,-0.093504,-0.066171,-0.12137,-0.13866,-0.013703,-0.19407,-0.30278,-0.013959,-0.17563,0.024299,0,-0.16783,-0.2115,-0.083145,-0.11027,-0.24416,-0.026899,0.056226,0.25472,-0.15839,0.076945,-0.28434,-0.10356
0.33304,0.27528,-0.20479,-0.23562,0.1935,0.18468,0.061162,0.039568,-0.30399,0.018106,-0.25706,-0.26584,-0.056772,-0.11672,0.009326,-0.20211,-0.084797,0.11623,0.12003,0.046729,0.073318,0.015019,0.58082,0.25694,-0.095176,-0.14214,-0.090509,0.0015796,0.53409,0,-0.10301,0.050961,-0.2401,0.014196,-0.23669,0.045557,-0.23231,-0.18327,0.017731,0.0039029,0.29915,0.23197,-0.037061,0.38183,-0.2013,-0.19834,-0.058477,-0.24051,0.31557,-0.11921,-0.34416,0.24503,0.36067,0.22004,0.13161,0.35497,0.16141,-0.20189,-0.4054,-0.1025,-0.037324,0.037462,0.20488,-0.21404,-0.068573,-0.084,-0.22916,-0.25679,0.022384,-0.071765,0.015473,-0.2508,-0.1659,-0.072279,-0.13348,-0.35604,-0.52735,-0.048368,0.1307,-0.10855,0.14086,0.10136,-0.095327,-0.10827,-0.042675,-0.13291,0.016033,-0.18038,-0.27801,0.051764,-0.13406,-0.1414,-0.056963,-0.34855,-0.34884,-0.10519,-0.20292,-0.29956,-0.29615,0.018132,0.2818,-0.24437,-0.0072529,-0.34778,-0.30489
0.03196,-0.48515,0.36229,0.2017,-0.055193,-0.6536,0.19352,-0.51117,0.14232,-0.32227,0.43293,-0.68188,0.072226,-0.19558,-0.42695,-0.52843,-0.32363,0.043386,-0.12083,-0.52416,-0.69867,-0.40033,-0.3458,-0.69762,0.14708,0.031052,-0.60657,-0.44275,-0.12312,-0.10301,0,0.65585,0.26315,0.14656,0.66059,0.35964,0.62136,0.62676,0.32833,0.12662,-0.4987,-0.50311,0.69817,0.12904,0.27841,0.31286,0.13125,0.04251,-0.18988,-0.05928,-0.56885,0.016,-0.25792,-0.58837,-0.090944,-0.36865,-0.24562,0.18201,0.00094116,0.1075,-0.47074,-0.31935,-0.43227,-0.30259,-0.14341,0.09482,0.066585,-0.057233,-0.1083,0.1639,0.35796,0.29233,0.38307,0.082289,0.026708,0.22461,-0.40212,-0.10536,-0.22252,0.18035,0.095926,-0.38784,-0.038726,-0.60271,-0.57046,0.17899,0.068843,0.13463,0.034231,-0.21496,-0.50334,-0.12583,-0.80074,-0.40822,-0.82019,0.20789,-0.14922,0.31523,-0.34345,-0.43418,-0.46729,-0.2343,-0.30462,-0.37197,-0.43951
-0.031341,-0.44154,0.2186,0.025398,-0.0045544,-0.51496,0.17161,-0.36425,-0.075115,-0.22321,0.21043,-0.72521,0.26434,-0.018369,-0.42566,-0.70197,-0.28788,0.048552,-0.063834,-0.47916,-0.55889,-0.48023,-0.181,-0.50018,0.011603,-0.022588,-0.76611,-0.5354,-0.015013,0.050961,0.65585,0,0.33708,0.34126,0.44319,0.57273,0.58405,0.60656,0.43577,0.12918,-0.36878,-0.43306,0.4688,0.24854,0.098374,0.094281,0.15047,-0.0038173,-0.052494,0.13311,-0.4806,-0.0098657,-0.18938,-0.52658,-0.058187,-0.18437,-0.15218,0.22605,-0.030558,-0.065638,-0.56629,-0.19144,-0.29715,-0.21458,-0.062952,0.14964,-0.039173,-0.11643,-0.19847,0.053705,0.33885,0.11087,0.28251,0.060748,-0.040292,0.010182,-0.60256,0.040174,-0.036797,0.34229,0.2479,-0.24047,0.041431,-0.47833,-0.48334,0.2654,0.1021,0.11992,-0.049961,-0.17679,-0.5048,-0.10569,-0.64147,-0.39277,-0.81075,0.19569,-0.094847,0.16854,-0.26077,-0.38721,-0.33494,-0.2468,-0.2464,-0.28717,-0.36133
-0.31169,-0.51087,0.12668,-0.073957,-0.22239,-0.56716,-0.12318,-0.42809,-0.065987,-0.3031,0.18929,-0.55795,0.42387,-0.061175,-0.50775,-0.7754,-0.13479,-0.085929,-0.10685,-0.56423,-0.57149,-0.53522,-0.3302,-0.56563,-0.084922,-0.16271,-0.63759,-0.6074,-0.24708,-0.2401,0.26315,0.33708,0,0.40571,0.35153,0.2911,0.4351,0.38341,0.1661,-0.04153,-0.52165,-0.50018,0.17426,-0.0066408,0.029742,0.012492,0.015421,0.078162,-0.27297,0.161,-0.3362,-0.2003,-0.36804,-0.53422,-0.060004,-0.24037,-0.15373,0.11726,0.045636,-0.24209,-0.57775,-0.35896,-0.56326,-0.14051,-0.16257,0.031052,0.073582,-0.1333,-0.4146,-0.050974,0.11057,0.14391,0.090549,-0.018994,-0.05437,-0.03735,-0.50061,0.19418,-0.050072,0.20842,0.088456,-0.17861,0.059477,-0.30329,-0.31799,0.28555,0.016414,0.054225,-0.033704,-0.27338,-0.43317,0.015829,-0.47382,-0.20581,-0.48365,0.0039884,-0.17994,0.028307,-0.28876,-0.41503,-0.50296,-0.34423,-0.53784,-0.32846,-0.30522
-0.1263,-0.26515,0.19891,-0.05924,0.027998,-0.22405,0.035613,-0.081874,-0.14044,-0.27059,0.11578,-0.54703,0.43239,0.24864,-0.5707,-0.7263,-0.14991,0.088719,0.079637,-0.3262,-0.57602,-0.64362,-0.055969,-0.31981,-0.041385,-0.18169,-0.45113,-0.4493,0.0037515,0.014196,0.14656,0.34126,0.40571,0,0.075398,0.33347,0.31077,0.39544,0.39092,0.24459,-0.26395,-0.18443,-0.018448,0.10128,-0.006292,-0.15948,0.057299,-0.1478,-0.19914,0.26242,-0.15547,-0.25557,-0.13163,-0.30863,0.031828,-0.07474,-0.12299,0.0028366,-0.21259,-0.1234,-0.37538,-0.43135,-0.45082,-0.35281,-0.18759,0.031927,-0.22768,-0.31231,-0.37781,-0.24935,-0.068836,-0.093056,-0.070357,-0.046821,-0.13052,-0.016131,-0.53128,0.33559,0.2174,0.26884,0.40763,-0.14894,-0.029426,-0.16643,-0.22756,0.40149,0.18653,-0.017546,-0.18646,-0.20142,-0.47325,0.11086,-0.22412,-0.069903,-0.30085,0.084639,-0.0024747,-0.08275,-0.22557,-0.37529,-0.41077,-0.43988,-0.46888,-0.16978,-0.086014
-0.18927,-0.64954,0.27422,0.18294,-0.18822,-0.81189,0.080005,-0.55431,0.095465,-0.40878,0.35532,-0.63018,0.058299,-0.20728,-0.50231,-0.54067,-0.31449,-0.065263,-0.21083,-0.56227,-0.69549,-0.42737,-0.41591,-0.71989,0.042398,-0.1084,-0.60126,-0.48855,-0.34069,-0.23669,0.66059,0.44319,0.35153,0.075398,0,0.4285,0.562,0.43666,0.16834,-0.018948,-0.67419,-0.62504,0.71258,-0.026333,0.3311,0.36609,0.18777,0.11616,-0.29779,-0.097775,-0.52154,-0.089674,-0.41714,-0.7299,-0.26782,-0.54346,-0.39887,0.32606,0.19538,0.01956,-0.41127,-0.35072,-0.48264,-0.23866,-0.19413,0.17531,0.17269,-0.15837,-0.21176,0.070627,0.18509,0.47183,0.4584,0.18164,0.15135,0.17673,-0.35519,-0.14124,-0.28745,0.089443,-0.013795,-0.40406,-0.0023233,-0.7176,-0.52964,0.14674,-0.026148,0.22196,0.14051,-0.20164,-0.4416,-0.18166,-0.843,-0.41963,-0.87693,0.056713,-0.21748,0.16104,-0.39805,-0.60063,-0.54886,-0.28311,-0.3918,-0.3988,-0.59642
-0.097282,-0.34473,0.21197,0.033599,0.018158,-0.36994,0.086857,-0.17827,-0.075207,-0.32943,0.17171,-0.55688,0.15521,-0.055226,-0.4685,-0.60665,-0.41784,-0.034481,-0.10583,-0.34974,-0.52668,-0.41391,-0.090174,-0.34797,0.0020205,-0.072311,-0.46573,-0.38391,-0.1674,0.045557,0.35964,0.57273,0.2911,0.33347,0.4285,0,0.34155,0.39172,0.2852,0.20075,-0.35797,-0.28176,0.3549,0.21903,0.14549,0.11087,0.20669,0.01317,-0.18565,-0.030222,-0.46673,-0.044327,-0.16661,-0.37752,-0.086475,-0.20895,-0.21474,0.22803,-0.0082664,-0.020297,-0.27887,-0.36789,-0.44086,-0.35002,-0.20219,0.17845,-0.01392,-0.24508,-0.23769,-0.13844,0.088548,0.083263,0.2404,0.1656,0.097381,0.068099,-0.44662,-0.01725,-0.10334,0.091497,0.15103,-0.24332,-0.07189,-0.52987,-0.42441,0.12155,0.0088324,0.11685,-0.012413,-0.039799,-0.37669,-0.13673,-0.47155,-0.37878,-0.64473,0.010761,-0.22245,-0.062735,-0.47087,-0.41316,-0.40835,-0.37687,-0.37038,-0.34343,-0.53263
-0.17613,-0.66433,0.48407,0.24574,-0.081414,-0.72139,0.19999,-0.45399,0.10064,-0.35315,0.50329,-0.7884,0.21971,-0.042964,-0.57118,-0.69117,-0.22441,0.064216,-0.10648,-0.57997,-0.84664,-0.70953,-0.35159,-0.78853,0.092254,-0.040016,-0.78798,-0.65577,-0.21155,-0.23231,0.62136,0.58405,0.4351,0.31077,0.562,0.34155,0,0.98809,0.52402,0.18142,-0.55861,-0.59954,0.34937,-0.02551,0.12038,0.062156,0.088087,-0.040496,-0.2847,0.12313,-0.38468,-0.21974,-0.34878,-0.7536,-0.11518,-0.4286,-0.34753,0.16103,-0.021291,-0.016276,-0.60546,-0.37908,-0.53496,-0.26182,-0.16941,0.088199,-0.016625,-0.11067,-0.33046,-0.066006,0.10166,0.14454,0.15868,-0.00077004,-0.063676,0.22302,-0.41433,0.054844,-0.12202,0.45971,0.17614,-0.32566,0.15371,-0.50885,-0.55047,0.39169,0.089713,0.096808,-0.054811,-0.36153,-0.65753,-0.067092,-0.77336,-0.24376,-0.67692,0.26139,-0.0056667,0.26954,-0.20498,-0.58393,-0.63152,-0.26139,-0.41822,-0.1977,-0.26048
-0.15188,-0.50834,0.57352,0.25621,-0.080176,-0.56258,0.11953,-0.30664,0.045143,-0.27417,0.46304,-0.66757,0.27633,0.049079,-0.60911,-0.71734,-0.22478,0.080795,0.02682,-0.49083,-0.94959,-0.66864,-0.33058,-0.70905,0.078893,-0.045116,-0.70995,-0.54192,-0.19651,-0.18327,0.62676,0.60656,0.38341,0.39544,0.43666,0.39172,0.98809,0,0.46536,0.32784,-0.55707,-0.45754,0.29833,0.061959,0.19033,0.088041,0.1315,-0.043932,-0.32443,0.1493,-0.34616,-0.24442,-0.32496,-0.62344,-0.094695,-0.34963,-0.30533,0.17275,-0.02478,-0.021713,-0.49149,-0.45948,-0.58601,-0.35913,-0.18641,0.12607,-0.0086284,-0.13648,-0.37431,-0.11709,0.072068,0.088614,0.18875,0.049493,-0.0062261,0.26218,-0.3725,0.13734,-0.025991,0.46646,0.32508,-0.28688,0.037561,-0.41534,-0.45299,0.49197,0.21711,0.11105,-0.036198,-0.28904,-0.5924,-0.077155,-0.63099,-0.24285,-0.55698,0.33486,0.076004,0.32454,-0.20015,-0.54312,-0.62296,-0.32481,-0.44272,-0.15816,-0.20143
0.13109,-0.32651,0.3741,0.18657,0.22835,-0.35696,0.39076,-0.24417,0.11572,-0.28712,0.40702,-0.67998,0.10239,-0.079163,-0.39256,-0.46339,-0.25984,0.34181,-0.11233,-0.25996,-0.54425,-0.53973,-0.0033434,-0.37654,0.1788,0.07445,-0.43863,-0.39262,0.097117,0.017731,0.32833,0.43577,0.1661,0.39092,0.16834,0.2852,0.52402,0.46536,0,0.38651,-0.19003,-0.26002,0.13347,0.045656,-0.035218,-0.12429,0.062926,-0.17032,-0.18377,-0.0017178,-0.43014,-0.14768,0.011551,-0.35523,0.13322,-0.18605,-0.18772,-0.0050217,-0.27069,0.10122,-0.40165,-0.30228,-0.35463,-0.41426,-0.22615,-0.0063709,-0.28093,-0.083981,-0.18649,-0.17561,0.019547,-0.12869,-0.061735,-0.091424,-0.17835,0.22655,-0.36158,-0.0097604,-0.07705,0.28222,0.15598,-0.29467,0.15168,-0.44179,-0.54842,0.16507,0.042556,-0.021403,-0.19027,-0.2071,-0.54229,0.033645,-0.43705,-0.11703,-0.48164,0.18098,0.0108,-0.0010201,-0.16724,-0.42828,-0.39236,-0.29797,-0.28879,-0.13892,-0.15374
0.057898,-0.057384,0.28806,0.19586,0.087429,-0.08943,0.032638,0.11863,-0.044952,-0.15802,0.20457,-0.30683,-0.022035,-0.01677,-0.51703,-0.37423,-0.21695,0.14757,0.063091,-0.0040871,-0.60538,-0.38954,-0.0054298,-0.23431,0.034191,0.11618,-0.18759,-0.10579,-0.041727,0.0039029,0.12662,0.12918,-0.04153,0.24459,-0.018948,0.20075,0.18142,0.32784,0.38651,0,-0.2364,0.037969,-0.0064236,0.11132,0.077537,-0.069356,0.1505,-0.10187,-0.41749,-0.16061,-0.31044,-0.30549,-0.061373,-0.15404,0.017382,-0.16139,-0.21935,-0.00070423,-0.21005,-0.016697,-0.060425,-0.58268,-0.46077,-0.7435,-0.39366,0.064137,-0.1488,-0.27641,-0.34709,-0.44891,-0.24017,-0.22609,-0.10419,0.039002,-0.020324,0.28554,-0.10248,-0.029255,0.0053837,0.047585,0.21499,-0.25712,-0.11331,-0.32134,-0.28495,0.086988,0.25453,0.044432,-0.070488,-0.038778,-0.33057,-0.20159,-0.24566,-0.22075,-0.23733,0.01236,-0.0053311,-0.11657,-0.26051,-0.46753,-0.48601,-0.60321,-0.48209,-0.16324,-0.11122
0.19704,0.30469,-0.43807,-0.33442,0.16676,0.34585,-0.049882,0.021508,-0.30829,-0.030143,-0.47743,-0.086139,-0.28823,-0.25683,0.3105,0.11738,-0.10153,0.0045149,-0.13568,0.15815,0.41921,0.11391,0.53093,0.52633,-0.17722,-0.16854,0.11174,0.071476,0.37292,0.29915,-0.4987,-0.36878,-0.52165,-0.26395,-0.67419,-0.35797,-0.55861,-0.55707,-0.19003,-0.2364,0,0.32708,-0.43699,-0.036962,-0.60705,-0.57892,-0.39685,-0.44187,0.26589,-0.23675,-0.14922,0.072542,0.50875,0.44554,0.21252,0.43844,0.24768,-0.59406,-0.68162,-0.14909,0.0097473,0.14379,0.29999,-0.12136,-0.09305,-0.43301,-0.53867,-0.091227,0.10148,-0.19261,-0.19978,-0.55533,-0.56106,-0.413,-0.44622,-0.51609,-0.29404,-0.1759,-0.032835,-0.32354,-0.20115,0.010945,-0.11601,0.075155,0.031512,-0.41862,-0.26274,-0.49387,-0.47984,-0.059649,-0.012939,-0.01394,0.22622,-0.11869,-0.032974,-0.30852,-0.22651,-0.49627,-0.09255,0.33757,0.42418,0.023983,0.20327,-0.161,-0.074042
0.098592,0.87074,-0.37311,-0.26592,-0.050059,0.69139,-0.32075,0.40627,-0.39967,0.065328,-0.45293,0.14765,-0.29353,-0.14566,-0.016145,0.092043,-0.043307,-0.047229,0.061926,0.51218,0.11145,0.20064,0.38416,0.59708,-0.2457,-0.16263,0.41488,0.47269,0.15767,0.23197,-0.50311,-0.43306,-0.50018,-0.18443,-0.62504,-0.28176,-0.59954,-0.45754,-0.26002,0.037969,0.32708,0,-0.43405,0.033928,-0.27886,-0.38207,-0.14453,-0.2527,-0.1409,-0.35609,-0.090858,-0.15738,0.22564,0.70416,0.050658,0.3188,0.13896,-0.35282,-0.41572,-0.25399,0.41491,-0.18786,0.046117,-0.4144,-0.27594,-0.20701,-0.31847,-0.36287,-0.16446,-0.41839,-0.4127,-0.49884,-0.45031,-0.1494,-0.15388,-0.3209,-0.061748,-0.15895,0.072509,-0.44758,-0.09172,-0.011669,-0.32218,0.08554,0.23445,-0.34827,-0.032454,-0.24129,-0.21915,0.19606,0.11668,-0.18254,0.4794,-0.18131,0.17017,-0.38867,-0.18404,-0.58954,-0.1895,-0.0063051,0.12806,-0.42995,-0.13615,-0.25148,-0.09565
0.0051665,-0.40346,0.12781,0.1028,-0.11813,-0.5962,0.10671,-0.53186,0.0089706,-0.28765,0.19516,-0.59451,0.029334,-0.26693,-0.35744,-0.46482,-0.25259,-0.04199,-0.15437,-0.46427,-0.47831,-0.21797,-0.27483,-0.53625,0.033507,-0.071561,-0.54462,-0.34346,-0.14293,-0.037061,0.69817,0.4688,0.17426,-0.018448,0.71258,0.3549,0.34937,0.29833,0.13347,-0.0064236,-0.43699,-0.43405,0,0.21922,0.3336,0.43109,0.23014,0.14235,-0.12391,-0.11701,-0.58701,0.092642,-0.25111,-0.50163,-0.17045,-0.31934,-0.20616,0.28441,0.12795,-0.024398,-0.35942,-0.21608,-0.2654,-0.16587,-0.083342,0.24379,0.26086,-0.15791,-0.1392,0.2249,0.38526,0.52955,0.5668,0.28331,0.21364,0.029577,-0.44708,-0.1658,-0.23045,0.040437,0.028603,-0.35794,-0.036126,-0.68704,-0.42253,0.064861,0.042254,0.256,0.16009,-0.10883,-0.37837,-0.20482,-0.74689,-0.58959,-1,0.011426,-0.28227,0.14131,-0.38226,-0.38169,-0.31039,-0.26543,-0.2765,-0.50471,-0.70939
