,,,,,,,,,,,,,,,,,,,,,,,,,,,,,,,,,,,,,,,,,,,,,,,,,,,,,,,,,,,,,,,,,,,,,,,,,,,,,,,,,,,,,,,,,,,,,,,,,,,,,,,,
0,0.25768,-0.28357,-0.18928,0.4006,0.010937,0.29112,-0.16132,-0.21921,-0.3764,-0.26224,-0.16532,-0.4778,-0.4697,-0.29689,-0.27983,-0.51051,-0.23611,-0.36186,-0.23606,-0.13824,0.0011177,-0.03729,-0.20346,-0.22976,-0.11528,-0.10287,-0.04929,0.28735,0.083035,-0.2604,-0.29794,-0.56711,-0.46434,-0.4256,-0.2067,-0.4505,-0.47252,-0.15359,-0.22876,0.17597,-0.081163,-0.10569,-0.042467,-0.25348,-0.15487,-0.34091,-0.38766,0.018247,-0.53529,-0.46802,0.025132,0.24947,0.048728,-0.078777,0.12002,0.1168,-0.52838,-0.55322,0.13326,-0.12049,-0.28406,-0.15284,-0.3861,-0.055071,-0.36474,-0.38845,-0.41079,-0.089145,-0.2744,-0.2421,-0.33492,-0.30281,-0.30698,-0.32252,-0.31206,-0.20675,-0.59239,-0.48571,-0.56164,-0.52781,-0.2885,-0.44514,-0.35011,-0.41783,-0.63758,-0.37426,-0.37134,-0.35291,-0.15251,-0.20957,-0.18293,-0.22204,-0.43542,-0.31783,-0.29997,-0.37776,-0.35146,-0.32853,-0.21675,-0.15687,-0.28682,-0.27698,-0.4241,-0.3561
0.25768,0,-0.56845,-0.39793,0.053754,0.43729,-0.17837,0.12709,-0.4733,-0.20982,-0.60443,0.085271,-0.69794,-0.42571,-0.2967,-0.18496,-0.38812,-0.45957,-0.25292,0.025763,-0.02939,0.059761,0.14101,0.071474,-0.38022,-0.096612,0.17271,0.24,0.10324,-0.042138,-0.55071,-0.55042,-0.80972,-0.64807,-0.65949,-0.33121,-0.8143,-0.74301,-0.47131,-0.19541,0.18115,0.35932,-0.27065,0.078756,-0.27615,-0.22552,-0.20381,-0.27726,-0.053274,-0.77127,-0.44452,-0.091332,0.066845,0.37945,-0.23857,0.26023,0.24175,-0.46443,-0.46477,-0.076671,0.15228,-0.31069,-0.14701,-0.41094,-0.13671,-0.19555,-0.26727,-0.479,-0.25808,-0.37987,-0.40597,-0.44349,-0.3017,-0.13632,-0.15812,-0.53981,-0.12698,-0.64099,-0.45705,-0.78504,-0.57555,-0.36141,-0.59427,-0.10883,-0.1281,-0.71313,-0.25,-0.17053,-0.18851,0.10418,0.055825,-0.2814,0.077378,-0.44517,-0.0058561,-0.56236,-0.38928,-0.49486,-0.15373,-0.20821,-0.15934,-0.46854,-0.31618,-0.44078,-0.27868
-0.28357,-0.56845,0,0.56655,-0.2745,-0.61765,-0.016615,-0.24075,0.23435,-0.16944,0.51759,-0.43642,0.016272,-0.12934,-0.37635,-0.37887,-0.22674,0.25986,0.03009,-0.38019,-0.74367,-0.40032,-0.48328,-0.56701,0.057834,-0.080224,-0.55167,-0.5515,-0.54953,-0.47494,0.17191,0.0892,0.13492,0.10671,0.15349,0.10586,0.40739,0.49222,0.32988,0.16283,-0.53352,-0.51219,-0.072598,-0.31297,-0.2317,-0.36146,-0.28011,-0.24034,-0.5819,-0.11442,-0.40088,-0.52255,-0.34345,-0.52065,0.0088665,-0.45246,-0.32539,-0.12221,-0.12713,-0.17711,-0.32813,-0.71529,-0.69628,-0.62528,-0.42657,-0.34093,-0.20762,-0.20149,-0.25382,-0.52371,-0.28156,-0.30484,-0.4319,-0.38618,-0.31174,0.52705,0.040149,0.12155,-0.084976,0.14863,0.20187,0.10754,0.026778,-0.21118,-0.30997,0.23559,-0.080128,-0.26946,-0.26086,-0.46804,-0.56491,-0.092375,-0.40267,-0.11614,-0.38285,0.37038,0.065837,0.13516,-0.39859,-0.61093,-0.67417,-0.23459,-0.34145,-0.12146,-0.33806
-0.18928,-0.39793,0.56655,0,-0.32218,-0.58899,0.053933,-0.21701,0.11286,-0.15163,0.2751,-0.36062,-0.17246,-0.24792,-0.32083,-0.31327,-0.19956,0.12474,0.03524,-0.33702,-0.59829,-0.29623,-0.40686,-0.49581,-0.0020572,-0.041048,-0.54376,-0.48456,-0.45946,-0.47671,0.061311,0.0088939,-0.1057,-0.18403,0.039464,0.070699,0.15858,0.18539,0.20278,0.1089,-0.39531,-0.41611,-0.030234,-0.20603,-0.31352,-0.3982,-0.26639,-0.17631,-0.47182,-0.26707,-0.47259,-0.43027,-0.35141,-0.43269,0.0011932,-0.30969,-0.16562,-0.18515,-0.16639,-0.21056,-0.27877,-0.51422,-0.49491,-0.50898,-0.24491,-0.31325,-0.11672,-0.20621,-0.30308,-0.48349,-0.29998,-0.31161,-0.40292,-0.34633,-0.23813,0.21734,0.11065,-0.017219,-0.12868,0.0083659,0.022471,0.077679,0.18068,-0.17908,-0.17813,0.046774,-0.020771,-0.20597,-0.17525,-0.32312,-0.39023,-0.16966,-0.38378,-0.30786,-0.41911,0.24023,0.10964,0.076774,-0.28073,-0.64498,-0.5573,-0.20488,-0.24315,-0.23651,-0.41607
0.4006,0.053754,-0.2745,-0.32218,0,0.14122,0.23767,-0.067928,-0.25367,-0.45432,-0.25807,-0.17238,-0.33349,-0.34862,-0.38251,-0.37396,-0.64195,-0.32055,-0.44116,-0.28315,-0.16627,-0.17692,0.038325,-0.12595,-0.23659,-0.051574,-0.10328,-0.17478,0.2016,0.15666,-0.33032,-0.23084,-0.37099,-0.16156,-0.42076,-0.10658,-0.37922,-0.39961,-0.098677,-0.19364,0.21099,-0.086546,-0.24012,-0.11022,-0.38652,-0.2644,-0.55657,-0.59473,0.026833,-0.36571,-0.37058,-0.087341,0.28107,0.015285,-0.066015,0.093506,0.026805,-0.65188,-0.68559,0.12546,-0.17725,-0.37534,-0.27593,-0.44234,-0.1765,-0.59187,-0.62694,-0.4325,-0.053192,-0.40862,-0.2809,-0.51306,-0.44327,-0.54616,-0.55812,-0.35203,-0.31607,-0.46584,-0.4344,-0.4345,-0.43397,-0.20202,-0.46298,-0.30647,-0.54701,-0.56856,-0.47514,-0.59571,-0.59512,-0.31236,-0.35956,-0.13272,-0.20968,-0.31158,-0.26941,-0.33161,-0.46174,-0.4111,-0.45159,-0.2009,-0.2667,-0.26931,-0.38637,-0.29673,-0.19968
0.010937,0.43729,-0.61765,-0.58899,0.14122,0,-0.32187,0.22086,-0.63278,-0.29336,-0.71368,0.13253,-0.55434,-0.26749,-0.32693,-0.14206,-0.47042,-0.53499,-0.39058,0.078029,-0.0063979,-0.059816,0.16416,0.25717,-0.46857,-0.15934,0.24195,0.2109,0.11832,0.061853,-0.76417,-0.65274,-0.63606,-0.35996,-0.80629,-0.3935,-0.79141,-0.72013,-0.50422,-0.22646,0.26113,0.45958,-0.52725,-0.15076,-0.43234,-0.40097,-0.40239,-0.52998,-0.054536,-0.51274,-0.1833,-0.23796,0.12672,0.4054,-0.26886,0.16692,-0.00039772,-0.59314,-0.60019,-0.20821,0.068696,-0.33422,-0.12288,-0.47601,-0.28299,-0.40893,-0.58864,-0.59903,-0.14879,-0.53573,-0.51321,-0.705,-0.52922,-0.36467,-0.43415,-0.61299,-0.21016,-0.53998,-0.33366,-0.6565,-0.47484,-0.31599,-0.66752,-0.093739,-0.21105,-0.6956,-0.37236,-0.39753,-0.43368,-0.083536,-0.12053,-0.29101,0.18037,-0.31911,0.15289,-0.73449,-0.51419,-0.67452,-0.24339,-0.11312,-0.1582,-0.46259,-0.38136,-0.26859,-0.097703
0.29112,-0.17837,-0.016615,0.053933,0.23767,-0.32187,0,-0.21583,0.011856,-0.37184,-0.0098402,-0.41212,-0.33519,-0.32041,-0.37434,-0.48727,-0.45418,-0.11254,-0.27236,-0.51645,-0.34841,-0.35314,-0.14496,-0.42621,-0.076425,-0.10492,-0.46922,-0.50873,-0.005623,-0.14784,-0.065144,0.040026,-0.3944,-0.29369,-0.21854,0.013022,-0.18868,-0.22116,0.10349,-0.20941,-0.061325,-0.43147,-0.076191,-0.10913,-0.34426,-0.27882,-0.38498,-0.35138,-0.031571,-0.33654,-0.47745,-0.09712,-0.06319,-0.29987,-0.10112,-0.11884,-0.08394,-0.45642,-0.50546,0.2022,-0.36573,-0.31573,-0.30773,-0.33513,-0.013221,-0.40754,-0.32289,-0.26474,-0.096009,-0.27139,-0.23179,-0.2813,-0.27604,-0.41426,-0.32351,-0.16719,-0.26254,-0.35033,-0.39212,-0.29757,-0.30706,-0.186,-0.17363,-0.28996,-0.46501,-0.3412,-0.34436,-0.39467,-0.3728,-0.28561,-0.3243,-0.088754,-0.4087,-0.2955,-0.46803,0.036741,-0.1542,-0.15505,-0.31814,-0.30581,-0.31362,-0.071199,-0.20063,-0.30166,-0.38345
-0.16132,0.12709,-0.24075,-0.21701,-0.067928,0.22086,-0.21583,0,-0.51323,-0.16093,-0.36393,0.23354,-0.30854,0.051896,-0.66971,-0.37498,-0.37951,-0.42989,-0.095776,0.027374,-0.45722,-0.32398,-0.10714,-0.07901,-0.51145,-0.053631,-0.14699,-0.12342,-0.26011,-0.32887,-0.49173,-0.31161,-0.39315,-0.17882,-0.47357,-0.024069,-0.4014,-0.31374,-0.21264,0.10768,-0.15585,0.080148,-0.39853,-0.13658,-0.31699,-0.39517,-0.1065,-0.19436,-0.42067,-0.41376,-0.20229,-0.60642,-0.27057,-0.096894,-0.39896,-0.086203,-0.12045,-0.2386,-0.27276,-0.31788,0.0026263,-0.67678,-0.42417,-0.75605,-0.4649,-0.12914,-0.26171,-0.60895,-0.385,-0.95761,-0.78822,-0.62957,-0.46606,-0.1793,-0.16582,-0.29318,0.17854,-0.24425,-0.10676,-0.43312,-0.19332,-0.19149,-0.47163,0.047233,-0.055105,-0.29898,-0.069663,-0.075458,-0.14558,0.14586,0.034952,-0.34183,0.058239,-0.20376,0.19687,-0.41633,-0.20522,-0.48978,-0.19973,-0.49431,-0.55209,-0.61583,-0.51797,-0.21166,-0.18716
-0.21921,-0.4733,0.23435,0.11286,-0.25367,-0.63278,0.011856,-0.51323,0,-0.26113,0.36793,-0.777,-0.35534,-0.50104,-0.21478,-0.36045,-0.28301,0.17703,-0.16311,-0.51244,-0.5313,-0.38512,-0.31395,-0.56701,0.76822,-0.035061,-0.34232,-0.50289,-0.37431,-0.33485,0.40808,0.094062,-0.12683,-0.12102,0.11011,-0.12603,0.087143,0.13617,0.12222,-0.033669,-0.49838,-0.47292,0.013475,-0.12674,-0.12925,-0.19408,-0.30064,-0.2801,-0.3802,-0.39904,-0.76705,-0.15936,-0.29786,-0.40344,0.053364,-0.47705,-0.29023,-0.24289,-0.31226,0.15048,-0.36879,-0.52337,-0.67469,-0.48275,-0.29325,-0.38825,-0.19098,-0.042947,-0.11237,-0.062518,0.04063,-0.097134,-0.19067,-0.35346,-0.25585,0.32667,-0.27803,-0.21105,-0.49536,-0.06114,-0.12377,-0.25649,-0.1039,-0.37444,-0.51274,-0.041624,-0.26624,-0.31151,-0.31658,-0.51324,-0.64756,-0.051245,-0.51766,-0.17008,-0.54195,0.30757,-0.11581,0.22376,-0.461,-0.39104,-0.50367,-0.17601,-0.24589,-0.3575,-0.44488
-0.3764,-0.20982,-0.16944,-0.15163,-0.45432,-0.29336,-0.37184,-0.16093,-0.26113,0,-0.36188,-0.01894,-0.24248,-0.1667,-0.12158,-0.21802,0.45526,0.099095,0.35947,0.19807,-0.20553,-0.069039,-0.10887,-0.017802,-0.2897,0.10199,-0.3589,-0.21283,-0.31475,-0.28187,-0.20566,-0.12202,-0.29737,-0.39105,-0.17727,-0.22018,-0.29349,-0.26153,-0.32226,-0.090763,-0.3112,-0.15969,-0.059741,0.086464,-0.14709,-0.24255,-0.16588,-0.11937,-0.2908,-0.45958,-0.35432,-0.50138,-0.34326,-0.20149,-0.19597,-0.16436,-0.11977,-0.073387,0.010793,-0.38832,0.049859,-0.25919,-0.20382,-0.32067,-0.3572,-0.092244,-0.068463,-0.14694,-0.35228,-0.28896,-0.11598,-0.11517,-0.175,-0.12881,-0.10192,-0.29035,-0.061743,-0.16193,0.13774,-0.27671,0.17191,-0.098834,-0.16264,0.050435,0.22301,-0.088041,0.46767,-0.0076939,-0.01955,-0.15219,-0.14446,-0.12375,0.067339,-0.25169,-0.1311,-0.1323,0.071906,-0.12715,0.032414,-0.22135,-0.16639,-0.12704,0.10819,-0.16521,-0.14849
-0.26224,-0.60443,0.51759,0.2751,-0.25807,-0.71368,-0.0098402,-0.36393,0.36793,-0.36188,0,-0.53447,-0.019098,-0.32051,-0.45281,-0.43367,-0.32224,0.097045,-0.11194,-0.50128,-0.9192,-0.51164,-0.56028,-0.7657,0.10128,-0.087732,-0.52545,-0.55459,-0.46163,-0.47903,0.48934,0.1848,0.22667,0.11685,0.25223,0.0087842,0.63773,0.69636,0.50422,0.15621,-0.63696,-0.58633,-0.020037,-0.30203,-0.14079,-0.18956,-0.21627,-0.17896,-0.69415,-0.14719,-0.56289,-0.46868,-0.47195,-0.68381,-0.1236,-0.64191,-0.45328,-0.11029,-0.18801,-0.16706,-0.50852,-0.70793,-0.77081,-0.63776,-0.55656,-0.32013,-0.13795,-0.094062,-0.2559,-0.39467,-0.23998,-0.23851,-0.32568,-0.34945,-0.25765,0.62429,-0.072132,0.031509,-0.30047,0.21055,0.042611,-0.14685,-0.010917,-0.41552,-0.53536,0.19112,-0.14429,-0.24398,-0.28153,-0.41219,-0.52815,-0.27084,-0.73288,-0.10942,-0.50218,0.31947,-0.097189,0.18587,-0.51437,-0.66109,-0.78201,-0.38251,-0.54045,-0.30227,-0.40895
-0.16532,0.085271,-0.43642,-0.36062,-0.17238,0.13253,-0.41212,0.23354,-0.777,-0.01894,-0.53447,0,-0.17182,-0.062312,-0.49759,-0.20406,-0.22471,-0.45101,-0.11226,0.26605,-0.28006,-0.0042721,-0.20788,0.052959,-0.82621,-0.075739,-0.13165,0.13139,-0.17107,-0.23558,-0.50302,-0.35603,-0.32989,-0.32643,-0.39423,-0.18577,-0.49734,-0.45704,-0.45403,-0.12432,-0.13778,0.10623,-0.22385,-0.078626,-0.13243,-0.12824,-0.13159,-0.1801,-0.38817,-0.39717,-0.11291,-0.62702,-0.28242,-0.12528,-0.52341,-0.078406,-0.11872,-0.18685,-0.12307,-0.4858,0.13983,-0.35316,-0.12929,-0.43322,-0.41242,-0.066831,-0.2424,-0.47935,-0.34912,-0.61315,-0.47115,-0.3641,-0.25801,-0.085586,-0.13989,-0.49959,0.18203,-0.32843,-0.017116,-0.53126,-0.23314,-0.29852,-0.52563,-0.06548,0.078413,-0.38567,0.099486,-0.057128,-0.081458,0.22286,0.1706,-0.36155,0.094514,-0.35139,0.11673,-0.59497,-0.29738,-0.50609,-0.1376,-0.3543,-0.26746,-0.53189,-0.37012,-0.25,-0.12776
-0.4778,-0.69794,0.016272,-0.17246,-0.33349,-0.55434,-0.33519,-0.30854,-0.35534,-0.24248,-0.019098,-0.17182,0,0.13904,-0.44546,-0.49399,-0.18635,-0.10617,-0.10547,-0.39955,-0.63779,-0.44985,-0.72936,-0.51509,-0.53317,-0.3962,-0.71149,-0.5596,-0.54049,-0.51943,-0.15196,-0.071789,0.44483,0.17346,-0.038655,-0.14851,0.16734,0.12806,-0.055983,-0.25189,-0.50463,-0.63834,-0.25213,-0.50512,-0.24347,-0.26563,-0.26459,-0.1373,-0.61537,0.42776,-0.027107,-0.73764,-0.50265,-0.76729,-0.35918,-0.44823,-0.43435,-0.022588,0.059556,-0.57449,-0.50351,-0.48581,-0.50355,-0.3134,-0.55593,-0.27302,-0.23174,-0.098629,-0.38709,-0.51596,-0.32037,-0.24949,-0.35798,-0.34801,-0.34649,-0.13792,-0.17306,0.37222,0.23298,0.080416,0.095817,-0.079373,-0.22129,-0.20679,-0.19491,0.23125,-0.079421,-0.27598,-0.22783,-0.37672,-0.28509,-0.20911,-0.43198,-0.075622,-0.32304,-0.056724,-0.11248,-0.11075,-0.3092,-0.41064,-0.51175,-0.24488,-0.42946,-0.060591,-0.15098
-0.4697,-0.42571,-0.12934,-0.24792,-0.34862,-0.26749,-0.32041,0.051896,-0.50104,-0.1667,-0.32051,-0.062312,0.13904,0,-0.67256,-0.57471,-0.18072,-0.23014,-0.1055,-0.30349,-0.6087,-0.56556,-0.54368,-0.39531,-0.58715,-0.43287,-0.51655,-0.48855,-0.48613,-0.64674,-0.4529,-0.23424,-0.18573,0.05119,-0.37151,-0.20923,-0.2112,-0.15157,-0.21109,-0.23864,-0.42859,-0.42294,-0.5089,-0.53947,-0.24943,-0.45869,-0.094459,-0.17339,-0.53379,0.10551,0.333,-0.90832,-0.51454,-0.56093,-0.55842,-0.36991,-0.41405,-0.02985,-0.044833,-0.48932,-0.35515,-0.5509,-0.48127,-0.44352,-0.44006,-0.096503,-0.33134,-0.40822,-0.46727,-0.62689,-0.61901,-0.34081,-0.34852,-0.20587,-0.21973,-0.26537,-0.047398,0.026682,0.30274,-0.24853,-0.0037921,-0.28271,-0.46351,-0.023815,-0.057677,0.035308,-0.11918,-0.12507,-0.10996,-0.18129,-0.15502,-0.12599,-0.043743,0.01691,0.034842,-0.1771,0.063272,-0.27144,0.028842,-0.41792,-0.54341,-0.27157,-0.30546,0.0037852,-0.093026
-0.29689,-0.2967,-0.37635,-0.32083,-0.38251,-0.32693,-0.37434,-0.66971,-0.21478,-0.12158,-0.45281,-0.49759,-0.44546,-0.67256,0,0.25382,-0.10284,-0.079819,-0.17121,-0.19746,0.33102,0.10723,0.0247,0.058664,-0.083954,-0.34764,-0.1851,-0.16791,-0.11511,0.069773,-0.35468,-0.50758,-0.35403,-0.57457,-0.3385,-0.56297,-0.4121,-0.50721,-0.48681,-0.50163,0.033656,-0.15227,-0.24624,-0.15412,-0.54949,-0.47672,-0.69949,-0.52842,0.12347,-0.31122,-0.42537,0.064527,0.016992,0.0019338,0.10728,-0.043619,-0.055332,-0.55768,-0.43509,-0.23212,-0.16683,0.2072,0.12681,0.13979,0.015196,-0.62321,-0.37018,-0.08095,-0.033333,0.0034561,0.11304,-0.31406,-0.44066,-0.56224,-0.51313,-0.47992,-0.65646,-0.23671,-0.29001,-0.15872,-0.22438,-0.015861,-0.022149,-0.12964,-0.11917,-0.32479,-0.33063,-0.57553,-0.54979,-0.59793,-0.50125,-0.04999,-0.18061,-0.30739,-0.40299,-0.21,-0.28043,-0.17645,-0.28281,0.10803,0.35338,0.12955,0.21459,-0.20527,-0.23592
-0.27983,-0.18496,-0.37887,-0.31327,-0.37396,-0.14206,-0.48727,-0.37498,-0.36045,-0.21802,-0.43367,-0.20406,-0.49399,-0.57471,0.25382,0,-0.3085,-0.25414,-0.19837,0.06258,0.045896,0.22681,-0.053892,0.16228,-0.24058,-0.31803,0.1126,0.2481,-0.10253,0.014503,-0.42654,-0.67723,-0.33731,-0.4857,-0.33986,-0.5351,-0.42542,-0.48983,-0.51037,-0.27241,-0.05636,0.15318,-0.28559,-0.20557,-0.36434,-0.39096,-0.56874,-0.60856,-0.1877,-0.37123,-0.27442,-0.22816,-0.038476,0.039011,-0.15261,-0.2102,-0.21249,-0.52446,-0.44786,-0.25397,0.10393,-0.016992,0.155,-0.1327,-0.14462,-0.49604,-0.44623,-0.41912,-0.027525,-0.27585,-0.21356,-0.45788,-0.51126,-0.46724,-0.45497,-0.34908,-0.29403,-0.32026,-0.33884,-0.19035,-0.21579,-0.15645,-0.20194,-0.13695,-0.14025,-0.35259,-0.25545,-0.48178,-0.57278,-0.40693,-0.48456,-0.14925,-0.044456,-0.17241,-0.074162,-0.36089,-0.31043,-0.31253,-0.35227,-0.20821,0.12964,-0.32071,-0.11886,-0.11193,-0.13254
-0.51051,-0.38812,-0.22674,-0.19956,-0.64195,-0.47042,-0.45418,-0.37951,-0.28301,0.45526,-0.32224,-0.22471,-0.18635,-0.18072,-0.10284,-0.3085,0,0.16016,0.2454,-0.053103,-0.26657,-0.26302,-0.28043,-0.25507,-0.29831,-0.13172,-0.534,-0.37553,-0.35253,-0.43758,-0.225,-0.19338,-0.28081,-0.40616,-0.24596,-0.4628,-0.1991,-0.19719,-0.26767,-0.21721,-0.40843,-0.36413,-0.21854,-0.19142,-0.26312,-0.36329,-0.15064,-0.07218,-0.36523,-0.26334,-0.27012,-0.54682,-0.51861,-0.40718,-0.27172,-0.32294,-0.29548,-0.031674,0.024289,-0.59194,-0.30833,-0.17287,-0.20513,-0.20772,-0.42486,-0.10887,-0.042145,0.055311,-0.45092,-0.22073,-0.17134,-0.1354,-0.23415,-0.18005,-0.15489,-0.30567,-0.20036,-0.080765,0.1622,-0.14852,0.17112,-0.17349,-0.036673,-0.079792,0.075801,0.020627,0.30855,-0.026641,-0.0089762,-0.26988,-0.17117,-0.28616,-0.2179,-0.25452,-0.27113,-0.074614,0.10661,-0.024871,0.21309,-0.19967,-0.19979,-0.044634,0.047693,-0.20518,-0.14839
-0.23611,-0.45957,0.25986,0.12474,-0.32055,-0.53499,-0.11254,-0.42989,0.17703,0.099095,0.097045,-0.45101,-0.10617,-0.23014,-0.079819,-0.25414,0.16016,0,0.15432,-0.19062,-0.41299,-0.26327,-0.2923,-0.37281,0.088932,-0.071021,-0.48821,-0.43669,-0.28542,-0.32017,0.010389,-0.090352,-0.12128,-0.15296,-0.13019,-0.32861,0.053679,0.058609,0.10929,-0.052835,-0.3459,-0.41586,-0.16167,-0.23787,-0.27677,-0.42512,-0.3658,-0.28402,-0.38823,-0.14623,-0.35859,-0.428,-0.21342,-0.35613,0.13833,-0.29411,-0.23532,-0.20828,-0.17129,-0.18962,-0.30813,-0.37414,-0.39133,-0.38729,-0.32617,-0.3986,-0.26105,0.03526,-0.20361,-0.25617,-0.10631,-0.23705,-0.40329,-0.4603,-0.40451,0.14786,-0.12321,0.026702,0.023815,0.02289,0.27235,-0.019022,0.0058836,-0.10959,-0.19334,0.1131,0.071672,-0.32927,-0.2789,-0.56822,-0.55563,0.027738,-0.27306,-0.075821,-0.33122,0.36962,0.2154,0.13792,-0.13321,-0.27395,-0.28848,-0.0093602,-0.028266,-0.011397,-0.076507
-0.36186,-0.25292,0.03009,0.03524,-0.44116,-0.39058,-0.27236,-0.095776,-0.16311,0.35947,-0.11194,-0.11226,-0.10547,-0.1055,-0.17121,-0.19837,0.2454,0.15432,0,-0.022005,-0.42688,-0.20809,-0.21146,-0.23005,-0.23096,-0.044161,-0.39687,-0.27488,-0.39149,-0.46656,-0.11666,-0.12159,-0.14441,-0.26941,-0.11562,-0.176,-0.09101,-0.06548,-0.11354,0.094665,-0.36886,-0.20776,-0.076822,-0.012144,-0.18493,-0.32437,-0.13266,-0.063848,-0.48426,-0.27204,-0.37727,-0.63997,-0.4454,-0.36148,-0.20571,-0.24903,-0.11258,-0.035535,0.016554,-0.32782,-0.070164,-0.40834,-0.37604,-0.37213,-0.39401,-0.0825,0.060447,-0.053007,-0.44146,-0.44782,-0.26527,-0.24389,-0.28795,-0.17047,-0.030851,-0.11424,0.017527,0.11978,0.13404,-0.011102,0.38815,0.012247,-0.058157,0.24542,0.18317,0.25009,0.48776,0.026161,-0.046266,-0.15025,-0.15778,-0.041891,-0.083508,0.013667,-0.052403,0.19578,0.37859,0.1794,0.073222,-0.41654,-0.36511,-0.20544,-0.11054,-0.099719,-0.12925
-0.23606,0.025763,-0.38019,-0.33702,-0.28315,0.078029,-0.51645,0.027374,-0.51244,0.19807,-0.50128,0.26605,-0.39955,-0.30349,-0.19746,0.06258,-0.053103,-0.19062,-0.022005,0,-0.11139,0.10878,0.057046,0.30902,-0.45102,0.096942,0.02433,0.23597,-0.11082,-0.042892,-0.46161,-0.42475,-0.38623,-0.37009,-0.42057,-0.32536,-0.45321,-0.43289,-0.37737,0.017623,-0.11744,0.31369,-0.27104,-0.0056367,-0.24354,-0.3113,-0.3078,-0.35346,-0.34813,-0.56019,-0.25775,-0.50481,-0.12457,0.092107,-0.20343,-0.060783,-0.12589,-0.30109,-0.24821,-0.44259,0.29244,-0.25184,-0.033086,-0.47409,-0.43228,-0.25921,-0.35395,-0.481,-0.3454,-0.51935,-0.36528,-0.4466,-0.41132,-0.29032,-0.33653,-0.3396,0.037194,-0.38204,-0.056813,-0.39655,-0.089741,-0.18052,-0.31509,-0.098704,0.0030789,-0.39885,0.16088,-0.21884,-0.27899,-0.12285,-0.20581,-0.33254,0.18967,-0.31423,0.078749,-0.49052,-0.23778,-0.51406,-0.19895,-0.31669,-0.11439,-0.49768,-0.17988,-0.16826,0.0046081
-0.13824,-0.02939,-0.74367,-0.59829,-0.16627,-0.0063979,-0.34841,-0.45722,-0.5313,-0.20553,-0.9192,-0.28006,-0.63779,-0.6087,0.33102,0.045896,-0.26657,-0.41299,-0.42688,-0.11139,0,0.18946,0.26599,0.33514,-0.3369,-0.32559,-0.032257,-0.03753,0.070863,0.31419,-0.6772,-0.61692,-0.66971,-0.71767,-0.5963,-0.51443,-0.82239,-1,-0.71683,-0.65335,0.33756,0.018,-0.33415,-0.10261,-0.57137,-0.42953,-0.68306,-0.60783,0.53672,-0.4959,-0.31415,0.21529,0.21421,0.28284,-0.077515,0.24121,0.074079,-0.6867,-0.56607,-0.22494,-0.048899,0.36545,0.36879,0.17274,0.15421,-0.56761,-0.52876,-0.36272,-0.11947,-0.040081,-0.027779,-0.35199,-0.36602,-0.49099,-0.53769,-0.91152,-0.72391,-0.60381,-0.39246,-0.55334,-0.55024,-0.19118,-0.29685,-0.24445,-0.18337,-0.77653,-0.49475,-0.59717,-0.55026,-0.42197,-0.33714,-0.18334,-0.0033669,-0.55501,-0.35573,-0.59548,-0.51851,-0.55494,-0.26127,0.18704,0.56566,0.022382,0.1852,-0.3388,-0.2534
0.0011177,0.059761,-0.40032,-0.29623,-0.17692,-0.059816,-0.35314,-0.32398,-0.38512,-0.069039,-0.51164,-0.0042721,-0.44985,-0.56556,0.10723,0.22681,-0.26302,-0.26327,-0.20809,0.10878,0.18946,0,0.027299,0.26715,-0.28734,-0.11107,0.15065,0.38214,-0.064157,0.19745,-0.36665,-0.47924,-0.39091,-0.55951,-0.23692,-0.30277,-0.5171,-0.59248,-0.50487,-0.26608,0.05935,0.21403,0.062011,0.12287,-0.16087,-0.13172,-0.36887,-0.36176,-0.057642,-0.55372,-0.43089,-0.089193,0.10131,0.17547,-0.11915,0.070445,0.17515,-0.32519,-0.22897,-0.19212,0.38349,-0.08512,0.072591,-0.12361,-0.04543,-0.30403,-0.28564,-0.45292,-0.06066,-0.19528,0.01787,-0.18736,-0.26279,-0.23068,-0.29023,-0.44542,-0.23387,-0.49779,-0.35071,-0.5079,-0.40142,-0.17564,-0.38919,-0.25153,-0.056093,-0.50945,-0.18785,-0.28794,-0.27823,-0.2172,-0.28713,-0.14252,0.027991,-0.53046,-0.29265,-0.45507,-0.42421,-0.3546,-0.35643,-0.20698,0.10074,-0.28666,-0.040341,-0.41024,-0.35454
-0.03729,0.14101,-0.48328,-0.40686,0.038325,0.16416,-0.14496,-0.10714,-0.31395,-0.10887,-0.56028,-0.20788,-0.72936,-0.54368,0.0247,-0.053892,-0.28043,-0.2923,-0.21146,0.057046,0.26599,0.027299,0,0.41823,-0.1339,0.070774,0.079298,-0.035027,0.12939,0.35123,-0.47474,-0.34946,-0.62742,-0.46686,-0.50905,-0.25306,-0.62285,-0.65908,-0.35016,-0.18339,0.30392,0.25277,-0.25282,0.21227,-0.50841,-0.45508,-0.5589,-0.53924,0.18635,-0.66503,-0.51382,-0.015292,0.15297,0.35647,-0.012103,0.23565,0.15908,-0.59641,-0.59557,-0.048179,0.088116,-0.053734,0.010416,-0.236,-0.051066,-0.51518,-0.45246,-0.38568,-0.1068,-0.26545,-0.15171,-0.48837,-0.40905,-0.49771,-0.45397,-0.54317,-0.42772,-0.55696,-0.40547,-0.48149,-0.34639,-0.14522,-0.2623,-0.11464,-0.22538,-0.60985,-0.29287,-0.46789,-0.5074,-0.26404,-0.32177,-0.17832,0.037125,-0.403,-0.22137,-0.4016,-0.37435,-0.46283,-0.28958,-0.069848,0.052595,-0.16913,0.0089968,-0.34801,-0.20669
-0.20346,0.071474,-0.56701,-0.49581,-0.12595,0.25717,-0.42621,-0.07901,-0.56701,-0.017802,-0.7657,0.052959,-0.51509,-0.39531,0.058664,0.16228,-0.25507,-0.37281,-0.23005,0.30902,0.33514,0.26715,0.41823,0,-0.38087,-0.060831,0.15655,0.18373,0.0065007,0.30128,-0.65535,-0.536,-0.48544,-0.44047,-0.51044,-0.3472,-0.68119,-0.73793,-0.55752,-0.26704,0.2718,0.44936,-0.30486,0.071878,-0.45797,-0.43793,-0.55055,-0.52885,0.050477,-0.50181,-0.26458,-0.20432,0.10276,0.36117,-0.14159,0.2072,0.097607,-0.50305,-0.41948,-0.29315,0.30267,-0.035788,0.15218,-0.18294,-0.12381,-0.48109,-0.50112,-0.51674,-0.086546,-0.36366,-0.20023,-0.49006,-0.46896,-0.45686,-0.49077,-0.66036,-0.33184,-0.43725,-0.20721,-0.49028,-0.3068,-0.13536,-0.36676,-0.043283,0.0049921,-0.55935,-0.20376,-0.44208,-0.46593,-0.23994,-0.27127,-0.17071,0.27468,-0.39039,-0.07351,-0.5965,-0.41571,-0.60215,-0.29483,-0.076445,0.14925,-0.25551,-0.0010423,-0.22516,-0.10426
-0.22976,-0.38022,0.057834,-0.0020572,-0.23659,-0.46857,-0.076425,-0.51145,0.76822,-0.2897,0.10128,-0.82621,-0.53317,-0.58715,-0.083954,-0.24058,-0.29831,0.088932,-0.23096,-0.45102,-0.3369,-0.28734,-0.1339,-0.38087,0,-0.036522,-0.16651,-0.38613,-0.30264,-0.20584,0.11489,-0.095001,-0.25916,-0.17979,-0.050799,-0.23069,-0.078118,-0.051279,0.0042172,-0.062525,-0.34702,-0.29664,-0.091984,-0.10585,-0.25585,-0.3364,-0.40546,-0.40771,-0.25804,-0.46402,-0.74486,-0.063862,-0.1865,-0.22456,0.13486,-0.36515,-0.20037,-0.34821,-0.423,0.16026,-0.29214,-0.42554,-0.55692,-0.42096,-0.2056,-0.49763,-0.3061,-0.12894,-0.055249,-0.046938,0.047062,-0.21387,-0.296,-0.44707,-0.36267,0.13065,-0.37426,-0.31195,-0.57191,-0.13361,-0.21046,-0.24499,-0.1199,-0.35717,-0.50765,-0.16276,-0.37138,-0.40589,-0.41297,-0.58405,-0.74664,-0.046828,-0.4095,-0.23389,-0.51684,0.13362,-0.192,0.10213,-0.439,-0.32902,-0.40136,-0.14609,-0.17204,-0.39209,-0.43001
-0.11528,-0.096612,-0.080224,-0.041048,-0.051574,-0.15934,-0.10492,-0.053631,-0.035061,0.10199,-0.087732,-0.075739,-0.3962,-0.43287,-0.34764,-0.31803,-0.13172,-0.071021,-0.044161,0.096942,-0.32559,-0.11107,0.070774,-0.060831,-0.036522,0,-0.15838,-0.16272,-0.14603,-0.061585,0.0027566,0.12027,-0.23178,-0.16536,-0.056004,0.073373,-0.15279,-0.11139,0.0098334,0.31127,-0.22435,-0.015669,0.090461,0.3361,-0.15826,-0.14715,-0.2859,-0.27713,-0.31487,-0.68884,-0.69054,-0.36804,-0.21944,-0.11951,-0.059494,-0.15641,-0.049482,-0.24713,-0.28364,-0.16156,0.016074,-0.44644,-0.38722,-0.63639,-0.43088,-0.31776,-0.2382,-0.26521,-0.23753,-0.37079,-0.10331,-0.27372,-0.23773,-0.30695,-0.26437,-0.10404,-0.001776,-0.3856,-0.27325,-0.29355,-0.078345,-0.16828,-0.1507,-0.27843,-0.27977,-0.2872,0.10934,-0.19266,-0.23893,-0.14623,-0.29857,-0.30007,-0.20184,-0.43289,-0.32046,-0.19135,-0.23761,-0.19962,-0.34918,-0.44116,-0.42695,-0.36143,-0.23877,-0.44616,-0.29703
-0.10287,0.17271,-0.55167,-0.54376,-0.10328,0.24195,-0.46922,-0.14699,-0.34232,-0.3589,-0.52545,-0.13165,-0.71149,-0.51655,-0.1851,0.1126,-0.534,-0.48821,-0.39687,0.02433,-0.032257,0.15065,0.079298,0.15655,-0.16651,-0.15838,0,0.57416,-0.034616,0.060152,-0.47143,-0.63643,-0.51203,-0.34951,-0.44533,-0.42959,-0.61452,-0.5926,-0.49029,-0.13848,-0.044319,0.59487,-0.27908,-0.054982,-0.15633,-0.21703,-0.33251,-0.52814,-0.21944,-0.66222,-0.38297,-0.1575,0.017582,0.25131,-0.25625,-0.1214,-0.057066,-0.43896,-0.49702,-0.069019,0.23863,-0.32777,-0.21147,-0.41149,-0.25141,-0.34791,-0.48863,-0.6441,-0.14751,-0.27657,-0.25383,-0.40742,-0.34377,-0.27323,-0.32849,-0.37588,-0.28336,-0.6648,-0.61725,-0.55362,-0.53256,-0.47455,-0.67669,-0.31558,-0.34861,-0.58758,-0.42342,-0.33982,-0.43923,-0.21411,-0.39178,-0.20649,0.058109,-0.28738,-0.026839,-0.56669,-0.52197,-0.43664,-0.38812,-0.31793,-0.19799,-0.60169,-0.3524,-0.44246,-0.26217
-0.04929,0.24,-0.5515,-0.48456,-0.17478,0.2109,-0.50873,-0.12342,-0.50289,-0.21283,-0.55459,0.13139,-0.5596,-0.48855,-0.16791,0.2481,-0.37553,-0.43669,-0.27488,0.23597,-0.03753,0.38214,-0.035027,0.18373,-0.38613,-0.16272,0.57416,0,0.00054858,0.026277,-0.47681,-0.6725,-0.47446,-0.47932,-0.41939,-0.45698,-0.60329,-0.60287,-0.55109,-0.14934,-0.051087,0.56806,-0.20038,-0.053796,-0.087787,-0.11673,-0.25576,-0.42057,-0.26757,-0.61943,-0.31483,-0.2666,-0.02051,0.197,-0.33023,-0.1142,-0.078262,-0.3655,-0.35974,-0.22776,0.35622,-0.25965,-0.045944,-0.36278,-0.29414,-0.22306,-0.37119,-0.59732,-0.17161,-0.34281,-0.2977,-0.36826,-0.32288,-0.16257,-0.24296,-0.41405,-0.11677,-0.59408,-0.44457,-0.54399,-0.43489,-0.40416,-0.61422,-0.26401,-0.19395,-0.55426,-0.22011,-0.22573,-0.3167,-0.085024,-0.22642,-0.28645,0.074306,-0.32475,0.043167,-0.61205,-0.46835,-0.44474,-0.29709,-0.31214,-0.10055,-0.63026,-0.34454,-0.37465,-0.21725
0.28735,0.10324,-0.54953,-0.45946,0.2016,0.11832,-0.005623,-0.26011,-0.37431,-0.31475,-0.46163,-0.17107,-0.54049,-0.48613,-0.11511,-0.10253,-0.35253,-0.28542,-0.39149,-0.11082,0.070863,-0.064157,0.12939,0.0065007,-0.30264,-0.14603,-0.034616,0.00054858,0,0.2796,-0.39375,-0.39695,-0.60789,-0.43557,-0.5967,-0.49685,-0.52948,-0.58561,-0.2794,-0.33668,0.35,0.024961,-0.32876,-0.12152,-0.4107,-0.29835,-0.53741,-0.64873,0.16716,-0.46666,-0.27989,-0.070644,0.14595,0.046534,-0.1773,0.020846,-0.094528,-0.73023,-0.82316,-0.099698,-0.22544,0.022622,0.1686,-0.26328,-0.1543,-0.54987,-0.63614,-0.34557,-0.02998,-0.16573,-0.20366,-0.45144,-0.40197,-0.49707,-0.50115,-0.56377,-0.44101,-0.59257,-0.37287,-0.41834,-0.39552,-0.38285,-0.36651,-0.33432,-0.43817,-0.64416,-0.36828,-0.5323,-0.6092,-0.22953,-0.264,-0.22695,-0.16852,-0.28187,-0.19279,-0.39911,-0.39392,-0.39892,-0.18295,0.0013577,0.087417,-0.17566,-0.11661,-0.34798,-0.15395
0.083035,-0.042138,-0.47494,-0.47671,0.15666,0.061853,-0.14784,-0.32887,-0.33485,-0.28187,-0.47903,-0.23558,-0.51943,-0.64674,0.069773,0.014503,-0.43758,-0.32017,-0.46656,-0.042892,0.31419,0.19745,0.35123,0.30128,-0.20584,-0.061585,0.060152,0.026277,0.2796,0,-0.36447,-0.34744,-0.4053,-0.36368,-0.36543,-0.27336,-0.47551,-0.57815,-0.32847,-0.31748,0.30578,0.07853,-0.16285,0.022849,-0.42641,-0.28737,-0.64835,-0.65036,0.23913,-0.49979,-0.44086,0.090228,0.34072,0.20687,-0.011452,0.081499,-0.014819,-0.61504,-0.61093,-0.11428,-0.0355,-0.0059041,0.12882,-0.19916,-0.12865,-0.63523,-0.60714,-0.46894,0.12231,-0.19127,-0.0083179,-0.39907,-0.42919,-0.55003,-0.61483,-0.5109,-0.55012,-0.58546,-0.4493,-0.43051,-0.43381,-0.16876,-0.33371,-0.41974,-0.421,-0.69346,-0.45706,-0.62663,-0.66021,-0.37847,-0.45048,-0.25549,-0.16379,-0.49168,-0.41856,-0.51261,-0.66263,-0.55119,-0.56894,-0.0065624,0.15777,-0.19702,-0.081163,-0.41879,-0.31743
-0.2604,-0.55071,0.17191,0.061311,-0.33032,-0.76417,-0.065144,-0.49173,0.40808,-0.20566,0.48934,-0.50302,-0.15196,-0.4529,-0.35468,-0.42654,-0.225,0.010389,-0.11666,-0.46161,-0.6772,-0.36665,-0.47474,-0.65535,0.11489,0.0027566,-0.47143,-0.47681,-0.39375,-0.36447,0,0.43043,0.093314,-0.077508,0.52033,0.036885,0.28984,0.32172,0.12484,0.0030172,-0.68264,-0.58096,0.30008,-0.074251,0.11271,0.13439,-0.087677,-0.082459,-0.52015,-0.37898,-0.75901,-0.31911,-0.53288,-0.65504,-0.23715,-0.67727,-0.44313,-0.0073099,-0.10984,-0.12137,-0.41384,-0.51622,-0.61358,-0.49836,-0.50972,-0.15557,0.011801,-0.025893,-0.17156,-0.094617,0.076987,0.1079,0.0089282,-0.11942,-0.033738,0.24622,-0.20045,-0.18092,-0.40405,-0.014325,-0.055901,-0.31587,-0.12003,-0.52264,-0.49462,0.0367,-0.10361,-0.08538,-0.14843,-0.25199,-0.39128,-0.28467,-0.69968,-0.2367,-0.61507,0.15844,-0.21833,0.2234,-0.50946,-0.46698,-0.56648,-0.30347,-0.35255,-0.52689,-0.61491
-0.29794,-0.55042,0.0892,0.0088939,-0.23084,-0.65274,0.040026,-0.31161,0.094062,-0.12202,0.1848,-0.35603,-0.071789,-0.23424,-0.50758,-0.67723,-0.19338,-0.090352,-0.12159,-0.42475,-0.61692,-0.47924,-0.34946,-0.536,-0.095001,0.12027,-0.63643,-0.6725,-0.39695,-0.34744,0.43043,0,0.015237,0.0013097,0.30548,0.30878,0.1448,0.17546,0.13054,-0.037091,-0.57109,-0.62571,0.19349,-0.015113,-0.03118,0.0042378,-0.13067,-0.073435,-0.41243,-0.34137,-0.58581,-0.40534,-0.56161,-0.67967,-0.3065,-0.50313,-0.37605,-0.0063499,-0.093273,-0.19353,-0.42268,-0.44293,-0.56098,-0.45028,-0.43325,-0.15781,-0.061949,-0.071398,-0.2705,-0.19272,0.0015497,0.061551,0.050977,-0.17498,-0.0849,-0.0087773,-0.19835,-0.20158,-0.23758,-0.13809,-0.04246,-0.27297,-0.1085,-0.4393,-0.41694,-0.044161,-0.059322,-0.10891,-0.12318,-0.17461,-0.2749,-0.28981,-0.55869,-0.33062,-0.61254,0.056682,-0.18121,-0.0040321,-0.4121,-0.43844,-0.56188,-0.18439,-0.2439,-0.488,-0.53707
-0.56711,-0.80972,0.13492,-0.1057,-0.37099,-0.63606,-0.3944,-0.39315,-0.12683,-0.29737,0.22667,-0.32989,0.44483,-0.18573,-0.35403,-0.33731,-0.28081,-0.12128,-0.14441,-0.38623,-0.66971,-0.39091,-0.62742,-0.48544,-0.25916,-0.23178,-0.51203,-0.47446,-0.60789,-0.4053,0.093314,0.015237,0,0.31199,0.28889,-0.041788,0.50915,0.40801,0.054625,-0.052877,-0.62626,-0.53813,-0.10003,-0.38328,-0.19299,-0.19393,-0.31201,-0.21193,-0.70706,0.13241,-0.31288,-0.62573,-0.52388,-0.72596,-0.25663,-0.62286,-0.5009,-0.030837,-0.012254,-0.49718,-0.44051,-0.57772,-0.61614,-0.42901,-0.70111,-0.35844,-0.21183,-0.14338,-0.29411,-0.48136,-0.20032,-0.25606,-0.38768,-0.39135,-0.36822,0.076102,-0.22447,0.28364,-0.071995,0.31923,0.12013,-0.036152,-0.10153,-0.36526,-0.36441,0.28821,-0.13239,-0.30803,-0.34117,-0.46731,-0.49645,-0.30104,-0.59074,-0.10708,-0.4493,-0.025015,-0.2605,-0.026791,-0.59557,-0.54998,-0.626,-0.38933,-0.54115,-0.21814,-0.30564
-0.46434,-0.64807,0.10671,-0.18403,-0.16156,-0.35996,-0.29369,-0.17882,-0.12102,-0.39105,0.11685,-0.32643,0.17346,0.05119,-0.57457,-0.4857,-0.40616,-0.15296,-0.26941,-0.37009,-0.71767,-0.55951,-0.46686,-0.44047,-0.17979,-0.16536,-0.34951,-0.47932,-0.43557,-0.36368,-0.077508,0.0013097,0.31199,0,-0.045025,-0.047741,0.24514,0.30742,0.16841,0.055174,-0.50045,-0.40013,-0.33801,-0.46077,-0.24996,-0.36047,-0.34958,-0.41247,-0.64361,0.062353,-0.13179,-0.70754,-0.41541,-0.58064,-0.26102,-0.54861,-0.50864,-0.16446,-0.255,-0.36356,-0.45245,-0.72426,-0.73347,-0.69355,-0.71812,-0.45409,-0.51619,-0.32696,-0.28199,-0.56843,-0.34579,-0.42535,-0.47568,-0.50093,-0.49654,0.076966,-0.19842,0.038751,-0.075835,0.090599,0.059446,-0.19173,-0.29462,-0.36911,-0.52252,0.097881,-0.28315,-0.41269,-0.46579,-0.46219,-0.58485,-0.21974,-0.38295,-0.0046561,-0.26673,-0.075122,-0.23818,-0.14232,-0.47852,-0.53751,-0.77437,-0.39473,-0.53799,-0.19703,-0.20358
-0.4256,-0.65949,0.15349,0.039464,-0.42076,-0.80629,-0.21854,-0.47357,0.11011,-0.17727,0.25223,-0.39423,-0.038655,-0.37151,-0.3385,-0.33986,-0.24596,-0.13019,-0.11562,-0.42057,-0.5963,-0.23692,-0.50905,-0.51044,-0.050799,-0.056004,-0.44533,-0.41939,-0.5967,-0.36543,0.52033,0.30548,0.28889,-0.045025,0,0.18164,0.30878,0.24931,-0.0087431,-0.024974,-0.73566,-0.53931,0.4556,-0.079099,0.12803,0.11169,-0.10142,-0.069773,-0.56043,-0.28523,-0.61718,-0.40869,-0.5807,-0.6952,-0.32734,-0.68852,-0.41863,0.13619,0.089159,-0.24915,-0.26987,-0.49302,-0.56595,-0.35801,-0.45778,-0.10946,0.038092,-0.19975,-0.22234,-0.20559,0.058273,0.14517,-0.013831,-0.095742,-0.046026,0.12759,-0.19324,-0.12388,-0.33714,0.00063087,-0.053727,-0.20574,-0.12026,-0.50512,-0.37599,0.098512,-0.093842,-0.061935,-0.1218,-0.2906,-0.43544,-0.27806,-0.59886,-0.30518,-0.64143,0.039272,-0.25626,0.1083,-0.57909,-0.61404,-0.56607,-0.34613,-0.34345,-0.49141,-0.6476
-0.2067,-0.33121,0.10586,0.070699,-0.10658,-0.3935,0.013022,-0.024069,-0.12603,-0.22018,0.0087842,-0.18577,-0.14851,-0.20923,-0.56297,-0.5351,-0.4628,-0.32861,-0.176,-0.32536,-0.51443,-0.30277,-0.25306,-0.3472,-0.23069,0.073373,-0.42959,-0.45698,-0.49685,-0.27336,0.036885,0.30878,-0.041788,-0.047741,0.18164,0,-0.018981,0.0056504,-0.004135,0.054591,-0.42043,-0.37575,0.14508,0.0037784,-0.13894,-0.096949,-0.17427,-0.14114,-0.37111,-0.42431,-0.55803,-0.34881,-0.35075,-0.40047,-0.25033,-0.2899,-0.18395,-0.097147,-0.12347,-0.16346,-0.14546,-0.5874,-0.56669,-0.53756,-0.34244,-0.16937,-0.11179,-0.42707,-0.32117,-0.50588,-0.23289,-0.1827,-0.15203,-0.16997,-0.11727,-0.062717,-0.07938,-0.25291,-0.29549,-0.25707,-0.19813,-0.050381,-0.19393,-0.34827,-0.32547,-0.20354,-0.18985,-0.14277,-0.16388,-0.11419,-0.25413,-0.30339,-0.34561,-0.44625,-0.47519,-0.16245,-0.31207,-0.24404,-0.58622,-0.60584,-0.61649,-0.37402,-0.38441,-0.46423,-0.61751
-0.4505,-0.8143,0.40739,0.15858,-0.37922,-0.79141,-0.18868,-0.4014,0.087143,-0.29349,0.63773,-0.49734,0.16734,-0.2112,-0.4121,-0.42542,-0.1991,0.053679,-0.09101,-0.45321,-0.82239,-0.5171,-0.62285,-0.68119,-0.078118,-0.15279,-0.61452,-0.60329,-0.52948,-0.47551,0.28984,0.1448,0.50915,0.24514,0.30878,-0.018981,0,0.97387,0.45772,0.10806,-0.68298,-0.63693,-0.083522,-0.40383,-0.21965,-0.27998,-0.24315,-0.19927,-0.7246,0.014462,-0.38618,-0.61569,-0.56706,-0.83791,-0.19101,-0.71317,-0.54315,-0.028595,-0.10043,-0.43093,-0.57431,-0.61683,-0.6662,-0.55501,-0.69218,-0.33188,-0.18356,-0.15848,-0.36467,-0.47809,-0.26929,-0.26472,-0.41801,-0.38948,-0.33044,0.34651,-0.173,0.17858,-0.10919,0.48659,0.19712,-0.042001,0.091003,-0.45729,-0.48037,0.36504,-0.10558,-0.24968,-0.31319,-0.482,-0.5644,-0.3515,-0.72947,-0.11535,-0.53564,0.22588,-0.10049,0.11844,-0.46934,-0.70504,-0.76258,-0.35619,-0.48934,-0.28381,-0.38755
-0.47252,-0.74301,0.49222,0.18539,-0.39961,-0.72013,-0.22116,-0.31374,0.13617,-0.26153,0.69636,-0.45704,0.12806,-0.15157,-0.50721,-0.48983,-0.19719,0.058609,-0.06548,-0.43289,-1,-0.59248,-0.65908,-0.73793,-0.051279,-0.11139,-0.5926,-0.60287,-0.58561,-0.57815,0.32172,0.17546,0.40801,0.30742,0.24931,0.0056504,0.97387,0,0.3896,0.18524,-0.7777,-0.61189,-0.12886,-0.40974,-0.16669,-0.25475,-0.17557,-0.17001,-0.82537,-0.061359,-0.3937,-0.67107,-0.61637,-0.79465,-0.20339,-0.74286,-0.57259,-0.010375,-0.098238,-0.40226,-0.55089,-0.7629,-0.82432,-0.71298,-0.77776,-0.27909,-0.16804,-0.12796,-0.38196,-0.49709,-0.30825,-0.2734,-0.37509,-0.32309,-0.26236,0.47123,-0.066036,0.15876,-0.10804,0.34901,0.22141,-0.09808,0.010073,-0.40511,-0.45916,0.37145,-0.075615,-0.19096,-0.24921,-0.40676,-0.50307,-0.34535,-0.64829,-0.086861,-0.43115,0.20991,-0.074388,0.14636,-0.4306,-0.69498,-0.90854,-0.39388,-0.54121,-0.27753,-0.3824
-0.15359,-0.47131,0.32988,0.20278,-0.098677,-0.50422,0.10349,-0.21264,0.12222,-0.32226,0.50422,-0.45403,-0.055983,-0.21109,-0.48681,-0.51037,-0.26767,0.10929,-0.11354,-0.37737,-0.71683,-0.50487,-0.35016,-0.55752,0.0042172,0.0098334,-0.49029,-0.55109,-0.2794,-0.32847,0.12484,0.13054,0.054625,0.16841,-0.0087431,-0.004135,0.45772,0.3896,0,0.25678,-0.39415,-0.45202,-0.14487,-0.27153,-0.31935,-0.39863,-0.27541,-0.24181,-0.55681,-0.12419,-0.43172,-0.51635,-0.35192,-0.5661,-0.069101,-0.41857,-0.31173,-0.16643,-0.27165,-0.24838,-0.50767,-0.63283,-0.6278,-0.6704,-0.53313,-0.40021,-0.27822,-0.24232,-0.34636,-0.54542,-0.36096,-0.39896,-0.49719,-0.4837,-0.40652,0.29275,-0.11338,-0.021093,-0.16468,0.14404,0.048303,-0.080018,0.010444,-0.40152,-0.52238,0.07866,-0.12661,-0.30293,-0.34499,-0.41378,-0.51705,-0.30361,-0.5958,-0.1642,-0.48205,0.23259,-0.049853,-0.020798,-0.38904,-0.69582,-0.73789,-0.35758,-0.45022,-0.30585,-0.30705
-0.22876,-0.19541,0.16283,0.1089,-0.19364,-0.22646,-0.20941,0.10768,-0.033669,-0.090763,0.15621,-0.12432,-0.25189,-0.23864,-0.50163,-0.27241,-0.21721,-0.052835,0.094665,0.017623,-0.65335,-0.26608,-0.18339,-0.26704,-0.062525,0.31127,-0.13848,-0.14934,-0.33668,-0.31748,0.0030172,-0.037091,-0.052877,0.055174,-0.024974,0.054591,0.10806,0.18524,0.25678,0,-0.42059,-0.035857,-0.07949,-0.038442,-0.14077,-0.28222,-0.13305,-0.21383,-0.69938,-0.43959,-0.50847,-0.6608,-0.36989,-0.29486,-0.15853,-0.37171,-0.2215,-0.093307,-0.19137,-0.27173,-0.069074,-0.79703,-0.62724,-0.9615,-0.67147,-0.21485,-0.18378,-0.40051,-0.3945,-0.70859,-0.42726,-0.44682,-0.44051,-0.26625,-0.20717,0.23649,0.21308,-0.15034,-0.19536,-0.045231,0.096969,-0.1018,-0.15657,-0.23071,-0.30153,0.0030515,0.10896,-0.085799,-0.21479,-0.1576,-0.3666,-0.33735,-0.2569,-0.16381,-0.14791,-0.03524,-0.08584,-0.085175,-0.34195,-0.82269,-0.77613,-0.64367,-0.51574,-0.33972,-0.27929
0.17597,0.18115,-0.53352,-0.39531,0.21099,0.26113,-0.061325,-0.15585,-0.49838,-0.3112,-0.63696,-0.13778,-0.50463,-0.42859,0.033656,-0.05636,-0.40843,-0.3459,-0.36886,-0.11744,0.33756,0.05935,0.30392,0.2718,-0.34702,-0.22435,-0.044319,-0.051087,0.35,0.30578,-0.68264,-0.57109,-0.62626,-0.50045,-0.73566,-0.42043,-0.68298,-0.7777,-0.39415,-0.42059,0,0.13647,-0.41607,-0.1023,-0.71489,-0.56333,-0.71908,-0.62699,0.37382,-0.36858,-0.25277,0.018234,0.39285,0.32318,-0.0025989,0.56525,0.27377,-0.81751,-0.71612,-0.139,-0.097367,0.026778,0.17227,-0.12898,0.084413,-0.70011,-0.62669,-0.38964,-0.032435,-0.32773,-0.25933,-0.63414,-0.60056,-0.64616,-0.6392,-0.73025,-0.4566,-0.43585,-0.28147,-0.48105,-0.46756,-0.11093,-0.30863,-0.08165,-0.17707,-0.67262,-0.43171,-0.65297,-0.60325,-0.31236,-0.24574,-0.12026,0.0070493,-0.41328,-0.20792,-0.47025,-0.40017,-0.52412,-0.22787,0.051951,0.17023,-0.058452,-0.044044,-0.2446,-0.13162
-0.081163,0.35932,-0.51219,-0.41611,-0.086546,0.45958,-0.43147,0.080148,-0.47292,-0.15969,-0.58633,0.10623,-0.63834,-0.42294,-0.15227,0.15318,-0.36413,-0.41586,-0.20776,0.31369,0.018,0.21403,0.25277,0.44936,-0.29664,-0.015669,0.59487,0.56806,0.024961,0.07853,-0.58096,-0.62571,-0.53813,-0.40013,-0.53931,-0.37575,-0.63693,-0.61189,-0.45202,-0.035857,0.13647,0,-0.31431,0.051251,-0.31665,-0.36052,-0.37112,-0.4781,-0.18604,-0.64524,-0.3398,-0.27862,0.035685,0.41034,-0.19205,0.089069,0.10608,-0.46555,-0.46571,-0.21233,0.38095,-0.28755,-0.096558,-0.44032,-0.25512,-0.36859,-0.44515,-0.59257,-0.19233,-0.46426,-0.35837,-0.57065,-0.47894,-0.33079,-0.35224,-0.45868,-0.13196,-0.51223,-0.3583,-0.51025,-0.36922,-0.276,-0.4892,-0.089789,-0.10864,-0.53937,-0.19999,-0.30568,-0.38816,-0.10182,-0.23039,-0.23193,0.23168,-0.31834,0.1035,-0.56306,-0.38526,-0.48143,-0.25037,-0.30086,-0.14836,-0.53211,-0.2732,-0.33699,-0.14601
-0.10569,-0.27065,-0.072598,-0.030234,-0.24012,-0.52725,-0.076191,-0.39853,0.013475,-0.059741,-0.020037,-0.22385,-0.25213,-0.5089,-0.24624,-0.28559,-0.21854,-0.16167,-0.076822,-0.27104,-0.33415,0.062011,-0.25282,-0.30486,-0.091984,0.090461,-0.27908,-0.20038,-0.32876,-0.16285,0.30008,0.19349,-0.10003,-0.33801,0.4556,0.14508,-0.083522,-0.12886,-0.14487,-0.07949,-0.41607,-0.31431,0,0.31354,0.21534,0.29571,-0.058842,-0.015744,-0.31298,-0.54609,-0.7939,-0.20589,-0.35566,-0.39004,-0.28303,-0.34535,-0.098567,0.044017,0.035877,-0.082466,-0.03561,-0.34012,-0.35941,-0.25734,-0.23339,-0.024453,0.12381,-0.21962,-0.16664,-0.082644,0.21388,0.2788,0.15434,0.031386,0.078304,-0.11103,-0.17051,-0.3654,-0.4319,-0.31142,-0.24704,-0.26945,-0.25074,-0.43749,-0.2578,-0.18894,-0.035932,0.021895,-0.0087431,-0.096489,-0.23864,-0.21663,-0.41374,-0.47937,-0.61404,-0.085435,-0.29235,0.0094905,-0.45455,-0.46253,-0.33845,-0.29725,-0.18942,-0.63708,-0.68118
