,,,,,,,,,,,,,,,,,,,,,,,,,,,,,,,,,,,,,,,,,,,,,,,,,,,,,,,,,,,,,,,,,,,,,,,,,,,,,,,,,,,,,,,,,,,,,,,,,,,,,,,,
0,0.14687,-0.18195,-0.11133,0.2665,-0.08842,0.24754,-0.20444,-0.31442,-0.45472,-0.28185,-0.1681,-0.36654,-0.40862,-0.35623,-0.40403,-0.60015,-0.2745,-0.37528,-0.36084,-0.24401,-0.079276,-0.23012,-0.34974,-0.38568,-0.33023,-0.19178,-0.10708,0.0021407,-0.15592,-0.34866,-0.35102,-0.48529,-0.46564,-0.42836,-0.2016,-0.48223,-0.46938,-0.27612,-0.36355,0.080237,-0.22967,-0.089879,-0.22262,-0.29429,-0.17455,-0.31038,-0.35688,-0.092459,-0.44188,-0.45523,0.0017534,0.20534,-0.048711,-0.12312,0.19618,0.13776,-0.53643,-0.5064,0.16992,-0.15662,-0.34473,-0.26903,-0.32727,-0.065429,-0.30914,-0.36805,-0.35579,-0.15132,-0.33715,-0.28532,-0.3138,-0.30964,-0.28998,-0.30168,-0.32434,-0.17827,-0.46837,-0.44281,-0.51718,-0.51015,-0.13428,-0.37906,-0.25769,-0.32706,-0.57787,-0.42993,-0.35421,-0.30776,-0.21665,-0.17508,-0.1778,-0.21816,-0.40935,-0.29863,-0.28042,-0.33866,-0.32224,-0.33696,-0.25645,-0.24871,-0.28872,-0.34603,-0.41007,-0.38804
0.14687,0,-0.61837,-0.46548,-0.13436,0.24829,-0.23613,0.023949,-0.43585,-0.27926,-0.65008,-0.13398,-0.70078,-0.60126,-0.24576,-0.18559,-0.36359,-0.4968,-0.31372,-0.12008,-0.0040843,0.0078954,0.073908,-0.046968,-0.32403,-0.26121,0.082036,0.10025,-0.071972,-0.079829,-0.56721,-0.60258,-0.71832,-0.67691,-0.54967,-0.30483,-0.78667,-0.7234,-0.58078,-0.28341,0.074891,0.19409,-0.14585,0.14733,-0.21265,-0.14353,-0.266,-0.33198,0.042105,-0.71491,-0.58688,0.077235,0.033162,0.32237,-0.29118,0.10337,0.133,-0.44975,-0.47036,0.042403,0.18485,-0.28343,-0.1074,-0.22678,-0.072975,-0.21422,-0.20113,-0.52556,-0.22169,-0.29844,-0.28703,-0.34836,-0.25746,-0.10624,-0.17852,-0.59945,-0.28358,-0.67808,-0.61249,-0.70863,-0.55596,-0.32524,-0.5825,-0.21681,-0.25961,-0.66596,-0.30219,-0.17843,-0.25042,0.048794,-0.020083,-0.40382,-0.10604,-0.48047,-0.082603,-0.57035,-0.50097,-0.48154,-0.25732,-0.20431,-0.1124,-0.47982,-0.38667,-0.3696,-0.3031
-0.18195,-0.61837,0,0.5861,-0.1494,-0.63958,0.081724,-0.26511,0.041407,-0.29639,0.45628,-0.33337,0.062738,-0.0024727,-0.51869,-0.60219,-0.29618,0.22405,-0.089091,-0.41282,-0.84415,-0.49642,-0.57309,-0.6442,-0.2137,-0.23296,-0.65805,-0.60571,-0.47824,-0.53018,0.1958,0.17951,0.068686,0.091249,0.1431,0.064516,0.30845,0.37159,0.34421,-0.037105,-0.55176,-0.64918,-0.077678,-0.45211,-0.2483,-0.33806,-0.2118,-0.20075,-0.66492,-0.090253,-0.31966,-0.63764,-0.37259,-0.63622,-0.10873,-0.42831,-0.35744,-0.13428,-0.14862,-0.26172,-0.47299,-0.66137,-0.70604,-0.60518,-0.40525,-0.27895,-0.28948,-0.071903,-0.25551,-0.55138,-0.3195,-0.26513,-0.38018,-0.38418,-0.30794,0.46873,0.10573,0.13186,0.023921,0.075665,0.071598,0.1523,0.04638,-0.22944,-0.3048,0.07469,-0.17008,-0.26339,-0.21793,-0.40596,-0.43155,-0.14261,-0.4299,-0.10566,-0.40383,0.3128,0.091311,0.085155,-0.35765,-0.59197,-0.70353,-0.23816,-0.33448,-0.25811,-0.37021
-0.11133,-0.46548,0.5861,0,-0.16508,-0.59269,0.25995,-0.19743,0.01742,-0.21291,0.28007,-0.29561,-0.032477,-0.11302,-0.43352,-0.51889,-0.30021,0.05937,-0.041967,-0.40812,-0.63753,-0.39466,-0.41889,-0.49267,-0.1721,-0.13754,-0.68734,-0.61375,-0.35548,-0.43085,0.097854,0.15105,-0.061818,-0.10193,0.078342,0.15402,0.18639,0.19086,0.30228,-0.030548,-0.35871,-0.53939,-0.011582,-0.29925,-0.37692,-0.37487,-0.3056,-0.17614,-0.43793,-0.15535,-0.36223,-0.48323,-0.3516,-0.53313,-0.04822,-0.24857,-0.17735,-0.2317,-0.21454,-0.25093,-0.41172,-0.51777,-0.54089,-0.52513,-0.30518,-0.33933,-0.19696,-0.13334,-0.30313,-0.52886,-0.33144,-0.32489,-0.38374,-0.39666,-0.26539,0.16354,0.069724,0.095758,0.022324,0.062441,0.014058,0.2642,0.2215,-0.14317,-0.17159,0.022683,-0.096706,-0.28843,-0.20926,-0.35962,-0.34095,-0.16363,-0.40502,-0.2772,-0.49812,0.28071,0.13411,0.059204,-0.2667,-0.63944,-0.59696,-0.15769,-0.22401,-0.32259,-0.49749
0.2665,-0.13436,-0.1494,-0.16508,0,0.11321,0.29647,-0.14732,-0.13277,-0.34527,-0.085771,-0.080244,-0.081794,-0.19476,-0.48283,-0.45,-0.65537,-0.35628,-0.28555,-0.33974,-0.32122,-0.1411,-0.19,-0.25522,-0.21163,-0.077851,-0.022275,-0.16813,0.22082,0.020546,-0.1148,-0.07137,-0.12293,-0.050931,-0.25907,-0.17714,-0.26414,-0.25224,-0.15726,-0.23545,0.051408,-0.16977,-0.098241,-0.21419,-0.31577,-0.18139,-0.53507,-0.5442,-0.13033,-0.18117,-0.18352,-0.31286,0.13993,-0.083758,0.0018641,0.1561,0.081759,-0.58316,-0.57138,0.27522,-0.15841,-0.463,-0.47468,-0.51159,-0.20211,-0.55954,-0.64146,-0.33052,-0.16993,-0.3149,-0.16283,-0.40515,-0.36141,-0.5666,-0.51936,-0.26533,-0.15001,-0.26332,-0.24219,-0.33121,-0.24718,-0.25142,-0.4121,-0.11788,-0.19235,-0.34904,-0.23902,-0.58334,-0.49734,-0.55269,-0.53459,0.13502,-0.018755,-0.26416,-0.20724,-0.22168,-0.2996,-0.22085,-0.42097,-0.38418,-0.42971,-0.27929,-0.42877,-0.49959,-0.3963
-0.08842,0.24829,-0.63958,-0.59269,0.11321,0,-0.2797,0.031516,-0.36507,-0.2247,-0.52713,-0.023029,-0.41883,-0.40091,-0.29278,-0.12915,-0.40534,-0.59409,-0.2895,-0.064993,0.0064014,0.02424,0.12166,0.10278,-0.21975,-0.10108,0.36666,0.10896,0.1761,0.21865,-0.43774,-0.44804,-0.37931,-0.29549,-0.50118,-0.39324,-0.60473,-0.56414,-0.55935,-0.24698,0.16365,0.32947,-0.26248,0.018118,-0.31675,-0.22712,-0.53327,-0.61069,0.067255,-0.39336,-0.23582,-0.22567,0.087479,0.40288,-0.19346,0.090287,0.0086148,-0.5547,-0.57179,0.022607,0.15417,-0.32283,-0.1763,-0.36938,-0.19575,-0.5038,-0.54994,-0.54805,-0.1171,-0.30149,-0.17982,-0.5241,-0.41575,-0.41622,-0.47986,-0.61282,-0.27456,-0.4928,-0.39646,-0.56128,-0.3354,-0.40597,-0.66531,-0.087119,-0.12493,-0.51138,-0.20011,-0.45974,-0.49097,-0.31528,-0.38607,-0.19805,0.12957,-0.3845,0.03763,-0.64135,-0.59229,-0.46059,-0.37516,-0.17077,-0.17209,-0.41341,-0.46737,-0.43232,-0.30483
0.24754,-0.23613,0.081724,0.25995,0.29647,-0.2797,0,-0.1918,0.0032059,-0.27212,0.065601,-0.23548,-0.071031,-0.13085,-0.45911,-0.58402,-0.47249,-0.15194,-0.13915,-0.51759,-0.45754,-0.32981,-0.31171,-0.44437,-0.19283,-0.13442,-0.4635,-0.50865,0.010109,-0.26547,0.016521,0.099445,-0.19854,-0.20169,-0.18816,-0.065069,-0.15657,-0.14201,0.0051357,-0.25991,-0.078653,-0.45305,-0.040971,-0.22466,-0.38388,-0.26833,-0.40933,-0.29149,-0.16291,-0.16561,-0.27672,-0.2958,-0.098795,-0.31017,0.0095347,0.091615,0.073535,-0.47577,-0.44519,0.19779,-0.34668,-0.41227,-0.48736,-0.43508,-0.11738,-0.42576,-0.34986,-0.084574,-0.24472,-0.28528,-0.22347,-0.28663,-0.27268,-0.46551,-0.32585,-0.15501,-0.081545,-0.09683,-0.11715,-0.21554,-0.16554,-0.11551,-0.11658,0.00097871,-0.0853,-0.20377,-0.14577,-0.41851,-0.29165,-0.44404,-0.34748,0.12984,-0.19393,-0.24821,-0.35431,0.10316,0.044478,-0.042099,-0.21143,-0.42658,-0.44957,-0.082215,-0.22881,-0.40397,-0.45763
-0.20444,0.023949,-0.26511,-0.19743,-0.14732,0.031516,-0.1918,0,-0.28952,-0.081123,-0.19722,0.25221,-0.25555,-0.13323,-0.7009,-0.37405,-0.41353,-0.48867,-0.032491,-0.033217,-0.52033,-0.27129,-0.13529,-0.14637,-0.28588,0.078038,-0.18736,-0.1617,-0.31247,-0.29426,-0.21811,-0.12944,-0.27195,-0.17757,-0.21528,0.1964,-0.26228,-0.18636,-0.14136,0.23971,-0.30754,0.018907,-0.13056,0.052024,-0.083156,-0.1085,-0.19595,-0.12689,-0.43071,-0.4522,-0.38798,-0.58458,-0.42304,-0.23444,-0.43641,-0.24858,-0.17191,-0.14274,-0.1579,-0.22168,0.034656,-0.79399,-0.54353,-0.76523,-0.54636,-0.16324,-0.068085,-0.64318,-0.4295,-0.81274,-0.60764,-0.49481,-0.26027,-0.087057,-0.02998,-0.19278,0.32869,-0.28174,-0.25375,-0.40168,-0.20766,-0.28735,-0.55046,-0.052896,-0.16681,-0.20111,0.0020301,-0.084118,-0.087922,0.023458,-0.049015,-0.3881,-0.12643,-0.3592,-0.0117,-0.36351,-0.31051,-0.29883,-0.31334,-0.63465,-0.64806,-0.63527,-0.63225,-0.3603,-0.42717
-0.31442,-0.43585,0.041407,0.01742,-0.13277,-0.36507,0.0032059,-0.28952,0,0.014252,0.27808,-0.49913,-0.11044,-0.27689,-0.27958,-0.39089,-0.18212,0.11115,0.053338,-0.34767,-0.48602,-0.41812,-0.18915,-0.29898,0.59932,0.13101,-0.34239,-0.54821,-0.15021,-0.22035,0.31951,0.067262,-0.020456,-0.0027771,-0.068389,-0.215,0.11954,0.15766,0.20793,0.052059,-0.32047,-0.3265,-0.18644,-0.12098,-0.33461,-0.3328,-0.54196,-0.33592,-0.30669,-0.17103,-0.4238,-0.38629,-0.28697,-0.332,0.19901,-0.27444,-0.18297,-0.37118,-0.37228,0.034227,-0.36657,-0.62709,-0.72949,-0.66256,-0.48469,-0.61684,-0.29771,0.03817,-0.2777,-0.24892,-0.13202,-0.39764,-0.39427,-0.57049,-0.40485,0.15741,-0.22186,0.11448,-0.11791,0.09589,0.12562,-0.16596,-0.13016,0.0030468,-0.19606,0.15878,0.021466,-0.49761,-0.41577,-0.67352,-0.66878,0.042147,-0.29168,-0.073016,-0.36804,0.28988,0.043198,0.2501,-0.28381,-0.42291,-0.55983,-0.14303,-0.26872,-0.26509,-0.32709
-0.45472,-0.27926,-0.29639,-0.21291,-0.34527,-0.2247,-0.27212,-0.081123,0.014252,0,-0.25256,-0.037796,-0.14492,-0.18902,-0.20038,-0.15838,0.061922,-0.16156,0.31619,0.16876,-0.18832,-0.037008,0.032145,0.18911,0.052149,0.37203,-0.25137,-0.25239,-0.12857,-0.03357,-0.039297,-0.022171,-0.16742,-0.23657,-0.067587,-0.087486,-0.17775,-0.17603,-0.20773,0.041905,-0.24374,-0.05145,-0.0075358,0.23555,-0.13023,-0.14092,-0.4919,-0.23878,-0.13125,-0.33486,-0.26543,-0.45431,-0.35346,-0.2145,-0.10745,-0.15728,-0.10036,-0.21019,-0.10783,-0.22924,0.090398,-0.41533,-0.3583,-0.52302,-0.51059,-0.39441,-0.12154,-0.35485,-0.42048,-0.26846,-0.11703,-0.24665,-0.16041,-0.2793,-0.16726,-0.25892,-0.15044,-0.097183,0.081157,-0.1676,0.13611,-0.21632,-0.31913,0.13397,0.18099,0.041186,0.43926,-0.31124,-0.2234,-0.42758,-0.40168,-0.027829,0.18427,-0.29767,-0.22262,-0.11294,-0.026543,-0.063727,-0.09313,-0.38875,-0.29427,-0.14099,0.021784,-0.24779,-0.38681
-0.28185,-0.65008,0.45628,0.28007,-0.085771,-0.52713,0.065601,-0.19722,0.27808,-0.25256,0,-0.32743,0.19825,-0.056845,-0.58892,-0.54543,-0.41456,-0.0039598,-0.030638,-0.43385,-0.94809,-0.57467,-0.50844,-0.56742,-0.024973,-0.043717,-0.51268,-0.59021,-0.31864,-0.42927,0.46797,0.25165,0.297,0.27561,0.13123,-0.0069755,0.63694,0.68591,0.69905,0.13566,-0.53895,-0.53384,-0.1703,-0.39536,-0.27248,-0.28527,-0.34973,-0.20699,-0.69675,0.03005,-0.2885,-0.7208,-0.46961,-0.67664,-0.091359,-0.4922,-0.39841,-0.20131,-0.22927,-0.22895,-0.54412,-0.83194,-0.91892,-0.83101,-0.61564,-0.43495,-0.27004,-0.087901,-0.35913,-0.56979,-0.40524,-0.42957,-0.42726,-0.49121,-0.33469,0.59074,0.055337,0.34406,-0.0098943,0.29956,0.15156,-0.080085,-0.051623,-0.15567,-0.28733,0.29773,-0.051111,-0.3855,-0.32752,-0.5458,-0.54219,-0.12089,-0.50831,-0.012343,-0.37706,0.33041,0.032968,0.17533,-0.43186,-0.74565,-0.90988,-0.37577,-0.54331,-0.33076,-0.42103
-0.1681,-0.13398,-0.33337,-0.29561,-0.080244,-0.023029,-0.23548,0.25221,-0.49913,-0.037796,-0.32743,0,-0.070685,-0.057315,-0.62653,-0.27491,-0.52136,-0.59165,-0.12646,0.10109,-0.37753,0.0016911,-0.1686,0.023652,-0.48519,0.057813,-0.085971,0.080403,-0.1623,-0.11755,-0.29288,-0.10307,-0.19815,-0.17743,-0.14234,0.14752,-0.3479,-0.31969,-0.3151,-0.032221,-0.23528,0.0064291,0.01015,-0.028085,0.090889,0.14447,-0.28115,-0.1916,-0.35305,-0.33503,-0.14871,-0.59169,-0.37051,-0.30753,-0.55349,-0.20936,-0.19526,-0.15616,-0.076841,-0.27896,0.15195,-0.51811,-0.34372,-0.57805,-0.50182,-0.16221,-0.18541,-0.71951,-0.33178,-0.56763,-0.41453,-0.28723,-0.042915,-0.072442,-0.025367,-0.34448,0.21208,-0.31878,-0.13676,-0.43535,-0.24093,-0.36901,-0.63439,-0.089713,-0.048552,-0.25508,-0.015365,-0.20898,-0.12632,-0.086753,-0.073466,-0.24898,0.064343,-0.40052,-0.07442,-0.44466,-0.36407,-0.35382,-0.308,-0.53736,-0.43349,-0.50163,-0.39915,-0.42406,-0.50033
-0.36654,-0.70078,0.062738,-0.032477,-0.081794,-0.41883,-0.071031,-0.25555,-0.11044,-0.14492,0.19825,-0.070685,0,0.39624,-0.65037,-0.56304,-0.42679,-0.23209,-0.10088,-0.40419,-0.70589,-0.40668,-0.62314,-0.39943,-0.29933,-0.096671,-0.46322,-0.52219,-0.19137,-0.31067,0.1505,0.23886,0.561,0.44978,0.16257,-0.069233,0.29154,0.27912,0.075914,-0.15298,-0.48033,-0.54076,-0.11454,-0.41424,-0.082305,-0.082202,-0.40149,-0.23503,-0.51275,0.49529,0.29205,-0.87331,-0.46552,-0.70326,-0.26412,-0.41615,-0.38991,-0.11497,-0.089789,-0.33051,-0.42055,-0.59638,-0.65385,-0.57013,-0.47846,-0.39681,-0.39362,-0.25037,-0.39009,-0.36175,-0.23294,-0.17977,-0.2003,-0.41907,-0.33677,0.0098736,-0.05688,0.43774,0.47184,0.14592,0.19752,-0.28288,-0.30291,-0.12056,-0.0070032,0.32244,0.088641,-0.43208,-0.30109,-0.5813,-0.5173,0.07902,-0.20762,-0.013152,-0.28191,0.075216,0.021978,-0.0047345,-0.30279,-0.68176,-0.65649,-0.29654,-0.37431,-0.33638,-0.44883
-0.40862,-0.60126,-0.0024727,-0.11302,-0.19476,-0.40091,-0.13085,-0.13323,-0.27689,-0.18902,-0.056845,-0.057315,0.39624,0,-0.79879,-0.77971,-0.29138,-0.24948,-0.10754,-0.48239,-0.76106,-0.56368,-0.68594,-0.53913,-0.4524,-0.25696,-0.57852,-0.6311,-0.37863,-0.57493,-0.060615,0.17563,0.061209,0.22357,-0.061901,-0.086697,-0.022033,0.058152,-0.1141,-0.25637,-0.57696,-0.62316,-0.23008,-0.46717,-0.037955,-0.16916,-0.16098,-0.13317,-0.55501,0.17778,0.28949,-0.98429,-0.59305,-0.7306,-0.47549,-0.43911,-0.41938,0.020947,-0.0026802,-0.35947,-0.44583,-0.58615,-0.66665,-0.50491,-0.39825,-0.1536,-0.32992,-0.22365,-0.4443,-0.37164,-0.31581,-0.080355,-0.07902,-0.21798,-0.17354,-0.14198,0.006602,0.11196,0.35888,-0.17223,0.037499,-0.4149,-0.4335,-0.089651,-0.024613,0.12441,-0.036683,-0.18897,-0.072525,-0.33755,-0.28346,0.0095485,-0.10606,-0.038018,-0.13734,-0.025014,0.082388,-0.049658,-0.050495,-0.53055,-0.671,-0.22361,-0.31683,-0.32658,-0.39701
-0.35623,-0.24576,-0.51869,-0.43352,-0.48283,-0.29278,-0.45911,-0.7009,-0.27958,-0.20038,-0.58892,-0.62653,-0.65037,-0.79879,0,0.37999,0.065325,-0.082637,-0.22742,-0.15484,0.39292,0.080825,0.032381,0.013968,-0.11541,-0.41174,-0.19043,-0.15211,-0.14034,0.01493,-0.4887,-0.70703,-0.50645,-0.69342,-0.47868,-0.75312,-0.49608,-0.62369,-0.54854,-0.50312,0.1064,-0.092058,-0.35588,-0.1671,-0.70012,-0.67411,-0.62999,-0.62801,0.12439,-0.42837,-0.47727,0.05809,0.026259,0.060787,0.01661,-0.070893,-0.09432,-0.6132,-0.52698,-0.29065,-0.16566,0.2375,0.262,0.12598,-0.071211,-0.61575,-0.43203,-0.17529,-0.058208,-0.063042,0.01143,-0.42165,-0.63676,-0.60412,-0.61704,-0.60019,-0.78431,-0.38735,-0.40942,-0.27093,-0.30381,-0.068071,-0.0663,-0.22096,-0.24077,-0.42787,-0.36442,-0.52885,-0.62623,-0.51691,-0.54344,-0.2235,-0.21023,-0.34304,-0.39481,-0.33144,-0.33112,-0.29789,-0.26302,0.13863,0.40274,0.061638,0.16504,-0.10893,-0.082043
-0.40403,-0.18559,-0.60219,-0.51889,-0.45,-0.12915,-0.58402,-0.37405,-0.39089,-0.15838,-0.54543,-0.27491,-0.56304,-0.77971,0.37999,0,-0.16838,-0.29619,-0.19133,0.13114,0.19685,0.19221,0.12636,0.27288,-0.17978,-0.23974,-0.0091473,0.14899,-0.12644,0.11527,-0.53363,-0.73665,-0.40731,-0.56692,-0.44596,-0.55214,-0.45933,-0.57375,-0.50368,-0.2566,0.079207,0.21793,-0.3709,-0.087666,-0.544,-0.49884,-0.69847,-0.64115,-0.06731,-0.43324,-0.4371,-0.16104,-0.085895,0.0379,-0.17878,-0.19658,-0.21068,-0.58841,-0.4765,-0.36031,0.024821,-0.010344,0.2106,-0.12664,-0.32139,-0.62831,-0.38963,-0.43192,-0.078155,-0.36027,-0.2506,-0.65378,-0.66264,-0.55366,-0.54143,-0.53166,-0.47153,-0.38124,-0.44233,-0.24935,-0.28497,-0.12757,-0.24693,-0.16762,-0.27943,-0.38356,-0.27437,-0.55929,-0.67776,-0.39862,-0.46499,-0.35332,-0.19291,-0.33257,-0.20383,-0.47973,-0.47789,-0.38183,-0.40544,-0.079068,0.17749,-0.24566,-0.15943,-0.036074,-0.053124
-0.60015,-0.36359,-0.29618,-0.30021,-0.65537,-0.40534,-0.47249,-0.41353,-0.18212,0.061922,-0.41456,-0.52136,-0.42679,-0.29138,0.065325,-0.16838,0,0.13179,0.1564,-0.11347,-0.13433,-0.26461,-0.1278,-0.21992,-0.13579,-0.32293,-0.44017,-0.45658,-0.42609,-0.3408,-0.25794,-0.31982,-0.38268,-0.43146,-0.28488,-0.50774,-0.31388,-0.32409,-0.38589,-0.29823,-0.36207,-0.30624,-0.25982,-0.13473,-0.37585,-0.57007,-0.25904,-0.25669,-0.23696,-0.33385,-0.3515,-0.40561,-0.36918,-0.21719,-0.17537,-0.30288,-0.26163,-0.12423,-0.11801,-0.39892,-0.20842,-0.12777,-0.15365,-0.10865,-0.19876,-0.22777,-0.16031,-0.01448,-0.31611,-0.15645,-0.054514,-0.17917,-0.35286,-0.30278,-0.30059,-0.34503,-0.40151,-0.1915,-0.077547,-0.24513,0.031495,-0.14394,-0.10357,-0.044485,-0.011866,-0.1153,-0.010814,-0.1296,-0.18465,-0.35441,-0.3906,-0.21647,-0.12078,-0.19671,-0.24451,-0.11752,0.0071,-0.11189,0.039242,-0.098719,-0.075209,-0.0080614,0.12378,-0.14272,-0.13765
-0.2745,-0.4968,0.22405,0.05937,-0.35628,-0.59409,-0.15194,-0.48867,0.11115,-0.16156,-0.0039598,-0.59165,-0.23209,-0.24948,-0.082637,-0.29619,0.13179,0,0.039394,-0.28305,-0.4227,-0.35853,-0.32585,-0.45361,-0.025962,-0.33292,-0.57451,-0.53941,-0.44489,-0.42865,-0.083156,-0.20967,-0.22074,-0.2243,-0.18413,-0.3585,-0.057142,-0.058221,-0.0038215,-0.19736,-0.38201,-0.50166,-0.23902,-0.33951,-0.36685,-0.55276,-0.34532,-0.33105,-0.42358,-0.18465,-0.41409,-0.40376,-0.19741,-0.36477,0.056382,-0.31712,-0.26931,-0.24611,-0.20712,-0.16041,-0.35804,-0.36707,-0.39925,-0.29568,-0.24667,-0.37784,-0.30317,0.1732,-0.16407,-0.30803,-0.13808,-0.27109,-0.47313,-0.48654,-0.44543,0.12515,-0.20111,-0.0078608,-0.08456,-0.056997,0.060663,0.12197,0.002867,-0.086172,-0.28028,-0.02074,-0.16916,-0.34372,-0.32328,-0.50502,-0.54326,-0.075029,-0.31203,-0.02619,-0.32567,0.29716,0.16795,0.097494,-0.16775,-0.20513,-0.27412,0.01549,-0.049728,0.066833,-0.005772
-0.37528,-0.31372,-0.089091,-0.041967,-0.28555,-0.2895,-0.13915,-0.032491,0.053338,0.31619,-0.030638,-0.12646,-0.10088,-0.10754,-0.22742,-0.19133,0.1564,0.039394,0,0.015919,-0.38123,-0.19859,-0.036185,-0.1119,0.0049212,0.097813,-0.32364,-0.33441,-0.18992,-0.23577,0.065601,0.017579,-0.10113,-0.14382,-0.057959,-0.13816,-0.032913,-0.0451,0.0015736,0.16039,-0.2717,-0.13471,-0.01576,0.10668,-0.20903,-0.3205,-0.37017,-0.19938,-0.3518,-0.21112,-0.30886,-0.68793,-0.42063,-0.33872,-0.14391,-0.21995,-0.089423,-0.13074,-0.091193,-0.18958,-0.063686,-0.44913,-0.41222,-0.48883,-0.43525,-0.3179,-0.069703,-0.12118,-0.40256,-0.41611,-0.19344,-0.32881,-0.30125,-0.34281,-0.16727,-0.10831,-0.020325,0.11225,0.12968,-0.0055161,0.36068,-0.085957,-0.15853,0.42156,0.1621,0.26515,0.46437,-0.20264,-0.20232,-0.3549,-0.36899,0.014231,0.00051529,-0.024689,-0.088759,0.19221,0.26729,0.25934,0.027553,-0.4522,-0.38967,-0.15004,-0.106,-0.20669,-0.25225
-0.36084,-0.12008,-0.41282,-0.40812,-0.33974,-0.064993,-0.51759,-0.033217,-0.34767,0.16876,-0.43385,0.10109,-0.40419,-0.48239,-0.15484,0.13114,-0.11347,-0.28305,0.015919,0,-0.071329,0.18831,0.21046,0.32282,-0.2241,0.079864,0.010697,0.17594,-0.24546,0.085577,-0.34534,-0.33596,-0.31601,-0.37324,-0.21666,-0.12693,-0.37924,-0.40031,-0.37073,0.058443,-0.20022,0.25212,-0.075292,0.15897,-0.15604,-0.18223,-0.45769,-0.39883,-0.25796,-0.57305,-0.45283,-0.39059,-0.18572,-0.0073697,-0.2381,-0.19654,-0.19426,-0.28078,-0.18463,-0.31954,0.45697,-0.32038,-0.11851,-0.43367,-0.47696,-0.33819,-0.22834,-0.62619,-0.32755,-0.51136,-0.26632,-0.42703,-0.32512,-0.28086,-0.28801,-0.30782,-0.083447,-0.429,-0.27456,-0.36261,-0.14395,-0.10917,-0.37466,-0.14128,-0.16856,-0.32855,0.017828,-0.31808,-0.3576,-0.26301,-0.36263,-0.36739,0.046428,-0.42566,-0.13185,-0.46237,-0.40563,-0.41249,-0.40597,-0.34692,-0.14541,-0.44002,-0.23021,-0.19634,-0.20562
-0.24401,-0.0040843,-0.84415,-0.63753,-0.32122,0.0064014,-0.45754,-0.52033,-0.48602,-0.18832,-0.94809,-0.37753,-0.70589,-0.76106,0.39292,0.19685,-0.13433,-0.4227,-0.38123,-0.071329,0,0.28117,0.22029,0.24971,-0.24494,-0.32109,0.025146,0.0033581,0.01928,0.26327,-0.71581,-0.73535,-0.65392,-0.76211,-0.62485,-0.64507,-0.80935,-0.96661,-0.80943,-0.58155,0.35328,0.10341,-0.32597,-0.047805,-0.60675,-0.4901,-0.67059,-0.67267,0.51431,-0.53738,-0.37199,0.2095,0.17209,0.37791,-0.080638,0.21116,0.071875,-0.68678,-0.58282,-0.22675,0.033307,0.31894,0.41063,0.12908,0.024592,-0.58897,-0.51406,-0.45094,-0.16466,-0.0074389,0.022088,-0.38446,-0.45729,-0.51032,-0.58758,-1,-0.78322,-0.66696,-0.47648,-0.56919,-0.5025,-0.25487,-0.31756,-0.27836,-0.17937,-0.70465,-0.38946,-0.5606,-0.58764,-0.44311,-0.44796,-0.25695,0.0094378,-0.61133,-0.37577,-0.64835,-0.547,-0.5631,-0.27145,0.11913,0.51362,-0.039657,0.10295,-0.30982,-0.22608
-0.079276,0.0078954,-0.49642,-0.39466,-0.1411,0.02424,-0.32981,-0.27129,-0.41812,-0.037008,-0.57467,0.0016911,-0.40668,-0.56368,0.080825,0.19221,-0.26461,-0.35853,-0.19859,0.18831,0.28117,0,0.19689,0.47945,-0.24767,-0.08797,0.17253,0.36417,0.0046653,0.43989,-0.46205,-0.48058,-0.36705,-0.5091,-0.26528,-0.28217,-0.51432,-0.6241,-0.49112,-0.26096,0.25818,0.30005,0.05764,0.14988,-0.2945,-0.21815,-0.52917,-0.43995,0.086628,-0.46175,-0.39312,-0.090827,0.11344,0.1623,-0.12999,0.18462,0.21134,-0.40481,-0.27793,-0.20604,0.38912,-0.12372,0.05744,-0.17597,-0.2031,-0.44264,-0.32437,-0.61983,-0.075112,-0.28503,-0.037783,-0.32939,-0.37234,-0.35015,-0.38357,-0.57525,-0.34871,-0.45308,-0.32949,-0.45586,-0.35434,-0.10142,-0.40506,-0.18174,-0.051284,-0.45485,-0.18408,-0.41585,-0.38891,-0.34846,-0.36838,-0.18919,0.084816,-0.57713,-0.36304,-0.50099,-0.49493,-0.4197,-0.40461,-0.20654,0.064004,-0.23977,-0.052508,-0.37913,-0.3808
-0.23012,0.073908,-0.57309,-0.41889,-0.19,0.12166,-0.31171,-0.13529,-0.18915,0.032145,-0.50844,-0.1686,-0.62314,-0.68594,0.032381,0.12636,-0.1278,-0.32585,-0.036185,0.21046,0.22029,0.19689,0,0.43525,0.087929,0.11218,0.17171,0.055254,-0.0074113,0.26833,-0.43744,-0.41153,-0.53324,-0.50572,-0.45548,-0.31078,-0.56638,-0.60214,-0.39553,-0.069641,0.2165,0.48816,-0.17019,0.36132,-0.45198,-0.40478,-0.6558,-0.51382,0.08539,-0.61507,-0.57314,-0.11568,-0.036019,0.28461,-0.056437,0.14557,0.16887,-0.52435,-0.44499,-0.049818,0.25461,-0.15497,-0.061237,-0.288,-0.24387,-0.56295,-0.29997,-0.40756,-0.2239,-0.2891,-0.12123,-0.55286,-0.40599,-0.48021,-0.41049,-0.52109,-0.31567,-0.52635,-0.45568,-0.46268,-0.29686,-0.19564,-0.3149,0.0099773,-0.13181,-0.43491,-0.11701,-0.47829,-0.45789,-0.36783,-0.42113,-0.24881,0.03117,-0.54514,-0.27807,-0.42193,-0.40288,-0.30324,-0.2495,-0.1797,-0.035106,-0.18,-0.10568,-0.35034,-0.26505
-0.34974,-0.046968,-0.6442,-0.49267,-0.25522,0.10278,-0.44437,-0.14637,-0.29898,0.18911,-0.56742,0.023652,-0.39943,-0.53913,0.013968,0.27288,-0.21992,-0.45361,-0.1119,0.32282,0.24971,0.47945,0.43525,0,-0.056077,0.16984,0.19815,0.19012,0.017683,0.47558,-0.43414,-0.41651,-0.33529,-0.41054,-0.29278,-0.25784,-0.48067,-0.54612,-0.47479,-0.11392,0.15162,0.54204,-0.10109,0.3266,-0.30575,-0.22413,-0.71924,-0.50546,0.10579,-0.44722,-0.3382,-0.19566,-0.086663,0.15152,-0.14776,0.034379,0.050731,-0.45173,-0.32881,-0.21843,0.42294,-0.17854,-0.020767,-0.2913,-0.34183,-0.58538,-0.32889,-0.62235,-0.19774,-0.28223,-0.093365,-0.45711,-0.3464,-0.42413,-0.39803,-0.58045,-0.33479,-0.40285,-0.291,-0.37808,-0.24154,-0.24344,-0.4406,-0.060151,-0.020989,-0.33791,-0.023479,-0.52165,-0.47866,-0.40102,-0.43904,-0.20537,0.15138,-0.53175,-0.26247,-0.51305,-0.46551,-0.38583,-0.3454,-0.25529,-0.015158,-0.25041,-0.090993,-0.29542,-0.32349
-0.38568,-0.32403,-0.2137,-0.1721,-0.21163,-0.21975,-0.19283,-0.28588,0.59932,0.052149,-0.024973,-0.48519,-0.29933,-0.4524,-0.11541,-0.17978,-0.13579,-0.025962,0.0049212,-0.2241,-0.24494,-0.24767,0.087929,-0.056077,0,0.22101,-0.14731,-0.3697,-0.10811,-0.049167,-0.030942,-0.17247,-0.1916,-0.13886,-0.24695,-0.31388,-0.089298,-0.089658,0.035493,0.081413,-0.14126,-0.070665,-0.28775,-0.011561,-0.45763,-0.45123,-0.70062,-0.44021,-0.17002,-0.27881,-0.47847,-0.27448,-0.23099,-0.15456,0.19707,-0.18164,-0.090619,-0.45294,-0.4251,-0.04104,-0.25288,-0.50142,-0.54144,-0.57606,-0.48908,-0.76036,-0.32559,-0.107,-0.25387,-0.26249,-0.14157,-0.56784,-0.49554,-0.63828,-0.4806,-0.073625,-0.32095,-0.087126,-0.25872,-0.046138,-0.031433,-0.19276,-0.19698,-0.0037316,-0.22378,0.0018641,-0.057191,-0.59791,-0.49708,-0.68387,-0.70213,-0.083211,-0.24385,-0.26484,-0.41496,0.0096661,-0.14964,0.10178,-0.25963,-0.33441,-0.41673,-0.1074,-0.21949,-0.28234,-0.30894
-0.33023,-0.26121,-0.23296,-0.13754,-0.077851,-0.10108,-0.13442,0.078038,0.13101,0.37203,-0.043717,0.057813,-0.096671,-0.25696,-0.41174,-0.23974,-0.32293,-0.33292,0.097813,0.079864,-0.32109,-0.08797,0.11218,0.16984,0.22101,0,-0.07949,-0.18125,-0.038177,0.069101,0.025983,0.092286,-0.063374,-0.048835,-0.046864,0.11303,-0.066362,-0.055434,0.027117,0.35722,-0.18821,0.071246,-0.032298,0.19671,-0.19224,-0.10559,-0.61648,-0.30833,-0.22437,-0.32847,-0.33533,-0.46833,-0.3279,-0.22152,-0.057592,-0.13556,-0.066376,-0.32677,-0.25279,-0.13069,0.019564,-0.63676,-0.57603,-0.83877,-0.66667,-0.55556,-0.21901,-0.46593,-0.43614,-0.45071,-0.27333,-0.48362,-0.24889,-0.40962,-0.2502,-0.11501,-0.010621,-0.13221,-0.1068,-0.1276,0.0071899,-0.23446,-0.33854,0.021943,-0.049409,-0.0013937,0.23167,-0.4767,-0.34074,-0.50592,-0.49316,-0.10005,-0.010558,-0.40348,-0.32091,-0.15366,-0.20193,-0.08115,-0.31515,-0.62173,-0.55557,-0.32066,-0.29174,-0.42758,-0.52334
-0.19178,0.082036,-0.65805,-0.68734,-0.022275,0.36666,-0.4635,-0.18736,-0.34239,-0.25137,-0.51268,-0.085971,-0.46322,-0.57852,-0.19043,-0.0091473,-0.44017,-0.57451,-0.32364,0.010697,0.025146,0.17253,0.17171,0.19815,-0.14731,-0.07949,0,0.4717,0.055448,0.2504,-0.42389,-0.49446,-0.33229,-0.29944,-0.36686,-0.41227,-0.53708,-0.5523,-0.50377,-0.17778,0.034601,0.52233,-0.16957,0.050578,-0.20235,-0.13751,-0.49525,-0.56053,-0.099244,-0.47987,-0.40358,-0.18439,-0.027421,0.17653,-0.2568,-0.082209,-0.028327,-0.46392,-0.47921,-0.076682,0.17621,-0.31963,-0.23048,-0.35025,-0.33294,-0.46887,-0.46319,-0.55711,-0.15344,-0.25066,-0.11646,-0.43811,-0.3462,-0.37006,-0.40821,-0.5341,-0.40391,-0.54073,-0.55171,-0.46471,-0.40615,-0.45,-0.65198,-0.26281,-0.28922,-0.47047,-0.28732,-0.44027,-0.50719,-0.3496,-0.44316,-0.2518,-0.028929,-0.37749,-0.13522,-0.59756,-0.65551,-0.37652,-0.44842,-0.2711,-0.21067,-0.50831,-0.43645,-0.51937,-0.32279
-0.10708,0.10025,-0.60571,-0.61375,-0.16813,0.10896,-0.50865,-0.1617,-0.54821,-0.25239,-0.59021,0.080403,-0.52219,-0.6311,-0.15211,0.14899,-0.45658,-0.53941,-0.33441,0.17594,0.0033581,0.36417,0.055254,0.19012,-0.3697,-0.18125,0.4717,0,-0.093711,0.10738,-0.53769,-0.61366,-0.44206,-0.49704,-0.3758,-0.32912,-0.59786,-0.64138,-0.55196,-0.19745,-0.013906,0.42398,-0.13756,-0.019432,-0.13814,-0.079158,-0.36515,-0.43532,-0.19119,-0.61445,-0.48438,-0.16039,-0.062406,0.055088,-0.39919,-0.14635,-0.11231,-0.40218,-0.35332,-0.23,0.26084,-0.28822,-0.095426,-0.32136,-0.39799,-0.29835,-0.30594,-0.69145,-0.13539,-0.40831,-0.30245,-0.42178,-0.32284,-0.19493,-0.24968,-0.51704,-0.28186,-0.62902,-0.59981,-0.53265,-0.50351,-0.34282,-0.63606,-0.33012,-0.35278,-0.55566,-0.35197,-0.31293,-0.38587,-0.16517,-0.2295,-0.39455,-0.094292,-0.44694,-0.13782,-0.66744,-0.68715,-0.47448,-0.4638,-0.25282,-0.12514,-0.55698,-0.3925,-0.38699,-0.30408
0.0021407,-0.071972,-0.47824,-0.35548,0.22082,0.1761,0.010109,-0.31247,-0.15021,-0.12857,-0.31864,-0.1623,-0.19137,-0.37863,-0.14034,-0.12644,-0.42609,-0.44489,-0.18992,-0.24546,0.01928,0.0046653,-0.0074113,0.017683,-0.10811,-0.038177,0.055448,-0.093711,0,0.30067,-0.20559,-0.26821,-0.22682,-0.26926,-0.38935,-0.4447,-0.38488,-0.40836,-0.39356,-0.35191,0.30576,-0.0083865,-0.20255,-0.090059,-0.42257,-0.19985,-0.82299,-0.70814,0.29284,-0.18573,-0.096422,-0.14587,0.11519,0.067517,0.042009,0.18632,0.062447,-0.81884,-0.76455,0.12572,-0.11696,-0.14476,-0.14689,-0.31968,-0.16585,-0.75851,-0.62805,-0.27151,-0.18145,-0.031737,-0.00041846,-0.43385,-0.3641,-0.62943,-0.53397,-0.56158,-0.45512,-0.24454,-0.18538,-0.21664,-0.16885,-0.32503,-0.34023,0.014681,-0.0096799,-0.31593,-0.11273,-0.73623,-0.68618,-0.61884,-0.5499,0.1502,0.093732,-0.23135,-0.1411,-0.27593,-0.28209,-0.16591,-0.21433,-0.17824,-0.10275,-0.10308,-0.18341,-0.43506,-0.38462
-0.15592,-0.079829,-0.53018,-0.43085,0.020546,0.21865,-0.26547,-0.29426,-0.22035,-0.03357,-0.42927,-0.11755,-0.31067,-0.57493,0.01493,0.11527,-0.3408,-0.42865,-0.23577,0.085577,0.26327,0.43989,0.26833,0.47558,-0.049167,0.069101,0.2504,0.10738,0.30067,0,-0.3101,-0.36489,-0.21451,-0.31222,-0.28422,-0.34843,-0.40169,-0.47889,-0.42558,-0.2352,0.31719,0.27129,-0.08824,0.099244,-0.42887,-0.255,-0.8509,-0.66877,0.23647,-0.31913,-0.27367,-0.1048,0.20367,0.29297,0.093241,0.19353,0.10341,-0.61828,-0.51553,-0.10039,0.17722,-0.15041,-0.036724,-0.29828,-0.23078,-0.76952,-0.55516,-0.5368,-0.090349,-0.19407,0.055987,-0.47721,-0.47365,-0.62262,-0.63286,-0.53338,-0.4298,-0.35699,-0.27306,-0.31568,-0.22949,-0.1619,-0.35013,-0.14635,-0.036883,-0.40323,-0.11424,-0.71105,-0.65402,-0.61008,-0.64357,-0.1096,0.07108,-0.51495,-0.35184,-0.49289,-0.54515,-0.40731,-0.51981,-0.20483,-0.0065743,-0.2275,-0.17836,-0.43737,-0.40412
-0.34866,-0.56721,0.1958,0.097854,-0.1148,-0.43774,0.016521,-0.21811,0.31951,-0.039297,0.46797,-0.29288,0.1505,-0.060615,-0.4887,-0.53363,-0.25794,-0.083156,0.065601,-0.34534,-0.71581,-0.46205,-0.43744,-0.43414,-0.030942,0.025983,-0.42389,-0.53769,-0.20559,-0.3101,0,0.47073,0.31969,0.15976,0.35174,-0.036039,0.36969,0.43076,0.16346,0.0076188,-0.54274,-0.48161,0.047099,-0.20092,-0.12942,-0.1026,-0.28186,-0.16489,-0.49171,-0.0864,-0.28869,-0.6395,-0.47069,-0.55008,-0.098124,-0.44505,-0.34419,-0.1494,-0.20017,-0.17964,-0.39183,-0.6869,-0.78535,-0.7252,-0.54279,-0.33766,-0.21091,-0.065913,-0.31236,-0.30819,-0.14472,-0.1807,-0.23169,-0.35215,-0.21451,0.18675,-0.10409,0.27996,0.072311,0.20272,0.28736,-0.19034,-0.10765,-0.10035,-0.06271,0.27938,0.14738,-0.25315,-0.24587,-0.49998,-0.49473,0.00088188,-0.30377,0.012972,-0.30945,0.2185,0.028307,0.16566,-0.3922,-0.59701,-0.71436,-0.33398,-0.36938,-0.46156,-0.54464
-0.35102,-0.60258,0.17951,0.15105,-0.07137,-0.44804,0.099445,-0.12944,0.067262,-0.022171,0.25165,-0.10307,0.23886,0.17563,-0.70703,-0.73665,-0.31982,-0.20967,0.017579,-0.33596,-0.73535,-0.48058,-0.41153,-0.41651,-0.17247,0.092286,-0.49446,-0.61366,-0.26821,-0.36489,0.47073,0,0.17784,0.20085,0.2841,0.20046,0.17194,0.25618,0.11241,-0.028099,-0.55196,-0.53004,0.079255,-0.20336,-0.081517,-0.070063,-0.25996,-0.10886,-0.49133,-0.090045,-0.16001,-0.7519,-0.5577,-0.63693,-0.23661,-0.36461,-0.3035,-0.080694,-0.098892,-0.20434,-0.35632,-0.62341,-0.77882,-0.69155,-0.46772,-0.25713,-0.22014,-0.15668,-0.43013,-0.32435,-0.17837,-0.09248,-0.029144,-0.29632,-0.1423,0.052315,0.044381,0.10052,0.17095,-0.02581,0.15473,-0.26173,-0.15171,-0.079898,0.0060832,0.14794,0.14373,-0.2377,-0.1227,-0.4366,-0.395,0.016825,-0.1811,-0.17623,-0.35979,0.12437,0.073805,0.045087,-0.26915,-0.68503,-0.76671,-0.25269,-0.27259,-0.54444,-0.62529
-0.48529,-0.71832,0.068686,-0.061818,-0.12293,-0.37931,-0.19854,-0.27195,-0.020456,-0.16742,0.297,-0.19815,0.561,0.061209,-0.50645,-0.40731,-0.38268,-0.22074,-0.10113,-0.31601,-0.65392,-0.36705,-0.53324,-0.33529,-0.1916,-0.063374,-0.33229,-0.44206,-0.22682,-0.21451,0.31969,0.17784,0,0.54972,0.39755,-0.099742,0.55609,0.4477,0.11278,-0.040605,-0.50795,-0.41901,-0.069772,-0.34297,-0.16727,-0.1597,-0.43673,-0.32325,-0.55212,0.30563,0.038287,-0.8446,-0.43259,-0.58231,-0.15687,-0.49271,-0.4194,-0.14406,-0.16496,-0.3768,-0.3657,-0.62191,-0.6575,-0.59763,-0.53235,-0.47974,-0.42683,-0.27803,-0.32393,-0.41408,-0.1826,-0.28207,-0.37641,-0.51594,-0.45026,0.086635,-0.14678,0.46983,0.23855,0.36072,0.30841,-0.17534,-0.18562,-0.21349,-0.089561,0.34683,0.095191,-0.44262,-0.42804,-0.64754,-0.69378,-0.026273,-0.29225,0.010987,-0.30179,0.02103,-0.10847,-0.0401,-0.52733,-0.74667,-0.67558,-0.43425,-0.47423,-0.36138,-0.42501
-0.46564,-0.67691,0.091249,-0.10193,-0.050931,-0.29549,-0.20169,-0.17757,-0.0027771,-0.23657,0.27561,-0.17743,0.44978,0.22357,-0.69342,-0.56692,-0.43146,-0.2243,-0.14382,-0.37324,-0.76211,-0.5091,-0.50572,-0.41054,-0.13886,-0.048835,-0.29944,-0.49704,-0.26926,-0.31222,0.15976,0.20085,0.54972,0,0.11585,-0.072781,0.3427,0.43968,0.14866,0.02011,-0.53518,-0.41138,-0.22715,-0.41445,-0.14752,-0.20408,-0.43545,-0.39408,-0.60786,0.24255,0.082665,-0.95288,-0.45895,-0.58456,-0.21524,-0.50972,-0.45373,-0.1682,-0.22511,-0.30172,-0.41674,-0.75172,-0.8267,-0.73591,-0.56626,-0.48934,-0.53466,-0.25636,-0.36005,-0.45824,-0.24297,-0.35414,-0.34447,-0.52172,-0.45846,0.12336,-0.055628,0.2512,0.16948,0.15655,0.20643,-0.26823,-0.31155,-0.19178,-0.21794,0.25479,-0.034933,-0.47748,-0.4273,-0.597,-0.66718,-0.041075,-0.25003,0.012329,-0.2137,0.0054953,-0.11751,0.02258,-0.40127,-0.68923,-0.83488,-0.38701,-0.54302,-0.37096,-0.37607
-0.42836,-0.54967,0.1431,0.078342,-0.25907,-0.50118,-0.18816,-0.21528,-0.068389,-0.067587,0.13123,-0.14234,0.16257,-0.061901,-0.47868,-0.44596,-0.28488,-0.18413,-0.057959,-0.21666,-0.62485,-0.26528,-0.45548,-0.29278,-0.24695,-0.046864,-0.36686,-0.3758,-0.38935,-0.28422,0.35174,0.2841,0.39755,0.11585,0,0.16233,0.29389,0.27016,0.021452,-0.0045408,-0.59655,-0.3961,0.35267,-0.12418,0.037679,0.015822,-0.18853,-0.081295,-0.55171,-0.099936,-0.26861,-0.6597,-0.51416,-0.57442,-0.26046,-0.48641,-0.32537,0.068825,0.038149,-0.3762,-0.20102,-0.59646,-0.61061,-0.51762,-0.45534,-0.19303,-0.13404,-0.2959,-0.28876,-0.37229,-0.1051,-0.018831,-0.13534,-0.20966,-0.14958,0.074835,-0.076481,0.16905,0.083509,0.1247,0.16305,-0.098103,-0.12209,-0.2711,-0.050565,0.18865,0.13467,-0.13936,-0.15254,-0.34001,-0.39603,-0.15439,-0.29742,-0.15742,-0.39807,0.016901,-0.088828,-0.062627,-0.4943,-0.78773,-0.63736,-0.46599,-0.31871,-0.45127,-0.56851
-0.2016,-0.30483,0.064516,0.15402,-0.17714,-0.39324,-0.065069,0.1964,-0.215,-0.087486,-0.0069755,0.14752,-0.069233,-0.086697,-0.75312,-0.55214,-0.50774,-0.3585,-0.13816,-0.12693,-0.64507,-0.28217,-0.31078,-0.25784,-0.31388,0.11303,-0.41227,-0.32912,-0.4447,-0.34843,-0.036039,0.20046,-0.099742,-0.072781,0.16233,0,-0.014764,0.037444,0.081517,0.19705,-0.47391,-0.28427,0.1301,-0.074828,-0.013954,0.013373,-0.18763,-0.035078,-0.52271,-0.39961,-0.40997,-0.54229,-0.49081,-0.50702,-0.35665,-0.31785,-0.22035,-0.057343,-0.030361,-0.33233,-0.12246,-0.75395,-0.64548,-0.76859,-0.55905,-0.14898,-0.053006,-0.59263,-0.49293,-0.70426,-0.46733,-0.2583,-0.095565,-0.090163,0.0048382,0.021929,0.27181,-0.19935,-0.13154,-0.22312,-0.17837,-0.092542,-0.26417,-0.29221,-0.23754,-0.13222,-0.052902,-0.13683,-0.052806,-0.10706,-0.13055,-0.35961,-0.27065,-0.47814,-0.41027,-0.17711,-0.21255,-0.24259,-0.42506,-0.89116,-0.76942,-0.51014,-0.41465,-0.46108,-0.63692
-0.48223,-0.78667,0.30845,0.18639,-0.26414,-0.60473,-0.15657,-0.26228,0.11954,-0.17775,0.63694,-0.3479,0.29154,-0.022033,-0.49608,-0.45933,-0.31388,-0.057142,-0.032913,-0.37924,-0.80935,-0.51432,-0.56638,-0.48067,-0.089298,-0.066362,-0.53708,-0.59786,-0.38488,-0.40169,0.36969,0.17194,0.55609,0.3427,0.29389,-0.014764,0,0.99896,0.52302,0.11968,-0.60385,-0.52446,-0.17005,-0.41168,-0.28647,-0.31469,-0.37665,-0.23129,-0.68424,0.11156,-0.18097,-0.79042,-0.53814,-0.7308,-0.10351,-0.56769,-0.45334,-0.1301,-0.1584,-0.46412,-0.52891,-0.73532,-0.79732,-0.734,-0.66704,-0.45405,-0.28954,-0.21641,-0.46665,-0.57586,-0.37169,-0.39978,-0.4776,-0.4935,-0.37548,0.37694,-0.095212,0.49577,0.14243,0.59558,0.26456,-0.015379,0.011202,-0.26591,-0.25195,0.4614,0.0021061,-0.38228,-0.36879,-0.59344,-0.61871,-0.17211,-0.48668,-0.046525,-0.43123,0.2308,0.014363,0.098864,-0.4426,-0.8581,-0.85005,-0.39323,-0.46846,-0.31542,-0.43805
-0.46938,-0.7234,0.37159,0.19086,-0.25224,-0.56414,-0.14201,-0.18636,0.15766,-0.17603,0.68591,-0.31969,0.27912,0.058152,-0.62369,-0.57375,-0.32409,-0.058221,-0.0451,-0.40031,-0.96661,-0.6241,-0.60214,-0.54612,-0.089658,-0.055434,-0.5523,-0.64138,-0.40836,-0.47889,0.43076,0.25618,0.4477,0.43968,0.27016,0.037444,0.99896,0,0.46631,0.14828,-0.70231,-0.55591,-0.18479,-0.41842,-0.19137,-0.23812,-0.31303,-0.21255,-0.7255,0.064114,-0.17661,-0.83156,-0.5848,-0.73918,-0.16026,-0.63427,-0.52051,-0.10506,-0.16742,-0.40406,-0.53624,-0.85461,-0.92421,-0.83872,-0.68113,-0.38605,-0.28323,-0.17623,-0.45342,-0.55775,-0.38375,-0.3589,-0.38308,-0.41028,-0.30393,0.48671,-0.0072452,0.41837,0.13856,0.44708,0.28742,-0.08667,-0.065027,-0.25032,-0.27515,0.44189,0.010655,-0.32813,-0.3134,-0.50295,-0.53937,-0.18996,-0.46826,-0.00081271,-0.33826,0.23399,0.028272,0.13247,-0.39445,-0.82588,-0.96933,-0.41764,-0.51876,-0.31515,-0.44267
-0.27612,-0.58078,0.34421,0.30228,-0.15726,-0.55935,0.0051357,-0.14136,0.20793,-0.20773,0.69905,-0.3151,0.075914,-0.1141,-0.54854,-0.50368,-0.38589,-0.0038215,0.0015736,-0.37073,-0.80943,-0.49112,-0.39553,-0.47479,0.035493,0.027117,-0.50377,-0.55196,-0.39356,-0.42558,0.16346,0.11241,0.11278,0.14866,0.021452,0.081517,0.52302,0.46631,0,0.30286,-0.46508,-0.43264,-0.20332,-0.33495,-0.33655,-0.38021,-0.37845,-0.17069,-0.6823,-0.07727,-0.37014,-0.65274,-0.46766,-0.65358,-0.069689,-0.39911,-0.27636,-0.17944,-0.1726,-0.30251,-0.49081,-0.85558,-0.90963,-0.84724,-0.67512,-0.45249,-0.19894,-0.22779,-0.51952,-0.72229,-0.51479,-0.52908,-0.48554,-0.4841,-0.31934,0.5049,0.055766,0.19054,-0.068901,0.20046,0.022144,0.0013038,-0.056043,-0.19543,-0.35151,0.23951,-0.094845,-0.38973,-0.29898,-0.52143,-0.51423,-0.20498,-0.51219,-0.18745,-0.49512,0.28972,0.029711,0.13845,-0.36263,-0.87568,-0.94441,-0.35965,-0.49371,-0.31819,-0.41456
-0.36355,-0.28341,-0.037105,-0.030548,-0.23545,-0.24698,-0.25991,0.23971,0.052059,0.041905,0.13566,-0.032221,-0.15298,-0.25637,-0.50312,-0.2566,-0.29823,-0.19736,0.16039,0.058443,-0.58155,-0.26096,-0.069641,-0.11392,0.081413,0.35722,-0.17778,-0.19745,-0.35191,-0.2352,0.0076188,-0.028099,-0.040605,0.02011,-0.0045408,0.19705,0.11968,0.14828,0.30286,0,-0.4025,0.0035517,-0.1078,0.016963,-0.16028,-0.21963,-0.37587,-0.20207,-0.58843,-0.35587,-0.49716,-0.65582,-0.47428,-0.37496,-0.19829,-0.38762,-0.2342,-0.14049,-0.13541,-0.3008,-0.088413,-0.90983,-0.71462,-0.9833,-0.8245,-0.37568,-0.086587,-0.46842,-0.49299,-0.84553,-0.51927,-0.60641,-0.40709,-0.31249,-0.17833,0.19171,0.2038,-0.066127,-0.18772,-0.013996,0.024703,-0.074745,-0.27382,-0.10231,-0.28726,0.10376,0.08519,-0.27619,-0.26533,-0.29609,-0.3808,-0.34685,-0.29027,-0.27195,-0.24805,-0.069081,-0.17663,-0.009424,-0.36985,-0.82919,-0.7898,-0.55261,-0.54384,-0.31701,-0.38973
0.080237,0.074891,-0.55176,-0.35871,0.051408,0.16365,-0.078653,-0.30754,-0.32047,-0.24374,-0.53895,-0.23528,-0.48033,-0.57696,0.1064,0.079207,-0.36207,-0.38201,-0.2717,-0.20022,0.35328,0.25818,0.2165,0.15162,-0.14126,-0.18821,0.034601,-0.013906,0.30576,0.31719,-0.54274,-0.55196,-0.50795,-0.53518,-0.59655,-0.47391,-0.60385,-0.70231,-0.46508,-0.4025,0,0.14893,-0.27159,-0.039221,-0.67098,-0.4981,-0.7991,-0.69392,0.44404,-0.36469,-0.31516,0.051132,0.33039,0.30522,0.04842,0.58894,0.3777,-0.81894,-0.67977,0.02278,-0.0093825,0.0022791,0.092314,-0.11782,-0.0065882,-0.75254,-0.56135,-0.40345,-0.073002,-0.20808,-0.10113,-0.58116,-0.57614,-0.65935,-0.62349,-0.7207,-0.47947,-0.44932,-0.38847,-0.45475,-0.421,-0.15165,-0.31457,-0.042631,-0.11654,-0.53747,-0.33143,-0.69089,-0.63124,-0.48758,-0.45695,-0.062136,0.025249,-0.50173,-0.31193,-0.42406,-0.41146,-0.34631,-0.25354,-0.045993,0.11603,-0.00064671,-0.077512,-0.32931,-0.27987
-0.22967,0.19409,-0.64918,-0.53939,-0.16977,0.32947,-0.45305,0.018907,-0.3265,-0.05145,-0.53384,0.0064291,-0.54076,-0.62316,-0.092058,0.21793,-0.30624,-0.50166,-0.13471,0.25212,0.10341,0.30005,0.48816,0.54204,-0.070665,0.071246,0.52233,0.42398,-0.0083865,0.27129,-0.48161,-0.53004,-0.41901,-0.41138,-0.3961,-0.28427,-0.52446,-0.55591,-0.43264,0.0035517,0.14893,0,-0.16961,0.29374,-0.29722,-0.25124,-0.5717,-0.51622,-0.040349,-0.57184,-0.48856,-0.20022,-0.066556,0.25464,-0.21294,-0.0049558,0.070471,-0.46569,-0.42112,-0.1466,0.41084,-0.31654,-0.12984,-0.38112,-0.37853,-0.50327,-0.31563,-0.64948,-0.21179,-0.4319,-0.24912,-0.60665,-0.44251,-0.36825,-0.35657,-0.52803,-0.27231,-0.50075,-0.48644,-0.43451,-0.33494,-0.26917,-0.53143,-0.10445,-0.20663,-0.40843,-0.15158,-0.41801,-0.47398,-0.25842,-0.35535,-0.32021,0.024834,-0.46151,-0.11578,-0.55587,-0.5475,-0.3602,-0.35827,-0.30281,-0.15609,-0.44063,-0.34366,-0.34774,-0.27353
-0.089879,-0.14585,-0.077678,-0.011582,-0.098241,-0.26248,-0.040971,-0.13056,-0.18644,-0.0075358,-0.1703,0.01015,-0.11454,-0.23008,-0.35588,-0.3709,-0.25982,-0.23902,-0.01576,-0.075292,-0.32597,0.05764,-0.17019,-0.10109,-0.28775,-0.032298,-0.16957,-0.13756,-0.20255,-0.08824,0.047099,0.079255,-0.069772,-0.22715,0.35267,0.1301,-0.17005,-0.18479,-0.20332,-0.1078,-0.27159,-0.16961,0,0.22729,0.088454,0.12018,-0.15548,-0.051775,-0.26594,-0.34024,-0.423,-0.36882,-0.25718,-0.25573,-0.23497,-0.11397,0.061168,-0.022386,-0.0037523,-0.12421,0.13805,-0.41673,-0.37191,-0.34171,-0.20308,-0.094714,-0.038453,-0.359,-0.19823,-0.25573,0.044934,0.097951,0.00081963,-0.083703,-0.041656,-0.20756,-0.084602,-0.1529,-0.094624,-0.24402,-0.083018,-0.10034,-0.25168,-0.14525,0.11437,-0.13986,0.12425,-0.049672,-0.037112,-0.1716,-0.20661,-0.10483,-0.08077,-0.33417,-0.36064,-0.12426,-0.15371,-0.16204,-0.37356,-0.56802,-0.37122,-0.3917,-0.16646,-0.54921,-0.59648
