,,,,,,,,,,,,,,,,,,,,,,,,,,,,,,,,,,,,,,,,,,,,,,,,,,,,,,,,,,,,,,,,,,,,,,,,,,,,,,,,,,,,,,,,,,,,,,,,,,,,,,,,
0,0.15263,-0.17175,-0.073401,0.19253,-0.0395,0.17353,0.046844,-0.49357,-0.44316,-0.30428,0.023828,-0.25309,-0.096616,-0.47756,-0.4329,-0.4704,-0.33642,-0.32285,-0.33205,-0.22779,-0.12705,-0.24043,-0.31733,-0.56423,-0.31575,-0.16805,-0.11738,-0.072328,-0.2387,-0.41713,-0.25496,-0.36759,-0.30624,-0.32662,-0.06196,-0.39374,-0.37314,-0.19122,-0.26974,0.092691,-0.1677,-0.13337,-0.1799,-0.18001,-0.14087,-0.1289,-0.23694,-0.10182,-0.29598,-0.21354,-0.082893,0.10021,-0.084766,-0.19126,0.2245,0.14694,-0.3513,-0.34758,0.11031,-0.095523,-0.22032,-0.19218,-0.13292,0.092365,-0.11725,-0.26258,-0.39171,-0.27257,-0.32731,-0.27929,-0.19858,-0.15633,-0.13849,-0.15759,-0.33732,-0.032725,-0.36739,-0.275,-0.44662,-0.41296,-0.17086,-0.36286,-0.22396,-0.19356,-0.4328,-0.31846,-0.17035,-0.1801,-0.026186,0.0073184,-0.16235,-0.11994,-0.42437,-0.14644,-0.26566,-0.16478,-0.34946,-0.17178,-0.38993,-0.25839,-0.3489,-0.32101,-0.30626,-0.23023
0.15263,0,-0.64533,-0.46011,-0.18814,0.30557,-0.21483,0.25882,-0.342,-0.25493,-0.72697,-0.065527,-0.65161,-0.4394,-0.16405,-0.1059,-0.22743,-0.42963,-0.2935,-0.095836,0.12508,-0.09342,0.12708,-0.006283,-0.23859,-0.25202,0.09418,-0.0054776,-0.018472,-0.10121,-0.62369,-0.5573,-0.68789,-0.5528,-0.57378,-0.31192,-0.75306,-0.66934,-0.5284,-0.20399,0.21689,0.21824,-0.29106,0.1415,-0.16966,-0.20069,-0.23846,-0.38844,0.1654,-0.61081,-0.44706,0.072564,0.031869,0.34859,-0.28474,0.078508,0.059033,-0.46124,-0.51801,0.18256,0.21553,-0.026774,0.1045,0.031466,0.12648,-0.22174,-0.23036,-0.39064,-0.24428,-0.14467,-0.20727,-0.29052,-0.2103,-0.10829,-0.16976,-0.67592,-0.18258,-0.58077,-0.48133,-0.62866,-0.48278,-0.38229,-0.64264,-0.19934,-0.24314,-0.5638,-0.27125,-0.15725,-0.32261,0.2153,0.077185,-0.35565,-0.04508,-0.3597,0.25843,-0.54326,-0.32576,-0.46762,-0.088677,-0.13532,0.035831,-0.47355,-0.31297,-0.11161,0.03688
-0.17175,-0.64533,0,0.63287,-0.12679,-0.61831,-0.018894,-0.29345,-0.20191,-0.15102,0.43268,-0.146,0.3417,0.2936,-0.47926,-0.50618,-0.20829,0.15839,0.051619,-0.29362,-0.79135,-0.21214,-0.53204,-0.44287,-0.30953,-0.14427,-0.5702,-0.36153,-0.47265,-0.3896,0.19342,0.28691,0.27161,0.21007,0.34717,0.27038,0.41285,0.44943,0.39467,0.0003068,-0.54891,-0.52594,0.1637,-0.34476,-0.080074,-0.13598,-0.0029913,0.13229,-0.65556,0.17526,-0.10102,-0.63406,-0.39634,-0.70749,-0.14752,-0.29289,-0.18658,0.29844,0.31929,-0.48682,-0.40004,-0.64925,-0.60894,-0.51236,-0.33376,0.032757,-0.051727,-0.1374,-0.11935,-0.53656,-0.15162,-0.090972,-0.14272,-0.12107,-0.096775,0.55412,0.068774,0.3315,0.28475,0.22792,0.20112,0.33933,0.27299,-0.021054,-0.033799,0.28517,-0.016037,-0.011352,0.15087,-0.35891,-0.2611,-0.07344,-0.2917,-0.10542,-0.53116,0.50388,0.19852,0.2719,-0.12646,-0.60973,-0.64352,-0.076808,-0.15135,-0.37813,-0.61608
-0.073401,-0.46011,0.63287,0,-0.10165,-0.5542,0.17172,-0.13158,-0.095369,-0.13738,0.37303,-0.078323,0.22504,0.28739,-0.57489,-0.55911,-0.24675,0.068365,0.063462,-0.32075,-0.76216,-0.29757,-0.53049,-0.44185,-0.31073,-0.13704,-0.69363,-0.48996,-0.40481,-0.43852,0.16565,0.23108,0.11256,0.056317,0.25045,0.32797,0.28346,0.33558,0.33786,-0.0049152,-0.4478,-0.51971,0.15922,-0.26013,-0.047183,-0.063219,0.013045,0.16834,-0.46764,0.064089,-0.077728,-0.49292,-0.36293,-0.5803,-0.083577,-0.20729,-0.14212,0.17339,0.1706,-0.29929,-0.32002,-0.65367,-0.56681,-0.52891,-0.32694,0.050507,0.082612,-0.19939,-0.24159,-0.52437,-0.29982,-0.045937,-0.1023,-0.0044933,0.039539,0.34418,0.23956,0.21365,0.26852,0.10128,0.14551,0.22949,0.22326,-0.015244,0.078911,0.17845,0.058713,0.046263,0.16014,-0.19047,-0.085884,-0.092506,-0.27729,-0.13013,-0.43788,0.44719,0.35638,0.15629,-0.11265,-0.58633,-0.63122,-0.082171,-0.161,-0.28286,-0.55447
0.19253,-0.18814,-0.12679,-0.10165,0,0.08637,0.36912,-0.080522,-0.21865,-0.26736,-0.086159,0.095766,0.016088,0.13348,-0.37675,-0.36811,-0.31903,-0.29192,-0.123,-0.2437,-0.16344,0.02928,-0.13652,-0.15178,-0.28064,-0.050654,-0.002448,-0.103,0.20081,0.042281,-0.071266,0.041041,-0.003541,0.03438,-0.0491,-0.0251,-0.16056,-0.19802,-0.1277,-0.22583,0.20726,-0.1204,0.05872,-0.11444,-0.19172,-0.05847,-0.33358,-0.30365,-0.035461,-0.055869,0.14233,-0.33364,0.11599,-0.10577,0.018619,0.33187,0.23683,-0.34003,-0.29434,0.1329,-0.10356,-0.29443,-0.39236,-0.2718,-0.071011,-0.3153,-0.39748,-0.21075,-0.1801,-0.19723,-0.068135,-0.17057,-0.11481,-0.3659,-0.26508,-0.32937,-0.10715,-0.1886,-0.045738,-0.25411,-0.12315,-0.23154,-0.27573,-0.1023,0.06593,-0.2071,-0.061091,-0.3579,-0.25364,-0.42869,-0.37289,0.35387,0.16721,-0.27274,-0.2026,-0.18249,-0.14985,-0.19662,-0.2241,-0.33453,-0.31305,-0.054437,-0.138,-0.46995,-0.34738
-0.0395,0.30557,-0.61831,-0.5542,0.08637,0,-0.19007,0.1875,-0.25541,-0.17336,-0.52497,0.035326,-0.39271,-0.27322,-0.10423,-0.00063277,-0.18469,-0.45958,-0.20227,0.0083219,0.24579,0.066038,0.29903,0.19614,-0.075357,-0.056591,0.39223,0.083289,0.32465,0.30296,-0.41939,-0.36975,-0.35081,-0.21255,-0.45102,-0.33989,-0.53017,-0.51081,-0.47655,-0.15656,0.55054,0.39733,-0.27601,0.11336,-0.30772,-0.26223,-0.54777,-0.6266,0.26731,-0.33344,-0.11279,-0.19416,0.14648,0.4631,-0.13265,0.17962,0.086408,-0.56678,-0.5727,0.129,0.19826,-0.041686,0.031856,-0.10561,0.032322,-0.54342,-0.52439,-0.3409,-0.094602,-0.12861,-0.033006,-0.44879,-0.31672,-0.46292,-0.43262,-0.70357,-0.22334,-0.41712,-0.2828,-0.45626,-0.26616,-0.3817,-0.60794,-0.073631,-0.10879,-0.41378,-0.14623,-0.45775,-0.52421,-0.19479,-0.3159,-0.095293,0.20978,-0.29648,0.29938,-0.5858,-0.4396,-0.39737,-0.18267,-0.087226,0.024646,-0.28266,-0.28202,-0.24378,-0.043252
0.17353,-0.21483,-0.018894,0.17172,0.36912,-0.19007,0,-0.01991,-0.076993,-0.21918,0.012905,0.011102,-0.026468,0.25807,-0.45612,-0.55375,-0.20593,-0.15062,-0.049919,-0.35176,-0.32581,-0.21139,-0.28778,-0.35671,-0.36457,-0.13242,-0.35665,-0.42273,-0.066824,-0.2966,0.065533,0.1637,-0.10664,-0.15312,0.017941,0.1033,-0.12754,-0.14554,-0.077741,-0.28156,-0.041283,-0.37395,0.15033,-0.096871,-0.10558,0.0071139,-0.052788,-0.011045,-0.11457,-0.15391,-0.0051708,-0.29934,-0.1082,-0.26185,-0.050583,0.18382,0.13913,-0.18299,-0.16168,0.13206,-0.20022,-0.3403,-0.46264,-0.2533,-0.068652,-0.026225,-0.083858,-0.058336,-0.30387,-0.17951,-0.20959,0.04949,0.041903,-0.073178,0.023202,-0.2487,0.057505,-0.17323,6.3916e-05,-0.30161,-0.12762,-0.24074,-0.14157,-0.12528,0.165,-0.18303,0.021437,-0.058905,0.021751,-0.21499,-0.082938,0.24521,0.015008,-0.268,-0.28821,-0.018018,0.14251,-0.19502,-0.12593,-0.30813,-0.35541,0.054047,-0.0158,-0.34615,-0.38584
0.046844,0.25882,-0.29345,-0.13158,-0.080522,0.1875,-0.01991,0,-0.15352,-0.018759,-0.23345,0.33502,-0.28419,-0.058439,-0.31351,-0.12297,-0.17099,-0.29826,0.041808,0.02827,-0.16082,-0.032073,0.14454,0.065936,-0.10159,0.078393,-0.037174,-0.063002,-0.028871,-0.093631,-0.25682,-0.17356,-0.33975,-0.22118,-0.28528,0.046371,-0.31197,-0.26243,-0.12333,0.18221,0.15241,0.20316,-0.11172,0.24626,-0.11301,-0.14262,-0.24983,-0.19511,-0.099083,-0.38196,-0.30039,-0.38446,-0.2253,-0.022633,-0.30671,0.032271,0.10003,-0.2338,-0.23617,-0.023227,0.15978,-0.3609,-0.18464,-0.36467,-0.19289,-0.20861,-0.086658,-0.37308,-0.23702,-0.43974,-0.25912,-0.39742,-0.18507,-0.10529,-0.028686,-0.33824,0.23432,-0.24546,-0.13985,-0.35355,-0.1849,-0.22189,-0.47674,0.08412,-0.038688,-0.19334,0.0038094,-0.11038,-0.1436,0.098865,0.073504,-0.19117,0.051369,-0.31054,0.17088,-0.2371,-0.09999,-0.16644,0.018235,-0.33996,-0.25469,-0.30189,-0.26253,-0.18572,-0.22899
-0.49357,-0.342,-0.20191,-0.095369,-0.21865,-0.25541,-0.076993,-0.15352,0,0.14375,0.019661,-0.19431,-0.078074,0.014458,-0.19836,-0.28824,0.0217,-0.056285,0.037755,-0.19084,-0.24233,-0.24193,-0.18516,-0.09542,0.31631,0.066626,-0.25141,-0.44915,-0.13056,-0.14825,0.19923,0.029012,-0.044256,-0.067598,0.011294,-0.1929,0.01208,0.016024,-0.073216,-0.080579,-0.28617,-0.23408,-0.047387,-0.00047937,-0.024684,-0.066275,-0.21784,-0.072705,-0.13697,-0.14282,-0.057103,-0.36432,-0.36717,-0.25107,0.012266,-0.22418,-0.16833,-0.061558,-0.094877,-0.06949,-0.14218,-0.40725,-0.50073,-0.40117,-0.45579,-0.25473,-0.0014573,-0.057576,-0.31138,-0.014522,-0.13282,0.027759,-0.087469,-0.1246,-0.031031,-0.14368,-0.12134,-0.053996,0.062408,-0.1399,0.046563,-0.37028,-0.25238,-0.1146,0.18778,0.040529,0.17302,-0.12985,-0.10885,-0.28852,-0.29236,0.070097,-0.062235,-0.084299,-0.30486,0.036694,0.13093,-0.033959,-0.18494,-0.24311,-0.35881,-0.0021028,-0.0088013,-0.25815,-0.33472
-0.44316,-0.25493,-0.15102,-0.13738,-0.26736,-0.17336,-0.21918,-0.018759,0.14375,0,-0.093759,0.050532,-0.027318,-0.048103,-0.066773,-0.056988,0.085226,-0.093286,0.30181,0.21452,-0.12637,0.12036,0.13322,0.27966,0.24629,0.57317,-0.14316,-0.12988,-0.059314,0.077997,0.0973,0.13961,-0.028788,-0.085066,-0.0003068,0.0406,-0.027855,-0.033703,-0.049477,0.20172,-0.1851,-0.0018536,0.060637,0.22893,-0.10471,-0.12995,-0.43759,-0.14082,-0.10166,-0.20209,-0.23556,-0.49951,-0.35689,-0.23184,-0.13385,-0.11977,-0.027158,-0.080643,0.018568,-0.27056,0.084043,-0.3531,-0.31897,-0.46395,-0.38958,-0.32503,-0.13205,-0.22521,-0.37163,-0.2265,0.015525,-0.24264,-0.13874,-0.28644,-0.17917,-0.14251,-0.1397,0.018612,0.1412,-0.029127,0.14728,-0.08754,-0.18253,0.2009,0.021847,0.12227,0.28661,-0.24251,-0.11938,-0.43096,-0.40477,0.095273,0.22029,-0.19468,-0.15132,0.070953,0.14919,0.071816,0.094698,-0.40132,-0.25371,0.0034834,0.12283,-0.2248,-0.36579
-0.30428,-0.72697,0.43268,0.37303,-0.086159,-0.52497,0.012905,-0.23345,0.019661,-0.093759,0,-0.083315,0.55636,0.345,-0.51878,-0.42858,-0.29774,-0.089176,0.060938,-0.3681,-0.86795,-0.28024,-0.52603,-0.37943,-0.15997,-0.010891,-0.4732,-0.39089,-0.26544,-0.30569,0.45154,0.3626,0.50094,0.34867,0.31393,0.12128,0.76447,0.6957,0.53904,0.054265,-0.5039,-0.47821,0.061858,-0.33531,-0.12114,-0.1085,-0.13279,0.11272,-0.65052,0.35618,0.048244,-0.835,-0.56068,-0.8338,-0.19578,-0.38084,-0.26312,0.18346,0.18936,-0.46123,-0.47215,-0.75749,-0.76671,-0.69594,-0.55068,-0.14896,-0.048429,-0.13603,-0.20409,-0.48576,-0.25495,-0.18003,-0.20435,-0.22321,-0.10478,0.39468,0.043744,0.53073,0.30708,0.3358,0.21861,0.022767,0.094596,0.0092806,0.028654,0.4578,0.063763,-0.12609,0.028436,-0.43627,-0.32246,0.0041162,-0.32753,0.03493,-0.4902,0.4709,0.16223,0.29934,-0.24184,-0.71843,-0.83907,-0.18195,-0.29191,-0.47252,-0.74226
0.023828,-0.065527,-0.146,-0.078323,0.095766,0.035326,0.011102,0.33502,-0.19431,0.050532,-0.083315,0,-0.026576,0.070468,-0.37966,-0.096673,-0.30376,-0.29585,0.056981,0.1463,-0.23858,0.14525,0.085341,0.16859,-0.16131,0.27191,0.026404,0.10608,0.087508,0.049893,-0.1401,0.026519,-0.10657,-0.0081813,-0.099319,0.18801,-0.16872,-0.1415,-0.039353,0.21395,0.051197,0.13757,0.029957,0.12327,0.040107,0.056579,-0.41872,-0.26785,-0.21103,-0.20139,-0.088249,-0.55862,-0.22081,-0.20385,-0.30364,-0.021962,0.019309,-0.24574,-0.16866,-0.029996,0.18441,-0.35849,-0.24676,-0.45012,-0.29782,-0.29576,-0.21743,-0.35475,-0.18495,-0.39777,-0.16552,-0.31716,-0.063207,-0.23017,-0.09055,-0.19916,0.29214,-0.14557,0.0012847,-0.19724,-0.062305,-0.18134,-0.3958,0.11754,-0.024148,-0.091892,0.069579,-0.31787,-0.22724,-0.15096,-0.14276,0.014944,0.16851,-0.21383,0.071573,-0.12019,-0.048877,-0.074839,-0.081678,-0.475,-0.30002,-0.23431,-0.1664,-0.22171,-0.27778
-0.25309,-0.65161,0.3417,0.22504,0.016088,-0.39271,-0.026468,-0.28419,-0.078074,-0.027318,0.55636,-0.026576,0,0.36283,-0.54992,-0.439,-0.35208,-0.13128,0.038478,-0.27282,-0.6616,-0.1438,-0.43913,-0.23212,-0.13667,0.096673,-0.37186,-0.30664,-0.14186,-0.10079,0.29612,0.39715,0.73545,0.60187,0.3451,0.19384,0.54274,0.53002,0.38393,0.035946,-0.39331,-0.38997,0.13622,-0.26639,-0.056138,0.016797,-0.32715,0.0018152,-0.43792,0.64162,0.23451,-0.6945,-0.37471,-0.63843,-0.10391,-0.24163,-0.16376,0.11208,0.18302,-0.40116,-0.3578,-0.68459,-0.65643,-0.63375,-0.40095,-0.27245,-0.19343,-0.23745,-0.20512,-0.40047,-0.077767,-0.17283,-0.12303,-0.32666,-0.23793,0.33464,-0.041092,0.6314,0.48918,0.41734,0.29852,0.077524,0.036247,0.091752,0.064721,0.48458,0.14476,-0.31936,-0.06352,-0.60218,-0.46643,0.097057,-0.19313,-0.025381,-0.46127,0.37599,0.090013,0.27599,-0.17903,-0.75973,-0.66767,-0.15635,-0.25098,-0.45644,-0.71635
-0.096616,-0.4394,0.2936,0.28739,0.13348,-0.27322,0.25807,-0.058439,0.014458,-0.048103,0.345,0.070468,0.36283,0,-0.58956,-0.62297,-0.16975,-0.03555,0.062881,-0.28856,-0.56716,-0.20588,-0.33054,-0.31702,-0.17582,0.050187,-0.3538,-0.42405,-0.16639,-0.24318,0.28009,0.55559,0.18958,0.33128,0.19879,0.26606,0.18326,0.24969,0.21522,-0.034636,-0.2957,-0.3988,0.17918,-0.16274,0.008993,0.00643,-0.10927,0.048679,-0.37347,0.13727,0.1427,-0.71854,-0.36035,-0.50391,-0.17009,-0.1115,-0.046767,0.11575,0.11619,-0.21727,-0.29722,-0.60345,-0.68426,-0.52505,-0.24713,-0.08109,-0.15064,-0.062548,-0.19755,-0.28759,-0.035518,-0.025464,0.019028,-0.14729,-0.067195,0.078636,0.14956,0.15601,0.40621,-0.03477,0.12632,-0.095414,-0.12178,0.016337,0.13916,0.16098,0.11832,-0.1134,0.10764,-0.35077,-0.24397,0.1833,-0.031421,-0.18196,-0.36893,0.23772,0.18575,0.12427,-0.030878,-0.49348,-0.59987,0.048027,-0.087706,-0.51137,-0.6757
-0.47756,-0.16405,-0.47926,-0.57489,-0.37675,-0.10423,-0.45612,-0.31351,-0.19836,-0.066773,-0.51878,-0.37966,-0.54992,-0.58956,0,0.41466,0.26252,-0.028954,-0.12991,0.14612,0.39014,0.11651,0.12971,0.085699,-0.099083,-0.23228,0.035346,0.013505,-0.18639,0.014196,-0.28438,-0.45696,-0.31451,-0.48454,-0.27347,-0.48635,-0.35364,-0.46071,-0.52042,-0.28469,-0.026762,0.039187,-0.25282,-0.02866,-0.41862,-0.45977,-0.37857,-0.49202,-0.04315,-0.49256,-0.45644,-0.13283,-0.0066473,0.10374,-0.077179,-0.15698,-0.16115,-0.42,-0.36367,-0.263,0.024704,0.17745,0.13762,0.13705,-0.13325,-0.38252,-0.35526,-0.093004,-0.12154,-0.068288,-0.015819,-0.30225,-0.41935,-0.43537,-0.42901,-0.511,-0.56022,-0.40345,-0.35948,-0.30668,-0.20849,-0.2089,-0.19575,-0.31906,-0.26754,-0.36661,-0.19954,-0.29697,-0.48057,-0.35163,-0.48422,-0.15018,-0.0055863,-0.1962,-0.088652,-0.44,-0.3526,-0.44293,-0.37142,0.09544,0.32264,-0.11725,0.087782,0.071132,0.20913
-0.4329,-0.1059,-0.50618,-0.55911,-0.36811,-0.00063277,-0.55375,-0.12297,-0.28824,-0.056988,-0.42858,-0.096673,-0.439,-0.62297,0.41466,0,-0.062938,-0.22953,-0.12533,0.3163,0.19429,0.19582,0.19824,0.32399,-0.083999,-0.096571,0.14395,0.27343,-0.077895,0.16211,-0.3748,-0.51155,-0.26224,-0.36439,-0.32457,-0.40078,-0.31308,-0.3942,-0.3937,-0.053549,0.042651,0.29311,-0.33002,-0.015308,-0.37411,-0.39005,-0.60151,-0.58888,-0.13452,-0.38614,-0.37623,-0.26522,-0.090192,0.052156,-0.2078,-0.24466,-0.24343,-0.48505,-0.39352,-0.28627,0.13847,0.036828,0.2082,-0.08382,-0.30624,-0.55902,-0.36578,-0.32107,-0.056681,-0.30429,-0.18966,-0.57152,-0.50513,-0.51782,-0.44483,-0.41045,-0.31464,-0.3152,-0.35197,-0.20498,-0.18507,-0.1797,-0.2936,-0.17231,-0.30186,-0.28899,-0.17773,-0.46457,-0.63636,-0.27214,-0.41961,-0.27352,-0.070838,-0.13392,0.099166,-0.46817,-0.43435,-0.37578,-0.43882,-0.10269,0.16849,-0.35604,-0.18446,0.15227,0.20342
-0.4704,-0.22743,-0.20829,-0.24675,-0.31903,-0.18469,-0.20593,-0.17099,0.0217,0.085226,-0.29774,-0.30376,-0.35208,-0.16975,0.26252,-0.062938,0,0.33291,0.21319,0.12094,0.060305,-0.019111,0.13486,-0.042249,0.042274,-0.094347,-0.15159,-0.2518,-0.30604,-0.159,-0.039078,-0.10194,-0.22517,-0.28579,-0.042364,-0.17447,-0.21963,-0.23695,-0.29666,-0.14159,-0.17383,-0.10299,0.013141,0.15319,-0.16713,-0.26452,-0.12824,-0.1441,-0.13537,-0.3871,-0.38077,-0.32385,-0.21549,-0.058266,-0.059448,-0.10093,-0.029286,-0.065687,-0.057761,-0.23426,-0.038446,-0.081902,-0.14942,-0.018031,-0.087655,-0.06885,-0.072417,0.22465,-0.13608,-0.036707,0.17863,-0.05259,-0.081615,-0.14069,-0.10907,-0.28971,-0.2662,-0.22786,-0.055524,-0.25251,0.04871,-0.15302,-0.075594,-0.099319,0.059167,-0.12353,0.1163,0.0011441,-0.06653,-0.26268,-0.28307,-0.03013,0.090659,-0.23222,-0.19725,-0.13709,-0.019347,-0.15872,0.003835,0.036387,0.063552,0.20651,0.40544,-0.10433,-0.09365
-0.33642,-0.42963,0.15839,0.068365,-0.29192,-0.45958,-0.15062,-0.29826,-0.056285,-0.093286,-0.089176,-0.29585,-0.13128,-0.03555,-0.028954,-0.22953,0.33291,0,0.14457,0.0043591,-0.23994,-0.062925,-0.19617,-0.21843,-0.11118,-0.21565,-0.39152,-0.3265,-0.56999,-0.28601,-0.034003,-0.054578,-0.066326,-0.12746,0.16118,-0.0024736,-0.014982,-0.030315,-0.038957,-0.10724,-0.347,-0.3045,0.11274,-0.073529,-0.039775,-0.18346,-0.02455,0.010233,-0.38348,-0.16915,-0.27802,-0.35984,-0.19174,-0.26766,0.044709,-0.16068,-0.081487,0.16381,0.1977,-0.30464,-0.14237,-0.28191,-0.27798,-0.11489,-0.15869,0.039756,0.037915,0.071445,-0.027037,-0.25013,0.054348,0.04958,-0.051235,-0.055882,-0.063162,0.091809,-0.052373,-0.05121,0.093445,-0.10012,0.14287,0.11025,0.099032,-0.11896,0.090965,0.019296,0.079697,0.027209,0.051606,-0.2545,-0.24765,-0.094276,-0.12645,-0.21904,-0.43627,0.089246,0.099888,-0.051114,-0.13117,-0.14786,-0.12324,0.15031,0.23984,-0.013953,-0.13628
-0.32285,-0.2935,0.051619,0.063462,-0.123,-0.20227,-0.049919,0.041808,0.037755,0.30181,0.060938,0.056981,0.038478,0.062881,-0.12991,-0.12533,0.21319,0.14457,0,0.19319,-0.25621,0.12026,0.098655,0.081723,0.11543,0.28975,-0.17767,-0.13064,-0.17379,-0.047611,0.20454,0.22676,0.095363,0.019405,0.2527,0.23669,0.092544,0.073005,0.12775,0.33528,-0.15426,-0.0062766,0.33562,0.31169,-0.017098,-0.060132,-0.21364,0.054354,-0.27684,-0.11231,-0.25848,-0.63079,-0.35753,-0.28098,-0.067674,-0.035026,0.15225,0.14081,0.21453,-0.25553,0.022153,-0.45058,-0.38432,-0.41621,-0.31511,-0.083359,0.11618,-0.063251,-0.22464,-0.37134,0.057716,-0.17445,-0.023093,-0.12413,0.033626,0.0075293,0.029286,0.16489,0.26941,0.086268,0.43805,0.074628,0.024135,0.43211,0.35096,0.33734,0.61938,-0.0065642,0.073996,-0.3119,-0.24277,0.10767,0.11936,-0.090678,-0.18881,0.26141,0.28581,0.31264,0.17149,-0.42152,-0.30242,0.033518,0.12009,-0.27494,-0.38943
-0.33205,-0.095836,-0.29362,-0.32075,-0.2437,0.0083219,-0.35176,0.02827,-0.19084,0.21452,-0.3681,0.1463,-0.27282,-0.28856,0.14612,0.3163,0.12094,0.0043591,0.19319,0,0.14696,0.38634,0.44265,0.55994,0.017392,0.16185,0.081346,0.17592,-0.090377,0.229,-0.2521,-0.20218,-0.20486,-0.19543,-0.13606,-0.051452,-0.272,-0.29081,-0.25701,0.15126,0.051465,0.33577,-0.040887,0.3006,-0.098316,-0.15066,-0.54536,-0.41168,-0.081244,-0.3771,-0.30244,-0.37443,-0.086581,0.047426,-0.10608,-0.044767,-0.014752,-0.27456,-0.17148,-0.18602,0.4213,-0.077441,0.072206,-0.18657,-0.22394,-0.37807,-0.2448,-0.27958,-0.14217,-0.28083,0.062146,-0.34138,-0.16637,-0.33306,-0.25064,-0.27801,-0.079608,-0.23524,-0.060989,-0.17756,0.041392,-0.046531,-0.23081,0.069023,-0.050334,-0.13718,0.12137,-0.3576,-0.36875,-0.24845,-0.33933,-0.09597,0.26645,-0.21542,0.090927,-0.23978,-0.14632,-0.16415,-0.077,-0.15684,0.12436,-0.076476,0.12252,0.084267,0.05888
-0.22779,0.12508,-0.79135,-0.76216,-0.16344,0.24579,-0.32581,-0.16082,-0.24233,-0.12637,-0.86795,-0.23858,-0.6616,-0.56716,0.39014,0.19429,0.060305,-0.23994,-0.25621,0.14696,0,0.11925,0.33079,0.20641,-0.10186,-0.18965,0.21401,0.02751,0.054942,0.18796,-0.50696,-0.54412,-0.51546,-0.52821,-0.48754,-0.49412,-0.669,-0.76401,-0.73912,-0.36256,0.33622,0.20631,-0.32765,0.067764,-0.37872,-0.34447,-0.54304,-0.70233,0.39226,-0.60642,-0.30468,0.076795,0.29199,0.5933,-0.0056885,0.13357,-0.0043207,-0.70083,-0.61643,0.042575,0.20114,0.30702,0.25301,0.1734,0.032201,-0.51599,-0.5029,-0.24871,-0.24058,0.063622,-0.011959,-0.30433,-0.30779,-0.45154,-0.46246,-0.893,-0.50867,-0.67262,-0.43027,-0.56904,-0.36565,-0.38579,-0.45399,-0.33211,-0.23931,-0.61616,-0.23769,-0.4712,-0.62052,-0.27508,-0.40888,-0.12061,0.20536,-0.39854,0.053523,-0.72015,-0.46621,-0.64925,-0.27618,0.20407,0.50797,-0.092819,0.048736,0.02696,0.29991
-0.12705,-0.09342,-0.21214,-0.29757,0.02928,0.066038,-0.21139,-0.032073,-0.24193,0.12036,-0.28024,0.14525,-0.1438,-0.20588,0.11651,0.19582,-0.019111,-0.062925,0.12026,0.38634,0.11925,0,0.30119,0.48094,-0.019507,0.1912,0.26291,0.42092,0.019814,0.37045,-0.19703,-0.15601,-0.046672,-0.10565,-0.033518,-0.022153,-0.17703,-0.25004,-0.1516,0.11192,0.20917,0.36386,0.10125,0.24719,-0.13904,-0.15325,-0.51774,-0.3683,-0.084299,-0.23506,-0.26122,-0.36479,0.072826,0.01805,-0.03146,0.16418,0.28137,-0.25532,-0.13036,-0.13312,0.34692,-0.21358,-0.13922,-0.18544,-0.16984,-0.39858,-0.32336,-0.31566,-0.10151,-0.31287,0.12322,-0.34437,-0.22897,-0.42146,-0.33518,-0.27084,-0.19918,-0.1548,-0.07714,-0.1435,-0.0065194,-0.0087821,-0.29737,0.036912,-0.060586,-0.095082,0.063526,-0.37686,-0.32905,-0.4397,-0.49713,0.13526,0.34155,-0.25836,-0.078329,-0.17966,-0.16874,-0.13378,-0.16505,-0.3527,-0.051555,-0.15884,0.041808,-0.12381,-0.091758
-0.24043,0.12708,-0.53204,-0.53049,-0.13652,0.29903,-0.28778,0.14454,-0.18516,0.13322,-0.52603,0.085341,-0.43913,-0.33054,0.12971,0.19824,0.13486,-0.19617,0.098655,0.44265,0.33079,0.30119,0,0.51935,0.11444,0.1708,0.33752,0.20568,0.052379,0.22561,-0.35433,-0.27396,-0.37697,-0.31574,-0.33389,-0.19749,-0.4837,-0.50017,-0.37778,0.051376,0.27871,0.57183,-0.14607,0.40639,-0.20882,-0.24686,-0.49187,-0.41077,0.063654,-0.48978,-0.37544,-0.27945,-0.068882,0.2171,-0.18943,0.11176,0.13889,-0.36065,-0.28664,-0.037525,0.35125,-0.0488,0.0070244,-0.12912,-0.13137,-0.36986,-0.26771,-0.20691,-0.21142,-0.17243,0.024736,-0.40215,-0.17755,-0.33445,-0.24547,-0.5364,-0.19689,-0.40079,-0.25184,-0.4049,-0.16075,-0.29003,-0.46491,0.056144,-0.085552,-0.282,0.01348,-0.31644,-0.32175,-0.23098,-0.29147,-0.07227,0.34689,-0.37747,0.11754,-0.40245,-0.26349,-0.2554,0.032955,-0.092691,0.10017,-0.1003,0.036445,-0.13536,-0.0041098
-0.31733,-0.006283,-0.44287,-0.44185,-0.15178,0.19614,-0.35671,0.065936,-0.09542,0.27966,-0.37943,0.16859,-0.23212,-0.31702,0.085699,0.32399,-0.042249,-0.21843,0.081723,0.55994,0.20641,0.48094,0.51935,0,0.22,0.34804,0.28647,0.28261,0.12166,0.52951,-0.26854,-0.24513,-0.1676,-0.15727,-0.1955,-0.14064,-0.27985,-0.30788,-0.25937,0.17319,0.19661,0.61113,-0.099108,0.35303,-0.13463,-0.13275,-0.74058,-0.45914,0.064178,-0.29386,-0.21693,-0.31014,-0.046799,0.1292,-0.073785,0.022562,0.057103,-0.35815,-0.24931,-0.092167,0.45844,-0.1718,-0.042281,-0.26306,-0.28456,-0.56942,-0.30604,-0.38735,-0.17869,-0.2346,0.012905,-0.43023,-0.2314,-0.4283,-0.3278,-0.35957,-0.17605,-0.21382,-0.11761,-0.18434,-0.02703,-0.18478,-0.42378,0.088121,-0.054552,-0.12539,0.11463,-0.49541,-0.4448,-0.34831,-0.43977,-0.029338,0.29899,-0.24993,0.082151,-0.29791,-0.2327,-0.17728,-0.12647,-0.25406,0.0069669,-0.19833,-0.042722,-0.035435,-0.035096
-0.56423,-0.23859,-0.30953,-0.31073,-0.28064,-0.075357,-0.36457,-0.10159,0.31631,0.24629,-0.15997,-0.16131,-0.13667,-0.17582,-0.099083,-0.083999,0.042274,-0.11118,0.11543,0.017392,-0.10186,-0.019507,0.11444,0.22,0,0.30094,-0.0045444,-0.13144,-0.098201,0.092218,-0.07971,-0.12847,-0.084542,-0.033109,-0.11784,-0.19306,-0.081583,-0.07096,-0.049944,0.18613,-0.14628,0.10195,-0.15943,0.10873,-0.13009,-0.18088,-0.43836,-0.16385,-0.11342,-0.14625,-0.18543,-0.34828,-0.32818,-0.12968,-0.016644,-0.1615,-0.069432,-0.082816,-0.058323,-0.22439,-0.060522,-0.45624,-0.42316,-0.48158,-0.52599,-0.41081,-0.073082,-0.21215,-0.26684,-0.19381,-0.072391,-0.30708,-0.18344,-0.25914,-0.16497,-0.13412,-0.21572,-0.048666,-0.034758,-0.083008,0.05879,-0.26644,-0.3464,0.06182,0.054361,0.10357,0.14765,-0.28893,-0.17425,-0.40538,-0.41207,-0.088875,-0.026282,-0.28524,-0.28626,-0.09753,-0.12718,0.053357,-0.026097,-0.29426,-0.31575,-0.093925,-0.099907,-0.28466,-0.33491
-0.31575,-0.25202,-0.14427,-0.13704,-0.050654,-0.056591,-0.13242,0.078393,0.066626,0.57317,-0.010891,0.27191,0.096673,0.050187,-0.23228,-0.096571,-0.094347,-0.21565,0.28975,0.16185,-0.18965,0.1912,0.1708,0.34804,0.30094,0,-0.0023905,0.0086031,0.092244,0.19007,0.064779,0.18828,0.065693,0.089924,0.021348,0.15832,0.018689,0.020702,0.086977,0.39036,-0.062548,0.12285,0.059027,0.20399,-0.071273,-0.026148,-0.53746,-0.15778,-0.13714,-0.095849,-0.1036,-0.56983,-0.33858,-0.26149,-0.13559,-0.036963,0.065163,-0.12487,-0.011709,-0.23016,0.034246,-0.50139,-0.45293,-0.64571,-0.49039,-0.40051,-0.16019,-0.28642,-0.35066,-0.32477,-0.035863,-0.35701,-0.088613,-0.31707,-0.14726,-0.10892,-0.053332,0.053971,0.1493,0.015417,0.15202,-0.13823,-0.27513,0.26991,0.060797,0.19198,0.30255,-0.35574,-0.14597,-0.48675,-0.40773,0.14224,0.22441,-0.27464,-0.18358,0.036892,0.026902,0.15337,0.10389,-0.53925,-0.39634,-0.06244,-0.023074,-0.35991,-0.49153
-0.16805,0.09418,-0.5702,-0.69363,-0.002448,0.39223,-0.35665,-0.037174,-0.25141,-0.14316,-0.4732,0.026404,-0.37186,-0.3538,0.035346,0.14395,-0.15159,-0.39152,-0.17767,0.081346,0.21401,0.26291,0.33752,0.28647,-0.0045444,-0.0023905,0,0.4865,0.21458,0.29293,-0.35565,-0.35762,-0.25415,-0.1725,-0.31435,-0.34914,-0.42223,-0.44051,-0.41278,-0.076661,0.22821,0.53891,-0.20012,0.10508,-0.16153,-0.17071,-0.49584,-0.57859,-0.02092,-0.35773,-0.24916,-0.253,-0.010655,0.15261,-0.24384,-0.021348,0.028775,-0.45615,-0.44668,-0.011773,0.17238,-0.070909,-0.080464,-0.10583,-0.14467,-0.46882,-0.47353,-0.24792,-0.075459,-0.076482,0.065699,-0.37644,-0.23856,-0.41398,-0.35256,-0.56573,-0.36441,-0.39712,-0.35466,-0.34476,-0.25828,-0.4235,-0.63703,-0.16782,-0.22156,-0.3236,-0.18394,-0.42495,-0.50915,-0.28167,-0.40298,-0.061206,0.1485,-0.21316,0.11751,-0.48619,-0.46508,-0.27286,-0.22282,-0.19139,-0.034253,-0.36531,-0.2103,-0.31485,-0.069758
-0.11738,-0.0054776,-0.36153,-0.48996,-0.103,0.083289,-0.42273,-0.063002,-0.44915,-0.12988,-0.39089,0.10608,-0.30664,-0.42405,0.013505,0.27343,-0.2518,-0.3265,-0.13064,0.17592,0.02751,0.42092,0.20568,0.28261,-0.13144,0.0086031,0.4865,0,0.02462,0.18975,-0.38962,-0.35478,-0.20544,-0.20284,-0.24323,-0.20024,-0.31736,-0.34969,-0.25709,0.068294,0.09023,0.47876,-0.16474,0.026627,-0.17284,-0.18737,-0.47672,-0.47466,-0.20659,-0.33761,-0.3879,-0.28832,-0.074207,-0.036777,-0.29622,-0.096807,-0.012035,-0.37873,-0.30874,-0.18825,0.15077,-0.15525,-0.06777,-0.19388,-0.25399,-0.39721,-0.37052,-0.36677,-0.047892,-0.33619,-0.065303,-0.49805,-0.28506,-0.38297,-0.313,-0.33327,-0.26935,-0.29129,-0.35569,-0.19446,-0.21741,-0.17879,-0.42735,-0.093004,-0.31195,-0.23092,-0.21197,-0.39224,-0.44068,-0.27818,-0.35395,-0.17046,0.0092742,-0.22439,0.037276,-0.35202,-0.40181,-0.17323,-0.21726,-0.36029,-0.10346,-0.45752,-0.24701,-0.21783,-0.097121
-0.072328,-0.018472,-0.47265,-0.40481,0.20081,0.32465,-0.066824,-0.028871,-0.13056,-0.059314,-0.26544,0.087508,-0.14186,-0.16639,-0.18639,-0.077895,-0.30604,-0.56999,-0.17379,-0.090377,0.054942,0.019814,0.052379,0.12166,-0.098201,0.092244,0.21458,0.02462,0,0.38169,-0.14855,-0.13731,-0.11153,-0.0945,-0.27481,-0.29304,-0.26202,-0.26697,-0.32211,-0.16866,0.23641,0.11282,-0.2053,-0.024518,-0.28504,-0.11908,-0.70681,-0.61723,0.23453,-0.15758,0.11378,-0.27075,0.030827,0.069029,-0.045905,0.098137,-0.016657,-0.65868,-0.60936,0.080624,0.009875,-0.060586,-0.1154,-0.25657,-0.15238,-0.67233,-0.55762,-0.28673,-0.277,-0.03238,-0.036733,-0.36138,-0.25047,-0.56774,-0.41303,-0.548,-0.30933,-0.23593,-0.10795,-0.20552,-0.11908,-0.37972,-0.3861,-0.069675,-0.0237,-0.25932,-0.039308,-0.60593,-0.60457,-0.42382,-0.47468,0.11363,0.1957,-0.15892,0.095401,-0.34197,-0.23708,-0.27004,-0.23421,-0.3118,-0.13612,-0.26392,-0.23558,-0.39796,-0.25906
-0.2387,-0.10121,-0.3896,-0.43852,0.042281,0.30296,-0.2966,-0.093631,-0.14825,0.077997,-0.30569,0.049893,-0.10079,-0.24318,0.014196,0.16211,-0.159,-0.28601,-0.047611,0.229,0.18796,0.37045,0.22561,0.52951,0.092218,0.19007,0.29293,0.18975,0.38169,0,-0.22634,-0.21412,-0.018842,8.3091e-05,-0.19682,-0.25297,-0.19877,-0.2373,-0.24989,-0.0036368,0.27386,0.33758,-0.15744,0.076105,-0.28619,-0.21371,-1,-0.65035,0.15368,-0.086421,0.043878,-0.3241,0.15113,0.17013,0.10757,0.11332,0.044492,-0.47992,-0.37753,-0.0832,0.20811,-0.1095,-0.03895,-0.24057,-0.18709,-0.84385,-0.56934,-0.39455,-0.13228,-0.18376,0.10521,-0.46477,-0.35185,-0.73219,-0.58944,-0.36844,-0.29474,-0.13513,-0.022435,-0.10053,0.028277,-0.142,-0.33555,0.042984,-0.013966,-0.13412,0.05036,-0.74467,-0.64171,-0.56894,-0.72949,0.074456,0.27987,-0.19598,0.024659,-0.31036,-0.28514,-0.21124,-0.26307,-0.28367,-0.019296,-0.20243,-0.1514,-0.18219,-0.10283
-0.41713,-0.62369,0.19342,0.16565,-0.071266,-0.41939,0.065533,-0.25682,0.19923,0.0973,0.45154,-0.1401,0.29612,0.28009,-0.28438,-0.3748,-0.039078,-0.034003,0.20454,-0.2521,-0.50696,-0.19703,-0.35433,-0.26854,-0.07971,0.064779,-0.35565,-0.38962,-0.14855,-0.22634,0,0.59017,0.40822,0.18424,0.49334,0.074667,0.41836,0.3723,0.1208,-0.059039,-0.43857,-0.40998,0.27354,-0.12072,-0.04469,-0.0012911,-0.10538,0.0646,-0.37606,0.087872,-0.022371,-0.68999,-0.49711,-0.57714,-0.12544,-0.28581,-0.15796,0.11018,0.096584,-0.32025,-0.32293,-0.50059,-0.65453,-0.48271,-0.39097,-0.094737,-0.061641,0.068026,-0.22782,-0.17193,0.0054648,0.026014,-0.048423,-0.17001,-0.04579,0.056214,-0.14683,0.30629,0.31824,0.22215,0.32496,-0.10402,0.10814,0.0094788,0.1669,0.35281,0.24736,-0.036771,0.029779,-0.47104,-0.37002,0.27695,-0.081026,0.15593,-0.34268,0.41208,0.29557,0.27315,-0.11324,-0.46907,-0.53451,0.0054393,0.00021092,-0.48905,-0.65002
-0.25496,-0.5573,0.28691,0.23108,0.041041,-0.36975,0.1637,-0.17356,0.029012,0.13961,0.3626,0.026519,0.39715,0.55559,-0.45696,-0.51155,-0.10194,-0.054578,0.22676,-0.20218,-0.54412,-0.15601,-0.27396,-0.24513,-0.12847,0.18828,-0.35762,-0.35478,-0.13731,-0.21412,0.59017,0,0.28252,0.24067,0.35852,0.28948,0.2454,0.27437,0.17769,-0.0042376,-0.38646,-0.39317,0.31867,-0.099198,0.0024608,0.044332,-0.13302,0.10296,-0.36956,0.084849,0.0068071,-0.74462,-0.47446,-0.5952,-0.19068,-0.16535,-0.065405,0.1393,0.18198,-0.27965,-0.28857,-0.53655,-0.6898,-0.55225,-0.31684,-0.05119,-0.096354,0.013838,-0.27426,-0.23,0.033812,-0.0024991,0.083347,-0.15729,-0.029881,0.085219,-0.0098175,0.23676,0.38655,0.10756,0.26025,-0.073114,0.038017,0.13606,0.14587,0.29818,0.23767,-0.08047,0.14494,-0.47694,-0.32,0.30826,0.020862,-0.067368,-0.35654,0.43134,0.34398,0.31288,0.095433,-0.52876,-0.57664,0.10773,0.04205,-0.57086,-0.76308
-0.36759,-0.68789,0.27161,0.11256,-0.003541,-0.35081,-0.10664,-0.33975,-0.044256,-0.028788,0.50094,-0.10657,0.73545,0.18958,-0.31451,-0.26224,-0.22517,-0.066326,0.095363,-0.20486,-0.51546,-0.046672,-0.37697,-0.1676,-0.084542,0.065693,-0.25415,-0.20544,-0.11153,-0.018842,0.40822,0.28252,0,0.58052,0.50331,0.070519,0.71314,0.55316,0.27151,0.036912,-0.35545,-0.29952,0.17162,-0.2264,-0.10575,-0.040472,-0.34758,-0.09241,-0.42686,0.54351,0.16885,-0.71791,-0.32469,-0.53871,-0.031287,-0.26899,-0.16225,0.063187,0.1108,-0.43643,-0.31437,-0.57678,-0.57302,-0.5208,-0.40773,-0.31785,-0.23019,-0.15551,-0.095702,-0.35477,0.013384,-0.19222,-0.20562,-0.39315,-0.28905,0.24595,-0.16516,0.65249,0.42277,0.59541,0.44744,0.10482,0.11215,0.043878,0.087859,0.53316,0.1838,-0.31401,-0.16244,-0.67834,-0.5986,0.1491,-0.16279,0.1119,-0.40304,0.31119,0.030041,0.27329,-0.27764,-0.65108,-0.54387,-0.1707,-0.20459,-0.41778,-0.59027
-0.30624,-0.5528,0.21007,0.056317,0.03438,-0.21255,-0.15312,-0.22118,-0.067598,-0.085066,0.34867,-0.0081813,0.60187,0.33128,-0.48454,-0.36439,-0.28579,-0.12746,0.019405,-0.19543,-0.52821,-0.10565,-0.31574,-0.15727,-0.033109,0.089924,-0.1725,-0.20284,-0.0945,8.3091e-05,0.18424,0.24067,0.58052,0,0.24314,0.092237,0.39112,0.45991,0.25814,0.10732,-0.31576,-0.22758,0.04818,-0.23645,-0.046052,-0.026947,-0.3718,-0.16479,-0.41555,0.46036,0.27505,-0.76836,-0.32802,-0.46663,-0.10113,-0.26157,-0.17761,0.053581,0.052967,-0.39484,-0.29437,-0.63967,-0.58808,-0.63354,-0.40447,-0.34912,-0.30835,-0.23336,-0.085577,-0.37231,0.022658,-0.23894,-0.16733,-0.36828,-0.29087,0.21375,-0.051088,0.39198,0.41315,0.32157,0.31317,0.018951,-0.080649,0.041641,0.041533,0.37832,0.09434,-0.36464,-0.17771,-0.53842,-0.51414,0.034547,-0.13461,-0.021342,-0.33331,0.15881,-0.077658,0.27755,-0.18576,-0.59446,-0.60686,-0.16897,-0.28601,-0.51077,-0.63087
-0.32662,-0.57378,0.34717,0.25045,-0.0491,-0.45102,0.017941,-0.28528,0.011294,-0.0003068,0.31393,-0.099319,0.3451,0.19879,-0.27347,-0.32457,-0.042364,0.16118,0.2527,-0.13606,-0.48754,-0.033518,-0.33389,-0.1955,-0.11784,0.021348,-0.31435,-0.24323,-0.27481,-0.19682,0.49334,0.35852,0.50331,0.24314,0,0.28294,0.41772,0.36807,0.16896,0.021431,-0.40648,-0.31584,0.60474,-0.049164,0.16017,0.18192,-0.097178,0.10464,-0.42266,0.12724,-0.056016,-0.56083,-0.35433,-0.51529,-0.043866,-0.22556,-0.05344,0.23362,0.26058,-0.3065,-0.20293,-0.56501,-0.59902,-0.39133,-0.31961,-0.0098175,0.022543,-0.0034387,-0.1003,-0.25901,0.080336,0.089278,0.071644,-0.063916,0.017347,0.22114,-0.076015,0.33585,0.33819,0.31795,0.44265,0.083519,0.16419,0.003688,0.19836,0.43984,0.3233,-0.028455,0.065495,-0.40991,-0.3222,0.18844,-0.095293,0.097734,-0.38904,0.45262,0.2295,0.31957,-0.11934,-0.51099,-0.45781,-0.038433,0.049228,-0.31288,-0.50078
-0.06196,-0.31192,0.27038,0.32797,-0.0251,-0.33989,0.1033,0.046371,-0.1929,0.0406,0.12128,0.18801,0.19384,0.26606,-0.48635,-0.40078,-0.17447,-0.0024736,0.23669,-0.051452,-0.49412,-0.022153,-0.19749,-0.14064,-0.19306,0.15832,-0.34914,-0.20024,-0.29304,-0.25297,0.074667,0.28948,0.070519,0.092237,0.28294,0,0.10852,0.14299,0.25657,0.21438,-0.25138,-0.20652,0.35487,0.029823,0.13449,0.17137,-0.12422,0.15312,-0.37152,-0.085232,-0.17781,-0.49653,-0.36221,-0.4761,-0.20102,-0.070966,0.083685,0.14605,0.24104,-0.29976,-0.13001,-0.69444,-0.56116,-0.57296,-0.32728,0.026238,0.064677,-0.27053,-0.31531,-0.51369,-0.12481,-0.12543,0.12129,0.041859,0.13011,0.14317,0.18517,0.10309,0.21078,0.050264,0.11766,0.11842,-0.041494,0.086881,0.031223,0.20185,0.18012,-0.040235,0.1778,-0.21967,-0.071433,-0.0066089,-0.036835,-0.26837,-0.32377,0.23726,0.1567,0.21766,0.1547,-0.59384,-0.51757,-0.047004,-0.016056,-0.29567,-0.55759
-0.39374,-0.75306,0.41285,0.28346,-0.16056,-0.53017,-0.12754,-0.31197,0.01208,-0.027855,0.76447,-0.16872,0.54274,0.18326,-0.35364,-0.31308,-0.21963,-0.014982,0.092544,-0.272,-0.669,-0.17703,-0.4837,-0.27985,-0.081583,0.018689,-0.42223,-0.31736,-0.26202,-0.19877,0.41836,0.2454,0.71314,0.39112,0.41772,0.10852,0,1,0.51897,0.10753,-0.49251,-0.39988,0.071311,-0.30676,-0.1475,-0.12258,-0.23565,0.012528,-0.55637,0.36526,0.032405,-0.70737,-0.46211,-0.70523,-0.066243,-0.37435,-0.24699,0.14069,0.16637,-0.58024,-0.42697,-0.71396,-0.67094,-0.66855,-0.5793,-0.24222,-0.1032,-0.19343,-0.22011,-0.48487,-0.16729,-0.22217,-0.2619,-0.28575,-0.18816,0.43779,-0.10864,0.66463,0.38205,0.64782,0.36013,0.17372,0.20006,-0.031479,0.0070116,0.59215,0.10206,-0.20189,-0.078783,-0.54089,-0.45497,-0.018932,-0.30243,0.03084,-0.52246,0.44994,0.10507,0.3307,-0.25965,-0.72797,-0.70352,-0.18154,-0.23459,-0.40054,-0.67692
-0.37314,-0.66934,0.44943,0.33558,-0.19802,-0.51081,-0.14554,-0.26243,0.016024,-0.033703,0.6957,-0.1415,0.53002,0.24969,-0.46071,-0.3942,-0.23695,-0.030315,0.073005,-0.29081,-0.76401,-0.25004,-0.50017,-0.30788,-0.07096,0.020702,-0.44051,-0.34969,-0.26697,-0.2373,0.3723,0.27437,0.55316,0.45991,0.36807,0.14299,1,0,0.50286,0.14287,-0.56201,-0.40732,0.048436,-0.30597,-0.071541,-0.065278,-0.20213,0.025381,-0.55733,0.35278,0.053766,-0.71001,-0.52551,-0.71101,-0.1139,-0.41997,-0.29043,0.17669,0.15742,-0.56158,-0.4368,-0.75023,-0.67646,-0.72256,-0.55679,-0.19796,-0.081519,-0.17876,-0.19684,-0.45759,-0.14934,-0.19366,-0.19249,-0.20904,-0.12774,0.51398,-0.041418,0.65262,0.44361,0.61695,0.3885,0.14978,0.16683,-0.0058995,0.022358,0.61625,0.10994,-0.16649,-0.039487,-0.43735,-0.36389,-0.092052,-0.32406,0.020357,-0.4701,0.47557,0.13028,0.41862,-0.17575,-0.74151,-0.76104,-0.20181,-0.26694,-0.44075,-0.76373
-0.19122,-0.5284,0.39467,0.33786,-0.1277,-0.47655,-0.077741,-0.12333,-0.073216,-0.049477,0.53904,-0.039353,0.38393,0.21522,-0.52042,-0.3937,-0.29666,-0.038957,0.12775,-0.25701,-0.73912,-0.1516,-0.37778,-0.25937,-0.049944,0.086977,-0.41278,-0.25709,-0.32211,-0.24989,0.1208,0.17769,0.27151,0.25814,0.16896,0.25657,0.51897,0.50286,0,0.31162,-0.38327,-0.30253,0.015922,-0.24376,-0.13107,-0.15309,-0.18036,0.16004,-0.6188,0.21356,-0.10936,-0.66063,-0.47894,-0.69564,-0.14024,-0.23967,-0.098565,0.2236,0.29017,-0.50912,-0.38397,-0.97207,-0.76817,-0.82429,-0.61046,-0.16363,0.037544,-0.32016,-0.31787,-0.72714,-0.29321,-0.32173,-0.21981,-0.18389,-0.072385,0.52574,0.08318,0.43147,0.23617,0.28631,0.15348,0.16508,0.005925,0.084171,-0.018357,0.47966,0.045457,-0.13817,0.081058,-0.39746,-0.2698,-0.11993,-0.31711,-0.21891,-0.58231,0.43389,0.12157,0.37637,-0.093228,-0.91812,-0.88022,-0.22065,-0.3067,-0.43841,-0.7322
-0.26974,-0.20399,0.0003068,-0.0049152,-0.22583,-0.15656,-0.28156,0.18221,-0.080579,0.20172,0.054265,0.21395,0.035946,-0.034636,-0.28469,-0.053549,-0.14159,-0.10724,0.33528,0.15126,-0.36256,0.11192,0.051376,0.17319,0.18613,0.39036,-0.076661,0.068294,-0.16866,-0.0036368,-0.059039,-0.0042376,0.036912,0.10732,0.021431,0.21438,0.10753,0.14287,0.31162,0,-0.1721,0.16603,0.0061679,0.11823,-0.040037,-0.11138,-0.35389,-0.074098,-0.39264,-0.09009,-0.27268,-0.63506,-0.43092,-0.33183,-0.21509,-0.19247,-0.01449,0.049835,0.10448,-0.38988,-0.00089483,-0.66502,-0.41619,-0.70161,-0.56814,-0.26249,0.0069093,-0.38715,-0.24174,-0.65712,-0.17288,-0.46469,-0.20368,-0.18397,-0.05493,0.12161,0.11725,0.15227,0.10379,0.13494,0.17899,0.084484,-0.19174,0.28492,-0.011805,0.31297,0.18253,-0.18097,-0.082088,-0.23592,-0.21764,-0.18284,-0.08095,-0.20455,-0.17141,0.11631,0.0060209,0.32744,0.059314,-0.68304,-0.49827,-0.29112,-0.23622,-0.28825,-0.45239
0.092691,0.21689,-0.54891,-0.4478,0.20726,0.55054,-0.041283,0.15241,-0.28617,-0.1851,-0.5039,0.051197,-0.39331,-0.2957,-0.026762,0.042651,-0.17383,-0.347,-0.15426,0.051465,0.33622,0.20917,0.27871,0.19661,-0.14628,-0.062548,0.22821,0.09023,0.23641,0.27386,-0.43857,-0.38646,-0.35545,-0.31576,-0.40648,-0.25138,-0.49251,-0.56201,-0.38327,-0.1721,0,0.32769,-0.21946,0.11559,-0.37559,-0.2854,-0.5533,-0.54992,0.28362,-0.38214,-0.15962,-0.11038,0.35647,0.42418,0.020901,0.50363,0.28863,-0.61749,-0.52206,0.15695,0.21801,-0.049733,0.014004,-0.088223,-0.012368,-0.53052,-0.43597,-0.40908,-0.21989,-0.23582,-0.1418,-0.4527,-0.33251,-0.46558,-0.39636,-0.67623,-0.2056,-0.45423,-0.29522,-0.48505,-0.30083,-0.28632,-0.50388,-0.1194,-0.083232,-0.44824,-0.1402,-0.47026,-0.49903,-0.25524,-0.31945,-0.010553,0.25418,-0.43517,0.069688,-0.54926,-0.37992,-0.47799,-0.24614,-0.1063,0.064581,-0.1809,-0.1623,-0.12548,0.035652
-0.1677,0.21824,-0.52594,-0.51971,-0.1204,0.39733,-0.37395,0.20316,-0.23408,-0.0018536,-0.47821,0.13757,-0.38997,-0.3988,0.039187,0.29311,-0.10299,-0.3045,-0.0062766,0.33577,0.20631,0.36386,0.57183,0.61113,0.10195,0.12285,0.53891,0.47876,0.11282,0.33758,-0.40998,-0.39317,-0.29952,-0.22758,-0.31584,-0.20652,-0.39988,-0.40732,-0.30253,0.16603,0.32769,0,-0.18179,0.32052,-0.16677,-0.18959,-0.55272,-0.48536,0.020191,-0.4038,-0.34157,-0.24727,-0.023566,0.23453,-0.16953,0.044805,0.11221,-0.39776,-0.35358,-0.050136,0.39745,-0.16158,-0.0077339,-0.2075,-0.21741,-0.46887,-0.29059,-0.40291,-0.12782,-0.29162,-0.053428,-0.5118,-0.27337,-0.34369,-0.27003,-0.45311,-0.18017,-0.32698,-0.28291,-0.28608,-0.1631,-0.2401,-0.53389,0.018248,-0.13195,-0.23437,-0.045617,-0.37597,-0.44394,-0.17006,-0.28069,-0.17248,0.15947,-0.27625,0.19735,-0.41557,-0.35599,-0.20771,-0.11257,-0.23989,-0.017264,-0.36001,-0.20429,-0.13151,-0.019673
-0.13337,-0.29106,0.1637,0.15922,0.05872,-0.27601,0.15033,-0.11172,-0.047387,0.060637,0.061858,0.029957,0.13622,0.17918,-0.25282,-0.33002,0.013141,0.11274,0.33562,-0.040887,-0.32765,0.10125,-0.14607,-0.099108,-0.15943,0.059027,-0.20012,-0.16474,-0.2053,-0.15744,0.27354,0.31867,0.17162,0.04818,0.60474,0.35487,0.071311,0.048436,0.015922,0.0061679,-0.21946,-0.18179,0,0.20511,0.25478,0.23391,-0.046493,0.11104,-0.26992,-0.072634,-0.18167,-0.46678,-0.23967,-0.32662,-0.092333,-0.0076508,0.21415,0.18364,0.21662,-0.090965,0.022575,-0.45327,-0.48157,-0.25438,-0.11285,0.094768,0.046205,-0.024672,-0.15011,-0.19536,0.17033,0.17178,0.1905,0.014682,0.082151,-0.014336,-0.025573,0.10084,0.20311,0.019386,0.23466,0.0095682,-0.019136,0.089904,0.24653,0.18712,0.36835,0.072737,0.14363,-0.27843,-0.20343,0.31189,0.11617,0.0099262,-0.23104,0.31254,0.31773,0.19003,0.034233,-0.45724,-0.33339,-0.021827,0.15938,-0.30099,-0.39227
