,,,,,,,,,,,,,,,,,,,,,,,,,,,,,,,,,,,,,,,,,,,,,,,,,,,,,,,,,,,,,,,,,,,,,,,,,,,,,,,,,,,,,,,,,,,,,,,,,,,,,,,,
0,-0.037494,-0.086504,-0.14674,-0.014192,-0.12557,-0.16283,-0.22751,-0.15467,-0.28817,-0.19131,-0.18148,-0.33087,-0.10335,-0.22379,-0.34974,-0.12819,0.031617,-0.30751,-0.10428,-0.18691,-0.17799,-0.1111,-0.22037,-0.17693,-0.29188,0.010734,0.014223,-0.010912,-0.1335,-0.38333,-0.29413,-0.41915,-0.23271,-0.32033,-0.25696,-0.2998,-0.26636,-0.062201,-0.16108,-0.11185,-0.10912,-0.28079,-0.19082,-0.15102,-0.21914,-0.032863,-0.30717,-0.20095,-0.26783,-0.2309,-0.28512,0.040775,-0.085319,-0.09865,0.001564,-0.062451,-0.30504,-0.40604,0.0051931,-0.14271,-0.16191,-0.19968,-0.17108,-0.12368,-0.037262,-0.28965,-0.1588,-0.00088587,-0.18423,-0.17697,-0.27712,-0.1885,-0.12474,-0.11299,-0.10996,-0.019398,-0.29846,-0.17038,-0.27246,-0.20242,-0.22235,-0.22908,-0.32874,-0.15636,-0.2761,-0.24534,-0.099371,-0.20797,-0.09766,-0.15169,-0.18195,-0.13717,-0.2018,-0.18406,-0.20258,-0.12964,-0.2401,-0.013636,-0.20313,-0.097556,-0.23528,-0.071707,-0.20315,-0.16748
-0.037494,0,-0.48005,-0.49011,-0.3749,0.26861,-0.50154,0.0935,-0.10362,-0.11782,-0.59594,-0.062384,-0.62105,-0.42054,0.047904,0.15111,-0.12683,-0.32849,-0.36039,0.12551,0.10795,-0.049811,0.052285,0.12198,-0.00201,-0.25527,0.20731,0.048735,-0.050574,-0.0065738,-0.64201,-0.66288,-0.71255,-0.52666,-0.67113,-0.46444,-0.70037,-0.60984,-0.37135,-0.12067,0.030053,0.27915,-0.54938,-0.086113,-0.32436,-0.39828,-0.3092,-0.49621,0.13369,-0.48098,-0.34828,-0.026924,0.093976,0.42406,-0.061632,-0.003904,-0.075263,-0.48824,-0.616,0.045106,0.40591,-0.13063,0.056733,-0.19454,-0.15207,-0.40604,-0.3822,-0.33452,-0.042473,-0.25162,-0.27255,-0.43722,-0.32248,-0.29387,-0.33894,-0.30538,0.0035374,-0.49775,-0.40446,-0.47771,-0.42886,-0.31731,-0.56539,-0.37546,-0.35043,-0.52531,-0.33534,-0.29941,-0.58246,0.038722,-0.17997,-0.39377,-0.0079362,-0.18371,0.46615,-0.43949,-0.23179,-0.48589,-0.14999,-0.12872,0.12571,-0.47959,-0.17342,0.086773,0.17922
-0.086504,-0.48005,0,0.63068,-0.17243,-0.50189,-0.31837,-0.48452,-0.2949,-0.20531,0.14467,-0.39804,-0.05044,-0.22605,-0.47139,-0.58763,-0.35588,-0.069801,-0.19079,-0.23062,-0.62321,-0.38975,-0.3212,-0.3512,-0.20955,-0.25993,-0.33642,-0.23175,-0.36305,-0.36958,-0.33186,-0.18605,-0.093457,-0.16169,-0.081525,-0.099945,0.11824,0.054295,0.25233,-0.07412,-0.4743,-0.3782,-0.27455,-0.51262,-0.32211,-0.31745,-0.086186,0.080511,-0.50031,-0.060594,-0.37265,-0.42636,-0.12534,-0.33762,0.00084922,-0.12799,-0.19313,0.011577,0.050965,-0.1713,-0.29511,-0.6607,-0.75414,-0.58435,-0.47783,-0.08213,-0.12832,-0.36791,-0.11231,-0.63258,-0.42933,-0.42678,-0.32352,-0.30627,-0.25554,0.5388,-0.0063722,0.16446,-0.061907,0.20723,-0.088502,0.17336,0.30913,-0.20147,-0.20449,0.081287,-0.21011,-0.15009,0.022593,-0.59617,-0.49015,-0.12628,-0.27717,-0.041679,-0.49026,0.24919,-0.009433,0.19384,-0.077737,-0.54707,-0.59491,-0.36455,-0.24382,-0.24905,-0.40351
-0.14674,-0.49011,0.63068,0,-0.18584,-0.50698,-0.24884,-0.41292,-0.1627,-0.15631,0.083394,-0.35992,-0.11176,-0.24567,-0.51322,-0.64683,-0.37534,-0.097611,-0.21857,-0.24778,-0.58033,-0.46527,-0.33188,-0.32668,-0.19937,-0.23349,-0.39999,-0.33503,-0.34644,-0.42119,-0.33625,-0.2201,-0.13288,-0.20249,-0.069648,-0.11432,0.083156,0.036926,0.16053,-0.094037,-0.46045,-0.39883,-0.23445,-0.44479,-0.27982,-0.26658,-0.13148,0.081372,-0.4056,-0.13199,-0.35073,-0.37708,-0.14332,-0.33832,0.0069709,-0.16258,-0.23896,-0.024389,0.022434,-0.040164,-0.24842,-0.60625,-0.73452,-0.5704,-0.50138,-0.12332,-0.05983,-0.40903,-0.15629,-0.56007,-0.50506,-0.3621,-0.30888,-0.26812,-0.21126,0.40475,0.092632,0.073179,-0.059641,0.089266,-0.09686,0.049413,0.15185,-0.24325,-0.13284,0.0079729,-0.17649,-0.18669,-0.0029814,-0.5149,-0.42748,-0.13608,-0.28992,-0.092436,-0.50722,0.14824,0.024633,0.084561,-0.11876,-0.47908,-0.63407,-0.36573,-0.27739,-0.13677,-0.32125
-0.014192,-0.3749,-0.17243,-0.18584,0,-0.0002566,0.28773,-0.17237,-0.02123,-0.16409,-0.01531,-0.12666,0.073485,0.40879,-0.17937,-0.43438,0.050593,-0.0027798,0.11989,-0.16805,-0.1044,-0.12231,-0.00048876,-0.14009,-0.048534,-0.029662,-0.0081073,-0.19349,0.23335,0.12859,-0.07175,0.05625,-0.022477,0.10154,-0.099169,-0.11372,-0.12308,-0.16609,-0.074047,-0.19316,0.14184,-0.132,-0.035441,-0.054649,-0.23796,-0.16049,-0.38099,-0.39969,-0.066019,0.091227,0.2671,-0.61105,-0.064754,-0.19929,-0.10208,0.13061,0.11408,-0.3933,-0.32724,-0.060795,-0.24062,-0.25961,-0.36116,-0.27221,-0.13446,-0.33764,-0.49205,-0.0091887,-0.098253,-0.07555,-0.027627,-0.23942,-0.16428,-0.38994,-0.24761,-0.33661,-0.24781,-0.034085,0.28717,-0.17119,0.16082,-0.28049,-0.17425,0.018359,0.24997,-0.048002,0.13479,-0.42394,-0.24611,-0.52011,-0.47848,0.43683,0.10682,-0.27518,-0.29586,-0.15627,-0.06897,-0.26202,-0.04667,-0.08235,-0.16398,0.24088,0.16707,-0.44586,-0.40752
-0.12557,0.26861,-0.50189,-0.50698,-0.0002566,0,-0.21233,0.28036,0.00020161,0.027511,-0.48461,0.025037,-0.33191,-0.068603,0.10062,0.023063,0.11444,-0.24049,-0.015683,0.18135,0.31094,0.024175,0.36467,0.30966,0.15689,-0.022886,0.3637,-0.0072397,0.29443,0.42149,-0.44089,-0.37103,-0.42711,-0.24359,-0.53952,-0.36095,-0.57235,-0.53988,-0.3066,-0.052065,0.50214,0.46328,-0.36756,0.12634,-0.42647,-0.40942,-0.61331,-0.68928,0.39663,-0.22691,-0.029417,-0.37813,0.1299,0.35521,-0.048967,0.22742,0.13178,-0.61832,-0.59365,0.061217,0.30805,-0.12566,0.004075,-0.22629,-0.065934,-0.68093,-0.67888,-0.23788,0.018878,-0.20639,-0.11093,-0.5023,-0.35192,-0.56869,-0.51337,-0.45915,-0.094868,-0.27067,-0.057246,-0.42284,-0.11664,-0.33336,-0.57783,-0.040652,-0.022019,-0.32351,-0.041624,-0.60794,-0.62254,-0.2819,-0.4483,-0.053745,0.33129,-0.29232,0.31998,-0.41417,-0.13591,-0.49227,-0.023149,0.028831,0.15434,-0.1527,-0.022257,-0.094367,-0.015848
-0.16283,-0.50154,-0.31837,-0.24884,0.28773,-0.21233,0,-0.096316,-0.15623,-0.32446,-0.12747,-0.27607,-0.0052847,0.34938,-0.31523,-0.59532,-0.098399,-0.085661,-0.12268,-0.46908,-0.25885,-0.32069,-0.27194,-0.38094,-0.33504,-0.097892,-0.35638,-0.49419,-0.071994,-0.10709,0.15723,0.27728,0.056537,0.17708,0.16903,0.13437,-0.073974,-0.059946,-0.20557,-0.33902,-0.070228,-0.35931,0.26314,0.059531,-0.021218,0.053586,-0.19371,-0.22612,-0.18261,-0.10298,0.094367,-0.42858,-0.38608,-0.48602,-0.41092,-0.24259,-0.064767,-0.18874,-0.17008,-0.17735,-0.44841,-0.17827,-0.35186,-0.11067,-0.073027,-0.14357,-0.33553,0.12483,-0.15362,0.080126,0.12361,0.020888,0.047116,-0.12495,-0.061767,-0.51785,-0.44589,-0.16984,0.050293,-0.23724,0.12088,-0.56268,-0.31702,-0.15012,0.0015396,-0.098002,0.097116,-0.20954,-0.017094,-0.32466,-0.23702,0.1159,-0.19517,-0.47994,-0.46585,-0.28073,-0.2276,-0.30608,-0.15145,-0.14486,-0.32104,0.26997,-0.026106,-0.51744,-0.52871
-0.22751,0.0935,-0.48452,-0.41292,-0.17237,0.28036,-0.096316,0,-0.11768,0.043145,-0.51703,0.03783,-0.35788,-0.075183,-0.074982,-0.10756,-0.058749,-0.28101,-0.12125,0.013019,0.023882,-0.097379,0.12253,0.16262,-0.011834,0.10871,0.00031158,-0.15233,-0.014376,0.11408,-0.38607,-0.25858,-0.38491,-0.20464,-0.35189,-0.065927,-0.47033,-0.38595,-0.24419,0.064095,0.21141,0.25778,-0.2258,0.27891,-0.26995,-0.26679,-0.47675,-0.37274,0.058908,-0.39144,-0.20528,-0.36284,-0.20831,-0.044819,-0.29426,-0.073723,0.074493,-0.35998,-0.29852,-0.054387,0.15123,-0.22905,-0.14592,-0.30334,-0.18897,-0.50779,-0.44256,-0.26803,-0.015408,-0.29368,-0.089321,-0.43982,-0.18759,-0.3482,-0.29484,-0.44854,-0.079545,-0.2936,-0.12491,-0.39436,-0.11722,-0.48196,-0.8147,-0.10434,-0.18034,-0.2751,-0.05581,-0.46039,-0.32468,-0.21063,-0.27594,-0.19658,0.043542,-0.57508,0.059415,-0.43224,-0.19134,-0.42108,0.062799,-0.13145,-0.16417,-0.22618,-0.14937,-0.10584,-0.16099
-0.15467,-0.10362,-0.2949,-0.1627,-0.02123,0.00020161,-0.15623,-0.11768,0,0.062005,-0.061394,-0.057392,-0.24794,-0.16171,-0.23666,-0.15857,-0.2017,-0.33258,-0.19505,-0.068469,-0.11695,-0.20428,-0.040323,0.035643,0.22249,0.043689,-0.016777,-0.21029,0.21067,0.036052,-0.25868,-0.26321,-0.31669,-0.2542,-0.33146,-0.34304,-0.19071,-0.23053,-0.094538,-0.070925,-0.044007,-0.04375,-0.34191,-0.13874,-0.31036,-0.26661,-0.39795,-0.3557,0.23604,-0.20639,-0.074426,-0.28667,0.04309,0.031293,0.13022,0.016043,-0.13814,-0.42845,-0.46403,0.29216,0.052853,-0.38959,-0.43634,-0.45047,-0.46229,-0.47287,-0.28985,-0.24023,-0.36588,-0.23884,-0.43545,-0.35347,-0.30381,-0.35491,-0.2506,-0.18083,0.045174,-0.24943,-0.17984,-0.27607,-0.16152,-0.42934,-0.35118,-0.33176,-0.097422,-0.21285,-0.032368,-0.42966,-0.42475,-0.3322,-0.44423,0.044025,0.06616,-0.14748,-0.10928,-0.16047,0.020015,-0.253,-0.2055,-0.22071,-0.24744,-0.10259,-0.043762,-0.082765,-0.15832
-0.28817,-0.11782,-0.20531,-0.15631,-0.16409,0.027511,-0.32446,0.043145,0.062005,0,-0.20499,0.17764,-0.1905,-0.18586,-0.071212,-0.060459,-0.098173,-0.30943,0.025128,0.18674,-0.030089,0.10144,0.15003,0.4364,0.23327,0.39608,0.0655,0.092601,0.11144,0.0094575,-0.3778,-0.27256,-0.28574,-0.29375,-0.36754,-0.23528,-0.23253,-0.2608,-0.048051,0.26075,0.025739,0.17843,-0.27099,0.0010814,-0.46592,-0.41258,-0.57325,-0.24217,0.0048693,-0.23578,-0.24666,-0.60618,-0.13726,-0.062414,-0.068151,0.0625,0.064119,-0.33185,-0.17142,-0.13407,0.1662,-0.37841,-0.36296,-0.54568,-0.40722,-0.55119,-0.3401,-0.46513,-0.27656,-0.44527,-0.34429,-0.59074,-0.39171,-0.54082,-0.42348,-0.13722,0.10491,-0.11393,-0.070112,-0.18244,-0.1697,-0.10094,-0.39524,-0.01561,-0.10538,-0.12288,-0.108,-0.53264,-0.29402,-0.50712,-0.54469,-0.047617,0.15109,-0.35679,-0.097507,-0.17661,-0.009488,-0.18829,0.12781,-0.26493,-0.28175,-0.26201,-0.094789,-0.065952,-0.18895
-0.19131,-0.59594,0.14467,0.083394,-0.01531,-0.48461,-0.12747,-0.51703,-0.061394,-0.20499,0,-0.27035,0.24362,-0.098925,-0.66375,-0.53783,-0.5336,-0.32369,-0.23377,-0.42788,-0.7307,-0.34447,-0.45778,-0.40031,-0.14481,-0.043726,-0.35991,-0.34807,-0.13712,-0.23141,0.060075,0.15063,0.20204,0.097837,0.064852,-0.047452,0.50287,0.36932,0.21029,-0.13974,-0.49433,-0.482,-0.16858,-0.46373,-0.15132,-0.099084,-0.14329,0.037867,-0.43289,0.12179,-0.12986,-0.48196,-0.34602,-0.50652,-0.13144,-0.26713,-0.25648,0.015854,-0.023583,-0.25692,-0.47883,-0.70667,-0.96078,-0.65922,-0.59313,-0.14269,-0.13066,-0.20702,-0.46139,-0.32013,-0.29816,-0.22931,-0.16012,-0.23928,-0.13226,0.12329,-0.21655,0.12094,-0.066337,0.24877,-0.082399,-0.20646,0.10418,-0.22697,-0.25495,0.1697,-0.096835,-0.19585,-0.022306,-0.58327,-0.47497,0.023161,-0.28505,-0.031782,-0.53869,0.21735,-0.13028,0.28271,-0.24732,-0.71912,-0.74956,-0.17984,-0.26351,-0.63816,-0.76972
-0.18148,-0.062384,-0.39804,-0.35992,-0.12666,0.025037,-0.27607,0.03783,-0.057392,0.17764,-0.27035,0,-0.22719,-0.15979,-0.15248,-0.036358,-0.12575,-0.27024,-0.016111,0.17952,0.013361,0.34036,0.058755,0.24839,-0.014669,0.15752,0.17912,0.19058,0.046328,-0.10317,-0.3159,-0.26721,-0.35937,-0.33763,-0.41639,-0.31418,-0.43426,-0.38379,-0.30873,-0.0067632,0.021499,0.10178,-0.20559,-0.033254,-0.17832,-0.16503,-0.53405,-0.32571,-0.15011,-0.30606,-0.12749,-0.51197,-0.26356,-0.11934,-0.26011,-0.074255,-0.035282,-0.42101,-0.28246,-0.24677,0.063294,-0.20849,-0.18546,-0.35514,-0.23118,-0.44388,-0.28347,-0.24448,-0.28678,-0.17122,-0.19417,-0.27855,-0.097214,-0.28921,-0.15056,-0.34907,0.07018,-0.34879,-0.14257,-0.41694,-0.33178,-0.2672,-0.56631,-0.096389,-0.093328,-0.32874,-0.21173,-0.49478,-0.3762,-0.1939,-0.19591,-0.12813,0.11488,-0.36426,0.046964,-0.25727,-0.061767,-0.28478,0.021505,-0.14511,-0.13612,-0.27239,-0.060521,-0.22203,-0.1919
-0.33087,-0.62105,-0.05044,-0.11176,0.073485,-0.33191,-0.0052847,-0.35788,-0.24794,-0.1905,0.24362,-0.22719,0,0.22231,-0.58234,-0.57377,-0.35899,-0.22451,0.031152,-0.38684,-0.53476,-0.23999,-0.33754,-0.29367,-0.16086,0.017149,-0.34888,-0.3259,-0.11023,-0.041489,0.1138,0.31442,0.48772,0.42039,0.1354,0.076576,0.25975,0.26549,0.047422,-0.11665,-0.2789,-0.36371,0.029753,-0.23352,-0.099939,-0.0060789,-0.38923,-0.13648,-0.33583,0.6027,0.21317,-0.57129,-0.41683,-0.52808,-0.256,-0.24429,-0.15676,-0.069911,0.019141,-0.44437,-0.48489,-0.56799,-0.57431,-0.47075,-0.30124,-0.30086,-0.30328,-0.17671,-0.30059,-0.22665,-0.027218,-0.1857,-0.077438,-0.3067,-0.22369,-0.15563,-0.40371,0.4342,0.28353,0.31453,0.24423,-0.10956,0.029411,0.1816,-0.020149,0.42369,0.12418,-0.39123,-0.072263,-0.62067,-0.46834,0.046872,-0.25187,-0.17221,-0.4618,0.15816,-0.085753,0.12951,-0.089718,-0.47577,-0.52622,-0.042003,-0.23078,-0.71399,-0.93573
-0.10335,-0.42054,-0.22605,-0.24567,0.40879,-0.068603,0.34938,-0.075183,-0.16171,-0.18586,-0.098925,-0.15979,0.22231,0,-0.30376,-0.51954,-0.03381,-0.029539,0.10488,-0.24365,-0.20998,-0.20667,-0.036272,-0.18039,-0.13168,0.0042033,-0.14197,-0.25291,0.056311,0.15239,-0.051668,0.17319,0.021573,0.28481,-0.045931,0.063251,-0.11946,-0.10594,-0.063752,-0.1299,0.094269,-0.15992,0.063814,0.028898,-0.13822,-0.079393,-0.4113,-0.37758,-0.1419,0.19901,0.39131,-0.62611,-0.243,-0.3497,-0.31381,-0.093292,-0.028623,-0.30044,-0.20074,-0.23081,-0.31836,-0.31718,-0.33856,-0.24937,-0.088587,-0.32812,-0.53763,-0.025403,-0.09408,-0.12926,0.057429,-0.22018,-0.10123,-0.31093,-0.22836,-0.40719,-0.35923,0.076631,0.3615,-0.12207,0.36791,-0.30404,-0.26026,0.13344,0.14366,0.076857,0.1961,-0.44443,-0.14686,-0.44835,-0.37709,0.17265,-0.068457,-0.39746,-0.33046,-0.12465,-0.048338,-0.24701,0.06407,-0.10193,-0.23607,0.24925,0.018506,-0.48347,-0.56474
-0.22379,0.047904,-0.47139,-0.51322,-0.17937,0.10062,-0.31523,-0.074982,-0.23666,-0.071212,-0.66375,-0.15248,-0.58234,-0.30376,0,0.24338,0.30136,-0.12571,-0.097116,0.11245,0.50635,0.096206,0.21352,0.10579,-0.084134,-0.25285,0.1849,0.10304,-0.098014,-0.087378,-0.53534,-0.57257,-0.58925,-0.58717,-0.56994,-0.48468,-0.67502,-0.80782,-0.43281,-0.2379,0.21935,0.16749,-0.39403,-0.065982,-0.58338,-0.57758,-0.40538,-0.57545,0.0099585,-0.47233,-0.30469,-0.24201,0.050452,0.1482,-0.13547,0.1096,0.034775,-0.67034,-0.54677,-0.16071,0.089418,0.024646,0.06487,-0.075635,-0.11191,-0.43714,-0.47505,-0.24168,-0.1038,-0.2324,-0.275,-0.46935,-0.48375,-0.47663,-0.4435,-0.48853,-0.24104,-0.49357,-0.31967,-0.56453,-0.35807,-0.19589,-0.41045,-0.23648,-0.16729,-0.53154,-0.32529,-0.36851,-0.51856,-0.25686,-0.33918,-0.1573,0.091771,-0.39182,-0.0087854,-0.54887,-0.2874,-0.71123,-0.18174,0.15605,0.27022,-0.17026,0.11838,0.039962,0.16851
-0.34974,0.15111,-0.58763,-0.64683,-0.43438,0.023063,-0.59532,-0.10756,-0.15857,-0.060459,-0.53783,-0.036358,-0.57377,-0.51954,0.24338,0,-0.060576,-0.31306,-0.20193,0.14275,0.18251,0.15384,0.035673,0.16863,0.00032991,-0.15914,0.1435,0.12555,-0.1629,-0.10673,-0.52951,-0.6255,-0.61417,-0.65223,-0.68299,-0.57538,-0.59605,-0.66104,-0.42675,-0.13822,-0.032203,0.15879,-0.596,-0.17534,-0.46643,-0.47001,-0.49332,-0.52493,-0.041153,-0.48973,-0.36668,-0.14193,-0.07847,0.12718,-0.13609,-0.064699,-0.14914,-0.61511,-0.55777,-0.27219,0.064516,-0.15493,-0.0081195,-0.24301,-0.32406,-0.53441,-0.31122,-0.33471,-0.36807,-0.30708,-0.36909,-0.50628,-0.42981,-0.41477,-0.35421,-0.39589,-0.20872,-0.50181,-0.47369,-0.47791,-0.48281,-0.27737,-0.47975,-0.28703,-0.34164,-0.4689,-0.34418,-0.43385,-0.66631,-0.17686,-0.2819,-0.3048,0.018664,-0.25096,0.10488,-0.40477,-0.27955,-0.44713,-0.26209,-0.1344,0.081452,-0.38114,-0.12791,-0.014773,0.027908
-0.12819,-0.12683,-0.35588,-0.37534,0.050593,0.11444,-0.098399,-0.058749,-0.2017,-0.098173,-0.5336,-0.12575,-0.35899,-0.03381,0.30136,-0.060576,0,0.20472,0.25481,0.12425,0.39925,0.090335,0.29603,0.068096,-0.10108,-0.1488,0.11992,-0.0012097,-0.045204,-0.010832,-0.35411,-0.31309,-0.37287,-0.29257,-0.30619,-0.27131,-0.49457,-0.55503,-0.34673,-0.17548,0.26645,0.10551,-0.10882,0.18558,-0.32331,-0.29517,-0.44655,-0.49296,0.034121,-0.30271,-0.13397,-0.42278,0.052823,0.025721,-0.14954,0.17186,0.14627,-0.50607,-0.3632,-0.13843,-0.041117,-0.0071542,-0.0047837,0.025587,0.070827,-0.33796,-0.413,-0.06732,-0.0048021,-0.16227,-0.068225,-0.33375,-0.25596,-0.37016,-0.30922,-0.47202,-0.2373,-0.29675,-0.033034,-0.45899,-0.054362,-0.18853,-0.34874,-0.054081,0.1786,-0.28027,0.015194,-0.39786,-0.33184,-0.32241,-0.32474,0.020632,0.20703,-0.44158,-0.15222,-0.40788,-0.1645,-0.48311,-0.012677,0.23218,0.28949,0.088917,0.3287,-0.02368,-0.0018573
0.031617,-0.32849,-0.069801,-0.097611,-0.0027798,-0.24049,-0.085661,-0.28101,-0.33258,-0.30943,-0.32369,-0.27024,-0.22451,-0.029539,-0.12571,-0.31306,0.20472,0,0.098729,-0.010111,-0.087341,-0.087195,-0.067687,-0.17706,-0.23747,-0.27296,-0.15673,-0.090097,-0.28574,-0.21483,-0.34167,-0.2352,-0.29248,-0.21923,-0.14842,-0.13897,-0.2879,-0.32744,-0.15419,-0.18696,-0.069752,-0.1626,-0.093316,-0.051167,-0.12697,-0.10269,-0.24252,-0.25785,-0.25389,-0.21375,-0.15368,-0.32662,-0.026937,-0.19166,-0.11937,0.069709,0.037659,-0.32022,-0.21504,-0.23013,-0.27932,-0.19208,-0.18697,-0.079081,-0.045198,-0.09565,-0.15435,-0.15747,-0.026876,-0.23628,-0.099878,-0.25488,-0.12398,-0.1426,-0.057014,-0.20881,-0.18858,-0.13944,0.043115,-0.21492,0.02679,-0.052902,-0.063154,-0.039473,0.19831,-0.083211,0.015255,-0.23793,-0.13981,-0.28784,-0.18228,-0.039852,-0.056128,-0.28326,-0.36643,-0.1112,-0.048369,-0.19172,0.10645,-0.024609,-0.016331,-0.040152,0.12614,-0.092021,-0.20528
-0.30751,-0.36039,-0.19079,-0.21857,0.11989,-0.015683,-0.12268,-0.12125,-0.19505,0.025128,-0.23377,-0.016111,0.031152,0.10488,-0.097116,-0.20193,0.25481,0.098729,0,0.094764,0.0085594,0.089198,0.18479,0.12516,0.052108,0.10998,0.0059567,-0.029814,-0.029435,0.072776,-0.23299,-0.11874,-0.073986,-0.03359,-0.16804,-0.11085,-0.20693,-0.25044,-0.11555,0.055169,0.1127,0.051326,-0.061608,0.078965,-0.27114,-0.18805,-0.70174,-0.35196,-0.11611,0.016367,0.042314,-0.66105,-0.12347,-0.16754,-0.12042,0.11818,0.12118,-0.36673,-0.13938,-0.3005,-0.15976,-0.33177,-0.26852,-0.3116,-0.17662,-0.48313,-0.33276,-0.22274,-0.1593,-0.3269,-0.089205,-0.40526,-0.20499,-0.4587,-0.29878,-0.27956,-0.20244,0.066661,0.32132,-0.13608,0.17852,-0.020833,-0.20601,0.36675,0.39608,0.077425,0.24803,-0.62828,-0.2648,-0.59262,-0.47123,0.098082,0.14037,-0.40643,-0.28981,-0.15086,-0.069337,-0.16714,0.075257,-0.070436,-0.083804,0.074114,0.11081,-0.22401,-0.30645
-0.10428,0.12551,-0.23062,-0.24778,-0.16805,0.18135,-0.46908,0.013019,-0.068469,0.18674,-0.42788,0.17952,-0.38684,-0.24365,0.11245,0.14275,0.12425,-0.010111,0.094764,0,0.2189,0.2545,0.43915,0.60808,0.22207,-0.020369,0.42901,0.37696,-0.035624,0.013325,-0.72443,-0.56873,-0.60401,-0.50643,-0.63251,-0.41633,-0.56572,-0.60552,-0.18676,0.12237,0.19921,0.46511,-0.47399,-0.064492,-0.43884,-0.427,-0.57234,-0.4392,0.02051,-0.32455,-0.23048,-0.37903,0.19523,0.30898,0.085808,0.37463,0.1222,-0.57859,-0.40857,-0.078311,0.38306,-0.29405,-0.14021,-0.38633,-0.26332,-0.53028,-0.34585,-0.43012,-0.11408,-0.45651,-0.36437,-0.64834,-0.37588,-0.46354,-0.33543,-0.16651,0.21158,-0.24561,-0.10508,-0.34999,-0.23868,-0.012311,-0.35577,-0.045283,-0.0059018,-0.27618,-0.16139,-0.55643,-0.50959,-0.30531,-0.36423,-0.10392,0.37292,-0.22203,0.15483,-0.18917,0.058755,-0.31241,0.18897,-0.018652,0.083578,-0.30698,0.087787,0.1715,0.065579
-0.18691,0.10795,-0.62321,-0.58033,-0.1044,0.31094,-0.25885,0.023882,-0.11695,-0.030089,-0.7307,0.013361,-0.53476,-0.20998,0.50635,0.18251,0.39925,-0.087341,0.0085594,0.2189,0,0.15729,0.3425,0.23982,-0.036859,-0.17915,0.26992,0.087671,0.047324,0.010398,-0.49082,-0.53394,-0.60741,-0.50378,-0.61199,-0.52821,-0.80877,-0.87628,-0.52301,-0.22678,0.42045,0.26001,-0.3246,0.097245,-0.44252,-0.42593,-0.57209,-0.72912,0.20272,-0.43218,-0.14676,-0.28695,0.07555,0.23509,-0.14268,0.14583,0.027004,-0.81065,-0.64468,-0.10026,0.14372,0.13939,0.24215,-0.002065,0.020198,-0.53938,-0.50265,-0.23833,-0.12649,-0.1102,-0.19496,-0.38305,-0.38585,-0.45378,-0.41391,-0.61582,-0.17674,-0.51155,-0.21173,-0.69385,-0.29891,-0.27276,-0.56574,-0.13699,0.024053,-0.53643,-0.20451,-0.51855,-0.63147,-0.16855,-0.26953,-0.13162,0.21369,-0.40565,0.10517,-0.5949,-0.22269,-0.74188,-0.12641,0.37738,0.5391,-0.10065,0.10499,0.071218,0.2295
-0.17799,-0.049811,-0.38975,-0.46527,-0.12231,0.024175,-0.32069,-0.097379,-0.20428,0.10144,-0.34447,0.34036,-0.23999,-0.20667,0.096206,0.15384,0.090335,-0.087195,0.089198,0.2545,0.15729,0,0.059305,0.2558,-0.042296,0.058327,0.21317,0.40866,-0.013844,-0.063606,-0.29151,-0.27068,-0.32165,-0.37901,-0.35593,-0.3286,-0.42167,-0.43072,-0.32923,-0.064632,0.064999,0.14358,-0.17664,0.024163,-0.24708,-0.20665,-0.46093,-0.32644,-0.11372,-0.30002,-0.18159,-0.42418,-0.16337,-0.044526,-0.163,0.08998,0.19257,-0.42975,-0.28706,-0.37257,0.0043805,-0.12345,-0.10053,-0.20331,-0.11267,-0.36465,-0.26377,-0.16409,-0.21374,-0.1363,-0.051839,-0.29369,-0.10827,-0.30262,-0.18084,-0.37254,-0.12433,-0.31897,-0.1621,-0.33302,-0.28132,-0.12441,-0.36027,-0.034421,-0.067223,-0.26238,-0.1711,-0.38269,-0.35632,-0.27017,-0.25905,-0.059757,0.20944,-0.30785,0.019086,-0.22307,-0.089602,-0.248,0.083688,-0.11732,0.043243,-0.19388,0.13781,-0.21574,-0.18019
-0.1111,0.052285,-0.3212,-0.33188,-0.00048876,0.36467,-0.27194,0.12253,-0.040323,0.15003,-0.45778,0.058755,-0.33754,-0.036272,0.21352,0.035673,0.29603,-0.067687,0.18479,0.43915,0.3425,0.059305,0,0.47452,0.27619,0.010282,0.50849,0.18595,0.13325,0.21591,-0.62934,-0.47666,-0.52168,-0.32648,-0.60434,-0.34489,-0.55615,-0.60335,-0.16871,0.11488,0.51766,0.5702,-0.40773,0.041813,-0.50059,-0.49731,-0.67347,-0.6262,0.097794,-0.22522,-0.09127,-0.50426,0.16662,0.21905,-0.049988,0.29283,0.077664,-0.66257,-0.46593,-0.018121,0.27038,-0.24107,-0.098161,-0.32784,-0.21777,-0.62829,-0.56743,-0.35547,-0.073198,-0.41634,-0.32204,-0.69409,-0.47554,-0.58404,-0.46017,-0.31466,0.0070687,-0.21437,0.0040506,-0.40855,-0.10213,-0.1373,-0.4731,0.011706,0.069043,-0.27182,-0.073338,-0.67585,-0.52025,-0.36627,-0.44143,-0.051924,0.30563,-0.40495,0.029686,-0.36254,-0.085356,-0.4998,0.072587,0.11864,0.13437,-0.11801,0.10946,0.067491,0.032081
-0.22037,0.12198,-0.3512,-0.32668,-0.14009,0.30966,-0.38094,0.16262,0.035643,0.4364,-0.40031,0.24839,-0.29367,-0.18039,0.10579,0.16863,0.068096,-0.17706,0.12516,0.60808,0.23982,0.2558,0.47452,0,0.42149,0.20257,0.38478,0.27688,0.13876,0.18925,-0.56637,-0.45477,-0.45956,-0.37473,-0.55689,-0.3403,-0.47043,-0.48803,-0.15822,0.24958,0.31062,0.69404,-0.40643,0.073515,-0.44437,-0.4089,-0.73227,-0.467,0.15234,-0.25469,-0.14795,-0.43122,0.055108,0.22615,0.027169,0.28258,0.16036,-0.56942,-0.39335,-0.078977,0.41282,-0.30698,-0.15676,-0.43771,-0.31051,-0.69603,-0.39563,-0.45134,-0.17356,-0.40768,-0.30899,-0.65908,-0.38099,-0.53603,-0.3919,-0.2487,0.11092,-0.19592,-0.051069,-0.30074,-0.16527,-0.11337,-0.4742,0.040989,0.0019367,-0.21129,-0.068799,-0.67435,-0.52489,-0.36107,-0.43664,-0.084891,0.34274,-0.32851,0.12944,-0.25338,-0.0077529,-0.33293,0.14824,-0.083437,-0.0018267,-0.26149,0.017027,0.069618,-0.027945
-0.17693,-0.00201,-0.20955,-0.19937,-0.048534,0.15689,-0.33504,-0.011834,0.22249,0.23327,-0.14481,-0.014669,-0.16086,-0.13168,-0.084134,0.00032991,-0.10108,-0.23747,0.052108,0.22207,-0.036859,-0.042296,0.27619,0.42149,0,0.19021,0.22403,0.074481,0.20804,0.32473,-0.49066,-0.37783,-0.32576,-0.20175,-0.45367,-0.25444,-0.22853,-0.27599,0.13026,0.37598,0.15638,0.39064,-0.49399,-0.084091,-0.44993,-0.41625,-0.59876,-0.40067,0.12006,-0.073711,-0.08841,-0.38684,0.1207,0.15663,0.21742,0.27633,0.07701,-0.4591,-0.38104,0.039192,0.20558,-0.55754,-0.37964,-0.6702,-0.55684,-0.64154,-0.34062,-0.4994,-0.26166,-0.52952,-0.42995,-0.76146,-0.443,-0.52712,-0.3669,-0.052206,0.09521,-0.040316,-0.006696,-0.095155,-0.053281,-0.12185,-0.29682,-0.020009,-0.040066,-0.040115,0.012408,-0.6065,-0.45986,-0.46351,-0.5428,-0.054472,0.13905,-0.24224,-0.072306,-0.15042,-0.059415,-0.20454,0.0082845,-0.24726,-0.17359,-0.19058,-0.036254,-0.038129,-0.16361
-0.29188,-0.25527,-0.25993,-0.23349,-0.029662,-0.022886,-0.097892,0.10871,0.043689,0.39608,-0.043726,0.15752,0.017149,0.0042033,-0.25285,-0.15914,-0.1488,-0.27296,0.10998,-0.020369,-0.17915,0.058327,0.010282,0.20257,0.19021,0,-0.050122,-0.067595,0.14561,0.12716,-0.12133,0.02624,-0.04207,0.0085105,-0.12838,0.039938,-0.028256,-0.029203,0.057997,0.33124,-0.013374,0.070204,-0.10104,0.14739,-0.21708,-0.14081,-0.55472,-0.16783,-0.087207,-0.11797,-0.11542,-0.67348,-0.32152,-0.26729,-0.20395,-0.051289,0.11168,-0.21042,-0.067705,-0.23782,-0.10066,-0.47969,-0.48043,-0.56909,-0.43611,-0.47465,-0.26266,-0.30161,-0.35093,-0.33748,-0.12675,-0.44412,-0.15188,-0.38479,-0.21985,-0.20855,-0.098045,-0.00048876,0.068212,-0.05212,0.020711,-0.30084,-0.43315,0.074132,-0.071292,0.10748,0.15387,-0.51262,-0.16906,-0.53594,-0.47515,0.045717,0.080297,-0.45476,-0.2496,-0.12385,-0.098925,-0.031885,0.12102,-0.40566,-0.40392,-0.11739,-0.098503,-0.33058,-0.48335
0.010734,0.20731,-0.33642,-0.39999,-0.0081073,0.3637,-0.35638,0.00031158,-0.016777,0.0655,-0.35991,0.17912,-0.34888,-0.14197,0.1849,0.1435,0.11992,-0.15673,0.0059567,0.42901,0.26992,0.21317,0.50849,0.38478,0.22403,-0.050122,0,0.36522,0.21776,0.17193,-0.58116,-0.49552,-0.53229,-0.39684,-0.65881,-0.46782,-0.56083,-0.58977,-0.22774,0.0013869,0.30786,0.46554,-0.48095,-0.097104,-0.42644,-0.4373,-0.55288,-0.63504,0.057936,-0.23422,-0.10145,-0.41769,0.19703,0.31472,-0.00087977,0.29726,0.071072,-0.69881,-0.59326,-0.020271,0.30271,-0.21475,-0.095803,-0.32114,-0.20844,-0.55772,-0.54331,-0.26432,-0.10657,-0.28509,-0.2893,-0.56766,-0.39094,-0.51411,-0.38704,-0.29222,0.016233,-0.29472,-0.10418,-0.40722,-0.24902,-0.17156,-0.43342,-0.12519,-0.056989,-0.35537,-0.18173,-0.56617,-0.62752,-0.28652,-0.39925,-0.039638,0.36938,-0.21389,0.20544,-0.29792,-0.075721,-0.44693,-0.019605,-0.018451,0.15971,-0.24902,0.10725,-0.066282,0.00084311
0.014223,0.048735,-0.23175,-0.33503,-0.19349,-0.0072397,-0.49419,-0.15233,-0.21029,0.092601,-0.34807,0.19058,-0.3259,-0.25291,0.10304,0.12555,-0.0012097,-0.090097,-0.029814,0.37696,0.087671,0.40866,0.18595,0.27688,0.074481,-0.067595,0.36522,0,-0.01911,-0.054655,-0.57219,-0.48913,-0.51168,-0.46935,-0.57832,-0.42478,-0.47225,-0.48853,-0.15596,0.077633,0.061907,0.27604,-0.42064,-0.15875,-0.40075,-0.42637,-0.41455,-0.39326,-0.17622,-0.28776,-0.26247,-0.3904,-0.000837,0.060423,-0.05768,0.14626,0.053391,-0.49712,-0.36995,-0.27363,0.10816,-0.21298,-0.11559,-0.32339,-0.25411,-0.37638,-0.31642,-0.35762,-0.14874,-0.37274,-0.2972,-0.52612,-0.33881,-0.37291,-0.27652,-0.16931,0.043475,-0.29395,-0.20968,-0.30619,-0.32652,0.049914,-0.30389,-0.092045,-0.14467,-0.29384,-0.32555,-0.39148,-0.40828,-0.24624,-0.27941,-0.21506,0.062653,-0.29529,0.0047776,-0.21171,-0.07109,-0.28703,0.09923,-0.12755,0.034848,-0.31862,0.027089,-0.073106,-0.059916
-0.010912,-0.050574,-0.36305,-0.34644,0.23335,0.29443,-0.071994,-0.014376,0.21067,0.11144,-0.13712,0.046328,-0.11023,0.056311,-0.098014,-0.1629,-0.045204,-0.28574,-0.029435,-0.035624,0.047324,-0.013844,0.13325,0.13876,0.20804,0.14561,0.21776,-0.01911,0,0.38349,-0.20817,-0.1578,-0.19592,-0.061822,-0.3476,-0.30826,-0.23524,-0.23721,-0.11037,-0.019508,0.22241,0.1382,-0.24849,0.025464,-0.35072,-0.30792,-0.54503,-0.55686,0.22259,-0.043774,0.098485,-0.546,0.0045943,0.022116,-0.032154,0.14355,0.065775,-0.51691,-0.50979,0.045607,0.01206,-0.19,-0.21111,-0.32334,-0.20469,-0.56774,-0.57362,-0.20127,-0.18204,-0.11532,-0.13093,-0.40189,-0.3269,-0.53478,-0.42458,-0.33604,-0.12389,-0.15082,0.055389,-0.24414,-0.035692,-0.32645,-0.41766,-0.039308,0.052077,-0.16708,0.022471,-0.5608,-0.47503,-0.41104,-0.53229,0.10662,0.17485,-0.27367,-0.056446,-0.28322,-0.10913,-0.31917,-0.081042,-0.16639,-0.094398,-0.059146,-0.048699,-0.30466,-0.24106
-0.1335,-0.0065738,-0.36958,-0.42119,0.12859,0.42149,-0.10709,0.11408,0.036052,0.0094575,-0.23141,-0.10317,-0.041489,0.15239,-0.087378,-0.10673,-0.010832,-0.21483,0.072776,0.013325,0.010398,-0.063606,0.21591,0.18925,0.32473,0.12716,0.17193,-0.054655,0.38349,0,-0.28429,-0.16247,-0.18349,0.029943,-0.34297,-0.17202,-0.25793,-0.25571,-0.036015,0.10183,0.34942,0.30074,-0.31023,0.088533,-0.37053,-0.32045,-0.62328,-0.5803,0.25219,0.060417,0.15782,-0.44115,0.0402,0.079173,-0.011296,0.1906,0.13481,-0.49266,-0.45891,-0.05033,0.03216,-0.35203,-0.22409,-0.37799,-0.23006,-0.66778,-0.62732,-0.24225,-0.085252,-0.28263,-0.08004,-0.54625,-0.32417,-0.556,-0.45176,-0.33493,-0.21925,0.0065799,0.12917,-0.12951,0.1648,-0.28513,-0.3819,0.1159,0.020393,-0.00402,0.17433,-0.63737,-0.47672,-0.46153,-0.57102,0.050874,0.16099,-0.28936,-0.0042583,-0.20976,-0.087219,-0.27757,0.027786,-0.16696,-0.069123,-0.020338,-0.028165,-0.26886,-0.30726
-0.38333,-0.64201,-0.33186,-0.33625,-0.07175,-0.44089,0.15723,-0.38607,-0.25868,-0.3778,0.060075,-0.3159,0.1138,-0.051668,-0.53534,-0.52951,-0.35411,-0.34167,-0.23299,-0.72443,-0.49082,-0.29151,-0.62934,-0.56637,-0.49066,-0.12133,-0.58116,-0.57219,-0.20817,-0.28429,0,0.60203,0.41587,0.19894,0.39571,0.041257,0.17311,0.19935,-0.28757,-0.45051,-0.45253,-0.63388,0.32278,-0.14166,0.079759,0.18583,-0.12908,-0.0348,-0.34244,-0.092766,-0.097293,-0.36568,-0.66692,-0.71551,-0.49591,-0.51304,-0.26847,0.044434,-0.021053,-0.47071,-0.73286,-0.2184,-0.43171,-0.12538,-0.14591,-0.061681,-0.15734,0.13383,-0.42436,0.13873,0.1736,0.24173,0.15451,-0.064101,-0.066251,-0.43147,-0.6513,-0.16749,-0.18163,-0.10979,-0.10349,-0.52976,-0.20282,-0.24432,-0.24883,-0.043249,-0.041056,-0.097037,0.045363,-0.35805,-0.24885,-0.064547,-0.37754,-0.31596,-0.54865,-0.1917,-0.36587,-0.029863,-0.38467,-0.45403,-0.47711,0.060698,-0.24986,-0.8635,-0.75782
-0.29413,-0.66288,-0.18605,-0.2201,0.05625,-0.37103,0.27728,-0.25858,-0.26321,-0.27256,0.15063,-0.26721,0.31442,0.17319,-0.57257,-0.6255,-0.31309,-0.2352,-0.11874,-0.56873,-0.53394,-0.27068,-0.47666,-0.45477,-0.37783,0.02624,-0.49552,-0.48913,-0.1578,-0.16247,0.60203,0,0.52285,0.43927,0.45656,0.26206,0.27187,0.31794,-0.096939,-0.26088,-0.3453,-0.50023,0.34461,-0.075525,0.043994,0.15426,-0.17586,0.0015701,-0.35549,0.036303,-0.022849,-0.5447,-0.60228,-0.71274,-0.45912,-0.38602,-0.13835,0.089779,0.099041,-0.44233,-0.63813,-0.36023,-0.55148,-0.262,-0.18265,-0.096634,-0.23295,0.076637,-0.30365,-0.038722,0.2181,0.029619,0.14315,-0.13291,-0.086241,-0.32768,-0.52376,0.035142,0.018946,0.037347,0.10499,-0.43152,-0.17201,-0.08056,-0.16785,0.17159,0.10018,-0.16935,0.15071,-0.48463,-0.3405,0.057032,-0.2813,-0.34524,-0.54491,-0.05069,-0.2295,0.082197,-0.1501,-0.48446,-0.56513,0.090879,-0.198,-0.87445,-1
-0.41915,-0.71255,-0.093457,-0.13288,-0.022477,-0.42711,0.056537,-0.38491,-0.31669,-0.28574,0.20204,-0.35937,0.48772,0.021573,-0.58925,-0.61417,-0.37287,-0.29248,-0.073986,-0.60401,-0.60741,-0.32165,-0.52168,-0.45956,-0.32576,-0.04207,-0.53229,-0.51168,-0.19592,-0.18349,0.41587,0.52285,0,0.45094,0.4741,0.16086,0.46133,0.48412,-0.058443,-0.23832,-0.43167,-0.51799,0.19409,-0.19907,-0.040017,0.063948,-0.25874,-0.0039406,-0.38569,0.208,-0.031042,-0.49428,-0.55857,-0.67386,-0.34371,-0.38042,-0.18154,0.1034,0.12362,-0.45805,-0.63656,-0.44657,-0.58328,-0.34316,-0.2642,-0.1816,-0.19223,-0.061846,-0.3032,-0.1349,0.084512,-0.04857,0.0034641,-0.23703,-0.1919,-0.20437,-0.54167,0.21889,0.080529,0.25736,0.14032,-0.24448,-0.0005804,-0.0037573,-0.12772,0.29618,0.10832,-0.23252,0.052792,-0.61223,-0.44642,-0.018267,-0.35385,-0.24611,-0.60883,-0.0010814,-0.26946,0.16045,-0.26693,-0.60563,-0.62103,-0.05925,-0.30615,-0.83478,-0.94905
-0.23271,-0.52666,-0.16169,-0.20249,0.10154,-0.24359,0.17708,-0.20464,-0.2542,-0.29375,0.097837,-0.33763,0.42039,0.28481,-0.58717,-0.65223,-0.29257,-0.21923,-0.03359,-0.50643,-0.50378,-0.37901,-0.32648,-0.37473,-0.20175,0.0085105,-0.39684,-0.46935,-0.061822,0.029943,0.19894,0.43927,0.45094,0,0.23578,0.28043,0.23375,0.31586,0.048185,-0.10951,-0.2391,-0.33869,0.1156,-0.05256,-0.005187,0.050831,-0.29602,-0.15067,-0.28271,0.27429,0.099218,-0.53745,-0.44831,-0.54556,-0.36176,-0.30258,-0.13606,0.015512,0.0024804,-0.34019,-0.5353,-0.44501,-0.46777,-0.34055,-0.22235,-0.21745,-0.3076,-0.10904,-0.22053,-0.17379,0.12826,-0.15957,-0.026619,-0.2278,-0.19506,-0.24608,-0.46825,0.22807,0.22509,0.15545,0.33588,-0.32448,-0.16686,0.078947,-0.059684,0.32691,0.24315,-0.29891,0.016337,-0.48428,-0.37788,-0.053977,-0.31494,-0.35871,-0.52674,-0.11116,-0.29623,0.030865,-0.14399,-0.45885,-0.48139,0.053036,-0.2823,-0.72909,-0.83823
-0.32033,-0.67113,-0.081525,-0.069648,-0.099169,-0.53952,0.16903,-0.35189,-0.33146,-0.36754,0.064852,-0.41639,0.1354,-0.045931,-0.56994,-0.68299,-0.30619,-0.14842,-0.16804,-0.63251,-0.61199,-0.35593,-0.60434,-0.55689,-0.45367,-0.12838,-0.65881,-0.57832,-0.3476,-0.34297,0.39571,0.45656,0.4741,0.23578,0,0.35808,0.34688,0.40017,-0.10412,-0.29358,-0.49578,-0.59421,0.45143,-0.10207,0.16566,0.26139,-0.018872,0.22794,-0.42008,-0.074096,-0.19951,-0.32909,-0.58115,-0.72937,-0.38931,-0.42902,-0.15002,0.30518,0.2639,-0.39035,-0.64321,-0.38256,-0.57886,-0.2052,-0.20316,0.10221,0.025507,0.049927,-0.24986,-0.077254,0.12218,0.12587,0.23808,0.047898,0.064296,-0.20332,-0.47935,-0.00098363,-0.064455,0.10322,0.063679,-0.33522,-0.039492,-0.20229,-0.18191,0.15755,0.082307,0.026735,0.35588,-0.3941,-0.22509,-0.090292,-0.41247,-0.3289,-0.7001,-0.058236,-0.28557,0.12262,-0.22454,-0.54464,-0.59355,-0.028165,-0.20704,-0.60319,-0.74787
-0.25696,-0.46444,-0.099945,-0.11432,-0.11372,-0.36095,0.13437,-0.065927,-0.34304,-0.23528,-0.047452,-0.31418,0.076576,0.063251,-0.48468,-0.57538,-0.27131,-0.13897,-0.11085,-0.41633,-0.52821,-0.3286,-0.34489,-0.3403,-0.25444,0.039938,-0.46782,-0.42478,-0.30826,-0.17202,0.041257,0.26206,0.16086,0.28043,0.35808,0,0.14825,0.21977,0.082392,-0.012928,-0.29348,-0.30449,0.1806,0.043805,0.089278,0.12306,-0.10465,0.17824,-0.40364,-0.11922,-0.22878,-0.38142,-0.54483,-0.60263,-0.42487,-0.33315,-0.026912,0.23751,0.29515,-0.36726,-0.43664,-0.54082,-0.57641,-0.38467,-0.31902,-0.014424,-0.058254,-0.16427,-0.2017,-0.30027,0.055444,-0.16975,0.13609,0.0051259,0.054985,-0.16727,-0.33714,0.037262,0.0015274,0.095296,0.11359,-0.33913,-0.23541,-0.10641,-0.23307,0.21165,0.10041,-0.084757,0.36516,-0.36194,-0.19426,-0.16897,-0.3451,-0.52695,-0.56705,-0.13654,-0.31921,0.03849,-0.0048265,-0.50416,-0.57319,-0.061174,-0.18409,-0.47565,-0.69876
-0.2998,-0.70037,0.11824,0.083156,-0.12308,-0.57235,-0.073974,-0.47033,-0.19071,-0.23253,0.50287,-0.43426,0.25975,-0.11946,-0.67502,-0.59605,-0.49457,-0.2879,-0.20693,-0.56572,-0.80877,-0.42167,-0.55615,-0.47043,-0.22853,-0.028256,-0.56083,-0.47225,-0.23524,-0.25793,0.17311,0.27187,0.46133,0.23375,0.34688,0.14825,0,0.87579,0.22599,-0.11031,-0.56653,-0.53551,-0.02277,-0.32443,-0.10398,-0.037414,-0.12485,0.16167,-0.44084,0.089198,-0.21482,-0.43127,-0.4605,-0.65151,-0.20912,-0.35828,-0.2337,0.19957,0.16073,-0.33997,-0.60188,-0.65533,-0.89235,-0.53501,-0.5312,-0.091141,-0.041441,-0.20506,-0.4075,-0.33387,-0.18284,-0.19819,-0.11734,-0.19452,-0.13125,0.083834,-0.35682,0.22689,-0.047342,0.46353,0.0557,-0.20206,0.11223,-0.16855,-0.24744,0.38325,0.018157,-0.13195,0.14291,-0.62542,-0.46595,-0.073228,-0.40917,-0.18492,-0.75616,0.13852,-0.22274,0.3896,-0.2501,-0.85413,-0.86761,-0.16541,-0.34291,-0.62147,-0.87958
-0.26636,-0.60984,0.054295,0.036926,-0.16609,-0.53988,-0.059946,-0.38595,-0.23053,-0.2608,0.36932,-0.38379,0.26549,-0.10594,-0.80782,-0.66104,-0.55503,-0.32744,-0.25044,-0.60552,-0.87628,-0.43072,-0.60335,-0.48803,-0.27599,-0.029203,-0.58977,-0.48853,-0.23721,-0.25571,0.19935,0.31794,0.48412,0.31586,0.40017,0.21977,0.87579,0,0.16367,-0.10125,-0.5828,-0.52591,0.040072,-0.27009,0.0051259,0.051307,-0.10192,0.18889,-0.44544,0.075269,-0.20768,-0.40569,-0.53514,-0.68342,-0.2802,-0.42791,-0.24504,0.30382,0.20441,-0.34834,-0.58365,-0.60007,-0.76752,-0.48273,-0.44819,-0.059396,-0.028489,-0.17778,-0.34087,-0.2832,-0.095668,-0.12748,-0.013533,-0.1189,-0.08447,0.039602,-0.34092,0.18984,-0.051136,0.41893,0.058028,-0.24603,0.0084983,-0.16444,-0.26939,0.34613,0.016361,-0.099255,0.18532,-0.49289,-0.36696,-0.16378,-0.46659,-0.22326,-0.67047,0.094947,-0.23871,0.40139,-0.22672,-0.90781,-0.88972,-0.21478,-0.41734,-0.66171,-0.91306
-0.062201,-0.37135,0.25233,0.16053,-0.074047,-0.3066,-0.20557,-0.24419,-0.094538,-0.048051,0.21029,-0.30873,0.047422,-0.063752,-0.43281,-0.42675,-0.34673,-0.15419,-0.11555,-0.18676,-0.52301,-0.32923,-0.16871,-0.15822,0.13026,0.057997,-0.22774,-0.15596,-0.11037,-0.036015,-0.28757,-0.096939,-0.058443,0.048185,-0.10412,0.082392,0.22599,0.16367,0,0.31876,-0.24765,-0.13754,-0.31082,-0.26717,-0.30956,-0.2943,-0.21945,-0.019679,-0.31723,0.029735,-0.23857,-0.46215,-0.15296,-0.30372,0.013856,-0.04645,-0.051167,-0.048118,-0.01539,-0.14556,-0.24285,-0.84065,-0.77954,-0.80979,-0.69311,-0.23398,-0.1595,-0.45521,-0.23874,-0.68729,-0.37501,-0.60335,-0.32593,-0.32212,-0.21357,0.33666,-0.027603,0.24189,0.022678,0.33718,0.081189,-0.03728,0.0024621,-0.076405,-0.18942,0.31886,-0.026876,-0.26849,-0.011981,-0.59124,-0.50627,-0.11235,-0.23385,-0.26246,-0.49621,0.10487,-0.1047,0.1745,0.037567,-0.59115,-0.59701,-0.20701,-0.21284,-0.29475,-0.51463
-0.16108,-0.12067,-0.07412,-0.094037,-0.19316,-0.052065,-0.33902,0.064095,-0.070925,0.26075,-0.13974,-0.0067632,-0.11665,-0.1299,-0.2379,-0.13822,-0.17548,-0.18696,0.055169,0.12237,-0.22678,-0.064632,0.11488,0.24958,0.37598,0.33124,0.0013869,0.077633,-0.019508,0.10183,-0.45051,-0.26088,-0.23832,-0.10951,-0.29358,-0.012928,-0.11031,-0.10125,0.31876,0,-0.037262,0.24954,-0.34049,-0.016685,-0.32388,-0.32168,-0.47857,-0.16495,-0.15892,-0.13148,-0.26324,-0.50541,-0.14346,-0.12634,-0.044398,0.033071,0.068445,-0.19566,-0.074523,-0.16541,0.032576,-0.63006,-0.45402,-0.70949,-0.56585,-0.43876,-0.20142,-0.52864,-0.20422,-0.69567,-0.33058,-0.74443,-0.31686,-0.38971,-0.26102,0.070595,0.11298,0.058706,0.0094269,0.035973,0.0040689,-0.053543,-0.31339,0.057209,-0.12692,0.12174,0.0097202,-0.46139,-0.18288,-0.45574,-0.43104,-0.20647,-0.056103,-0.42825,-0.2381,-0.095131,-0.098589,-0.012115,0.20315,-0.42179,-0.3676,-0.28613,-0.17877,-0.10813,-0.31134
-0.11185,0.030053,-0.4743,-0.46045,0.14184,0.50214,-0.070228,0.21141,-0.044007,0.025739,-0.49433,0.021499,-0.2789,0.094269,0.21935,-0.032203,0.26645,-0.069752,0.1127,0.19921,0.42045,0.064999,0.51766,0.31062,0.15638,-0.013374,0.30786,0.061907,0.22241,0.34942,-0.45253,-0.3453,-0.43167,-0.2391,-0.49578,-0.29348,-0.56653,-0.5828,-0.24765,-0.037262,0,0.43035,-0.29218,0.16417,-0.44438,-0.4061,-0.61366,-0.68082,0.23375,-0.19335,0.074859,-0.41934,0.088502,0.16681,-0.085356,0.30765,0.20651,-0.70155,-0.53769,-0.033327,0.16087,-0.11841,-0.015561,-0.21625,-0.093683,-0.61786,-0.62702,-0.24636,-0.01437,-0.21711,-0.13942,-0.49436,-0.35136,-0.51063,-0.40541,-0.50849,-0.12925,-0.25945,0.028898,-0.4311,-0.039058,-0.26274,-0.50412,0.056354,0.12749,-0.28785,-0.035178,-0.60963,-0.51727,-0.30511,-0.38355,0.01349,0.26752,-0.44782,0.057496,-0.41811,-0.10566,-0.58333,0.079955,0.22797,0.18049,0.029515,0.15233,-0.074664,-0.048607
-0.10912,0.27915,-0.3782,-0.39883,-0.132,0.46328,-0.35931,0.25778,-0.04375,0.17843,-0.482,0.10178,-0.36371,-0.15992,0.16749,0.15879,0.10551,-0.1626,0.051326,0.46511,0.26001,0.14358,0.5702,0.69404,0.39064,0.070204,0.46554,0.27604,0.1382,0.30074,-0.63388,-0.50023,-0.51799,-0.33869,-0.59421,-0.30449,-0.53551,-0.52591,-0.13754,0.24954,0.43035,0,-0.45487,0.099352,-0.4451,-0.4517,-0.60729,-0.52747,0.15498,-0.27911,-0.17474,-0.35271,0.11989,0.31943,0.012237,0.29602,0.19398,-0.56665,-0.45638,-0.030352,0.43628,-0.27214,-0.084824,-0.37595,-0.26786,-0.6265,-0.44736,-0.41022,-0.044636,-0.42454,-0.26224,-0.70264,-0.38748,-0.49695,-0.39274,-0.27015,0.061547,-0.2394,-0.092797,-0.32988,-0.15125,-0.15897,-0.51798,-0.013196,-0.061449,-0.25108,-0.096713,-0.57853,-0.52258,-0.28022,-0.38251,-0.17365,0.22869,-0.39341,0.15788,-0.35005,-0.11775,-0.40566,0.11263,-0.056476,0.080236,-0.24533,0.012054,0.062964,0.019789
