,,,,,,,,,,,,,,,,,,,,,,,,,,,,,,,,,,,,,,,,,,,,,,,,,,,,,,,,,,,,,,,,,,,,,,,,,,,,,,,,,,,,,,,,,,,,,,,,,,,,,,,,
0,-0.33802,-0.47869,-0.47289,0.43052,-0.293,0.34116,-0.38068,0.15432,-0.28844,-0.27844,-0.61716,-0.3269,-0.69203,-0.1475,-0.29429,0.055065,0.054439,-0.26464,-0.31271,0.11517,-0.19573,0.041245,-0.31125,0.11648,-0.23529,0.075406,-0.24477,0.19229,-0.05334,-0.327,-0.31188,-0.67325,-0.43711,-0.47936,-0.46559,-0.47865,-0.52394,0.32538,-0.32628,0.46812,-0.13427,-0.12672,-0.14321,-0.32987,-0.1593,-0.23943,-0.29015,0.17273,-0.5159,-0.77829,0.24107,0.43412,-0.017491,0.090186,0.27083,0.15059,0.081409,-0.025333,0.07945,-0.17638,-0.067324,-0.33014,-0.046509,-0.10948,-0.34593,-0.36528,-0.41874,-0.28575,-0.24767,-0.090787,-0.41314,-0.40106,-0.37634,-0.34037,-0.092126,-0.52878,-0.71103,-0.70404,-0.50611,-0.52107,-0.16894,-0.14615,-0.15866,-0.23717,-0.38594,-0.37874,-0.10934,0.05085,-0.17659,-0.1981,-0.022578,-0.4784,0.10748,-0.46403,-0.74039,-0.65688,-0.33271,-0.45932,0.092461,-0.35955,-0.15606,-0.51743,-0.13534,-0.33695
-0.33802,0,-0.17098,-0.26267,-0.57953,0.29517,-0.40301,0.13718,-0.46129,-0.20631,-0.43893,-0.10708,-0.30188,-0.25447,-0.39142,-0.45922,-0.45067,-0.6158,-0.0025972,-0.22958,-0.35417,-0.44096,-0.2876,-0.070629,-0.48423,-0.18986,-0.48842,-0.46033,-0.36282,-0.1585,-0.27821,-0.19811,-0.22876,-0.37997,-0.21647,-0.060423,-0.26539,-0.14936,-0.36595,-0.10344,-0.42869,-0.22484,-0.13779,0.015179,-0.080423,-0.0067678,-0.037188,-0.10441,-0.29901,-0.14443,-0.05303,-0.24745,-0.16348,0.107,-0.021365,-0.16671,-0.24733,-0.2843,-0.17001,-0.35602,-0.21645,-0.40526,-0.33857,-0.3807,-0.35372,-0.1333,-0.068708,-0.36667,-0.33754,-0.30899,-0.33826,-0.11048,-0.14086,0.1041,-0.0077662,-0.24065,0.0055924,-0.14355,-0.20981,-0.28483,-0.2689,-0.51096,-0.53773,-0.15527,-0.19285,-0.17818,-0.028543,-0.11411,-0.21639,-0.059115,0.08412,-0.19867,0.23403,-0.08934,0.17666,-0.13915,-0.08381,-0.18109,0.013453,-0.51505,-0.099766,-0.42526,-0.25119,-0.082629,0.050882
-0.47869,-0.17098,0,0.81656,-0.39448,-0.21964,-0.71858,-0.35245,-0.1837,-0.18744,-0.11752,0.35917,-0.20864,0.0078863,-0.12636,-0.16706,-0.21421,-0.17779,0.0068373,-0.063476,-0.54933,-0.15786,-0.22023,0.01078,-0.29611,-0.33228,-0.30166,-0.11976,-0.52358,-0.45605,-0.42889,-0.53612,-0.050123,-0.15911,-0.2308,-0.31895,-0.10215,-0.33978,-0.43796,0.18805,-0.51824,-0.021283,-0.60305,-0.49937,-0.33364,-0.32013,-0.24613,-0.20052,-0.50729,0.014237,0.045536,-0.37025,-0.36951,-0.22687,-0.16849,-0.4045,-0.53069,-0.29801,-0.17268,0.097491,0.20163,-0.41659,-0.24383,-0.49723,-0.34676,-0.18091,-0.12394,-0.17537,-0.29336,-0.55634,-0.61888,-0.33981,-0.30355,-0.11185,-0.16754,0.19854,0.52291,0.20962,0.26453,0.17585,0.2164,0.15865,0.11185,0.24688,0.39384,0.19912,-0.028575,-0.31194,-0.32845,-0.20978,-0.18877,-0.12128,0.10152,-0.35918,-0.03351,0.08055,0.041624,-0.1699,0.026445,-0.33069,-0.01703,-0.089991,0.0018262,-0.021207,0.068259
-0.47289,-0.26267,0.81656,0,-0.35328,-0.35144,-0.62521,-0.42669,-0.16462,-0.20149,0.013068,0.22998,-0.099659,0.07691,-0.19474,-0.14408,-0.3148,-0.19074,-0.10131,-0.14229,-0.53117,-0.14548,-0.20351,-0.081706,-0.26416,-0.36293,-0.32041,-0.11936,-0.52658,-0.51022,-0.30095,-0.44423,0.032613,-0.059684,-0.11681,-0.26895,-0.063684,-0.27114,-0.42203,0.043406,-0.51939,-0.14067,-0.53266,-0.53827,-0.23994,-0.28789,-0.2353,-0.21837,-0.49243,-0.0028562,0.011899,-0.36688,-0.43659,-0.3305,-0.22655,-0.53007,-0.61362,-0.36131,-0.30239,0.050502,0.11814,-0.40511,-0.21215,-0.45881,-0.27056,-0.17512,-0.14544,-0.037397,-0.33407,-0.50145,-0.61354,-0.26759,-0.23064,-0.11148,-0.16844,0.22861,0.38796,0.14351,0.23816,0.15822,0.21008,0.11682,0.10965,0.096594,0.26492,0.15299,-0.1261,-0.37459,-0.44337,-0.19269,-0.18133,-0.19004,-0.032051,-0.34356,-0.097378,0.12197,0.049125,-0.055261,0.070155,-0.28239,0.060645,-0.056891,0.081466,-0.027014,-0.0030521
0.43052,-0.57953,-0.39448,-0.35328,0,-0.31168,0.44234,-0.46265,0.3669,-0.31311,-0.1516,-0.42147,-0.14648,-0.35965,-0.054806,-0.091836,0.18586,0.31864,-0.38121,-0.16009,0.32502,0.051513,0.0143,-0.26197,0.093169,-0.25778,0.28267,-0.029441,0.048828,-0.22213,-0.28395,-0.30706,-0.43816,-0.2047,-0.39395,-0.52293,-0.47682,-0.50272,0.1637,-0.33316,0.63627,-0.055324,-0.12331,-0.1603,-0.27914,-0.21078,-0.21962,-0.21565,0.11657,-0.42904,-0.63513,0.07878,0.069662,-0.26498,-0.21496,0.020133,0.15022,0.16493,-0.11706,0.057321,-0.16756,-0.055747,-0.23866,0.074818,-0.02491,-0.25762,-0.31839,-0.33839,-0.27418,-0.20008,-0.088942,-0.36099,-0.33164,-0.46753,-0.34706,-0.10275,-0.45412,-0.4922,-0.43949,-0.37266,-0.37832,-0.00028436,-0.06297,-0.11019,-0.24304,-0.25698,-0.30576,-0.066749,0.032961,-0.22517,-0.35698,-0.0069889,-0.53666,-0.083558,-0.46238,-0.55933,-0.5191,-0.20027,-0.38638,0.18172,-0.25335,-0.10749,-0.39797,-0.30339,-0.56888
-0.293,0.29517,-0.21964,-0.35144,-0.31168,0,-0.19926,0.11095,-0.36572,-0.27803,-0.59196,-0.11268,-0.31015,-0.23823,-0.29626,-0.39826,-0.17986,-0.32302,-0.13663,-0.16325,-0.16271,-0.29857,-0.31113,-0.086882,-0.48531,-0.12272,-0.37127,-0.37103,-0.26985,-0.18178,-0.21583,-0.15084,-0.26034,-0.27115,-0.38005,-0.22034,-0.50632,-0.27515,-0.33743,-0.095494,-0.21963,-0.046597,-0.013188,0.14387,-0.03969,-0.01861,0.11357,0.086357,-0.15674,-0.27591,-0.16034,-0.20196,-0.11197,0.1304,-0.17503,-0.097043,-0.012145,-0.054085,-0.11323,-0.35329,-0.20375,-0.43923,-0.31999,-0.17521,-0.15008,0.062566,0.12221,-0.51141,-0.46907,-0.16728,-0.23763,-0.060164,-0.050117,-0.055103,0.05775,-0.33973,-0.093814,-0.14971,-0.1958,-0.37942,-0.36685,-0.22992,-0.38923,-0.056986,-0.23439,-0.19578,-0.040493,0.16191,0.058919,-0.12673,-0.10059,-0.23677,0.076278,-0.25647,0.12185,-0.28514,-0.15026,-0.2979,-0.087779,-0.41109,-0.002812,-0.37292,-0.32444,-0.29105,-0.14258
0.34116,-0.40301,-0.71858,-0.62521,0.44234,-0.19926,0,-0.16009,0.059476,-0.24877,-0.20821,-0.69042,-0.18368,-0.46822,-0.29056,-0.21648,-0.056714,0.0068626,-0.47005,-0.33738,0.27678,-0.11583,-0.042818,-0.36283,-0.0094092,-0.1214,-0.017112,-0.22424,0.11668,-0.13597,-0.11302,-0.031368,-0.45122,-0.2424,-0.33298,-0.31807,-0.42749,-0.22035,0.21994,-0.45824,0.53605,-0.19177,0.21809,0.13187,-0.065321,-0.06472,-0.11906,-0.12892,0.17869,-0.59804,-0.79858,0.11379,0.058907,-0.21989,-0.23463,0.075678,0.30662,0.13174,-0.17358,-0.2535,-0.44773,-0.1508,-0.27144,0.22901,0.10007,-0.16726,-0.23155,-0.29191,-0.35076,-0.0028815,0.07672,-0.2152,-0.17729,-0.23644,-0.24167,-0.3545,-0.69912,-0.69385,-0.66299,-0.64145,-0.64799,-0.3047,-0.37045,-0.34414,-0.49926,-0.49748,-0.36893,0.012367,0.0057946,-0.12641,-0.19628,-0.22657,-0.63568,-0.14561,-0.52573,-0.63994,-0.56776,-0.1289,-0.36307,0.034275,-0.23786,-0.25993,-0.51214,-0.45069,-0.608
-0.38068,0.13718,-0.35245,-0.42669,-0.46265,0.11095,-0.16009,0,-0.40089,0.17304,-0.22458,-0.24567,-0.23649,-0.30405,-0.66768,-0.50747,-0.52006,-0.55729,-0.090161,-0.4244,-0.37809,-0.48545,-0.14238,-0.20289,-0.3517,0.19779,-0.58147,-0.52138,-0.17851,-0.072474,-0.11525,0.11209,-0.16467,-0.27021,-0.17861,0.12196,-0.014003,0.29228,-0.12789,-0.059848,-0.31457,-0.14427,0.060657,0.3008,-0.095166,-0.14276,-0.13145,-0.10904,-0.37438,-0.32229,-0.24995,-0.24141,-0.2827,-0.12059,-0.21186,-0.1261,-0.10857,-0.28354,-0.19456,-0.55168,-0.48005,-0.40393,-0.4524,-0.18297,-0.11307,-0.11161,-0.079697,-0.23511,-0.25845,-0.034408,-0.12061,-0.20998,-0.18121,0.22142,-0.087981,-0.47038,-0.27492,-0.29169,-0.31841,-0.40557,-0.42051,-0.57573,-0.67235,-0.32169,-0.39818,-0.33104,-0.16698,-0.15094,-0.22231,-0.10965,-0.12478,-0.52871,-0.18194,-0.32994,-0.098117,-0.28388,-0.25883,-0.14715,-0.19853,-0.62538,-0.2347,-0.49543,-0.3964,-0.38371,-0.25624
0.15432,-0.46129,-0.1837,-0.16462,0.3669,-0.36572,0.059476,-0.40089,0,-0.17241,0.095747,-0.21455,-0.066452,-0.30132,-0.076126,0.015494,0.038603,0.31086,-0.2229,-0.13377,-0.046483,0.012859,0.02642,-0.23756,0.37797,-0.23859,0.12919,-0.022882,-0.14148,-0.35196,-0.347,-0.4653,-0.24445,-0.096164,-0.21829,-0.3067,-0.19281,-0.44461,0.15171,-0.065352,0.20814,0.042591,-0.28509,-0.23595,-0.36413,-0.33043,-0.24986,-0.16749,-0.19753,-0.21622,-0.44411,0.074888,-0.10688,-0.32233,-0.22316,-0.03581,0.021687,0.080796,0.03928,0.20476,0.060398,-0.19717,-0.40145,-0.14745,-0.13457,-0.26342,-0.28488,-0.24476,-0.18332,-0.32216,-0.25115,-0.41821,-0.45816,-0.3146,-0.23921,0.10933,-0.32308,-0.42379,-0.34532,-0.13929,-0.23355,0.059299,0.066553,-0.11017,-0.15062,-0.24411,-0.35649,-0.15946,-0.038104,-0.081055,-0.29889,-0.0067867,-0.27896,-0.17696,-0.3392,-0.36981,-0.39188,-0.090117,-0.28595,-0.063596,-0.30044,-0.023292,-0.25656,-0.21237,-0.41426
-0.28844,-0.20631,-0.18744,-0.20149,-0.31311,-0.27803,-0.24877,0.17304,-0.17241,0,0.12765,-0.24179,-0.081087,-0.27858,-0.56262,-0.52427,-0.43529,-0.27844,-0.050496,-0.55605,-0.417,-0.37058,0.19521,-0.15098,-0.024588,0.59393,-0.35235,-0.40145,-0.0012512,0.030306,-0.033081,0.084682,-0.05545,-0.16242,-0.078294,0.10734,0.31161,0.24767,0.1228,0.062035,-0.22274,0.011652,-0.13988,0.077352,-0.38288,-0.39602,-0.2594,-0.23923,-0.43918,-0.28358,-0.29254,-0.17208,-0.34931,-0.33742,-0.23742,-0.15177,-0.2257,-0.31336,-0.14488,-0.3232,-0.4283,-0.16988,-0.39738,-0.28957,-0.081036,-0.25697,-0.19026,0.049346,-0.0094976,-0.067779,-0.032821,-0.40117,-0.37769,0.010357,-0.2605,-0.28157,-0.25107,-0.28804,-0.24832,-0.22447,-0.31043,-0.33736,-0.37759,-0.19433,-0.1556,-0.22741,-0.26668,-0.32469,-0.22462,-0.21979,-0.46807,-0.44267,-0.29505,-0.2345,-0.19705,-0.3364,-0.35203,-0.25324,-0.3237,-0.37985,-0.26997,-0.25204,-0.23157,-0.19664,-0.33084
-0.27844,-0.43893,-0.11752,0.013068,-0.1516,-0.59196,-0.20821,-0.22458,0.095747,0.12765,0,-0.16012,0.22141,0.0065529,-0.45737,-0.11678,-0.46602,-0.14001,-0.18645,-0.25057,-0.39705,-0.20483,-0.043052,-0.34059,0.19345,-0.029125,-0.2433,-0.19733,-0.25107,-0.3985,-0.047299,-0.142,0.20439,0.12617,0.2743,0.08522,0.44303,0.10071,0.03442,-0.047305,-0.25522,-0.19277,-0.19873,-0.25008,-0.23234,-0.34124,-0.22996,-0.18976,-0.41487,-0.037725,-0.17585,-0.20748,-0.45435,-0.52425,-0.34121,-0.4247,-0.32002,-0.32348,-0.26748,-0.15711,-0.21888,-0.28504,-0.37582,-0.26215,-0.16981,-0.23518,-0.22784,0.24532,-0.16944,-0.15642,-0.21253,-0.27401,-0.3243,-0.098205,-0.16619,0.0059842,-0.19385,-0.19507,-0.06079,0.093826,0.017188,-0.25796,-0.21956,-0.32247,-0.18544,-0.17173,-0.29645,-0.3505,-0.35076,-0.10164,-0.33557,-0.35647,-0.33407,-0.27187,-0.22465,-0.044209,-0.16405,0.13531,-0.14507,-0.35185,-0.25951,-0.25323,-0.085523,-0.11973,-0.3402
-0.61716,-0.10708,0.35917,0.22998,-0.42147,-0.11268,-0.69042,-0.24567,-0.21455,-0.24179,-0.16012,0,-0.27403,0.096145,-0.15088,-0.041649,-0.20502,-0.13841,0.13443,0.15865,-0.47776,0.032284,-0.25137,0.17703,-0.40013,-0.36461,-0.25531,0.10518,-0.76051,-0.58506,-0.46052,-0.62644,-0.0094408,-0.17968,-0.19353,-0.26856,-0.1283,-0.29469,-0.47208,0.2484,-0.54434,0.022231,-0.69189,-0.48756,-0.25625,-0.29355,-0.3866,-0.33596,-0.64094,0.010882,0.12882,-0.66499,-0.58941,-0.38821,-0.41408,-0.64829,-0.64463,-0.47782,-0.35958,-0.12039,0.14802,-0.39783,-0.20557,-0.62974,-0.58715,-0.35627,-0.30772,-0.34409,-0.23206,-0.6867,-0.80008,-0.33123,-0.40736,-0.21302,-0.23667,0.073731,0.54768,0.37783,0.3062,0.27248,0.27685,-0.070932,-0.090319,0.16385,0.11907,0.24055,0.038742,-0.44157,-0.46961,-0.32595,-0.22915,-0.18322,0.11081,-0.37345,0.1762,0.36633,0.35936,0.01461,0.18719,-0.46202,-0.096088,-0.1321,0.076853,-0.16254,-0.00052449
-0.3269,-0.30188,-0.20864,-0.099659,-0.14648,-0.31015,-0.18368,-0.23649,-0.066452,-0.081087,0.22141,-0.27403,0,0.30503,-0.31103,-0.08218,-0.38602,-0.26038,-0.26396,-0.19691,-0.1309,-0.24361,-0.14586,-0.36962,-0.10004,-0.11858,-0.23265,-0.25211,-0.19061,-0.30576,0.01818,0.027374,0.44524,0.56512,0.51039,0.22995,-0.0035387,-0.017118,-0.19913,-0.29252,-0.2085,-0.28184,-0.052341,-0.12787,-0.22281,-0.30334,-0.00071406,0.0038736,-0.29042,0.097965,0.026047,-0.16493,-0.34979,-0.34631,-0.32792,-0.33015,-0.19588,-0.15312,-0.23105,-0.31548,-0.3402,-0.1827,-0.18079,-0.020796,0.088032,-0.024531,-0.048278,0.064145,-0.25203,0.033731,-0.10339,-0.13899,-0.080607,-0.24043,-0.098363,-0.22407,-0.28707,-0.14926,-0.011343,-0.070281,-0.065776,-0.17915,-0.18165,-0.38504,-0.35656,-0.10593,-0.11783,-0.069397,-0.21502,-0.14433,-0.33819,-0.22868,-0.2115,-0.28345,-0.23047,-0.16134,-0.3484,-0.069997,-0.31149,-0.27656,-0.06254,-0.35497,-0.16539,-0.31592,-0.61133
-0.69203,-0.25447,0.0078863,0.07691,-0.35965,-0.23823,-0.46822,-0.30405,-0.30132,-0.27858,0.0065529,0.096145,0.30503,0,-0.20725,0.02122,-0.35388,-0.30174,-0.20071,0.12782,-0.25724,-0.123,-0.34878,-0.1821,-0.42412,-0.34703,-0.2901,-0.083444,-0.51379,-0.49596,-0.091886,-0.1554,0.55033,0.39048,0.30197,0.019918,-0.09049,-0.095115,-0.55967,-0.23,-0.5065,-0.31774,-0.27963,-0.36215,-0.14682,-0.22148,-0.11883,-0.093567,-0.43814,0.23167,0.35301,-0.51774,-0.57459,-0.41323,-0.44972,-0.69143,-0.46274,-0.35916,-0.43165,-0.33878,-0.1918,-0.21633,0.037308,-0.17128,-0.1967,-0.081188,-0.10709,-0.083665,-0.29821,-0.16126,-0.33478,-0.034363,-0.033548,-0.29632,-0.073536,-0.20691,0.036821,0.33669,0.48107,0.17525,0.3211,-0.1616,-0.18792,-0.21238,-0.1499,0.11036,0.14837,-0.20247,-0.38427,-0.28765,-0.24196,-0.28384,-0.12097,-0.45508,-0.091823,0.24411,0.043741,0.013194,-0.076784,-0.3164,0.040215,-0.28828,0.087867,-0.31427,-0.33967
-0.1475,-0.39142,-0.12636,-0.19474,-0.054806,-0.29626,-0.29056,-0.66768,-0.076126,-0.56262,-0.45737,-0.15088,-0.31103,-0.20725,0,0.22997,0.46464,0.14823,-0.19003,0.12068,0.091861,0.080518,-0.32827,-0.088872,-0.14725,-0.47591,0.21375,0.1034,-0.28563,-0.26259,-0.53824,-0.56266,-0.40395,-0.32169,-0.41382,-0.56849,-0.45809,-0.76971,-0.40334,-0.25498,-0.046913,-0.1346,-0.43778,-0.41768,-0.43557,-0.31254,-0.3611,-0.29769,0.0013333,0.0084487,-0.073687,-0.16709,-0.19174,-0.28847,-0.29916,-0.057611,-0.12554,0.11101,0.041415,0.020701,-0.019318,0.016828,0.1011,-0.14443,-0.33234,-0.31534,-0.34698,-0.36034,0.081226,-0.40562,-0.19908,-0.30756,-0.26747,-0.58402,-0.41155,-0.24818,-0.21765,-0.12191,-0.16066,-0.1213,-0.1147,0.18669,0.17727,-0.068423,-0.11731,-0.03734,-0.095583,-0.12144,-0.075248,-0.33094,-0.3364,0.32862,-0.060796,-0.31046,-0.39929,-0.27976,-0.32907,-0.46404,-0.42447,0.18126,-0.3113,-0.094123,-0.2357,-0.23972,-0.25394
-0.29429,-0.45922,-0.16706,-0.14408,-0.091836,-0.39826,-0.21648,-0.50747,0.015494,-0.52427,-0.11678,-0.041649,-0.08218,0.02122,0.22997,0,0.090913,0.15963,-0.17023,0.25389,-0.076442,0.27979,-0.36188,-0.157,-0.08836,-0.49802,-0.015469,0.31541,-0.57026,-0.69031,-0.41936,-0.52317,-0.062294,-0.027065,-0.045049,-0.23521,-0.20601,-0.39134,-0.33422,-0.17146,-0.13924,-0.17077,-0.34644,-0.39704,-0.1957,-0.2908,-0.3667,-0.23407,-0.20045,0.043975,-0.064689,-0.27263,-0.47497,-0.57099,-0.58974,-0.33091,-0.21249,-0.052765,-0.12998,-0.15207,-0.049934,-0.20494,0.021624,-0.13478,-0.31822,-0.30365,-0.36625,-0.28797,-0.12046,-0.38718,-0.32462,-0.25321,-0.27217,-0.36726,-0.30196,-0.23342,-0.2434,-0.11059,-0.08685,0.020512,-0.0026856,-0.048234,0.0096872,-0.28708,-0.32174,-0.11474,-0.17647,-0.20175,-0.28911,-0.18299,-0.17431,-0.011204,-0.12797,-0.54686,-0.37704,-0.015937,-0.15161,0.012177,-0.1995,-0.080588,-0.23491,-0.14656,-0.086673,-0.48606,-0.38459
0.055065,-0.45067,-0.21421,-0.3148,0.18586,-0.17986,-0.056714,-0.52006,0.038603,-0.43529,-0.46602,-0.20502,-0.38602,-0.35388,0.46464,0.090913,0,0.46243,-0.17485,0.08534,0.18033,0.19734,-0.16999,-0.038603,-0.086401,-0.28739,0.30308,0.1468,-0.1544,-0.25881,-0.57332,-0.53185,-0.51884,-0.3636,-0.56307,-0.64653,-0.53339,-0.75838,-0.12553,-0.13117,0.23879,0.10994,-0.33551,-0.24778,-0.46027,-0.36107,-0.34238,-0.26497,0.096006,-0.26154,-0.34187,-0.075419,-0.06249,-0.24494,-0.30674,0.087716,0.074894,0.2495,0.11254,0.0526,-0.066098,-0.052032,-0.068834,-0.090622,-0.25831,-0.32289,-0.33761,-0.53151,-0.076752,-0.37336,-0.12653,-0.45852,-0.41084,-0.55942,-0.46189,-0.27568,-0.29295,-0.25799,-0.27986,-0.24436,-0.26218,0.16204,0.066559,0.065946,-0.11389,-0.11852,-0.17622,-0.043602,0.1075,-0.33028,-0.40285,0.19713,-0.19837,-0.30649,-0.39709,-0.46045,-0.43041,-0.46713,-0.46526,0.16192,-0.32353,-0.10004,-0.34183,-0.34689,-0.37673
0.054439,-0.6158,-0.17779,-0.19074,0.31864,-0.32302,0.0068626,-0.55729,0.31086,-0.27844,-0.14001,-0.13841,-0.26038,-0.30174,0.14823,0.15963,0.46243,0,-0.18421,-0.0022433,0.037687,0.38421,-0.039513,-0.071773,0.14932,-0.21129,0.21003,0.24696,-0.23134,-0.42365,-0.37196,-0.50286,-0.32876,-0.21075,-0.37766,-0.50979,-0.32568,-0.55224,0.047633,-0.026755,0.25342,0.16148,-0.31982,-0.26259,-0.32578,-0.33633,-0.37464,-0.27744,-0.036695,-0.32227,-0.45505,-0.054452,-0.22685,-0.45993,-0.45684,-0.11035,-0.0217,0.10331,-0.016158,0.078976,-0.010856,-0.096834,-0.13215,-0.14038,-0.19968,-0.35494,-0.3736,-0.34774,-0.13966,-0.38446,-0.20291,-0.42505,-0.45147,-0.44667,-0.40328,-0.13386,-0.28263,-0.31336,-0.28041,-0.16938,-0.23279,0.15668,0.085934,0.0030521,-0.11293,-0.16947,-0.33219,-0.17858,-0.026654,-0.26843,-0.42078,-0.0088152,-0.31256,-0.33977,-0.36897,-0.35742,-0.31155,-0.19683,-0.28868,0.12928,-0.22039,0.059665,-0.1479,-0.35106,-0.40719
-0.26464,-0.0025972,0.0068373,-0.10131,-0.38121,-0.13663,-0.47005,-0.090161,-0.2229,-0.050496,-0.18645,0.13443,-0.26396,-0.20071,-0.19003,-0.17023,-0.17485,-0.18421,0,-0.031223,-0.40408,-0.18768,0.041283,0.11903,-0.18428,-0.098212,-0.32402,-0.1218,-0.34635,-0.2727,-0.48324,-0.47429,-0.16626,-0.34282,-0.15216,-0.067488,-0.047551,-0.26954,-0.080739,0.38682,-0.31302,0.090995,-0.5285,-0.26035,-0.42958,-0.29254,-0.46573,-0.4871,-0.40596,0.0045118,0.0079747,-0.37262,-0.27665,-0.21319,-0.17695,-0.2365,-0.45404,-0.38431,-0.17723,-0.17167,-0.057921,-0.26006,-0.21907,-0.54334,-0.4901,-0.58455,-0.46673,-0.43272,-0.10484,-0.65776,-0.54279,-0.57716,-0.59908,-0.23963,-0.36468,-0.071122,0.048998,0.0044739,-0.057068,0.038882,0.017226,-0.21512,-0.1604,0.061472,-0.027899,0.21412,0.044569,-0.38755,-0.36722,-0.34294,-0.23566,-0.17421,-0.0059716,-0.27566,-0.054066,-0.076145,-0.18024,-0.18093,-0.22609,-0.45409,-0.25285,-0.34126,-0.24278,-0.11798,-0.10615
-0.31271,-0.22958,-0.063476,-0.14229,-0.16009,-0.16325,-0.33738,-0.4244,-0.13377,-0.55605,-0.25057,0.15865,-0.19691,0.12782,0.12068,0.25389,0.08534,-0.0022433,-0.031223,0,-0.13952,0.056619,-0.41522,-0.080979,-0.28931,-0.53002,-0.051343,0.11506,-0.57514,-0.60635,-0.50267,-0.58866,-0.10506,-0.14213,-0.16729,-0.35125,-0.29704,-0.47812,-0.39992,-0.064948,-0.26266,-0.14812,-0.42027,-0.44974,-0.2468,-0.164,-0.30559,-0.22608,-0.19352,0.13015,0.082559,-0.37817,-0.2788,-0.24886,-0.30742,-0.34782,-0.23706,-0.14777,-0.15943,-0.044708,0.088423,-0.1894,0.00071406,-0.19775,-0.51766,-0.2903,-0.3166,-0.49584,-0.26283,-0.42724,-0.3987,-0.22184,-0.29793,-0.42671,-0.18669,-0.1444,0.015444,0.18677,0.18278,0.17217,0.32399,-0.11901,-0.14297,-0.024695,-0.043507,0.086616,0.20124,-0.1491,-0.1672,-0.28756,-0.12695,-0.036821,-0.071469,-0.40926,-0.12248,0.076948,0.0065972,-0.079071,-0.14325,-0.19803,-0.24323,-0.28898,-0.086313,-0.24426,-0.16318
0.11517,-0.35417,-0.54933,-0.53117,0.32502,-0.16271,0.27678,-0.37809,-0.046483,-0.417,-0.39705,-0.47776,-0.1309,-0.25724,0.091861,-0.076442,0.18033,0.037687,-0.40408,-0.13952,0,0.06079,-0.090799,-0.11539,-0.19668,-0.26098,0.35496,-0.0085245,0.063621,-0.052796,-0.28482,-0.1721,-0.43714,-0.24385,-0.34102,-0.43924,-0.61173,-0.4511,-0.11554,-0.55864,0.46288,-0.14509,-0.039039,-0.0084297,-0.26205,-0.19192,-0.13927,-0.18981,0.19215,-0.29949,-0.35896,-0.117,-0.064765,-0.30694,-0.346,-0.0036082,0.10605,0.18718,-0.19603,-0.28907,-0.46143,0.0094534,-0.017927,0.10237,-0.08345,-0.23226,-0.27909,-0.31469,-0.084638,-0.15432,0.052733,-0.25318,-0.17566,-0.51884,-0.39731,-0.39066,-0.46717,-0.33591,-0.38105,-0.43536,-0.4499,-0.17026,-0.25095,-0.1738,-0.38398,-0.18105,-0.10795,0.049346,-0.023659,-0.28454,-0.37958,0.14044,-0.35135,-0.09643,-0.45353,-0.47833,-0.50025,-0.30084,-0.40559,0.22677,-0.22875,-0.2848,-0.49555,-0.39348,-0.69564
-0.19573,-0.44096,-0.15786,-0.14548,0.051513,-0.29857,-0.11583,-0.48545,0.012859,-0.37058,-0.20483,0.032284,-0.24361,-0.123,0.080518,0.27979,0.19734,0.38421,-0.18768,0.056619,0.06079,0,-0.10105,0.19309,-0.20025,-0.34346,0.18379,0.84442,-0.42996,-0.53158,-0.44546,-0.52215,-0.22091,-0.18185,-0.25875,-0.41477,-0.34715,-0.40506,-0.18484,-0.12915,0.051381,0.089529,-0.40021,-0.28226,-0.2384,-0.36408,-0.43095,-0.35783,-0.22474,-0.31494,-0.30872,-0.38215,-0.50244,-0.74509,-0.76226,-0.38018,-0.26775,-0.12545,-0.29314,-0.21388,-0.17797,-0.18343,-0.025036,-0.28197,-0.35446,-0.44573,-0.46646,-0.35694,-0.12246,-0.53605,-0.34458,-0.41853,-0.44181,-0.39156,-0.51707,-0.20291,-0.12257,-0.12714,-0.16779,-0.12339,-0.19433,-0.098439,-0.12155,-0.013024,-0.19646,-0.078717,-0.22135,-0.31492,-0.3341,-0.3145,-0.3408,0.015052,-0.18579,-0.34337,-0.26707,-0.068354,-0.070641,0.022913,-0.031039,0.012638,-0.1333,0.006357,-0.068619,-0.50775,-0.46214
0.041245,-0.2876,-0.22023,-0.20351,0.0143,-0.31113,-0.042818,-0.14238,0.02642,0.19521,-0.043052,-0.25137,-0.14586,-0.34878,-0.32827,-0.36188,-0.16999,-0.039513,0.041283,-0.41522,-0.090799,-0.10105,0,0.12949,-0.051166,0.096329,-0.060948,-0.10126,0.13722,0.058749,-0.26413,-0.20975,-0.26097,-0.2177,-0.18962,-0.11069,-0.13243,-0.22005,0.34034,-0.032101,0.119,0.22274,-0.33257,-0.03406,-0.49183,-0.40043,-0.28566,-0.35414,-0.34715,-0.35541,-0.42205,-0.2092,-0.19822,-0.40464,-0.23753,-0.10865,-0.27,-0.23562,-0.26802,-0.20741,-0.33072,-0.15003,-0.25035,-0.33579,-0.16355,-0.43988,-0.37003,-0.24192,-0.064398,-0.39223,-0.21431,-0.58981,-0.52032,-0.26747,-0.39663,-0.090256,-0.26561,-0.28219,-0.31383,-0.22222,-0.35512,-0.21654,-0.19448,0.057163,-0.050035,-0.037908,-0.20889,-0.31118,-0.27556,-0.22399,-0.37941,-0.2434,-0.4259,-0.15128,-0.41112,-0.3735,-0.45718,-0.20707,-0.33741,-0.086174,-0.15948,-0.12489,-0.30313,-0.23492,-0.51081
-0.31125,-0.070629,0.01078,-0.081706,-0.26197,-0.086882,-0.36283,-0.20289,-0.23756,-0.15098,-0.34059,0.17703,-0.36962,-0.1821,-0.088872,-0.157,-0.038603,-0.071773,0.11903,-0.080979,-0.11539,0.19309,0.12949,0,-0.42605,-0.18128,-0.0047899,0.24449,-0.27937,-0.17391,-0.56705,-0.49328,-0.27338,-0.35153,-0.30954,-0.29351,-0.27917,-0.34774,-0.20617,0.051659,-0.14354,0.3209,-0.55944,-0.17022,-0.42506,-0.40511,-0.32375,-0.35522,-0.45312,-0.22142,-0.133,-0.60554,-0.44897,-0.47898,-0.44881,-0.32583,-0.46276,-0.28985,-0.33302,-0.31377,-0.24316,-0.31234,-0.11103,-0.58373,-0.53985,-0.45993,-0.35857,-0.39896,-0.023027,-0.743,-0.43585,-0.53461,-0.5137,-0.25862,-0.43308,-0.12664,0.14058,0.12512,-0.031558,-0.032284,-0.15987,-0.22718,-0.25495,0.34701,0.078167,0.19179,0.048291,-0.31212,-0.38468,-0.28919,-0.28978,-0.032556,-0.0091943,-0.25845,-0.14416,0.0028499,-0.032733,-0.14916,-0.0040506,-0.18848,-0.12141,-0.16508,-0.19699,-0.26758,-0.27622
0.11648,-0.48423,-0.29611,-0.26416,0.093169,-0.48531,-0.0094092,-0.3517,0.37797,-0.024588,0.19345,-0.40013,-0.10004,-0.42412,-0.14725,-0.08836,-0.086401,0.14932,-0.18428,-0.28931,-0.19668,-0.20025,-0.051166,-0.42605,0,-0.02831,-0.061586,-0.24253,-0.049814,-0.2398,-0.1578,-0.26712,-0.24569,-0.19201,-0.14803,-0.19103,0.035823,-0.25976,0.2704,-0.062717,0.075134,-0.11383,-0.14756,-0.18917,-0.33563,-0.2946,-0.27933,-0.21481,-0.077125,-0.17881,-0.41546,0.18502,-0.10471,-0.28194,-0.17936,0.022104,0.032487,0.02503,0.11717,0.052057,-0.1056,-0.12703,-0.38831,-0.14013,-0.12023,-0.2947,-0.28185,-0.019918,-0.056373,-0.16648,-0.062616,-0.34295,-0.39864,-0.25093,-0.23565,-0.058047,-0.46202,-0.54082,-0.43175,-0.17535,-0.27629,-0.060853,-0.028133,-0.32452,-0.25282,-0.37338,-0.45762,-0.18976,-0.0088973,-0.11573,-0.37957,-0.11719,-0.31066,-0.17408,-0.36656,-0.4418,-0.45938,-0.21463,-0.40915,-0.1197,-0.43283,-0.14061,-0.29328,-0.084531,-0.2876
-0.23529,-0.18986,-0.33228,-0.36293,-0.25778,-0.12272,-0.1214,0.19779,-0.23859,0.59393,-0.029125,-0.36461,-0.11858,-0.34703,-0.47591,-0.49802,-0.28739,-0.21129,-0.098212,-0.53002,-0.26098,-0.34346,0.096329,-0.18128,-0.02831,0,-0.3037,-0.42258,0.069327,0.061656,-0.015406,0.18145,-0.15191,-0.21975,-0.15182,0.037163,0.13755,0.17874,0.15268,0.021062,-0.095014,0.055583,0.058496,0.32391,-0.30575,-0.35409,-0.1335,-0.13309,-0.19071,-0.31501,-0.32134,-0.10637,-0.29639,-0.2789,-0.30792,-0.041207,-0.044158,-0.13682,-0.067893,-0.41763,-0.5689,-0.21633,-0.38588,-0.18038,-0.031248,-0.15911,-0.085908,0.016765,-0.031981,0.036164,0.1664,-0.33331,-0.28266,-0.0072101,-0.24319,-0.4658,-0.35833,-0.3507,-0.30255,-0.32334,-0.43091,-0.33967,-0.45521,-0.22379,-0.27179,-0.25861,-0.29386,-0.11706,-0.044215,-0.18285,-0.53293,-0.4021,-0.28817,-0.28014,-0.20005,-0.46987,-0.44344,-0.35357,-0.40667,-0.33306,-0.27811,-0.40434,-0.36461,-0.24498,-0.40104
0.075406,-0.48842,-0.30166,-0.32041,0.28267,-0.37127,-0.017112,-0.58147,0.12919,-0.35235,-0.2433,-0.25531,-0.23265,-0.2901,0.21375,-0.015469,0.30308,0.21003,-0.32402,-0.051343,0.35496,0.18379,-0.060948,-0.0047899,-0.061586,-0.3037,0,0.2205,0.00010111,-0.11524,-0.55103,-0.48821,-0.46777,-0.31145,-0.39141,-0.56993,-0.3973,-0.58614,-0.08213,-0.32072,0.2856,0.029169,-0.38519,-0.28488,-0.57759,-0.51003,-0.28931,-0.30142,-0.044569,-0.215,-0.3168,-0.23916,-0.14502,-0.41564,-0.34053,-0.077062,-0.078483,0.049908,-0.13113,-0.045864,-0.2409,-0.067008,-0.19993,-0.23177,-0.38528,-0.38134,-0.38591,-0.26752,0.10797,-0.37505,-0.089978,-0.50276,-0.48588,-0.63283,-0.5507,-0.12167,-0.27655,-0.22457,-0.25196,-0.13024,-0.24399,-0.063027,-0.087728,0.002079,-0.15169,-0.085953,-0.19353,-0.15211,-0.068569,-0.29343,-0.56029,0.35625,-0.24918,-0.013169,-0.3532,-0.32124,-0.34985,-0.34167,-0.3641,0.13077,-0.48385,-0.191,-0.42451,-0.17688,-0.5094
-0.24477,-0.46033,-0.11976,-0.11936,-0.029441,-0.37103,-0.22424,-0.52138,-0.022882,-0.40145,-0.19733,0.10518,-0.25211,-0.083444,0.1034,0.31541,0.1468,0.24696,-0.1218,0.11506,-0.0085245,0.84442,-0.10126,0.24449,-0.24253,-0.42258,0.2205,0,-0.4153,-0.48562,-0.57405,-0.65864,-0.20422,-0.17455,-0.21546,-0.37486,-0.30427,-0.44756,-0.22544,-0.1168,-0.045498,0.093321,-0.58949,-0.41826,-0.37379,-0.49568,-0.46835,-0.40947,-0.34772,-0.20887,-0.20026,-0.53592,-0.52229,-0.761,-0.70269,-0.43636,-0.39376,-0.2317,-0.34613,-0.20876,-0.14367,-0.23078,-0.06,-0.41208,-0.50884,-0.51648,-0.51753,-0.38327,-0.053074,-0.64925,-0.43191,-0.50646,-0.54039,-0.48445,-0.5558,-0.12183,-0.082306,-0.019488,-0.082603,0.029675,-0.086995,-0.11021,-0.069441,0.0057567,-0.16248,0.0094534,-0.17789,-0.37982,-0.41186,-0.32986,-0.35711,0.034768,-0.16764,-0.32415,-0.27262,0.043848,-0.033264,-0.014945,-0.069314,-0.068682,-0.2459,-0.047488,-0.11041,-0.439,-0.44053
0.19229,-0.36282,-0.52358,-0.52658,0.048828,-0.26985,0.11668,-0.17851,-0.14148,-0.0012512,-0.25107,-0.76051,-0.19061,-0.51379,-0.28563,-0.57026,-0.1544,-0.23134,-0.34635,-0.57514,0.063621,-0.42996,0.13722,-0.27937,-0.049814,0.069327,0.00010111,-0.4153,0,0.55216,-0.13784,0.026705,-0.45309,-0.27936,-0.31951,-0.21824,-0.28985,-0.24704,0.19344,-0.42157,0.18612,-0.1211,-0.071646,0.0077725,-0.52881,-0.38198,-0.061561,-0.1604,-0.045289,-0.40236,-0.47924,-0.03116,0.16383,-0.08072,0.0025972,0.19663,0.040139,-0.039046,-0.12799,-0.25563,-0.53606,-0.084449,-0.32813,-0.087179,-0.020082,-0.18744,-0.14572,-0.1513,-0.060796,0.011608,0.19309,-0.36567,-0.27833,-0.39133,-0.29518,-0.281,-0.59314,-0.47473,-0.49129,-0.43839,-0.5598,-0.23474,-0.24941,-0.20762,-0.25465,-0.33838,-0.2846,-0.037327,0.056784,-0.23299,-0.46562,-0.17604,-0.51479,0.030938,-0.51552,-0.69656,-0.73809,-0.61336,-0.67496,-0.038212,-0.41342,-0.30763,-0.65784,-0.13682,-0.4966
-0.05334,-0.1585,-0.45605,-0.51022,-0.22213,-0.18178,-0.13597,-0.072474,-0.35196,0.030306,-0.3985,-0.58506,-0.30576,-0.49596,-0.26259,-0.69031,-0.25881,-0.42365,-0.2727,-0.60635,-0.052796,-0.53158,0.058749,-0.17391,-0.2398,0.061656,-0.11524,-0.48562,0.55216,0,-0.14385,0.040114,-0.46773,-0.39639,-0.367,-0.19372,-0.27101,-0.2071,-0.065276,-0.41455,-0.065757,-0.17259,-0.15011,0.011526,-0.50021,-0.32458,-0.082919,-0.19872,-0.15887,-0.31146,-0.30342,-0.1638,0.010502,-0.065725,-0.0016051,0.10073,-0.11772,-0.17166,-0.17518,-0.3588,-0.54167,-0.047027,-0.23916,-0.20211,-0.14674,-0.18907,-0.13532,-0.15667,0.078098,-0.036291,0.13597,-0.2702,-0.19334,-0.3025,-0.25528,-0.36945,-0.45956,-0.33941,-0.41427,-0.41596,-0.52857,-0.31736,-0.32142,-0.20764,-0.21222,-0.27301,-0.20035,-0.10887,-0.052771,-0.23376,-0.40458,-0.20815,-0.3623,0.0063886,-0.40565,-0.56171,-0.56351,-0.72494,-0.57996,-0.07885,-0.37299,-0.30586,-0.52579,-0.091779,-0.32938
-0.327,-0.27821,-0.42889,-0.30095,-0.28395,-0.21583,-0.11302,-0.11525,-0.347,-0.033081,-0.047299,-0.46052,0.01818,-0.091886,-0.53824,-0.41936,-0.57332,-0.37196,-0.48324,-0.50267,-0.28482,-0.44546,-0.26413,-0.56705,-0.1578,-0.015406,-0.55103,-0.57405,-0.13784,-0.14385,0,0.4946,0.063368,0.061264,0.022458,0.029321,-0.12176,0.14426,-0.21619,-0.46013,-0.32163,-0.55655,0.215,-0.044246,0.16642,0.091627,-0.044474,-0.077087,-0.15985,-0.31382,-0.26125,-0.076676,-0.29555,-0.22725,-0.27691,-0.3614,-0.17328,-0.31166,-0.38968,-0.47542,-0.43277,-0.043482,-0.068177,0.061902,0.23736,0.011216,-0.030869,0.11272,-0.36078,0.32746,0.014098,0.31153,0.24394,-0.11438,0.066167,-0.43419,-0.43128,-0.3465,-0.28673,-0.43303,-0.34601,-0.31551,-0.3648,-0.59513,-0.41266,-0.49407,-0.33031,-0.19209,-0.21337,-0.25203,-0.22765,-0.67379,-0.47261,-0.26733,-0.2318,-0.28306,-0.20698,-0.15125,-0.19815,-0.18128,0.072025,-0.11478,0.030894,-0.278,-0.25343
-0.31188,-0.19811,-0.53612,-0.44423,-0.30706,-0.15084,-0.031368,0.11209,-0.4653,0.084682,-0.142,-0.62644,0.027374,-0.1554,-0.56266,-0.52317,-0.53185,-0.50286,-0.47429,-0.58866,-0.1721,-0.52215,-0.20975,-0.49328,-0.26712,0.18145,-0.48821,-0.65864,0.026705,0.040114,0.4946,0,-0.033991,-0.03018,-0.021125,0.091893,-0.094869,0.33402,-0.17221,-0.49722,-0.22991,-0.47103,0.42509,0.21714,0.014325,-0.040436,-0.007684,-0.04419,-0.096209,-0.34421,-0.28043,-0.074357,-0.23643,-0.18564,-0.24012,-0.17494,-0.041245,-0.20373,-0.29438,-0.63029,-0.76963,-0.067627,-0.12949,0.16062,0.29951,0.038812,0.0053902,0.10138,-0.25793,0.5346,0.26103,0.095374,0.17429,-0.042167,-0.062521,-0.68329,-0.51996,-0.38635,-0.34097,-0.56462,-0.47358,-0.45647,-0.56435,-0.56965,-0.4929,-0.47541,-0.24997,-0.078199,-0.14852,-0.23633,-0.27828,-0.56756,-0.45448,-0.26059,-0.31248,-0.4256,-0.40173,-0.26968,-0.35931,-0.22234,-0.072992,-0.34816,-0.24179,-0.36516,-0.41083
-0.67325,-0.22876,-0.050123,0.032613,-0.43816,-0.26034,-0.45122,-0.16467,-0.24445,-0.05545,0.20439,-0.0094408,0.44524,0.55033,-0.40395,-0.062294,-0.51884,-0.32876,-0.16626,-0.10506,-0.43714,-0.22091,-0.26097,-0.27338,-0.24569,-0.15191,-0.46777,-0.20422,-0.45309,-0.46773,0.063368,-0.033991,0,0.63027,0.64114,0.35359,0.12588,0.10118,-0.35942,-0.12595,-0.53071,-0.2804,-0.19198,-0.2457,-0.13321,-0.27574,-0.091191,-0.03375,-0.5579,0.11584,0.17591,-0.37458,-0.60406,-0.41191,-0.43496,-0.59884,-0.41573,-0.39185,-0.33729,-0.39591,-0.23202,-0.27892,-0.1241,-0.20485,-0.084436,-0.052891,-0.0497,0.018414,-0.31036,-0.061081,-0.28284,-0.054041,-0.080803,-0.14076,0.0010869,-0.22543,-0.097441,0.06769,0.19664,0.091848,0.11205,-0.23427,-0.22188,-0.35225,-0.24701,-0.10214,-0.079905,-0.22838,-0.36484,-0.18987,-0.23199,-0.44657,-0.12214,-0.47292,-0.083469,0.13275,-0.034818,0.043735,-0.099021,-0.45517,0.024562,-0.24191,0.12274,-0.34448,-0.34718
-0.43711,-0.37997,-0.15911,-0.059684,-0.2047,-0.27115,-0.2424,-0.27021,-0.096164,-0.16242,0.12617,-0.17968,0.56512,0.39048,-0.32169,-0.027065,-0.3636,-0.21075,-0.34282,-0.14213,-0.24385,-0.18185,-0.2177,-0.35153,-0.19201,-0.21975,-0.31145,-0.17455,-0.27936,-0.39639,0.061264,-0.03018,0.63027,0,0.43501,0.21261,-0.08273,-0.069908,-0.28506,-0.27402,-0.30269,-0.25983,-0.14001,-0.22776,-0.17996,-0.32079,0.015336,0.084253,-0.43647,0.00072038,-0.0053965,-0.24286,-0.42001,-0.37052,-0.40277,-0.43016,-0.24214,-0.21731,-0.27788,-0.31659,-0.22631,-0.25389,-0.13446,-0.052771,0.084158,0.056284,0.021529,-0.0589,-0.37191,0.031318,-0.19294,-0.049991,-0.035981,-0.26424,0.020784,-0.22355,-0.27735,-0.083589,0.042231,-0.033839,-0.041953,-0.10713,-0.099476,-0.36408,-0.30052,-0.19967,-0.17751,-0.091937,-0.21847,-0.14117,-0.24861,-0.39162,-0.25521,-0.45791,-0.25798,-0.067564,-0.21364,-0.052954,-0.23804,-0.28358,0.032714,-0.15936,0.015886,-0.44477,-0.53822
-0.47936,-0.21647,-0.2308,-0.11681,-0.39395,-0.38005,-0.33298,-0.17861,-0.21829,-0.078294,0.2743,-0.19353,0.51039,0.30197,-0.41382,-0.045049,-0.56307,-0.37766,-0.15216,-0.16729,-0.34102,-0.25875,-0.18962,-0.30954,-0.14803,-0.15182,-0.39141,-0.21546,-0.31951,-0.367,0.022458,-0.021125,0.64114,0.43501,0,0.55115,0.17669,0.11499,-0.22415,-0.22677,-0.41225,-0.34694,-0.15288,-0.2102,-0.18159,-0.30301,-0.10818,-0.1032,-0.46914,0.13938,0.1162,-0.33924,-0.51266,-0.43489,-0.38758,-0.4975,-0.3925,-0.38875,-0.35114,-0.46546,-0.36234,-0.26804,-0.15409,-0.22115,-0.14236,-0.16169,-0.15216,0.069782,-0.21834,-0.084126,-0.21626,-0.1178,-0.14552,-0.17852,-0.081295,-0.23535,-0.24359,-0.065769,0.020095,0.054648,0.016246,-0.39489,-0.30373,-0.48056,-0.37008,-0.15644,-0.13361,-0.2438,-0.41319,-0.14072,-0.20597,-0.37393,-0.1758,-0.34727,-0.19594,0.074679,-0.15379,0.070073,-0.18304,-0.4289,-0.12413,-0.35367,-0.045953,-0.29209,-0.4241
-0.46559,-0.060423,-0.31895,-0.26895,-0.52293,-0.22034,-0.31807,0.12196,-0.3067,0.10734,0.08522,-0.26856,0.22995,0.019918,-0.56849,-0.23521,-0.64653,-0.50979,-0.067488,-0.35125,-0.43924,-0.41477,-0.11069,-0.29351,-0.19103,0.037163,-0.56993,-0.37486,-0.21824,-0.19372,0.029321,0.091893,0.35359,0.21261,0.55115,0,0.18904,0.24921,-0.14084,-0.14541,-0.41991,-0.26753,-0.091633,-0.023994,-0.21277,-0.32155,-0.10551,-0.09243,-0.54407,-0.028265,-0.0039684,-0.27751,-0.43253,-0.30186,-0.30382,-0.31744,-0.31141,-0.40158,-0.25923,-0.58286,-0.43984,-0.31209,-0.27602,-0.24493,-0.084828,-0.15024,-0.11394,-0.053156,-0.20437,-0.02642,-0.16713,-0.17401,-0.18003,-0.044234,-0.062648,-0.36423,-0.34807,-0.20696,-0.16574,-0.13489,-0.20493,-0.49857,-0.39778,-0.51976,-0.45446,-0.28172,-0.213,-0.22909,-0.35654,-0.10509,-0.17085,-0.51048,-0.1609,-0.36351,-0.1903,-0.10001,-0.2699,-0.069908,-0.27343,-0.5709,-0.16669,-0.3753,-0.15628,-0.37181,-0.4053
-0.47865,-0.26539,-0.10215,-0.063684,-0.47682,-0.50632,-0.42749,-0.014003,-0.19281,0.31161,0.44303,-0.1283,-0.0035387,-0.09049,-0.45809,-0.20601,-0.53339,-0.32568,-0.047551,-0.29704,-0.61173,-0.34715,-0.13243,-0.27917,0.035823,0.13755,-0.3973,-0.30427,-0.28985,-0.27101,-0.12176,-0.094869,0.12588,-0.08273,0.17669,0.18904,0,0.30149,-0.081447,0.073687,-0.45879,-0.18573,-0.22483,-0.18393,-0.30213,-0.40353,-0.30086,-0.23736,-0.48697,0.022534,-0.055785,-0.29331,-0.54889,-0.45997,-0.31663,-0.35812,-0.37444,-0.40368,-0.17686,-0.28626,-0.31134,-0.30478,-0.37718,-0.36944,-0.3021,-0.26736,-0.22334,0.2476,0.010629,-0.14661,-0.14669,-0.3119,-0.34854,0.045668,-0.20279,-0.1942,-0.16457,-0.13613,-0.046989,0.094401,0.0020411,-0.39554,-0.34762,-0.35669,-0.19042,-0.17773,-0.25302,-0.39031,-0.37303,-0.11638,-0.32995,-0.4092,-0.19488,-0.357,-0.1779,-0.030945,-0.15037,-0.054332,-0.21002,-0.5077,-0.39936,-0.38312,-0.13731,-0.10444,-0.19179
-0.52394,-0.14936,-0.33978,-0.27114,-0.50272,-0.27515,-0.22035,0.29228,-0.44461,0.24767,0.10071,-0.29469,-0.017118,-0.095115,-0.76971,-0.39134,-0.75838,-0.55224,-0.26954,-0.47812,-0.4511,-0.40506,-0.22005,-0.34774,-0.25976,0.17874,-0.58614,-0.44756,-0.24704,-0.2071,0.14426,0.33402,0.10118,-0.069908,0.11499,0.24921,0.30149,0,-0.17043,-0.21745,-0.43555,-0.37094,0.099362,0.063242,-0.016088,-0.18418,-0.21364,-0.18919,-0.39068,-0.2714,-0.2015,-0.30389,-0.51187,-0.38866,-0.36692,-0.39115,-0.27789,-0.44356,-0.37644,-0.65105,-0.65259,-0.27857,-0.30506,-0.15877,-0.063065,-0.15623,-0.15652,0.17093,-0.20054,0.10492,-0.042477,-0.11788,-0.11838,0.17001,-0.16685,-0.47965,-0.28012,-0.25182,-0.21245,-0.29276,-0.27204,-0.66087,-0.7032,-0.53158,-0.44577,-0.38087,-0.25594,-0.3327,-0.42304,-0.20274,-0.23496,-0.61947,-0.3084,-0.31714,-0.15381,-0.11668,-0.1442,0.018907,-0.12208,-0.53623,-0.21718,-0.42155,-0.18098,-0.34379,-0.29636
0.32538,-0.36595,-0.43796,-0.42203,0.1637,-0.33743,0.21994,-0.12789,0.15171,0.1228,0.03442,-0.47208,-0.19913,-0.55967,-0.40334,-0.33422,-0.12553,0.047633,-0.080739,-0.39992,-0.11554,-0.18484,0.34034,-0.20617,0.2704,0.15268,-0.08213,-0.22544,0.19344,-0.065276,-0.21619,-0.17221,-0.35942,-0.28506,-0.22415,-0.14084,-0.081447,-0.17043,0,-0.046193,0.28157,0.076588,-0.11405,0.014344,-0.38747,-0.33067,-0.27908,-0.29582,-0.11502,-0.47906,-0.68332,0.04467,0.010035,-0.24786,-0.13393,0.079305,0.015545,-0.095374,-0.084411,-0.12914,-0.3288,-0.19057,-0.44976,-0.19106,-0.12372,-0.40667,-0.35913,-0.23522,-0.18318,-0.21871,-0.0617,-0.55263,-0.56985,-0.22638,-0.35133,-0.13769,-0.48779,-0.58144,-0.54483,-0.33396,-0.45339,-0.30482,-0.28861,-0.16326,-0.23699,-0.33828,-0.39532,-0.21568,-0.069245,-0.16952,-0.34318,-0.26398,-0.5084,-0.084575,-0.39906,-0.54554,-0.55474,-0.19301,-0.41577,-0.16945,-0.38894,-0.23646,-0.45208,-0.20044,-0.44394
-0.32628,-0.10344,0.18805,0.043406,-0.33316,-0.095494,-0.45824,-0.059848,-0.065352,0.062035,-0.047305,0.2484,-0.29252,-0.23,-0.25498,-0.17146,-0.13117,-0.026755,0.38682,-0.064948,-0.55864,-0.12915,-0.032101,0.051659,-0.062717,0.021062,-0.32072,-0.1168,-0.42157,-0.41455,-0.46013,-0.49722,-0.12595,-0.27402,-0.22677,-0.14541,0.073687,-0.21745,-0.046193,0,-0.31109,0.31347,-0.45427,-0.20655,-0.37738,-0.38095,-0.33802,-0.25959,-0.45133,-0.097207,-0.12604,-0.27871,-0.35556,-0.24635,-0.25774,-0.22579,-0.31379,-0.25356,-0.017972,-0.024973,0.073359,-0.45814,-0.43969,-0.53797,-0.41885,-0.33807,-0.24047,-0.31842,-0.19804,-0.53827,-0.4703,-0.53356,-0.57961,-0.053283,-0.22989,-0.00073302,0.11812,-0.042888,-0.0154,0.093359,0.0030016,-0.08055,-0.11566,0.14641,0.089763,0.051336,-0.14876,-0.2903,-0.19849,-0.17321,-0.27704,-0.2449,0.030787,-0.40981,0.022648,-0.095374,-0.098294,-0.1467,-0.11938,-0.51432,-0.23964,-0.24438,-0.15865,-0.12573,-0.056379
0.46812,-0.42869,-0.51824,-0.51939,0.63627,-0.21963,0.53605,-0.31457,0.20814,-0.22274,-0.25522,-0.54434,-0.2085,-0.5065,-0.046913,-0.13924,0.23879,0.25342,-0.31302,-0.26266,0.46288,0.051381,0.119,-0.14354,0.075134,-0.095014,0.2856,-0.045498,0.18612,-0.065757,-0.32163,-0.22991,-0.53071,-0.30269,-0.41225,-0.41991,-0.45879,-0.43555,0.28157,-0.31109,0,0.058395,-0.038856,0.06273,-0.33292,-0.27014,-0.18474,-0.18992,0.16451,-0.48653,-0.68572,0.097447,0.059994,-0.27177,-0.25467,0.20892,0.26866,0.28741,-0.022022,-0.12255,-0.35491,-0.081858,-0.23774,0.049946,-0.03267,-0.27639,-0.2955,-0.34982,-0.14622,-0.19109,0.056272,-0.43318,-0.36624,-0.38437,-0.40223,-0.27335,-0.5647,-0.57984,-0.58205,-0.48748,-0.58984,-0.12979,-0.19413,-0.12141,-0.3196,-0.30788,-0.31161,0.019204,0.092164,-0.17692,-0.36738,0.037441,-0.44293,-0.10229,-0.52596,-0.69867,-0.66732,-0.29209,-0.4603,0.17441,-0.29804,-0.19401,-0.54617,-0.37365,-0.66329
-0.13427,-0.22484,-0.021283,-0.14067,-0.055324,-0.046597,-0.19177,-0.14427,0.042591,0.011652,-0.19277,0.022231,-0.28184,-0.31774,-0.1346,-0.17077,0.10994,0.16148,0.090995,-0.14812,-0.14509,0.089529,0.22274,0.3209,-0.11383,0.055583,0.029169,0.093321,-0.1211,-0.17259,-0.55655,-0.47103,-0.2804,-0.25983,-0.34694,-0.26753,-0.18573,-0.37094,0.076588,0.31347,0.058395,0,-0.40716,-0.037725,-0.53488,-0.56029,-0.18848,-0.14972,-0.34384,-0.26681,-0.30292,-0.2833,-0.28233,-0.34934,-0.37259,-0.074294,-0.15275,-0.035545,-0.02484,-0.11742,-0.14255,-0.41712,-0.39237,-0.42735,-0.33717,-0.27407,-0.17654,-0.39572,-0.095608,-0.49216,-0.26374,-0.65738,-0.59759,-0.20752,-0.32678,-0.092562,-0.075949,-0.12175,-0.13687,-0.054812,-0.25248,-0.039153,-0.11936,0.3134,0.032607,0.037314,-0.16869,-0.098161,-0.046458,-0.12344,-0.42255,-0.083204,-0.092998,-0.33036,-0.18744,-0.27632,-0.28281,-0.28015,-0.23266,-0.23321,-0.23805,-0.20996,-0.34361,-0.28479,-0.39173
