,,,,,,,,,,,,,,,,,,,,,,,,,,,,,,,,,,,,,,,,,,,,,,,,,,,,,,,,,,,,,,,,,,,,,,,,,,,,,,,,,,,,,,,,,,,,,,,,,,,,,,,,
0,-0.28861,-0.40594,-0.33504,0.24334,-0.29223,0.32835,-0.21432,-0.0023939,-0.19138,-0.1416,-0.59514,-0.31981,-0.66078,-0.39902,-0.33515,-0.16184,-0.037546,-0.3044,-0.35467,-0.21641,-0.31205,-0.14766,-0.53594,0.16106,-0.11648,-0.37114,-0.41311,-0.040283,-0.26393,-0.042732,-0.11261,-0.4459,-0.37715,-0.35357,-0.30071,-0.23414,-0.17091,0.30178,-0.2122,0.25649,-0.30634,0.11606,-0.1152,-0.081234,0.0017748,-0.26755,-0.27017,0.19587,-0.63959,-0.95879,0.32902,0.33781,0.034574,0.12408,0.12336,0.1894,-0.033281,-0.066891,-0.012939,-0.16327,-0.10237,-0.31469,0.048917,0.0073605,-0.2799,-0.31126,-0.28783,-0.39975,-0.056277,-0.061622,-0.23768,-0.25685,-0.20488,-0.24336,-0.20458,-0.53334,-0.80979,-0.68873,-0.59445,-0.47376,-0.31376,-0.2608,-0.39695,-0.33677,-0.61086,-0.55453,-0.18577,0.011997,-0.16353,-0.1213,-0.34636,-0.56446,-0.033673,-0.36553,-0.62442,-0.52758,-0.18175,-0.34383,-0.074424,-0.2279,-0.1245,-0.23878,-0.1852,-0.13274
-0.28861,0,-0.39391,-0.42809,-0.50321,0.47782,-0.15981,0.1522,-0.37026,-0.36672,-0.63185,-0.21389,-0.41189,-0.34569,-0.28429,-0.37156,-0.27012,-0.48827,-0.14063,-0.23392,-0.10786,-0.34226,-0.16201,-0.04439,-0.4283,-0.2075,-0.46829,-0.367,-0.26201,-0.062633,-0.22114,-0.19446,-0.39984,-0.37702,-0.3092,-0.081929,-0.53038,-0.35558,-0.31524,-0.1859,-0.21199,-0.15492,-0.051806,0.19249,0.018085,0.057206,0.11895,0.060638,-0.2132,-0.19036,-0.096801,-0.24924,-0.23886,-0.0041618,-0.2884,-0.13445,-0.12377,-0.13626,-0.22736,-0.48046,-0.26268,-0.45203,-0.25978,-0.2827,-0.31241,-0.013682,0.028885,-0.51503,-0.32205,-0.3087,-0.24996,0.080828,0.030935,-0.047424,0.054716,-0.36716,-0.25468,-0.2143,-0.31597,-0.3629,-0.45014,-0.45077,-0.48527,-0.22056,-0.32172,-0.21178,-0.14414,0.065392,-0.12528,0.095763,0.073791,-0.35265,0.021518,-0.36416,-0.074403,-0.25464,-0.18893,-0.223,-0.077836,-0.28203,0.080698,-0.3648,-0.24767,-0.30977,-0.15584
-0.40594,-0.39391,0,0.96464,-0.35389,-0.34284,-0.72496,-0.42573,-0.12807,-0.30237,-0.075469,0.27189,-0.18833,0.016633,-0.017995,-0.06416,-0.060975,-0.036954,0.075463,0.019034,-0.67531,-0.19616,-0.27252,-0.18599,-0.19926,-0.31687,-0.27352,-0.085162,-0.55022,-0.5639,-0.50833,-0.56329,-0.016303,-0.19079,-0.20231,-0.36568,-0.018422,-0.33081,-0.33415,0.17775,-0.5645,-0.06694,-0.6738,-0.64751,-0.42111,-0.36404,-0.09255,-0.086049,-0.50347,0.0097544,0.067407,-0.39585,-0.23585,-0.18982,-0.13827,-0.39064,-0.52635,-0.19689,-0.078902,0.32318,0.31349,-0.51428,-0.368,-0.47788,-0.33523,-0.068185,0.051283,-0.1598,-0.26339,-0.56307,-0.61317,-0.35488,-0.17186,-0.26167,-0.089056,0.44015,0.58554,0.18714,0.29928,0.17273,0.17644,0.4584,0.48332,0.25926,0.38597,0.31859,-0.029525,-0.15194,-0.1902,-0.1905,-0.23404,-0.013242,0.015127,-0.33582,-0.14972,0.085279,-0.03304,-0.26083,-0.15417,-0.35657,-0.10416,-0.046571,-0.081667,0.088381,0.024475
-0.33504,-0.42809,0.96464,0,-0.28546,-0.44342,-0.57141,-0.45296,-0.066148,-0.31473,0.047926,0.12664,-0.13761,0.048346,-0.13598,-0.15337,-0.17138,-0.080925,-0.086655,-0.049756,-0.61263,-0.21881,-0.24044,-0.25397,-0.1521,-0.33772,-0.24155,-0.13495,-0.48899,-0.55659,-0.38613,-0.46598,-0.0074156,-0.15075,-0.13313,-0.36206,0.014866,-0.26722,-0.29403,0.046536,-0.5224,-0.19358,-0.59636,-0.66337,-0.36642,-0.34429,-0.047369,-0.086744,-0.48242,-0.045099,0.0022082,-0.41616,-0.24641,-0.24793,-0.16137,-0.51057,-0.55574,-0.27306,-0.20945,0.27757,0.20376,-0.52562,-0.3787,-0.46344,-0.30329,-0.068219,0.04935,-0.018174,-0.2606,-0.50063,-0.5571,-0.27493,-0.097826,-0.27218,-0.096444,0.53195,0.4622,0.14118,0.28493,0.15351,0.1735,0.29261,0.37681,0.21091,0.40186,0.22651,-0.10647,-0.2129,-0.28032,-0.14899,-0.22463,-0.10888,-0.12701,-0.33193,-0.23234,0.11544,-0.018456,-0.16509,-0.075414,-0.31,-0.039238,0.0010318,0.00050217,0.12016,-0.030522
0.24334,-0.50321,-0.35389,-0.28546,0,-0.2856,0.37605,-0.34404,0.24749,-0.15902,0.026058,-0.32391,-0.010766,-0.20318,-0.26771,-0.12405,-0.047025,0.25302,-0.42994,-0.18855,0.10445,0.071356,-0.12595,-0.31685,0.038344,-0.18358,0.03573,-0.11985,-0.19186,-0.43587,-0.08219,-0.15302,-0.20665,-0.074383,-0.26259,-0.40078,-0.2923,-0.21336,0.048057,-0.25721,0.46594,-0.15907,0.086744,-0.091346,-0.026099,-0.079714,-0.36422,-0.28348,0.14792,-0.45511,-0.67861,0.14639,-0.12571,-0.33455,-0.2811,-0.14884,0.14736,0.044431,-0.19933,-0.088313,-0.22477,-0.0056477,-0.15626,0.18766,0.097379,-0.28146,-0.40398,-0.19279,-0.38586,-0.046578,-0.090273,-0.2786,-0.33189,-0.21518,-0.36567,-0.27398,-0.37667,-0.50473,-0.37726,-0.40214,-0.27115,-0.16961,-0.26768,-0.27837,-0.32754,-0.36807,-0.34916,-0.22346,-0.10942,-0.27611,-0.3018,-0.16611,-0.48483,-0.16794,-0.25022,-0.44817,-0.35189,0.072635,-0.15445,0.038529,-0.11551,-0.13533,-0.1612,-0.40347,-0.45824
-0.29223,0.47782,-0.34284,-0.44342,-0.2856,0,-0.12053,0.10543,-0.39637,-0.27736,-0.65848,-0.14187,-0.31037,-0.23984,-0.23475,-0.34015,-0.13958,-0.31676,-0.10707,-0.17135,-0.00090115,-0.20974,-0.22309,0.0030474,-0.50433,-0.12525,-0.42955,-0.32558,-0.24069,-0.12088,-0.16684,-0.11538,-0.28172,-0.26543,-0.39588,-0.19727,-0.61229,-0.33757,-0.34808,-0.16743,-0.11757,-0.030866,0.058368,0.23099,0.011041,0.040483,-0.0047671,-0.010607,-0.10223,-0.26946,-0.15731,-0.19871,-0.16307,0.051606,-0.25454,-0.087886,0.019832,-0.04893,-0.20993,-0.46754,-0.25576,-0.30496,-0.11977,-0.1116,-0.12015,-0.037147,-0.02138,-0.60766,-0.34978,-0.15126,-0.21884,-0.023347,-0.081379,-0.14988,-0.096051,-0.45443,-0.19285,-0.2111,-0.28246,-0.4728,-0.46336,-0.26399,-0.40806,-0.17122,-0.36416,-0.2074,-0.047582,0.12714,0.011577,-0.18948,-0.15685,-0.2064,0.097613,-0.29653,0.10369,-0.2941,-0.16379,-0.255,-0.10355,-0.28985,0.10227,-0.34399,-0.25355,-0.41531,-0.22364
0.32835,-0.15981,-0.72496,-0.57141,0.37605,-0.12053,0,0.040944,-0.02202,-0.14024,-0.13793,-0.61919,-0.13547,-0.37701,-0.54308,-0.36173,-0.27772,-0.18074,-0.48938,-0.35258,0.19151,-0.18097,-0.054193,-0.35671,-0.077685,-0.062661,-0.21037,-0.34792,0.0057027,-0.17653,0.080354,0.13814,-0.34478,-0.21363,-0.22851,-0.17437,-0.32952,0.010449,0.15346,-0.41206,0.5508,-0.31689,0.48022,0.24672,0.091553,0.065447,-0.22402,-0.22329,0.14229,-0.61074,-0.76789,0.074878,-0.049577,-0.2261,-0.25777,-0.065825,0.27759,-0.057543,-0.31518,-0.41015,-0.52452,-0.073585,-0.20173,0.24667,0.10349,-0.25298,-0.34171,-0.23802,-0.34729,0.080017,0.076501,-0.12507,-0.17154,-0.14558,-0.28529,-0.47267,-0.66362,-0.66769,-0.63034,-0.69201,-0.56124,-0.60481,-0.68335,-0.47341,-0.57436,-0.58233,-0.35436,-0.15555,-0.16147,-0.17354,-0.15784,-0.4261,-0.63583,-0.17851,-0.36735,-0.52762,-0.45685,0.071026,-0.20068,-0.071191,-0.10483,-0.32329,-0.30303,-0.52124,-0.55239
-0.21432,0.1522,-0.42573,-0.45296,-0.34404,0.10543,0.040944,0,-0.29435,0.10066,-0.26183,-0.29225,-0.25118,-0.37235,-0.57009,-0.44279,-0.38182,-0.50965,-0.073963,-0.35667,-0.23905,-0.44208,0.049763,-0.20121,-0.25374,0.26588,-0.54352,-0.41778,-0.027805,0.024627,-0.12249,0.11438,-0.23018,-0.31619,-0.18431,0.17257,-0.067428,0.27806,0.05508,-0.064092,-0.081296,-0.080113,0.088113,0.35192,-0.23594,-0.19425,-0.11941,-0.11874,-0.3856,-0.3673,-0.30688,-0.23889,-0.22159,-0.15331,-0.26834,-0.01695,0.0066382,-0.21133,-0.17724,-0.47792,-0.4323,-0.29825,-0.42899,-0.12509,-0.12348,-0.15413,-0.1131,-0.35176,-0.12655,-0.065309,-0.049962,-0.25678,-0.17706,-0.12383,-0.1593,-0.40656,-0.40277,-0.37971,-0.43212,-0.5036,-0.56613,-0.55868,-0.58632,-0.3849,-0.50302,-0.30992,-0.19521,-0.089248,-0.15861,-0.13559,-0.24148,-0.49764,-0.30704,-0.28166,-0.2049,-0.34641,-0.41023,-0.20385,-0.41884,-0.49449,-0.24642,-0.47462,-0.42007,-0.44812,-0.46265
-0.0023939,-0.37026,-0.12807,-0.066148,0.24749,-0.39637,-0.02202,-0.29435,0,-0.13083,0.29629,-0.13429,0.069774,-0.15417,-0.18497,0.00025452,-0.041487,0.27874,-0.25171,-0.11434,-0.20299,-0.024021,-0.058809,-0.33223,0.3874,-0.16816,0.021208,-0.089159,-0.36161,-0.55758,-0.27405,-0.39311,-0.061822,-0.0045883,-0.031045,-0.15219,-0.021407,-0.27247,0.092089,0.049577,0.11088,-0.061113,-0.20518,-0.19243,-0.24235,-0.30376,-0.23086,-0.089571,-0.24832,-0.11814,-0.32019,0.065378,-0.31907,-0.40975,-0.39235,-0.18726,-0.0089977,0.056153,0.028857,0.081062,0.019983,-0.25963,-0.46408,-0.14643,-0.13301,-0.1984,-0.22633,-0.084694,-0.24599,-0.2868,-0.23897,-0.32706,-0.33142,-0.15478,-0.1832,-0.0096031,-0.26484,-0.39269,-0.24324,-0.0756,-0.13344,-0.029366,-0.017376,-0.23817,-0.20906,-0.24917,-0.41659,-0.20641,-0.097517,0.014838,-0.24147,-0.10739,-0.19277,-0.37389,-0.23754,-0.27767,-0.32976,0.070675,-0.18326,-0.17817,-0.16563,-0.062936,-0.088767,-0.26703,-0.41685
-0.19138,-0.36672,-0.30237,-0.31473,-0.15902,-0.27736,-0.14024,0.10066,-0.13083,0,0.096849,-0.32271,-0.040559,-0.31502,-0.50085,-0.52442,-0.33413,-0.18246,-0.14256,-0.5951,-0.24764,-0.27382,0.41655,-0.098253,0.032558,0.82218,-0.23176,-0.31606,0.34278,0.2237,0.034808,0.16567,-0.041219,-0.087515,-0.10627,0.097744,0.21692,0.2446,0.24959,-0.0086469,0.0017404,0.16236,-0.11782,0.10805,-0.61885,-0.62186,-0.38236,-0.34507,-0.39126,-0.37797,-0.41185,-0.13243,-0.3461,-0.41091,-0.26899,-0.046103,-0.12285,-0.29129,-0.16291,-0.38212,-0.50808,0.032882,-0.24707,-0.19389,0.0073193,-0.37314,-0.31035,0.018814,0.13124,0.093362,0.15778,-0.56492,-0.5189,-0.25737,-0.47347,-0.41442,-0.42315,-0.38709,-0.33233,-0.31781,-0.41185,-0.29901,-0.30887,-0.28669,-0.26742,-0.31828,-0.35802,-0.3698,-0.16862,-0.37762,-0.75381,-0.40101,-0.38363,-0.1957,-0.26808,-0.45203,-0.50571,-0.40213,-0.52388,-0.25222,-0.32942,-0.18125,-0.21877,-0.31948,-0.53014
-0.1416,-0.63185,-0.075469,0.047926,0.026058,-0.65848,-0.13793,-0.26183,0.29629,0.096849,0,-0.20068,0.2339,0.0059778,-0.46781,-0.16911,-0.42157,-0.0352,-0.2058,-0.21749,-0.38336,-0.21204,0.023712,-0.37212,0.28613,-0.012038,-0.10914,-0.18739,-0.14808,-0.36025,-0.062743,-0.15738,0.21697,0.11905,0.29241,0.019887,0.48483,0.10703,0.1659,-0.054323,-0.1549,-0.17013,-0.24576,-0.31468,-0.37341,-0.43978,-0.18678,-0.16765,-0.43954,-0.081379,-0.22938,-0.23774,-0.36552,-0.52382,-0.30671,-0.42359,-0.28231,-0.31211,-0.25205,-0.062585,-0.18136,-0.28605,-0.42596,-0.26303,-0.17932,-0.24327,-0.19451,0.261,-0.098432,-0.14411,-0.17327,-0.33735,-0.32143,-0.23941,-0.20403,0.099092,-0.2003,-0.19863,-0.041639,0.097826,0.011089,-0.19096,-0.11692,-0.24162,-0.1118,-0.16245,-0.29864,-0.32258,-0.28292,-0.13113,-0.41289,-0.33751,-0.44501,-0.24898,-0.32033,-0.054454,-0.21009,0.06965,-0.21646,-0.33974,-0.31818,-0.20078,-0.09482,-0.065804,-0.42989
-0.59514,-0.21389,0.27189,0.12664,-0.32391,-0.14187,-0.61919,-0.29225,-0.13429,-0.32271,-0.20068,0,-0.30393,0.055864,-0.0035908,0.12156,0.040263,0.057295,0.13121,0.24088,-0.45534,0.13487,-0.23325,0.11735,-0.30958,-0.33737,-0.069196,0.36313,-0.71888,-0.62766,-0.68304,-0.79108,-0.053477,-0.21416,-0.23192,-0.31865,-0.17048,-0.3712,-0.33722,0.33387,-0.44356,0.21744,-0.76674,-0.47676,-0.3722,-0.39896,-0.31584,-0.25411,-0.61879,-0.023898,0.081915,-0.58255,-0.57686,-0.41844,-0.51443,-0.53302,-0.56897,-0.30147,-0.19754,-0.001761,0.20285,-0.48524,-0.35181,-0.62218,-0.6675,-0.30016,-0.2417,-0.44326,-0.2783,-0.73743,-0.74167,-0.4645,-0.45296,-0.35194,-0.20931,0.1265,0.57144,0.27015,0.24175,0.25197,0.17965,0.039231,0.00036459,0.12734,0.050148,0.31195,0.0010181,-0.30118,-0.33959,-0.28363,-0.2843,0.0090734,0.13899,-0.28028,0.23615,0.29743,0.3119,-0.045608,0.021545,-0.45436,-0.22736,-0.17821,-0.090803,-0.13374,-0.053106
-0.31981,-0.41189,-0.18833,-0.13761,-0.010766,-0.31037,-0.13547,-0.25118,0.069774,-0.040559,0.2339,-0.30393,0,0.2877,-0.32792,-0.064669,-0.44357,-0.2197,-0.3286,-0.25424,-0.13123,-0.24681,-0.11709,-0.35707,-0.073991,-0.14853,-0.20884,-0.26069,-0.1226,-0.26052,0.074162,0.012465,0.57226,0.83642,0.51228,0.21655,-0.028025,-0.028369,-0.18044,-0.32803,-0.13409,-0.22046,-0.025005,-0.11084,-0.22356,-0.2913,0.058822,0.17784,-0.36837,0.042093,-0.068026,-0.087528,-0.30752,-0.33977,-0.27567,-0.2323,-0.097868,-0.020486,-0.14112,-0.25471,-0.28819,-0.20347,-0.21402,0.049006,0.21645,0.12134,0.069629,0.052611,-0.29063,0.043083,-0.094896,-0.12635,-0.10002,-0.14829,-0.020788,-0.17661,-0.33002,-0.19457,-0.069402,-0.10369,-0.13994,-0.090177,-0.12835,-0.3517,-0.31302,-0.20165,-0.10446,0.037277,-0.10274,-0.093183,-0.27159,-0.21989,-0.22669,-0.28108,-0.32022,-0.21576,-0.39544,-0.068611,-0.31284,-0.24154,-0.090865,-0.27042,-0.22137,-0.35909,-0.71544
-0.66078,-0.34569,0.016633,0.048346,-0.20318,-0.23984,-0.37701,-0.37235,-0.15417,-0.31502,0.0059778,0.055864,0.2877,0,-0.11953,-0.0030268,-0.2278,-0.2028,-0.29355,0.17851,-0.12914,-0.062578,-0.29529,-0.12871,-0.36715,-0.38395,-0.050795,-0.021497,-0.38614,-0.42084,-0.17699,-0.21163,0.44766,0.40596,0.24385,-0.10063,-0.15768,-0.20044,-0.48792,-0.26835,-0.40139,-0.23697,-0.31545,-0.36057,-0.26969,-0.28909,-0.041026,0.01891,-0.44616,0.18624,0.28448,-0.50031,-0.48632,-0.41419,-0.42971,-0.60915,-0.36243,-0.23044,-0.35705,-0.23753,-0.17289,-0.24208,0.0064387,-0.13897,-0.20632,-0.024138,-0.032799,-0.10278,-0.24809,-0.17869,-0.28244,-0.080381,-0.082355,-0.38875,-0.0959,-0.11808,0.058719,0.3381,0.47988,0.17473,0.26358,-0.082232,-0.13169,-0.078414,-0.023168,0.10243,0.27087,-0.089867,-0.27093,-0.2586,-0.26198,-0.14467,-0.1334,-0.46565,-0.20486,0.22805,0.041384,-0.012939,-0.087088,-0.22232,-0.010821,-0.23448,0.024317,-0.29169,-0.44376
-0.39902,-0.28429,-0.017995,-0.13598,-0.26771,-0.23475,-0.54308,-0.57009,-0.18497,-0.50085,-0.46781,-0.0035908,-0.32792,-0.11953,0,0.20966,0.43878,0.054035,-0.21665,0.15094,-0.11711,0.017645,-0.56564,-0.12446,-0.23614,-0.48372,0.16078,0.044411,-0.5004,-0.36588,-0.60882,-0.57648,-0.30056,-0.30255,-0.41751,-0.53328,-0.36473,-0.66082,-0.62529,-0.17728,-0.27651,-0.1633,-0.4463,-0.42551,-0.37559,-0.29262,-0.33757,-0.19458,-0.088842,0.10115,0.066657,-0.15549,-0.29587,-0.23284,-0.28371,-0.075944,-0.13912,0.15385,0.1379,0.011825,0.05303,-0.037456,0.053601,-0.15395,-0.38143,-0.19367,-0.24049,-0.33351,-0.032765,-0.34076,-0.21797,-0.23912,-0.23127,-0.38176,-0.28365,-0.2846,-0.086854,-0.062372,-0.064587,-0.073743,-0.035991,0.16398,0.13127,-0.15182,-0.11218,-0.087074,-0.062867,-0.091903,-0.017115,-0.25974,-0.24659,0.54832,0.22943,-0.37707,-0.23674,-0.18022,-0.19086,-0.46143,-0.33183,0.064539,-0.29518,-0.095659,-0.12957,-0.23094,-0.064518
-0.33515,-0.37156,-0.06416,-0.15337,-0.12405,-0.34015,-0.36173,-0.44279,0.00025452,-0.52442,-0.16911,0.12156,-0.064669,-0.0030268,0.20966,0,0.02537,0.089558,-0.0162,0.27998,-0.28322,0.12586,-0.4727,-0.19836,-0.20406,-0.58119,-0.016833,0.30334,-0.809,-0.7859,-0.66106,-0.73029,-0.0081379,-0.070744,-0.030914,-0.19456,-0.19236,-0.39781,-0.36591,-0.10553,-0.24375,-0.11,-0.42161,-0.43287,-0.16447,-0.21684,-0.23563,-0.074527,-0.35097,0.098645,-0.041467,-0.22132,-0.37707,-0.39507,-0.39772,-0.22241,-0.22972,0.050024,0.058568,0.022831,0.15277,-0.35233,-0.25364,-0.21338,-0.41865,-0.14024,-0.2185,-0.4595,-0.33014,-0.51178,-0.50411,-0.293,-0.30134,-0.1686,-0.063012,-0.043744,-0.084715,-0.11024,-0.10279,0.058458,-0.01501,-0.039767,-0.025081,-0.27494,-0.31879,-0.061945,-0.093376,-0.048614,-0.17655,-0.052411,-0.0054207,0.20592,0.05852,-0.25287,-0.16772,0.022549,-0.086882,0.047142,-0.19414,-0.25559,-0.3901,-0.26118,-0.27177,-0.33228,-0.26847
-0.16184,-0.27012,-0.060975,-0.17138,-0.047025,-0.13958,-0.27772,-0.38182,-0.041487,-0.33413,-0.42157,0.040263,-0.44357,-0.2278,0.43878,0.02537,0,0.36474,-0.15896,0.18899,-0.095267,0.16022,-0.31199,-0.058678,-0.12237,-0.25748,0.12933,0.088244,-0.42851,-0.43642,-0.55916,-0.50969,-0.37417,-0.37746,-0.5498,-0.56862,-0.37963,-0.54875,-0.2525,0.062248,-0.0013483,0.028527,-0.35978,-0.27883,-0.40877,-0.29227,-0.50942,-0.33363,-0.03542,-0.22054,-0.22564,-0.067854,-0.20925,-0.22229,-0.32714,-0.022006,0.01567,0.14228,0.14289,0.0458,0.038908,0.047486,-0.0099608,-0.10346,-0.31687,-0.37983,-0.40159,-0.49105,-0.12448,-0.34346,-0.19058,-0.42087,-0.40898,-0.46647,-0.42708,-0.32163,-0.09266,-0.184,-0.17419,-0.22507,-0.11888,0.081709,-0.0012864,-0.04547,-0.070214,-0.1613,-0.11548,-0.20514,0.041859,-0.39997,-0.3273,0.24281,0.02786,-0.42581,-0.17188,-0.29261,-0.22723,-0.3694,-0.32062,0.046839,-0.2,0.026065,-0.041535,-0.35811,-0.13216
-0.037546,-0.48827,-0.036954,-0.080925,0.25302,-0.31676,-0.18074,-0.50965,0.27874,-0.18246,-0.0352,0.057295,-0.2197,-0.2028,0.054035,0.089558,0.36474,0,-0.073206,0.051703,-0.16259,0.36716,-0.13208,-0.063307,0.092062,-0.19586,0.19967,0.2025,-0.46887,-0.61754,-0.42287,-0.54566,-0.19652,-0.20981,-0.3235,-0.47667,-0.17486,-0.42888,-0.026642,0.13311,0.12102,0.14826,-0.37629,-0.31584,-0.28469,-0.31531,-0.48994,-0.3643,-0.10354,-0.27682,-0.39177,-0.073901,-0.32553,-0.4533,-0.44811,-0.21722,-0.11229,0.00067414,-0.013256,0.095288,0.04437,-0.099959,-0.17834,-0.23259,-0.27851,-0.44405,-0.45082,-0.30964,-0.21194,-0.40472,-0.30528,-0.49128,-0.53123,-0.28368,-0.39926,-0.11659,-0.06976,-0.23222,-0.16202,-0.080257,-0.065371,0.059352,-0.011708,0.028452,-0.032806,-0.12268,-0.27012,-0.31529,-0.091443,-0.31181,-0.36746,0.046915,-0.12897,-0.31209,-0.10911,-0.24288,-0.15324,-0.077973,-0.10817,-0.053601,-0.20931,0.063259,-0.0060329,-0.28143,-0.23998
-0.3044,-0.14063,0.075463,-0.086655,-0.42994,-0.10707,-0.48938,-0.073963,-0.25171,-0.14256,-0.2058,0.13121,-0.3286,-0.29355,-0.21665,-0.0162,-0.15896,-0.073206,0,-0.028617,-0.60455,-0.20754,-0.091126,-0.013387,-0.22766,-0.11659,-0.47372,-0.10576,-0.46414,-0.39946,-0.61231,-0.54665,-0.16865,-0.35741,-0.20355,-0.10704,0.0024489,-0.25024,-0.083346,0.36614,-0.37445,0.20439,-0.50102,-0.26238,-0.2905,-0.25367,-0.20509,-0.21427,-0.43991,-0.045319,-0.073557,-0.38468,-0.23778,-0.17706,-0.19005,-0.16515,-0.39265,-0.2385,-0.050822,-0.07926,0.028967,-0.6219,-0.43078,-0.545,-0.46921,-0.28303,-0.16713,-0.51099,-0.28145,-0.62829,-0.59601,-0.49463,-0.40226,0.0051249,-0.078641,0.019935,0.072023,0.0096788,-0.038894,0.081172,-0.048084,-0.099003,-0.10748,0.13329,-0.0053106,0.20836,0.0042375,-0.12064,-0.18265,-0.1237,-0.1001,-0.27901,-0.039602,-0.3764,-0.11077,-0.093162,-0.16682,-0.18473,-0.22568,-0.6258,-0.35913,-0.45467,-0.43717,-0.12763,-0.076845
-0.35467,-0.23392,0.019034,-0.049756,-0.18855,-0.17135,-0.35258,-0.35667,-0.11434,-0.5951,-0.21749,0.24088,-0.25424,0.17851,0.15094,0.27998,0.18899,0.051703,-0.028617,0,-0.27194,0.024537,-0.51105,-0.17258,-0.26164,-0.5073,-0.068824,0.11709,-0.76207,-0.76243,-0.55248,-0.59477,-0.059744,-0.18263,-0.14363,-0.35367,-0.21695,-0.40464,-0.37186,0.0021738,-0.33944,-0.18578,-0.40406,-0.46715,-0.20435,-0.10572,-0.21569,-0.11922,-0.24831,0.11101,0.10773,-0.39016,-0.27354,-0.22858,-0.32417,-0.3863,-0.21307,-0.097751,-0.10508,0.045463,0.19415,-0.28859,-0.091525,-0.19191,-0.57076,-0.19675,-0.20346,-0.50083,-0.29266,-0.43381,-0.42882,-0.15343,-0.19541,-0.42116,-0.07893,-0.048855,0.11762,0.17934,0.2105,0.14619,0.28956,-0.10354,-0.12043,-0.062344,-0.024455,0.066568,0.21377,-0.064697,-0.099986,-0.21235,-0.069024,-0.0073949,-0.058946,-0.47065,-0.11589,0.20984,0.13495,-5.5032e-05,-0.12721,-0.24659,-0.23064,-0.26394,-0.014391,-0.19998,-0.079879
-0.21641,-0.10786,-0.67531,-0.61263,0.10445,-0.00090115,0.19151,-0.23905,-0.20299,-0.24764,-0.38336,-0.45534,-0.13123,-0.12914,-0.11711,-0.28322,-0.095267,-0.16259,-0.60455,-0.27194,0,0.077361,-0.15859,0.024042,-0.36947,-0.24332,0.19591,-0.17147,-0.049604,-0.023746,-0.081984,0.015471,-0.35629,-0.13873,-0.33025,-0.36856,-0.61018,-0.33899,-0.37473,-0.62096,0.2645,-0.23904,0.14074,0.1891,-0.0042375,-0.081833,-0.29621,-0.2761,0.19146,-0.2912,-0.30267,-0.15454,-0.39552,-0.42899,-0.53481,-0.21091,0.054592,-0.038818,-0.42915,-0.69658,-0.72073,0.08435,0.2904,0.14744,-0.018429,-0.29696,-0.40826,-0.18081,-0.11671,0.02861,0.12265,-0.070296,-0.17214,-0.19702,-0.45427,-0.84127,-0.51492,-0.28728,-0.32289,-0.45563,-0.3846,-0.4327,-0.59554,-0.2776,-0.42061,-0.34804,-0.1141,-0.17862,-0.2624,-0.29143,-0.28585,-0.12459,-0.25541,-0.41361,-0.36007,-0.39682,-0.30365,-0.12038,-0.059476,0.22347,0.021008,-0.29392,-0.2082,-0.66314,-0.61266
-0.31205,-0.34226,-0.19616,-0.21881,0.071356,-0.20974,-0.18097,-0.44208,-0.024021,-0.27382,-0.21204,0.13487,-0.24681,-0.062578,0.017645,0.12586,0.16022,0.36716,-0.20754,0.024537,0.077361,0,-0.10497,0.32787,-0.30918,-0.34445,0.39459,0.69946,-0.48928,-0.49972,-0.51514,-0.52368,-0.17816,-0.14844,-0.28122,-0.41806,-0.36267,-0.40327,-0.26713,-0.12522,0.057577,0.15864,-0.42862,-0.24181,-0.22922,-0.39779,-0.55049,-0.45529,-0.27528,-0.3278,-0.31622,-0.39379,-0.68406,-0.80367,-0.84284,-0.46132,-0.31515,-0.22298,-0.35287,-0.30261,-0.22061,-0.14339,0.027385,-0.31561,-0.40412,-0.55553,-0.60528,-0.39501,-0.15104,-0.44577,-0.36144,-0.47738,-0.56658,-0.30769,-0.55938,-0.30669,-0.067517,-0.11216,-0.14491,-0.11795,-0.16157,-0.21224,-0.25265,-0.044081,-0.20988,-0.12322,-0.20841,-0.43923,-0.45073,-0.35384,-0.34002,0.080945,-0.059854,-0.33265,-0.10708,-0.0080347,0.077045,0.11595,0.14365,-0.024489,-0.12127,0.030171,0.026622,-0.57595,-0.43671
-0.14766,-0.16201,-0.27252,-0.24044,-0.12595,-0.22309,-0.054193,0.049763,-0.058809,0.41655,0.023712,-0.23325,-0.11709,-0.29529,-0.56564,-0.4727,-0.31199,-0.13208,-0.091126,-0.51105,-0.15859,-0.10497,0,0.15714,-0.10746,0.30618,-0.21377,-0.17117,0.1088,0.051847,-0.14433,-0.05973,-0.1493,-0.12538,-0.11273,0.052872,-0.027956,-0.021146,0.27378,0.033514,0.10407,0.29355,-0.19799,0.1808,-0.39134,-0.44936,-0.27245,-0.27736,-0.41575,-0.39412,-0.43672,-0.21357,-0.46561,-0.53083,-0.42225,-0.19337,-0.26817,-0.31026,-0.30966,-0.41906,-0.47934,-0.21021,-0.23898,-0.31154,-0.12384,-0.3693,-0.30884,-0.1277,-0.11414,-0.22649,-0.083449,-0.51169,-0.45749,-0.065034,-0.36422,-0.32869,-0.30681,-0.29089,-0.27161,-0.23304,-0.37082,-0.38758,-0.40217,-0.088897,-0.12592,-0.1516,-0.30715,-0.35831,-0.34797,-0.12315,-0.35906,-0.52185,-0.41157,-0.3945,-0.36349,-0.35246,-0.40775,-0.1315,-0.22141,-0.14277,-0.017638,-0.16492,-0.15437,-0.40562,-0.57411
-0.53594,-0.04439,-0.18599,-0.25397,-0.31685,0.0030474,-0.35671,-0.20121,-0.33223,-0.098253,-0.37212,0.11735,-0.35707,-0.12871,-0.12446,-0.19836,-0.058678,-0.063307,-0.013387,-0.17258,0.024042,0.32787,0.15714,0,-0.52055,-0.15315,0.053739,0.23056,-0.25711,-0.11449,-0.50823,-0.39118,-0.25207,-0.25163,-0.32641,-0.27633,-0.35511,-0.38085,-0.31268,-0.056126,-0.13116,0.37795,-0.47983,-0.054344,-0.32635,-0.44132,-0.40374,-0.41711,-0.39474,-0.22958,-0.12672,-0.59836,-0.78389,-0.65902,-0.71945,-0.43066,-0.49518,-0.37446,-0.46975,-0.56993,-0.41013,-0.2708,0.075889,-0.50341,-0.47054,-0.51623,-0.45456,-0.37966,-0.044741,-0.47671,-0.33279,-0.47889,-0.51212,-0.18353,-0.50453,-0.41462,-0.012822,0.082273,-0.034244,-0.066293,-0.19226,-0.31057,-0.36757,0.1323,-0.069567,0.080354,-0.039341,-0.3894,-0.52412,-0.29486,-0.33573,-0.14218,0.0035083,-0.48708,-0.14744,-0.019027,0.019447,-0.11445,0.10228,-0.12055,-0.020004,-0.18556,-0.10509,-0.4917,-0.37647
0.16106,-0.4283,-0.19926,-0.1521,0.038344,-0.50433,-0.077685,-0.25374,0.3874,0.032558,0.28613,-0.30958,-0.073991,-0.36715,-0.23614,-0.20406,-0.12237,0.092062,-0.22766,-0.26164,-0.36947,-0.30918,-0.10746,-0.52055,0,0.060006,-0.11526,-0.28605,-0.058458,-0.26947,-0.073935,-0.21359,-0.13618,-0.16863,-0.05347,-0.097076,0.21093,-0.086091,0.32371,0.073172,0.037594,-0.14663,-0.16206,-0.23593,-0.45544,-0.37423,-0.28175,-0.19893,-0.16373,-0.19012,-0.3705,0.12994,-0.09958,-0.21975,-0.14186,-0.018174,0.03143,-0.022659,0.13115,0.070131,-0.079432,-0.11962,-0.50432,-0.19083,-0.1677,-0.29219,-0.23654,0.068095,-0.072849,-0.1146,-0.034945,-0.37398,-0.39326,-0.35718,-0.23517,-0.030942,-0.36564,-0.46595,-0.33326,-0.13348,-0.16852,-0.12747,-0.047802,-0.36069,-0.21004,-0.39142,-0.4632,-0.24921,0.045993,-0.17927,-0.43343,-0.16193,-0.27898,-0.1221,-0.22147,-0.38035,-0.42082,-0.26309,-0.4323,-0.26489,-0.4606,-0.15212,-0.19919,0.012809,-0.17553
-0.11648,-0.2075,-0.31687,-0.33772,-0.18358,-0.12525,-0.062661,0.26588,-0.16816,0.82218,-0.012038,-0.33737,-0.14853,-0.38395,-0.48372,-0.58119,-0.25748,-0.19586,-0.11659,-0.5073,-0.24332,-0.34445,0.30618,-0.15315,0.060006,0,-0.30034,-0.40006,0.30519,0.215,0.093231,0.24284,-0.12613,-0.22374,-0.17884,0.060666,0.16955,0.29208,0.31286,0.043351,0.056979,0.1152,0.022487,0.2446,-0.5168,-0.43655,-0.26504,-0.24916,-0.28754,-0.41116,-0.40992,-0.10039,-0.24155,-0.27404,-0.24214,0.029497,0.014102,-0.1892,-0.092901,-0.36388,-0.47338,0.0057577,-0.28026,-0.14127,-0.013194,-0.28968,-0.19733,-0.040125,0.11901,0.11087,0.23076,-0.42288,-0.37344,-0.28298,-0.36438,-0.4104,-0.39831,-0.40404,-0.36783,-0.413,-0.4855,-0.33534,-0.38096,-0.28842,-0.27794,-0.33317,-0.2981,-0.22241,-0.012045,-0.34331,-0.68549,-0.39064,-0.35033,-0.1839,-0.20642,-0.47396,-0.48531,-0.43299,-0.5371,-0.26842,-0.2853,-0.22831,-0.22718,-0.25979,-0.43323
-0.37114,-0.46829,-0.27352,-0.24155,0.03573,-0.42955,-0.21037,-0.54352,0.021208,-0.23176,-0.10914,-0.069196,-0.20884,-0.050795,0.16078,-0.016833,0.12933,0.19967,-0.47372,-0.068824,0.19591,0.39459,-0.21377,0.053739,-0.11526,-0.30034,0,0.25422,-0.29838,-0.28977,-0.35368,-0.37325,-0.26534,-0.19574,-0.29029,-0.50949,-0.24671,-0.37532,-0.34716,-0.2797,0.0052143,-0.10607,-0.37255,-0.28824,-0.33586,-0.43854,-0.5649,-0.47742,-0.1252,-0.14476,-0.17126,-0.33409,-0.72701,-0.84927,-0.79796,-0.44117,-0.26333,-0.17582,-0.31996,-0.297,-0.34561,0.059902,0.059318,-0.23822,-0.39908,-0.52685,-0.59327,-0.013792,0.11037,-0.27188,-0.097888,-0.34713,-0.43952,-0.41148,-0.60885,-0.37694,-0.18679,-0.097517,-0.091559,-0.044328,-0.054062,-0.19678,-0.24232,-0.15489,-0.17513,-0.16368,-0.21445,-0.48749,-0.39653,-0.38898,-0.51401,0.15048,-0.14248,-0.33628,-0.23157,-0.098108,-0.037896,-0.10706,-0.032407,0.13091,-0.27663,-0.070778,-0.019241,-0.34641,-0.38859
-0.41311,-0.367,-0.085162,-0.13495,-0.11985,-0.32558,-0.34792,-0.41778,-0.089159,-0.31606,-0.18739,0.36313,-0.26069,-0.021497,0.044411,0.30334,0.088244,0.2025,-0.10576,0.11709,-0.17147,0.69946,-0.17117,0.23056,-0.28605,-0.40006,0.25422,0,-0.57122,-0.56507,-0.6481,-0.68752,-0.093781,-0.14864,-0.17046,-0.29588,-0.23396,-0.32835,-0.26646,-0.0051042,-0.14416,0.16821,-0.63771,-0.40248,-0.36136,-0.49943,-0.54471,-0.43316,-0.49555,-0.22474,-0.19141,-0.50261,-0.71771,-0.778,-0.7627,-0.49258,-0.47325,-0.29117,-0.28163,-0.20975,-0.094992,-0.25218,-0.13622,-0.46825,-0.59745,-0.5354,-0.5519,-0.42902,-0.17276,-0.59181,-0.5048,-0.57521,-0.63734,-0.39642,-0.45803,-0.14392,0.058726,-0.003639,-0.05865,0.041852,-0.037938,-0.20853,-0.18088,-0.099546,-0.20017,-0.035998,-0.1688,-0.46331,-0.50901,-0.34361,-0.30385,0.10666,-0.013476,-0.22293,-0.035337,0.17362,0.1733,0.088691,0.041095,-0.20423,-0.30125,-0.055575,-0.057474,-0.4282,-0.31142
-0.040283,-0.26201,-0.55022,-0.48899,-0.19186,-0.24069,0.0057027,-0.027805,-0.36161,0.34278,-0.14808,-0.71888,-0.1226,-0.38614,-0.5004,-0.809,-0.42851,-0.46887,-0.46414,-0.76207,-0.049604,-0.48928,0.1088,-0.25711,-0.058458,0.30519,-0.29838,-0.57122,0,0.65447,0.28805,0.46338,-0.22723,-0.13825,-0.18021,-0.010601,-0.10693,0.098528,0.067572,-0.37838,0.0087707,-0.21561,0.08951,0.09903,-0.49192,-0.41345,-0.31414,-0.3486,-0.096444,-0.44673,-0.44423,-0.038,-0.081771,-0.15939,-0.033673,0.030777,-0.029236,-0.2887,-0.2888,-0.55417,-0.76868,0.17019,-0.057233,-0.022377,0.11869,-0.3381,-0.30681,0.075965,0.040008,0.37526,0.40989,-0.31808,-0.33665,-0.39036,-0.48946,-0.60068,-0.65405,-0.47459,-0.45367,-0.52344,-0.49193,-0.4473,-0.42029,-0.45728,-0.3589,-0.55,-0.34981,-0.32096,-0.15777,-0.45073,-0.60219,-0.41986,-0.48201,-0.095185,-0.40334,-0.57548,-0.59668,-0.56444,-0.54708,-0.096753,-0.27193,-0.26199,-0.28648,-0.26042,-0.38723
-0.26393,-0.062633,-0.5639,-0.55659,-0.43587,-0.12088,-0.17653,0.024627,-0.55758,0.2237,-0.36025,-0.62766,-0.26052,-0.42084,-0.36588,-0.7859,-0.43642,-0.61754,-0.39946,-0.76243,-0.023746,-0.49972,0.051847,-0.11449,-0.26947,0.215,-0.28977,-0.56507,0.65447,0,0.12484,0.33345,-0.34301,-0.27391,-0.29093,-0.053519,-0.19888,-0.021662,-0.17646,-0.42842,-0.14928,-0.20439,0.0010318,0.16327,-0.42774,-0.36482,-0.24654,-0.3065,-0.13819,-0.32707,-0.27469,-0.16333,-0.23134,-0.18611,-0.12886,0.0067483,-0.13391,-0.30944,-0.30724,-0.68735,-0.80247,0.10585,0.0086744,-0.13137,-0.041363,-0.27128,-0.24505,-0.0031231,0.14543,0.21307,0.35529,-0.20616,-0.22591,-0.26391,-0.41141,-0.74127,-0.59787,-0.36261,-0.41196,-0.48602,-0.53317,-0.48776,-0.4835,-0.40436,-0.34414,-0.42968,-0.29028,-0.27151,-0.1993,-0.33441,-0.49715,-0.39745,-0.33439,-0.18011,-0.38572,-0.537,-0.52551,-0.68744,-0.49756,-0.053945,-0.24501,-0.30872,-0.29571,-0.26997,-0.3308
-0.042732,-0.22114,-0.50833,-0.38613,-0.08219,-0.16684,0.080354,-0.12249,-0.27405,0.034808,-0.062743,-0.68304,0.074162,-0.17699,-0.60882,-0.66106,-0.55916,-0.42287,-0.61231,-0.55248,-0.081984,-0.51514,-0.14433,-0.50823,-0.073935,0.093231,-0.35368,-0.6481,0.28805,0.12484,0,0.62131,-0.034423,0.02451,-0.013448,-0.020348,-0.17133,0.12937,-0.044624,-0.52679,-0.066726,-0.46638,0.33953,0.041859,-0.1219,-0.081798,0.025555,-0.0486,-0.038488,-0.41265,-0.38833,-0.012389,-0.030914,-0.076749,-0.082548,-0.17635,0.026918,-0.22264,-0.32545,-0.42169,-0.5465,0.056373,-0.15757,0.078923,0.22966,-0.013132,-0.010993,0.12284,-0.22766,0.43728,0.27286,0.11588,0.025411,-0.314,-0.12032,-0.38339,-0.52242,-0.42678,-0.36198,-0.50949,-0.43491,-0.41238,-0.46564,-0.47641,-0.36175,-0.56064,-0.3105,-0.103,-0.0033088,-0.30376,-0.40909,-0.51067,-0.51641,0.038371,-0.20656,-0.45106,-0.37336,-0.33485,-0.32486,-0.12761,-0.091319,-0.18905,-0.1242,-0.14626,-0.35898
-0.11261,-0.19446,-0.56329,-0.46598,-0.15302,-0.11538,0.13814,0.11438,-0.39311,0.16567,-0.15738,-0.79108,0.012465,-0.21163,-0.57648,-0.73029,-0.50969,-0.54566,-0.54665,-0.59477,0.015471,-0.52368,-0.05973,-0.39118,-0.21359,0.24284,-0.37325,-0.68752,0.46338,0.33345,0.62131,0,-0.10328,-0.057357,-0.091092,0.022549,-0.13575,0.30608,-0.067621,-0.55699,-0.016069,-0.41524,0.43346,0.22344,-0.21849,-0.16631,-0.070125,-0.12424,-0.068818,-0.44442,-0.38985,-0.082465,-0.065295,-0.12609,-0.10744,-0.06328,0.10389,-0.2106,-0.33016,-0.58117,-0.78274,0.125,-0.045381,0.20559,0.31303,-0.080367,-0.082582,0.05949,-0.054365,0.63933,0.49212,-0.015154,0.0014171,-0.28701,-0.26152,-0.60436,-0.6398,-0.4415,-0.41174,-0.66561,-0.56208,-0.49557,-0.55544,-0.48405,-0.43597,-0.55067,-0.22456,-0.10349,-0.066073,-0.35276,-0.4528,-0.50155,-0.55212,-0.14167,-0.40552,-0.51926,-0.53537,-0.40272,-0.47369,-0.11209,-0.12417,-0.2729,-0.22561,-0.35964,-0.54895
-0.4459,-0.39984,-0.016303,-0.0074156,-0.20665,-0.28172,-0.34478,-0.23018,-0.061822,-0.041219,0.21697,-0.053477,0.57226,0.44766,-0.30056,-0.0081379,-0.37417,-0.19652,-0.16865,-0.059744,-0.35629,-0.17816,-0.1493,-0.25207,-0.13618,-0.12613,-0.26534,-0.093781,-0.22723,-0.34301,-0.034423,-0.10328,0,0.71397,0.6478,0.27889,0.10826,0.045147,-0.1751,-0.13637,-0.32795,-0.11044,-0.23543,-0.26938,-0.40235,-0.43946,-0.0037422,0.10552,-0.64196,0.035351,0.035152,-0.30296,-0.36124,-0.34954,-0.29066,-0.36263,-0.25659,-0.20389,-0.15851,-0.197,-0.13683,-0.24447,-0.20474,-0.15418,-0.064064,0.013125,0.051338,-0.088361,-0.21806,-0.052975,-0.21218,-0.21788,-0.20689,-0.36155,-0.047878,-0.054908,-0.11853,-0.021401,0.092949,0.031884,-0.024462,-0.09978,-0.065447,-0.29152,-0.21237,-0.13434,-0.034959,-0.047369,-0.13265,-0.21209,-0.35209,-0.19232,-0.12334,-0.23773,-0.15903,0.064215,-0.14145,-0.080044,-0.29072,-0.38799,-0.16078,-0.15486,-0.032104,-0.2834,-0.5095
-0.37715,-0.37702,-0.19079,-0.15075,-0.074383,-0.26543,-0.21363,-0.31619,-0.0045883,-0.087515,0.11905,-0.21416,0.83642,0.40596,-0.30255,-0.070744,-0.37746,-0.20981,-0.35741,-0.18263,-0.13873,-0.14844,-0.12538,-0.25163,-0.16863,-0.22374,-0.19574,-0.14864,-0.13825,-0.27391,0.02451,-0.057357,0.71397,0,0.50774,0.21864,-0.12851,-0.11617,-0.23248,-0.3121,-0.19774,-0.17486,-0.15216,-0.19556,-0.31807,-0.39983,-0.058327,0.064566,-0.45945,-0.016826,-0.055961,-0.16269,-0.34017,-0.34259,-0.29338,-0.30608,-0.17651,-0.14855,-0.20956,-0.29309,-0.25482,-0.14928,-0.11096,-0.029339,0.10917,-0.0050354,-0.048167,-0.09493,-0.31143,0.023079,-0.15158,-0.1844,-0.21432,-0.30612,-0.12199,-0.22191,-0.2934,-0.14356,-0.033852,-0.083422,-0.096636,-0.11853,-0.10822,-0.3427,-0.29172,-0.245,-0.12055,-0.090541,-0.17338,-0.20504,-0.30189,-0.21742,-0.17121,-0.28816,-0.24572,-0.12469,-0.28049,-0.084288,-0.26946,-0.23304,-0.051125,-0.13086,-0.060294,-0.43352,-0.65322
-0.35357,-0.3092,-0.20231,-0.13313,-0.26259,-0.39588,-0.22851,-0.18431,-0.031045,-0.10627,0.29241,-0.23192,0.51228,0.24385,-0.41751,-0.030914,-0.5498,-0.3235,-0.20355,-0.14363,-0.33025,-0.28122,-0.11273,-0.32641,-0.05347,-0.17884,-0.29029,-0.17046,-0.18021,-0.29093,-0.013448,-0.091092,0.6478,0.50774,0,0.50932,0.15122,0.07494,-0.089131,-0.23716,-0.2974,-0.25204,-0.18637,-0.22137,-0.30808,-0.36219,0.06447,0.12099,-0.60907,0.074534,0.014308,-0.30829,-0.36941,-0.38941,-0.31456,-0.3712,-0.28046,-0.25623,-0.22233,-0.30609,-0.26016,-0.34906,-0.29848,-0.2077,-0.15033,-0.022322,0.018787,-0.010367,-0.22498,-0.10936,-0.19216,-0.14178,-0.15165,-0.24478,0.035482,-0.061932,-0.28291,-0.097936,-0.02592,0.060102,-0.063734,-0.32784,-0.22942,-0.395,-0.29497,-0.2094,-0.10308,-0.072209,-0.23998,-0.036225,-0.18186,-0.33393,-0.23813,-0.2658,-0.31266,0.043633,-0.20559,0.026367,-0.25956,-0.41715,-0.22852,-0.29609,-0.15371,-0.25583,-0.54329
-0.30071,-0.081929,-0.36568,-0.36206,-0.40078,-0.19727,-0.17437,0.17257,-0.15219,0.097744,0.019887,-0.31865,0.21655,-0.10063,-0.53328,-0.19456,-0.56862,-0.47667,-0.10704,-0.35367,-0.36856,-0.41806,0.052872,-0.27633,-0.097076,0.060666,-0.50949,-0.29588,-0.010601,-0.053519,-0.020348,0.022549,0.27889,0.21864,0.50932,0,0.091181,0.18417,0.050705,-0.14457,-0.22033,-0.11013,-0.092179,0.045415,-0.3819,-0.40647,0.00022013,0.077485,-0.66986,-0.1109,-0.13545,-0.18878,-0.29629,-0.25684,-0.24527,-0.090982,-0.15112,-0.22919,-0.094456,-0.43753,-0.35502,-0.30895,-0.40285,-0.20102,-0.079377,-0.053319,-0.0079452,-0.19971,-0.19218,-0.053587,-0.1003,-0.25484,-0.23832,-0.17073,-0.010518,-0.26216,-0.47448,-0.31909,-0.30878,-0.20728,-0.37189,-0.45099,-0.34766,-0.53158,-0.49673,-0.36139,-0.23832,-0.064037,-0.16738,-0.027819,-0.19536,-0.43865,-0.20756,-0.2221,-0.27878,-0.20957,-0.42313,-0.16754,-0.46832,-0.50475,-0.28287,-0.33669,-0.30491,-0.39818,-0.58401
-0.23414,-0.53038,-0.018422,0.014866,-0.2923,-0.61229,-0.32952,-0.067428,-0.021407,0.21692,0.48483,-0.17048,-0.028025,-0.15768,-0.36473,-0.19236,-0.37963,-0.17486,0.0024489,-0.21695,-0.61018,-0.36267,-0.027956,-0.35511,0.21093,0.16955,-0.24671,-0.23396,-0.10693,-0.19888,-0.17133,-0.13575,0.10826,-0.12851,0.15122,0.091181,0,0.30613,0.14487,0.076721,-0.31483,-0.12097,-0.33091,-0.31431,-0.6005,-0.55767,-0.23112,-0.22001,-0.56073,-0.064718,-0.14974,-0.32864,-0.32269,-0.4189,-0.21151,-0.26034,-0.30136,-0.34493,-0.10766,-0.065447,-0.16958,-0.26378,-0.44795,-0.35684,-0.31575,-0.27987,-0.16679,0.1412,0.15547,-0.14266,-0.11203,-0.43189,-0.34196,-0.30206,-0.22355,0.037236,-0.18816,-0.16803,-0.074857,0.056064,-0.062337,-0.23195,-0.10525,-0.26923,-0.11953,-0.14374,-0.24819,-0.30054,-0.21559,-0.19337,-0.48615,-0.30432,-0.35709,-0.222,-0.33701,-0.059276,-0.26025,-0.20642,-0.45509,-0.46625,-0.56699,-0.26451,-0.1867,-0.001761,-0.28877
-0.17091,-0.35558,-0.33081,-0.26722,-0.21336,-0.33757,0.010449,0.27806,-0.27247,0.2446,0.10703,-0.3712,-0.028369,-0.20044,-0.66082,-0.39781,-0.54875,-0.42888,-0.25024,-0.40464,-0.33899,-0.40327,-0.021146,-0.38085,-0.086091,0.29208,-0.37532,-0.32835,0.098528,-0.021662,0.12937,0.30608,0.045147,-0.11617,0.07494,0.18417,0.30613,0,0.14803,-0.21581,-0.13371,-0.24653,0.031719,-0.020052,-0.37718,-0.36856,-0.19429,-0.22301,-0.45087,-0.42912,-0.38219,-0.31206,-0.23315,-0.34277,-0.24446,-0.21576,-0.13403,-0.37147,-0.29441,-0.38777,-0.50197,-0.14141,-0.37151,-0.1143,-0.06392,-0.22731,-0.17154,0.0079728,0.00051592,0.1262,0.061044,-0.30675,-0.22608,-0.3375,-0.26997,-0.24626,-0.37763,-0.34405,-0.32516,-0.38999,-0.40679,-0.53552,-0.47537,-0.47611,-0.44107,-0.38593,-0.25467,-0.25804,-0.25619,-0.34143,-0.4864,-0.46152,-0.5478,-0.026856,-0.28483,-0.20155,-0.31627,-0.16797,-0.44586,-0.45603,-0.42983,-0.32244,-0.28857,-0.28003,-0.50622
0.30178,-0.31524,-0.33415,-0.29403,0.048057,-0.34808,0.15346,0.05508,0.092089,0.24959,0.1659,-0.33722,-0.18044,-0.48792,-0.62529,-0.36591,-0.2525,-0.026642,-0.083346,-0.37186,-0.37473,-0.26713,0.27378,-0.31268,0.32371,0.31286,-0.34716,-0.26646,0.067572,-0.17646,-0.044624,-0.067621,-0.1751,-0.23248,-0.089131,0.050705,0.14487,0.14803,0,0.12877,0.19453,0.024785,-0.053498,0.0017817,-0.36694,-0.3174,-0.32432,-0.29565,-0.25953,-0.52961,-0.68996,0.023616,-0.079349,-0.25372,-0.15941,-0.017624,-0.014914,-0.21144,-0.084054,-0.14992,-0.26628,-0.17163,-0.49343,-0.19009,-0.12477,-0.4004,-0.33462,-0.1766,-0.22154,-0.13338,-0.062963,-0.50931,-0.49847,-0.24178,-0.28543,-0.15484,-0.41577,-0.55752,-0.48445,-0.33759,-0.38438,-0.40881,-0.35752,-0.33055,-0.28826,-0.42011,-0.45225,-0.31332,-0.10626,-0.20954,-0.3447,-0.48836,-0.54331,-0.10764,-0.25943,-0.41676,-0.44327,-0.11556,-0.39784,-0.32596,-0.33429,-0.20054,-0.2479,-0.21276,-0.33523
-0.2122,-0.1859,0.17775,0.046536,-0.25721,-0.16743,-0.41206,-0.064092,0.049577,-0.0086469,-0.054323,0.33387,-0.32803,-0.26835,-0.17728,-0.10553,0.062248,0.13311,0.36614,0.0021738,-0.62096,-0.12522,0.033514,-0.056126,0.073172,0.043351,-0.2797,-0.0051042,-0.37838,-0.42842,-0.52679,-0.55699,-0.13637,-0.3121,-0.23716,-0.14457,0.076721,-0.21581,0.12877,0,-0.21703,0.41068,-0.53817,-0.26693,-0.53843,-0.44414,-0.32595,-0.24598,-0.51025,-0.14974,-0.16569,-0.25213,-0.29094,-0.23421,-0.27212,-0.16048,-0.28308,-0.17307,0.077795,0.1127,0.18471,-0.41951,-0.5452,-0.52342,-0.46241,-0.34451,-0.22084,-0.3987,-0.20323,-0.55346,-0.46875,-0.64442,-0.55658,-0.29204,-0.21049,0.10127,0.14004,-0.082218,-0.047293,0.059132,-0.02226,0.0099058,0.018972,0.060776,0.048566,0.082768,-0.17018,-0.25554,-0.096155,-0.21555,-0.34149,-0.17335,-0.025776,-0.31578,0.046234,-0.1084,-0.14105,-0.21751,-0.28059,-0.51203,-0.31145,-0.1911,-0.18749,-0.078847,-0.056318
0.25649,-0.21199,-0.5645,-0.5224,0.46594,-0.11757,0.5508,-0.081296,0.11088,0.0017404,-0.1549,-0.44356,-0.13409,-0.40139,-0.27651,-0.24375,-0.0013483,0.12102,-0.37445,-0.33944,0.2645,0.057577,0.10407,-0.13116,0.037594,0.056979,0.0052143,-0.14416,0.0087707,-0.14928,-0.066726,-0.016069,-0.32795,-0.19774,-0.2974,-0.22033,-0.31483,-0.13371,0.19453,-0.21703,0,-0.0002958,0.22165,0.30413,-0.1219,-0.14184,-0.35305,-0.26617,0.1172,-0.56188,-0.7495,0.17484,-0.19191,-0.36285,-0.38997,0.068026,0.31553,0.13094,-0.12087,-0.35078,-0.46089,0.059139,-0.10443,0.16774,0.087219,-0.34131,-0.41242,-0.25751,-0.20292,-0.0096168,0.1228,-0.33223,-0.36641,-0.18067,-0.42245,-0.5403,-0.58408,-0.63573,-0.59547,-0.59817,-0.55873,-0.38314,-0.47927,-0.34582,-0.46069,-0.48458,-0.36122,-0.17055,-0.065584,-0.22313,-0.31544,-0.18669,-0.38723,-0.2402,-0.33042,-0.61934,-0.52315,-0.078393,-0.25314,0.087212,-0.094827,-0.17136,-0.23887,-0.60017,-0.59368
-0.30634,-0.15492,-0.06694,-0.19358,-0.15907,-0.030866,-0.31689,-0.080113,-0.061113,0.16236,-0.17013,0.21744,-0.22046,-0.23697,-0.1633,-0.11,0.028527,0.14826,0.20439,-0.18578,-0.23904,0.15864,0.29355,0.37795,-0.14663,0.1152,-0.10607,0.16821,-0.21561,-0.20439,-0.46638,-0.41524,-0.11044,-0.17486,-0.25204,-0.11013,-0.12097,-0.24653,0.024785,0.41068,-0.0002958,0,-0.42443,-0.012988,-0.48995,-0.53146,-0.4126,-0.31191,-0.46185,-0.24697,-0.25924,-0.25897,-0.52438,-0.47064,-0.48821,-0.14006,-0.2695,-0.15315,-0.081509,-0.24472,-0.155,-0.25581,-0.23571,-0.42124,-0.31421,-0.41819,-0.3512,-0.42442,-0.12304,-0.41978,-0.32138,-0.73398,-0.71276,-0.207,-0.40219,-0.24632,-0.037883,-0.13575,-0.14943,-0.092344,-0.22817,-0.10807,-0.16541,0.011846,-0.1259,0.019247,-0.17754,-0.28087,-0.21158,-0.2712,-0.44817,-0.10509,0.026415,-0.32117,0.0019468,-0.20292,-0.19388,-0.19554,-0.1978,-0.2801,-0.18056,-0.17047,-0.19467,-0.39099,-0.34255
