,,,,,,,,,,,,,,,,,,,,,,,,,,,,,,,,,,,,,,,,,,,,,,,,,,,,,,,,,,,,,,,,,,,,,,,,,,,,,,,,,,,,,,,,,,,,,,,,,,,,,,,,
0,-0.090872,-0.0010231,0.057353,0.41831,-0.1338,0.24594,-0.023505,0.051329,0.091362,0.13423,-0.15108,0.045088,-0.13302,0.1141,-0.072022,0.076645,0.16518,-0.0039498,0.038434,-0.041629,-0.28221,-0.06269,-0.33589,0.35293,0.13825,-0.14663,-0.15696,0.20082,0.073068,0.18945,0.13507,-0.00012761,0.039526,-0.008793,-0.068244,0.1921,0.15432,0.21287,0.10326,0.30517,-0.055603,0.10091,-0.093915,-0.18865,-0.053521,-0.20879,-0.18667,0.35461,-0.089512,-0.28508,0.3058,0.38072,0.3028,0.43092,0.2806,0.27276,0.11307,0.097141,0.20967,0.12021,0.16598,0.064285,0.15621,0.11232,-0.14167,-0.15872,-0.07971,0.072733,0.28431,0.22867,-0.10923,-0.12078,-0.3138,-0.17772,-0.034457,-0.14671,-0.17368,-0.0045327,-0.077034,0.27784,-0.035271,0.11939,-0.12748,0.072254,-0.0096606,-0.11449,-0.06564,0.10358,-0.15727,-0.1899,0.010241,-0.29588,0.10296,-0.012451,-0.25805,-0.35305,-0.21512,-0.32883,0.057526,-0.13364,-0.0051206,0.16522,0.19504,0.28654
-0.090872,0,-0.23546,-0.17061,-0.088771,0.59994,0.1925,0.54873,-0.024361,-0.19552,-0.20006,0.090449,-0.069621,0.085071,-0.11735,-0.047083,-0.22781,-0.32916,-0.049453,0.077409,0.18071,-0.014824,-0.0082006,0.14237,-0.20568,-0.07258,0.077431,0.061059,-0.13424,0.13504,-0.054113,0.0044447,-0.11061,-0.13086,0.090677,0.19866,-0.16798,-0.014177,-0.16785,-0.037002,0.0089902,0.057409,0.067506,0.39483,0.184,0.16825,0.24016,0.16005,-0.048196,0.11308,0.21291,-0.22298,-0.29565,-0.087595,-0.40834,-0.21392,-0.018181,-0.088136,-0.16881,-0.2392,-0.097102,-0.23806,-0.069587,-0.16155,-0.23787,0.11891,0.15428,-0.13557,-0.015437,-0.077748,-0.016348,0.20992,0.16467,0.090031,0.13627,-0.097275,-0.017176,0.14503,0.015143,-0.084113,-0.16625,-0.30259,-0.34965,-0.046959,-0.13966,-0.0060853,-0.044427,0.086737,-0.079393,0.23446,0.16603,-0.33532,-0.033219,-0.17342,0.034037,0.035587,0.087601,0.28012,0.19741,-0.18178,-0.11554,-0.38971,-0.13407,-0.24233,-0.20276
-0.0010231,-0.23546,0,1,-0.096679,-0.29507,-0.48079,-0.17132,0.11826,0.0088682,0.38188,0.28064,-0.003567,-0.049089,0.12067,-0.036076,0.084168,0.26111,0.3105,0.017689,-0.60318,-0.1701,-0.095107,-0.24751,0.05684,-0.0052299,-0.17711,-0.1339,-0.25719,-0.32182,-0.29647,-0.29863,0.11595,-0.15534,0.00099415,-0.13511,0.31804,0.031712,0.072956,0.28799,-0.42079,-0.029417,-0.38957,-0.67685,-0.19137,-0.1568,-0.036411,0.067205,-0.21658,0.12781,0.21677,0.00097687,0.15042,0.13072,0.20855,-0.020226,-0.18687,-0.0034901,0.21351,0.53108,0.494,-0.29235,-0.4372,-0.28847,-0.10483,0.052789,0.22066,0.13907,-0.12347,-0.31389,-0.31213,-0.22713,-0.015165,-0.065691,-0.020995,0.70265,0.65818,0.2665,0.48048,0.2534,0.22017,0.55631,0.70471,0.2414,0.44033,0.34017,-0.12935,0.016552,0.13644,0.022169,-0.0083048,0.1623,0.16176,0.06905,0.087228,0.2266,0.067568,0.01468,-0.038503,-0.24458,-0.11991,0.17767,0.019635,0.34281,0.26984
0.057353,-0.17061,1,0,-0.045883,-0.25046,-0.3125,-0.10593,0.096177,0.014257,0.3928,0.23035,-0.013089,0.0058752,0.028619,-0.15705,0.0049429,0.16615,0.21375,-0.047968,-0.45726,-0.21055,-0.056852,-0.2354,0.060524,0.020086,-0.16863,-0.16616,-0.17454,-0.22825,-0.18674,-0.17887,0.083344,-0.16648,-0.0064057,-0.16077,0.30746,0.094767,0.070159,0.24724,-0.34729,-0.063923,-0.32979,-0.57804,-0.18466,-0.1499,-0.038917,0.0096016,-0.15984,0.060931,0.17259,-0.053267,0.13185,0.10794,0.18347,-0.1157,-0.21525,-0.08944,0.079432,0.41949,0.35854,-0.28441,-0.36604,-0.29048,-0.070522,0.010584,0.18172,0.24294,-0.069989,-0.24055,-0.26425,-0.20278,0.0041393,-0.11105,-0.07498,0.64826,0.67456,0.29908,0.56668,0.18568,0.23959,0.41213,0.56283,0.26581,0.49671,0.33245,-0.1535,-0.05149,0.036734,-0.014727,-0.05014,0.085004,0.051964,0.053937,0.069746,0.23412,0.089,0.0453,0.02448,-0.24223,-0.093246,0.14834,0.064118,0.36055,0.26329
0.41831,-0.088771,-0.096679,-0.045883,0,0.03215,0.26439,-0.15089,0.13164,0.017752,0.049267,-0.12508,0.34944,0.12387,0.1981,-0.049561,0.05839,0.086052,-0.16893,-0.045754,0.2314,-0.010583,-0.11628,-0.19048,0.078005,-0.054898,0.13782,-0.10149,0.15208,0.10132,0.083399,0.08467,0.011346,0.32664,-0.089083,-0.15726,-0.094868,-0.074333,-0.02857,-0.071297,0.27194,-0.032138,0.12649,-0.028234,-0.067691,0.00024519,-0.21316,-0.11937,0.4317,0.043143,-0.12259,0.38107,0.21053,0.19203,0.22834,0.15546,0.26282,0.1168,0.020671,0.06394,0.012201,0.19122,0.18438,0.21003,0.41161,-0.081789,-0.15336,0.096328,-0.0025411,0.27014,0.21594,-0.10235,-0.12048,-0.15524,-0.21583,-0.15624,-0.15138,-0.17934,-0.06271,-0.1936,0.072572,0.095001,0.1143,-0.1877,-0.074435,-0.12452,-0.16903,-0.056587,0.083706,-0.14653,-0.11966,-0.016613,-0.1631,-0.01797,-0.044022,-0.33804,-0.37888,-0.043172,-0.1785,0.096311,-0.1698,-0.12786,-0.04481,-0.12965,-0.029019
-0.1338,0.59994,-0.29507,-0.25046,0.03215,0,0.17117,0.40935,-0.10003,-0.12802,-0.26147,0.066955,0.103,0.27828,-0.029992,-0.002847,-0.22188,-0.35761,-0.13718,0.05917,0.29918,0.15434,-0.12209,0.17206,-0.35041,-0.057645,0.15939,0.12477,-0.078267,0.20568,-0.0041053,0.11352,0.056957,0.10009,0.073168,0.17359,-0.23739,-0.001406,-0.29963,-0.14917,-0.013265,0.083282,0.1382,0.37676,0.15833,0.11884,0.15768,0.11955,-0.0077654,0.080134,0.17264,-0.18075,-0.25122,-0.070445,-0.34001,-0.20289,0.048972,-0.12076,-0.19612,-0.32059,-0.15065,-0.084915,0.1289,-0.053925,-0.0083561,0.10523,0.10761,-0.076912,0.081354,0.10962,0.099053,0.16926,0.10848,0.05406,0.03189,-0.23263,-0.069931,0.039086,-0.096918,-0.28663,-0.38361,-0.22355,-0.29006,-0.19502,-0.32946,-0.18997,-0.121,0.077359,-0.040186,0.083711,0.060228,-0.29433,0.024664,-0.15713,0.03591,0.0067701,0.082853,0.2295,0.11631,-0.15832,-0.22007,-0.36937,-0.14456,-0.50821,-0.37322
0.24594,0.1925,-0.48079,-0.3125,0.26439,0.17117,0,0.19138,-0.087673,-0.08808,-0.14297,-0.38106,0.074093,0.10115,-0.19579,-0.148,-0.16452,-0.24944,-0.30709,-0.061955,0.45508,-0.095614,-0.0059989,-0.056485,0.031911,-0.0073057,-0.033796,-0.13756,0.23826,0.19841,0.42945,0.42199,-0.11281,0.11137,0.039989,0.028712,-0.16764,0.10994,-0.0094795,-0.27188,0.53289,-0.19168,0.58016,0.4486,0.13707,0.17001,0.010523,-0.076906,0.35289,-0.17331,-0.25077,0.053268,0.018267,0.011545,-0.048688,-0.0044235,0.26096,0.02854,-0.24502,-0.30672,-0.34022,0.14877,0.24177,0.30092,0.15165,-0.058463,-0.15141,-0.053251,0.029206,0.34957,0.31111,0.20562,0.058334,-0.12521,-0.069843,-0.35521,-0.41199,-0.23007,-0.25225,-0.29948,-0.10817,-0.44876,-0.42931,-0.28133,-0.29364,-0.19422,0.10232,0.0041337,-0.11972,-0.060043,-0.05525,-0.10429,-0.30089,-0.0068125,-0.074318,-0.15605,-0.098663,0.071569,0.03455,0.16428,0.14084,-0.17849,0.065205,-0.15548,-0.091257
-0.023505,0.54873,-0.17132,-0.10593,-0.15089,0.40935,0.19138,0,-0.033475,0.025442,-0.034095,0.16317,-0.016152,0.12283,-0.23508,0.0090521,-0.25938,-0.3089,-0.03287,0.10301,0.0021605,-0.012348,0.097637,0.1228,-0.015513,0.20491,-0.091201,0.21406,-0.010799,0.10863,0.076144,0.11313,0.17605,-0.0061622,0.34957,0.50943,0.087478,0.29222,0.079292,0.11194,0.052694,0.1579,0.093268,0.36,-0.0053647,-0.010513,0.16446,0.064815,-0.23014,-0.025902,0.049451,-0.26814,-0.28837,-0.15909,-0.31998,-0.19692,-0.019152,-0.16815,-0.15594,-0.21685,-0.071576,-0.13916,-0.050329,-0.13009,-0.2675,0.012964,0.074193,-0.086013,0.19548,0.05664,0.030042,0.072884,0.024513,-0.08214,0.056952,-0.027657,-0.01579,0.0057013,-0.060254,-0.1184,-0.20137,-0.40032,-0.28917,-0.21935,-0.25188,-0.10782,-0.10638,0.011728,-0.13133,0.082948,-0.046155,-0.23591,-0.010865,-0.048149,0.098551,0.22082,0.21482,0.21609,0.053848,-0.25569,-0.13447,-0.24368,0.030808,-0.1043,-0.14337
0.051329,-0.024361,0.11826,0.096177,0.13164,-0.10003,-0.087673,-0.033475,0,-0.010031,0.31041,0.18772,0.15758,0.049451,0.192,0.18158,0.24651,0.23219,0.021893,0.30629,-0.11292,0.0024792,0.079493,-0.094812,0.23542,-0.031703,0.19663,0.031588,-0.20171,-0.2967,-0.40324,-0.43031,0.044982,0.04905,0.10054,0.061923,0.088855,-0.25698,0.1766,0.30032,-0.0046375,0.14553,-0.18169,-0.07101,-0.10932,-0.061431,0.025127,0.16265,-0.1386,0.4712,0.24059,0.18667,-0.067337,-0.036247,-0.059315,0.054806,0.099309,0.19038,0.27974,0.2447,0.28687,-0.095397,-0.18515,-0.042911,-0.10125,0.045088,0.065829,0.16751,0.026743,-0.20508,-0.088058,-0.11363,-0.069015,0.096567,0.089925,0.1784,0.029651,-0.061016,0.092499,0.23764,0.16723,0.20839,0.21574,-0.0037905,0.089964,-0.038177,-0.11171,0.050142,0.1608,0.21727,0.091831,-0.032885,0.14461,-0.34513,-0.15671,-0.037097,-0.20828,0.13665,-0.11583,-0.063043,-0.11344,-0.079298,-0.078083,-0.023426,-0.13924
0.091362,-0.19552,0.0088682,0.014257,0.017752,-0.12802,-0.08808,0.025442,-0.010031,0,0.27443,0.1639,-0.018132,-0.16173,-0.10492,-0.15636,0.0088415,0.22142,0.0728,-0.25704,-0.12524,0.33295,0.44151,0.27191,0.34947,0.82023,0.033385,0.34036,0.47773,0.27525,0.10895,0.060697,0.28149,0.2664,0.14299,0.20992,0.37183,0.28451,0.47676,0.34468,0.19603,0.46856,-0.23369,-0.075147,-0.75648,-1,-0.65104,-0.583,-0.20836,-0.26992,-0.28582,-0.078334,-0.19279,-0.33156,-0.027287,0.0036601,-0.1319,-0.32663,-0.089161,-0.1013,-0.090582,0.1757,0.060279,-0.19923,-0.15763,-0.73993,-0.56679,0.037509,0.45668,0.16851,0.089841,-0.74829,-0.93213,-0.49727,-0.62563,-0.073788,-0.025791,-0.10851,-0.049319,0.050103,0.072705,-0.095737,0.10432,-0.12618,-0.048467,-0.07396,-0.41226,-0.54693,-0.22084,-0.47727,-0.86258,0.11852,0.087551,0.20168,0.24541,0.11619,0.11552,-0.22389,-0.15192,-0.13068,-0.18293,0.17896,0.26922,0.093926,0.12783
0.13423,-0.20006,0.38188,0.3928,0.049267,-0.26147,-0.14297,-0.034095,0.31041,0.27443,0,0.21252,0.17522,-0.05281,-0.049033,-0.020861,0.017459,0.40607,0.33793,-0.013871,-0.33688,0.024313,0.17568,-0.060877,0.41824,0.25321,-0.11602,-0.0019454,-0.010627,-0.19695,-0.14002,-0.19891,0.27323,0.11158,0.3111,0.11866,0.63332,0.16363,0.43977,0.46111,0.00042519,0.15765,-0.24032,-0.25294,-0.31295,-0.32768,-0.1829,-0.099688,-0.20031,0.11733,0.077804,-0.010451,-0.019336,-0.11491,0.070554,-0.0071925,-0.089245,-0.047814,0.10513,0.20761,0.22256,-0.21399,-0.31602,-0.25111,-0.19974,-0.21006,-0.058558,0.16234,0.096004,-0.1455,-0.18478,-0.38855,-0.26989,-0.18417,-0.17938,0.39081,0.23928,0.11605,0.31895,0.39777,0.33126,0.17658,0.35302,0.094879,0.19721,0.24636,-0.11948,-0.10398,-0.006657,-0.054809,-0.20698,0.20771,0.21171,0.073959,0.15149,0.30984,0.11169,0.12404,0.01675,-0.28472,-0.10092,0.077799,0.093079,0.31456,0.2174
-0.15108,0.090449,0.28064,0.23035,-0.12508,0.066955,-0.38106,0.16317,0.18772,0.1639,0.21252,0,0.094968,0.029613,0.053514,0.10922,-0.027211,0.092912,0.21997,0.02899,-0.35663,0.14138,0.10027,0.097832,0.045121,0.15868,0.069551,0.41517,-0.17097,-0.08594,-0.33477,-0.3697,0.30302,0.064893,0.22638,0.29208,0.21085,0.060747,0.1352,0.55035,-0.26095,0.47653,-0.52334,-0.18808,-0.2722,-0.29365,-0.067072,0.022017,-0.53875,0.17412,0.2909,-0.13267,-0.26967,-0.15712,-0.20021,-0.13599,-0.26719,-0.15477,0.12395,0.13769,0.28406,-0.26137,-0.3769,-0.525,-0.29584,-0.051639,0.086966,0.067373,0.048799,-0.29831,-0.3031,-0.36989,-0.22875,-0.069102,-0.041291,0.34055,0.46134,0.22317,0.22052,0.18931,0.037938,0.17935,0.24462,0.024574,0.054528,0.10807,-0.35777,-0.11539,-0.011555,0.0070215,-0.092934,-0.066605,0.30334,0.012851,0.27256,0.23335,0.16266,0.10691,-0.031184,-0.54093,-0.46154,-0.11262,-0.15919,0.041989,-0.017711
0.045088,-0.069621,-0.003567,-0.013089,0.34944,0.103,0.074093,-0.016152,0.15758,-0.018132,0.17522,0.094968,0,0.33822,0.043037,0.24267,-0.13596,0.018046,0.028352,0.047573,0.041287,0.094037,-0.15157,-0.10998,-0.0084079,-0.081376,0.0071151,0.080869,-0.096885,-0.15261,-0.066067,-0.072429,0.36507,0.55386,0.29526,0.13907,0.017368,0.020492,-0.027038,-0.00036445,0.02772,0.064436,0.070449,-0.012048,0.045327,0.029727,0.010171,0.089746,0.011287,0.22356,0.11816,0.10982,0.0097136,0.0099883,0.012393,-0.0041087,0.078975,0.090671,0.042814,-0.0010515,0.0582,-0.093346,-0.04008,0.044492,0.21238,0.059432,0.057882,0.11705,-0.067056,0.032503,-0.088671,-0.091307,-0.074849,0.028346,-0.0052265,0.063817,0.024733,-0.038221,0.0015776,-0.031288,-0.040216,0.11106,0.081588,-0.19777,-0.23875,-0.050707,-0.0051647,0.11564,0.059103,-0.0010281,-0.0032003,0.016447,0.12219,0.0021181,0.058083,0.032167,-0.050724,0.27875,-0.0066453,-0.2089,-0.23938,-0.30778,-0.30435,-0.14806,-0.17417
-0.13302,0.085071,-0.049089,0.0058752,0.12387,0.27828,0.10115,0.12283,0.049451,-0.16173,-0.05281,0.029613,0.33822,0,-0.0046882,-0.011192,-0.10707,-0.29697,-0.30348,0.10071,0.17774,0.050382,-0.23833,-0.075603,-0.25652,-0.13024,0.16657,0.021381,-0.1075,-0.05009,0.013459,0.13112,0.21816,0.24009,0.099783,0.017453,-0.17473,0.016478,-0.25073,-0.19016,-0.1319,-0.11175,0.12379,0.042903,0.092399,0.098267,0.16551,0.1705,-0.050429,0.084781,0.21042,-0.094416,-0.055203,-0.00023182,-0.15493,-0.27474,0.04633,-0.06807,-0.13165,-0.12953,-0.092594,-0.0066314,0.12813,0.086364,0.29106,0.1566,0.17846,0.36765,0.075676,0.11653,0.073753,0.11999,0.16422,0.033006,0.024939,-0.032986,0.05927,0.024647,0.010741,-0.30911,-0.28164,0.032005,-0.043124,-0.16648,-0.19305,-0.28062,0.0088654,0.075469,0.002341,-0.014242,0.039482,-0.17636,0.0045834,-0.21303,-0.12825,0.082229,0.053664,0.23119,0.064085,-0.10727,-0.13106,-0.18267,-0.13809,-0.37174,-0.44661
0.1141,-0.11735,0.12067,0.028619,0.1981,-0.029992,-0.19579,-0.23508,0.192,-0.10492,-0.049033,0.053514,0.043037,-0.0046882,0,0.14022,0.57855,0.26408,-0.006521,0.31037,-0.067759,-0.024159,-0.31595,-0.28464,-0.033688,-0.13905,0.17756,-0.10189,-0.17344,-0.11322,-0.28799,-0.21934,-0.011478,0.031873,-0.20852,-0.17665,-0.089011,-0.28751,-0.10398,0.048782,-0.08681,-0.027328,-0.092354,-0.21101,-0.13003,-0.0037431,-0.091959,0.17094,0.11188,0.24474,0.14688,0.49997,0.30057,0.40843,0.25499,0.41594,0.35083,0.38669,0.57035,0.37458,0.38578,0.1333,-0.0028989,0.12874,0.1379,0.15101,0.12548,-0.12069,-0.10088,0.0097331,0.16257,-0.061388,0.0020334,-0.046554,0.0088253,-0.040253,-0.019219,-0.10687,-0.034393,-0.071467,-0.017912,0.4258,0.33477,-0.13411,0.034751,-0.11621,-0.13657,0.17579,0.68771,0.038462,0.083951,0.11699,0.12883,-0.10382,-0.075233,-0.27809,-0.39753,-0.20237,-0.43385,0.10817,-0.2324,0.099537,-0.010717,-0.17743,-0.0059014
-0.072022,-0.047083,-0.036076,-0.15705,-0.049561,-0.002847,-0.148,0.0090521,0.18158,-0.15636,-0.020861,0.10922,0.24267,-0.011192,0.14022,0,0.018504,0.02086,0.1293,0.40474,-0.21055,-0.087127,-0.17063,-0.15819,0.00041237,-0.16264,-0.14294,0.13101,-0.37808,-0.42127,-0.30883,-0.35851,0.18149,0.076372,0.21161,0.23438,0.0063572,-0.15696,-0.008175,0.079471,-0.13059,0.094366,-0.0011346,0.015977,0.14047,0.1663,0.24452,0.32426,-0.1642,0.36458,0.10863,0.14443,0.017326,0.071959,0.017965,0.19191,0.10688,0.31368,0.34355,0.15481,0.26059,-0.11211,-0.14494,0.088688,-0.054291,0.29246,0.20902,-0.2252,-0.15697,-0.16098,-0.19323,0.075052,0.057643,0.29426,0.42395,0.093374,-0.098579,-0.19089,-0.17679,0.090103,-0.069443,0.057325,0.0084804,-0.19001,-0.24134,-0.092366,0.1002,0.34765,0.2262,0.2902,0.25468,-0.045795,0.12203,-0.12975,-0.11545,-0.079003,-0.19143,0.089289,-0.23371,-0.10527,-0.17028,-0.26419,-0.3496,-0.06402,-0.17345
0.076645,-0.22781,0.084168,0.0049429,0.05839,-0.22188,-0.16452,-0.25938,0.24651,0.0088415,0.017459,-0.027211,-0.13596,-0.10707,0.57855,0.018504,0,0.35717,-0.081744,0.2519,-0.087601,0.0095592,-0.10765,-0.21823,0.14919,0.0042402,0.18889,-0.10831,-0.03159,-0.11603,-0.17313,-0.16086,-0.0707,-0.029199,-0.21404,-0.16454,-0.023321,-0.23604,0.096757,0.09202,0.035063,-0.055674,-0.082318,-0.17455,-0.26594,-0.13305,-0.19169,0.059264,0.024462,0.070889,0.014726,0.44204,0.22168,0.21347,0.17891,0.41771,0.34843,0.34078,0.51799,0.2857,0.23337,0.25804,-0.003207,0.16344,0.031332,-0.0041477,-0.028668,-0.072591,-0.010853,0.01536,0.24164,-0.11321,-0.089156,-0.15728,-0.068327,-0.080173,-0.10818,-0.20873,-0.11561,-0.014694,0.011971,0.28107,0.24914,-0.13953,0.056913,-0.17651,-0.087785,0.046269,0.47921,-0.050386,-0.036004,0.24901,0.14688,-0.083466,-0.09139,-0.19466,-0.28051,-0.31762,-0.42875,0.23902,-0.014836,0.3699,0.20265,-0.079159,0.051875
0.16518,-0.32916,0.26111,0.16615,0.086052,-0.35761,-0.24944,-0.3089,0.23219,0.22142,0.40607,0.092912,0.018046,-0.29697,0.26408,0.02086,0.35717,0,0.35162,0.032046,-0.27323,0.072232,0.025429,-0.12522,0.40592,0.1507,0.0077704,-0.06216,0.0081833,-0.14441,-0.17969,-0.27385,0.068041,0.058573,0.02776,-0.052089,0.32717,-0.052525,0.32218,0.34452,0.063048,0.11447,-0.26493,-0.33198,-0.37297,-0.32283,-0.37027,-0.13171,-0.01607,0.093257,0.010226,0.23757,0.14824,0.061516,0.20368,0.32885,0.090371,0.16004,0.37349,0.29818,0.27009,-0.020071,-0.24003,-0.135,-0.1569,-0.23005,-0.14606,-0.10085,-0.029511,-0.11746,-0.045537,-0.41578,-0.34254,-0.22262,-0.21128,0.14203,0.063349,0.018914,0.14111,0.36934,0.36023,0.29545,0.40133,0.075765,0.20141,0.18907,-0.093229,-0.067171,0.23999,-0.12683,-0.18502,0.38967,0.27081,0.13843,0.17549,-0.0042647,-0.099342,-0.17723,-0.1848,-0.086158,-0.13088,0.22258,0.093291,0.21778,0.34496
-0.0039498,-0.049453,0.3105,0.21375,-0.16893,-0.13718,-0.30709,-0.03287,0.021893,0.0728,0.33793,0.21997,0.028352,-0.30348,-0.006521,0.1293,-0.081744,0.35162,0,0.0044319,-0.44011,-0.029258,0.00035274,-0.030689,0.13975,0.065885,-0.27939,-0.024171,-0.21523,-0.21275,-0.2549,-0.33706,0.12082,-0.089462,0.24319,0.13678,0.41743,0.082034,0.16397,0.32673,-0.15122,0.13857,-0.2734,-0.2146,-0.091502,-0.13266,-0.045028,0.01802,-0.18059,0.17429,0.16395,-0.089635,-0.015261,-0.022119,0.043945,0.082825,-0.15121,0.024893,0.17348,0.17959,0.27544,-0.46904,-0.52604,-0.40436,-0.43177,-0.052166,0.089167,-0.25633,-0.15461,-0.3427,-0.38386,-0.21731,-0.13505,-0.012352,0.017585,0.36139,0.25574,0.28171,0.30877,0.56807,0.27438,0.12206,0.192,0.20558,0.16761,0.57097,0.016812,0.086643,0.081833,0.095542,0.0039331,0.19077,0.29053,0.19187,0.28675,0.25033,0.1441,0.10559,0.074305,-0.40771,-0.16334,-0.05448,-0.10766,0.30958,0.34036
0.038434,0.077409,0.017689,-0.047968,-0.045754,0.05917,-0.061955,0.10301,0.30629,-0.25704,-0.013871,0.02899,0.047573,0.10071,0.31037,0.40474,0.2519,0.032046,0.0044319,0,-0.14451,-0.20755,-0.29211,-0.31276,0.02198,-0.13579,-0.019282,-0.069123,-0.39496,-0.37258,-0.27473,-0.21462,0.078373,-0.091602,0.10485,0.10216,0.012277,-0.1579,-0.032005,0.068442,-0.12443,-0.073654,0.063561,0.014947,0.081666,0.20457,0.31466,0.48332,-0.072783,0.39506,0.23404,0.17523,0.14763,0.25636,0.042641,0.19254,0.34805,0.40096,0.43754,0.24839,0.33569,-0.044755,-0.082887,0.16325,-0.054538,0.37122,0.35634,-0.12299,-0.025446,-0.056733,0.052583,0.21885,0.24099,0.16508,0.39953,0.068693,-0.093146,-0.13537,-0.065287,-0.00017554,-0.062983,0.084163,0.048169,-0.15807,-0.080919,-0.17996,0.11097,0.43325,0.4866,0.33682,0.28857,-0.07116,0.078066,-0.31614,-0.2464,-0.075067,-0.23457,0.038429,-0.28596,-0.012498,-0.12248,-0.098111,-0.069227,-0.12342,-0.17004
-0.041629,0.18071,-0.60318,-0.45726,0.2314,0.29918,0.45508,0.0021605,-0.11292,-0.12524,-0.33688,-0.35663,0.041287,0.17774,-0.067759,-0.21055,-0.087601,-0.27323,-0.44011,-0.14451,0,0.17194,-0.032711,0.15847,-0.23749,-0.15848,0.30537,-0.090359,0.18801,0.32255,0.19712,0.28799,-0.23288,0.14765,-0.18473,-0.13373,-0.5118,-0.17034,-0.28493,-0.48104,0.29328,-0.13921,0.32738,0.41115,0.17043,0.13335,-0.042932,-0.080719,0.33201,-0.10189,-0.10135,-0.0029958,-0.12732,-0.09971,-0.2052,-0.10415,0.15385,-0.050278,-0.32044,-0.49392,-0.51476,0.19488,0.42642,0.225,0.23677,-0.067055,-0.18744,0.019339,0.023616,0.26278,0.31369,0.18401,0.043689,0.0055653,-0.13156,-0.64865,-0.40504,-0.1467,-0.25843,-0.35413,-0.25759,-0.27846,-0.419,-0.17003,-0.28208,-0.28683,0.038022,-0.061109,-0.13488,-0.076427,-0.0083923,-0.1565,-0.17199,-0.16782,-0.14874,-0.25121,-0.11052,0.040502,0.12668,0.24085,0.10098,-0.16601,-0.040865,-0.54455,-0.34076
-0.28221,-0.014824,-0.1701,-0.21055,-0.010583,0.15434,-0.095614,-0.012348,0.0024792,0.33295,0.024313,0.14138,0.094037,0.050382,-0.024159,-0.087127,0.0095592,0.072232,-0.029258,-0.20755,0.17194,0,0.23231,0.546,-0.053135,0.19992,0.35228,0.32307,0.18751,0.24794,-0.058398,-0.025181,0.16055,0.37912,0.063695,0.15707,-0.051014,-0.041026,0.033787,0.040663,0.096812,0.35745,-0.14134,0.12553,-0.24531,-0.39901,-0.33063,-0.21495,-0.20216,-0.053615,0.021387,-0.12568,-0.43316,-0.45537,-0.34259,-0.10056,-0.094634,-0.22196,-0.12845,-0.3544,-0.23686,0.077732,0.10498,-0.17349,-0.089735,-0.33496,-0.31,0.026841,0.2069,0.041148,0.061828,-0.33093,-0.42762,-0.14648,-0.3591,-0.2543,-0.072991,-0.027553,-0.12612,-0.015737,-0.21154,-0.058023,-0.070371,-0.14121,-0.2462,-0.15531,-0.23813,-0.25913,-0.14233,-0.22761,-0.29701,0.08837,0.34647,0.011001,0.19326,0.11188,0.19271,0.015632,0.079348,-0.095079,-0.13229,0.021875,0.0059861,-0.34592,-0.21722
-0.06269,-0.0082006,-0.095107,-0.056852,-0.11628,-0.12209,-0.0059989,0.097637,0.079493,0.44151,0.17568,0.10027,-0.15157,-0.23833,-0.31595,-0.17063,-0.10765,0.025429,0.00035274,-0.29211,-0.032711,0.23231,0,0.46738,0.22915,0.34998,0.03937,0.24963,0.2858,0.19041,-0.013208,-0.066211,-0.019573,0.02896,0.073647,0.18659,0.15464,0.061282,0.3639,0.23742,0.18883,0.36845,-0.20284,0.12004,-0.29373,-0.41792,-0.27415,-0.3536,-0.26875,-0.15556,-0.2053,-0.17779,-0.46873,-0.62675,-0.23912,-0.14493,-0.26956,-0.32137,-0.21867,-0.20371,-0.18332,0.0029234,-0.022803,-0.2274,-0.31958,-0.44601,-0.42867,0.05061,0.24383,-0.064565,-0.066824,-0.34073,-0.43593,-0.14599,-0.2762,-0.062273,-0.072192,-0.090666,-0.062717,0.1578,0.055904,-0.23319,-0.095486,-0.0098573,-0.011816,0.0088086,-0.27859,-0.44485,-0.43827,-0.11809,-0.30756,-0.02606,9.4177e-05,-0.0075798,0.057949,0.11428,0.12045,-0.014286,0.065779,-0.027582,0.072483,0.055587,0.16406,0.081131,0.00090777
-0.33589,0.14237,-0.24751,-0.2354,-0.19048,0.17206,-0.056485,0.1228,-0.094812,0.27191,-0.060877,0.097832,-0.10998,-0.075603,-0.28464,-0.15819,-0.21823,-0.12522,-0.030689,-0.31276,0.15847,0.546,0.46738,0,-0.1022,0.17853,0.21122,0.33025,0.183,0.32828,-0.046124,-0.017038,-0.016852,0.085534,0.030753,0.17687,-0.064735,-0.028834,0.0049379,0.019569,0.049769,0.37517,-0.18023,0.23157,-0.12553,-0.29969,-0.18033,-0.27044,-0.25987,-0.11451,-0.04443,-0.38933,-0.82502,-0.82575,-0.52661,-0.30513,-0.32705,-0.46061,-0.37604,-0.51999,-0.37447,-0.040935,0.094344,-0.29385,-0.26444,-0.34373,-0.32848,0.0030343,0.2343,-0.048126,-0.059736,-0.20525,-0.30786,-0.018793,-0.24261,-0.23237,-0.083344,0.037888,-0.08219,0.037671,-0.15932,-0.28405,-0.254,0.015463,-0.14491,-0.066874,-0.21342,-0.35728,-0.45283,-0.11234,-0.21413,-0.1388,0.096868,-0.081583,0.076094,0.11701,0.23534,0.052795,0.22726,-0.10747,-0.036571,-0.090148,-0.012846,-0.22262,-0.22939
0.35293,-0.20568,0.05684,0.060524,0.078005,-0.35041,0.031911,-0.015513,0.23542,0.34947,0.41824,0.045121,-0.0084079,-0.25652,-0.033688,0.00041237,0.14919,0.40592,0.13975,0.02198,-0.23749,-0.053135,0.22915,-0.1022,0,0.39662,-0.092979,0.082842,0.21444,-0.055318,0.077164,-0.066317,0.13016,0.077604,0.22064,0.16961,0.47535,0.19063,0.89167,0.43681,0.30055,0.17154,-0.1218,-0.11788,-0.43073,-0.34186,-0.32229,-0.26706,-0.0608,-0.087618,-0.2241,0.12199,0.050181,-0.064012,0.10941,0.19151,0.072104,0.02593,0.15238,0.1374,0.089312,0.083383,-0.14581,-0.059887,-0.20534,-0.36789,-0.30474,-0.029428,0.16775,0.036935,0.033172,-0.36942,-0.40734,-0.34208,-0.20868,0.093631,-0.081661,-0.13143,0.011425,0.24254,0.40412,-0.064557,0.11758,-0.057383,0.077308,0.032094,-0.083494,-0.21084,-0.0076183,-0.19779,-0.33093,0.14732,-0.0021304,0.12943,0.11467,0.0024664,-0.083756,-0.18516,-0.22841,-0.092243,-0.086364,0.10805,0.17688,0.3506,0.29428
0.13825,-0.07258,-0.0052299,0.020086,-0.054898,-0.057645,-0.0073057,0.20491,-0.031703,0.82023,0.25321,0.15868,-0.081376,-0.13024,-0.13905,-0.16264,0.0042402,0.1507,0.065885,-0.13579,-0.15848,0.19992,0.34998,0.17853,0.39662,0,-0.047889,0.29992,0.42437,0.2506,0.194,0.14732,0.32149,0.1727,0.23745,0.3193,0.46223,0.47523,0.56177,0.37281,0.2148,0.36204,-0.13287,-0.0034299,-0.6774,-0.70081,-0.44086,-0.43484,-0.23092,-0.30751,-0.26485,-0.11834,-0.1582,-0.24976,-0.050581,0.0022162,-0.052793,-0.29015,-0.07077,-0.10045,-0.06875,0.1503,0.022945,-0.1758,-0.23202,-0.56171,-0.39967,-0.0153,0.5189,0.21408,0.15101,-0.48636,-0.57284,-0.60346,-0.47113,-0.051371,-0.027402,-0.10433,-0.056646,0.0030566,0.034383,-0.19358,0.030256,-0.18552,-0.082608,-0.098651,-0.3358,-0.40572,-0.16359,-0.4115,-0.75865,0.098858,0.072171,0.22017,0.27753,0.19501,0.18656,-0.19575,-0.16447,-0.17018,-0.16692,0.18221,0.37692,0.12549,0.16202
-0.14663,0.077431,-0.17711,-0.16863,0.13782,0.15939,-0.033796,-0.091201,0.19663,0.033385,-0.11602,0.069551,0.0071151,0.16657,0.17756,-0.14294,0.18889,0.0077704,-0.27939,-0.019282,0.30537,0.35228,0.03937,0.21122,-0.092979,-0.047889,0,0.14999,0.068047,0.189,-0.14064,-0.081811,-0.10035,0.14026,-0.18048,-0.093658,-0.2829,-0.31731,-0.13809,-0.032444,0.037743,0.15374,-0.17637,0.034617,-0.14697,-0.15649,-0.18602,-0.09294,-0.0034873,0.082196,0.14122,-5.1825e-05,-0.2364,-0.16859,-0.29226,-0.13039,0.0077955,-0.10362,-0.061477,-0.1683,-0.15568,0.15294,0.16832,-0.06776,0.057905,-0.15795,-0.17527,0.20775,0.15005,0.017223,0.14935,-0.13462,-0.15672,-0.029511,-0.19595,-0.25446,-0.081471,0.015769,-0.025562,-0.093291,-0.072472,0.044737,-0.026976,-0.0039448,-0.021314,-0.26304,-0.19885,-0.22408,-0.027676,-0.11332,-0.08423,-0.17464,0.060162,-0.31659,-0.095982,-0.19951,-0.13001,-0.071829,-0.0073469,0.02548,-0.19278,-0.06716,-0.08423,-0.45216,-0.35714
-0.15696,0.061059,-0.1339,-0.16616,-0.10149,0.12477,-0.13756,0.21406,0.031588,0.34036,-0.0019454,0.41517,0.080869,0.021381,-0.10189,0.13101,-0.10831,-0.06216,-0.024171,-0.069123,-0.090359,0.32307,0.24963,0.33025,0.082842,0.29992,0.14999,0,0.11982,0.14685,-0.053,-0.10313,0.31857,0.25834,0.2445,0.48167,0.079978,0.11617,0.17663,0.28414,0.0043143,0.71017,-0.27327,0.059008,-0.29896,-0.3665,-0.18359,-0.20222,-0.42748,-0.064758,-0.047766,-0.18614,-0.44218,-0.38688,-0.32651,-0.14152,-0.22053,-0.28603,-0.069866,-0.18567,-0.082736,0.04993,-0.0083232,-0.25137,-0.19383,-0.25639,-0.23412,0.010373,0.2705,-0.008749,-0.079248,-0.36407,-0.4308,-0.12364,-0.14647,-0.056384,0.0062987,-0.055955,-0.12909,-0.0087116,-0.093714,-0.16185,-0.077247,-0.17797,-0.23578,-0.20207,-0.30795,-0.30759,-0.22159,-0.19088,-0.27964,-0.18233,0.10658,0.0057375,0.17043,0.055313,0.10001,-0.062732,-0.11621,-0.30009,-0.40072,-0.17541,-0.1393,-0.11933,-0.19465
0.20082,-0.13424,-0.25719,-0.17454,0.15208,-0.078267,0.23826,-0.010799,-0.20171,0.47773,-0.010627,-0.17097,-0.096885,-0.1075,-0.17344,-0.37808,-0.03159,0.0081833,-0.21523,-0.39496,0.18801,0.18751,0.2858,0.183,0.21444,0.42437,0.068047,0.11982,0,0.57654,0.49828,0.42311,0.018474,0.21982,-0.051812,0.011994,0.054595,0.25733,0.23468,-0.021804,0.47952,0.10903,0.053346,0.079883,-0.39709,-0.41003,-0.61666,-0.76461,0.11321,-0.59571,-0.58813,-0.021994,-0.071133,-0.20382,0.0086604,0.0048543,0.0015954,-0.2889,-0.27839,-0.29159,-0.39496,0.4307,0.32453,0.049239,0.063433,-0.70176,-0.84152,0.024168,0.3379,0.45526,0.35331,-0.31556,-0.4793,-0.57613,-0.70972,-0.37709,-0.26468,-0.21393,-0.20817,-0.21053,-0.00076567,-0.30012,-0.13871,-0.19598,-0.12737,-0.2031,-0.21616,-0.56153,-0.2945,-0.67005,-0.73006,0.043784,-0.19433,0.21174,0.11538,-0.10307,-0.0016188,-0.33047,-0.11753,0.11697,-0.0031134,0.1589,0.31878,-0.016569,0.092823
0.073068,0.13504,-0.32182,-0.22825,0.10132,0.20568,0.19841,0.10863,-0.2967,0.27525,-0.19695,-0.08594,-0.15261,-0.05009,-0.11322,-0.42127,-0.11603,-0.14441,-0.21275,-0.37258,0.32255,0.24794,0.19041,0.32828,-0.055318,0.2506,0.189,0.14685,0.57654,0,0.3062,0.36768,-0.070759,0.12134,-0.13572,0.0018323,-0.10794,0.14181,-0.020548,-0.092728,0.2762,0.15325,0.011215,0.1781,-0.23953,-0.27318,-0.39495,-0.48928,0.1182,-0.40303,-0.292,-0.13048,-0.18726,-0.1921,-0.13224,-0.10133,-0.052253,-0.37322,-0.36924,-0.39994,-0.406,0.25948,0.3467,-0.063934,0.012828,-0.43826,-0.46884,-0.045736,0.2864,0.35508,0.32304,-0.18913,-0.29725,-0.37043,-0.53482,-0.47111,-0.18807,-0.054227,-0.14053,-0.28912,-0.12425,-0.3229,-0.22104,-0.13549,-0.13149,-0.1731,-0.29649,-0.44517,-0.28483,-0.41165,-0.42028,-0.12636,-0.17773,0.097832,0.12368,-0.12888,0.020487,-0.21941,-0.013634,0.045305,-0.11717,-4.681e-05,0.18126,-0.21138,-0.030664
0.18945,-0.054113,-0.29647,-0.18674,0.083399,-0.0041053,0.42945,0.076144,-0.40324,0.10895,-0.14002,-0.33477,-0.066067,0.013459,-0.28799,-0.30883,-0.17313,-0.17969,-0.2549,-0.27473,0.19712,-0.058398,-0.013208,-0.046124,0.077164,0.194,-0.14064,-0.053,0.49828,0.3062,0,0.85745,0.0043945,0.10356,0.0044709,-0.011659,-0.022959,0.4034,0.06803,-0.22896,0.35253,-0.181,0.32886,0.13137,-0.087177,-0.072656,-0.20763,-0.36065,0.21762,-0.70677,-0.51747,-0.080646,0.076183,-0.020136,0.03365,-0.045383,0.071753,-0.18143,-0.32694,-0.32031,-0.44444,0.27986,0.25334,0.17185,0.1537,-0.27975,-0.32468,-0.031189,0.12575,0.48096,0.29973,-0.0037916,-0.10962,-0.4095,-0.29395,-0.30581,-0.2529,-0.17063,-0.22606,-0.35383,-0.087222,-0.41313,-0.30329,-0.21659,-0.21208,-0.18569,0.052906,-0.21876,-0.22396,-0.46893,-0.36483,0.011394,-0.29622,0.28251,0.098289,-0.05511,0.077721,-0.20286,-0.026054,0.080585,0.092026,0.058718,0.20048,0.020105,0.10044
0.13507,0.0044447,-0.29863,-0.17887,0.08467,0.11352,0.42199,0.11313,-0.43031,0.060697,-0.19891,-0.3697,-0.072429,0.13112,-0.21934,-0.35851,-0.16086,-0.27385,-0.33706,-0.21462,0.28799,-0.025181,-0.066211,-0.017038,-0.066317,0.14732,-0.081811,-0.10313,0.42311,0.36768,0.85745,0,0.0052315,0.096445,-0.055349,-0.060644,-0.08832,0.33565,-0.060227,-0.33117,0.25439,-0.22274,0.39153,0.17295,-0.046686,-0.033617,-0.14017,-0.26617,0.23031,-0.57645,-0.39321,-0.10363,0.073553,0.0044687,0.026485,-0.088275,0.11373,-0.20012,-0.36891,-0.35133,-0.4481,0.30004,0.40395,0.22117,0.22692,-0.19177,-0.23097,0.011235,0.19218,0.62864,0.42674,0.077816,-0.015446,-0.34906,-0.2851,-0.38334,-0.2556,-0.16802,-0.22086,-0.52362,-0.22105,-0.37053,-0.29403,-0.24654,-0.23072,-0.26763,0.016563,-0.16143,-0.17977,-0.38772,-0.30353,-0.030789,-0.28874,0.15382,0.0056573,-0.039938,0.074444,-0.16027,-0.017944,0.13568,0.098869,0.075297,0.26477,-0.12149,-0.01333
-0.00012761,-0.11061,0.11595,0.083344,0.011346,0.056957,-0.11281,0.17605,0.044982,0.28149,0.27323,0.30302,0.36507,0.21816,-0.011478,0.18149,-0.0707,0.068041,0.12082,0.078373,-0.23288,0.16055,-0.019573,-0.016852,0.13016,0.32149,-0.10035,0.31857,0.018474,-0.070759,0.0043945,0.0052315,0,0.42804,0.51248,0.41666,0.35106,0.36435,0.21647,0.2566,-0.051402,0.25987,-0.075746,-0.086682,-0.27816,-0.28653,-0.109,-0.042003,-0.31634,0.0019783,0.025527,-0.064245,-0.063122,-0.091507,-0.015295,-0.017456,-0.0072449,-0.096957,0.077693,0.013919,0.1102,-0.017817,-0.067576,-0.10289,-0.027768,-0.10574,-0.01412,0.063689,0.22963,0.10667,-0.024747,-0.29096,-0.25283,-0.22629,-0.13305,0.12864,0.12062,-0.045278,-0.00783,-0.030655,-0.097988,0.033252,0.14475,-0.27441,-0.2319,-0.12164,-0.15975,-0.03866,0.031957,-0.18336,-0.27713,0.087629,0.244,0.14249,0.21906,0.29515,0.18145,0.061159,-0.15554,-0.36373,-0.34379,-0.042646,-0.0066838,-0.016081,-0.047781
0.039526,-0.13086,-0.15534,-0.16648,0.32664,0.10009,0.11137,-0.0061622,0.04905,0.2664,0.11158,0.064893,0.55386,0.24009,0.031873,0.076372,-0.029199,0.058573,-0.089462,-0.091602,0.14765,0.37912,0.02896,0.085534,0.077604,0.1727,0.14026,0.25834,0.21982,0.12134,0.10356,0.096445,0.42804,0,0.23344,0.20688,0.025412,0.11937,0.10564,0.01905,0.23176,0.21178,0.067205,0.073073,-0.20453,-0.23623,-0.28235,-0.16279,-0.018206,-0.038645,-0.093157,0.10485,-0.086514,-0.13855,-0.042609,0.050359,0.11126,-0.039261,-0.026201,-0.17476,-0.12362,0.18154,0.15646,0.072839,0.19531,-0.21594,-0.24317,0.077777,0.15495,0.25512,0.14406,-0.28586,-0.36178,-0.2276,-0.29408,-0.18299,-0.12947,-0.18436,-0.18524,-0.15181,-0.13936,-0.022273,0.0062374,-0.38685,-0.39396,-0.2395,-0.15205,-0.12267,-0.026504,-0.28466,-0.3072,0.10542,0.1511,0.11327,0.16082,0.009757,0.0018785,0.032951,-0.11306,-0.094873,-0.23134,-0.096445,-0.065452,-0.24778,-0.16343
-0.008793,0.090677,0.00099415,-0.0064057,-0.089083,0.073168,0.039989,0.34957,0.10054,0.14299,0.3111,0.22638,0.29526,0.099783,-0.20852,0.21161,-0.21404,0.02776,0.24319,0.10485,-0.18473,0.063695,0.073647,0.030753,0.22064,0.23745,-0.18048,0.2445,-0.051812,-0.13572,0.0044709,-0.055349,0.51248,0.23344,0,0.70805,0.36862,0.34844,0.30068,0.26898,0.060362,0.21339,-0.0077593,0.098846,-0.093402,-0.12691,0.042959,0.034232,-0.30601,0.083957,0.089997,-0.17773,-0.18776,-0.19431,-0.18748,-0.075205,-0.03797,-0.053115,0.011739,-0.094255,0.024737,-0.23395,-0.24014,-0.18093,-0.27306,-0.079159,0.024763,-0.048016,0.099783,-0.058458,-0.15429,-0.14145,-0.15641,-0.09382,0.024731,0.17247,0.05869,0.060457,0.050906,0.17683,0.031156,-0.17721,-0.082731,-0.14849,-0.2134,0.049061,0.06131,0.048532,-0.054911,0.011855,-0.10745,0.026958,0.21608,0.10186,0.2278,0.38522,0.25786,0.27301,0.056812,-0.47224,-0.19377,-0.22748,-0.10915,0.067835,-0.013832
-0.068244,0.19866,-0.13511,-0.16077,-0.15726,0.17359,0.028712,0.50943,0.061923,0.20992,0.11866,0.29208,0.13907,0.017453,-0.17665,0.23438,-0.16454,-0.052089,0.13678,0.10216,-0.13373,0.15707,0.18659,0.17687,0.16961,0.3193,-0.093658,0.48167,0.011994,0.0018323,-0.011659,-0.060644,0.41666,0.20688,0.70805,0,0.23936,0.28131,0.29945,0.29608,0.10189,0.39801,-0.031846,0.23941,-0.14617,-0.18094,0.0052271,-0.0018022,-0.3993,0.027162,0.01851,-0.17137,-0.33258,-0.27731,-0.29335,-0.04176,-0.038031,-0.090549,0.010376,-0.17157,-0.015051,-0.11266,-0.14393,-0.17296,-0.35347,-0.10711,-0.052066,-0.15819,0.17697,-0.020178,-0.072037,-0.1569,-0.22737,-0.10588,0.013173,0.019284,-0.040799,-0.056324,-0.11857,0.075497,-0.10099,-0.29016,-0.18072,-0.27613,-0.34646,-0.082502,-0.077701,-0.019743,-0.087395,0.0051379,-0.13936,-0.047459,0.19887,0.069802,0.22663,0.261,0.21317,0.15462,-0.042563,-0.35269,-0.22529,-0.21524,-0.067987,-0.042465,-0.092527
0.1921,-0.16798,0.31804,0.30746,-0.094868,-0.23739,-0.16764,0.087478,0.088855,0.37183,0.63332,0.21085,0.017368,-0.17473,-0.089011,0.0063572,-0.023321,0.32717,0.41743,0.012277,-0.5118,-0.051014,0.15464,-0.064735,0.47535,0.46223,-0.2829,0.079978,0.054595,-0.10794,-0.022959,-0.08832,0.35106,0.025412,0.36862,0.23936,0,0.39254,0.55308,0.54739,-0.0072037,0.20503,-0.22741,-0.23804,-0.40673,-0.38879,-0.19637,-0.17613,-0.25014,-0.040685,-0.061433,-0.087445,0.018598,-0.075216,0.11907,0.045823,-0.094528,-0.11305,0.10391,0.18781,0.21414,-0.14515,-0.26772,-0.26416,-0.31142,-0.25714,-0.09294,-0.020971,0.19702,-0.04458,-0.12402,-0.38657,-0.30165,-0.29762,-0.17867,0.32654,0.18325,0.073514,0.22039,0.30153,0.29059,0.02511,0.25321,0.035052,0.14503,0.1976,-0.13029,-0.1312,-0.017248,-0.13803,-0.30914,0.16415,0.12705,0.19569,0.21648,0.31227,0.14704,-0.044663,-0.10961,-0.33502,-0.17151,0.11083,0.18382,0.43969,0.34781
0.15432,-0.014177,0.031712,0.094767,-0.074333,-0.001406,0.10994,0.29222,-0.25698,0.28451,0.16363,0.060747,0.020492,0.016478,-0.28751,-0.15696,-0.23604,-0.052525,0.082034,-0.1579,-0.17034,-0.041026,0.061282,-0.028834,0.19063,0.47523,-0.31731,0.11617,0.25733,0.14181,0.4034,0.33565,0.36435,0.11937,0.34844,0.28131,0.39254,0,0.28483,0.13787,0.10915,0.056188,0.053569,-0.015451,-0.2642,-0.25963,-0.16948,-0.25467,-0.12974,-0.38264,-0.22655,-0.20685,-0.0090476,-0.075229,0.018009,-0.08394,-0.071767,-0.25757,-0.16514,-0.11641,-0.098752,-0.0039861,-0.052867,-0.1233,-0.1124,-0.26083,-0.14033,-0.03104,0.2107,0.2144,0.054372,-0.20086,-0.20531,-0.49093,-0.25823,0.054817,0.073224,0.020458,0.017839,-0.095124,-0.0073987,-0.24463,-0.059359,-0.16887,-0.11841,0.012392,-0.078852,-0.17647,-0.16812,-0.34301,-0.42819,0.073798,-0.036137,0.40703,0.33189,0.30629,0.31516,-0.048293,-0.029567,-0.27386,-0.11533,0.046977,0.20437,0.2049,0.22955
0.21287,-0.16785,0.072956,0.070159,-0.02857,-0.29963,-0.0094795,0.079292,0.1766,0.47676,0.43977,0.1352,-0.027038,-0.25073,-0.10398,-0.008175,0.096757,0.32218,0.16397,-0.032005,-0.28493,0.033787,0.3639,0.0049379,0.89167,0.56177,-0.13809,0.17663,0.23468,-0.020548,0.06803,-0.060227,0.21647,0.10564,0.30068,0.29945,0.55308,0.28483,0,0.51408,0.26517,0.25829,-0.13691,-0.059598,-0.50001,-0.45024,-0.3266,-0.26037,-0.21297,-0.13227,-0.2173,0.048732,-0.062936,-0.1722,0.03266,0.14697,0.0028147,-0.03873,0.1184,0.075782,0.074305,0.050326,-0.18006,-0.11975,-0.29528,-0.38442,-0.2969,-0.051179,0.19848,0.011242,0.0051786,-0.4355,-0.47899,-0.38655,-0.23508,0.10563,-0.033224,-0.13586,-0.026483,0.22731,0.23807,-0.098557,0.092321,-0.12882,-0.0013709,0.035692,-0.14864,-0.2295,-0.061012,-0.19764,-0.38748,0.20682,0.092009,0.20261,0.20732,0.14792,0.057476,-0.12469,-0.18835,-0.1246,-0.052753,0.16048,0.23928,0.32352,0.27808
0.10326,-0.037002,0.28799,0.24724,-0.071297,-0.14917,-0.27188,0.11194,0.30032,0.34468,0.46111,0.55035,-0.00036445,-0.19016,0.048782,0.079471,0.09202,0.34452,0.32673,0.068442,-0.48104,0.040663,0.23742,0.019569,0.43681,0.37281,-0.032444,0.28414,-0.021804,-0.092728,-0.22896,-0.33117,0.2566,0.01905,0.26898,0.29608,0.54739,0.13787,0.51408,0,-0.042277,0.47928,-0.47122,-0.21656,-0.48104,-0.43575,-0.20887,-0.1167,-0.37623,0.10561,0.073419,-0.018783,-0.13087,-0.12368,-0.031211,0.043193,-0.1345,-0.082184,0.21586,0.24687,0.33467,-0.15164,-0.3638,-0.39782,-0.41258,-0.21975,-0.079086,-0.0059816,0.15642,-0.19561,-0.1843,-0.50748,-0.38374,-0.21147,-0.1283,0.33312,0.24511,0.088426,0.20372,0.35488,0.28546,0.10722,0.30019,0.033492,0.15698,0.14746,-0.32265,-0.18286,0.015352,-0.052244,-0.22372,0.04078,0.2017,0.059493,0.23166,0.16835,0.044987,-0.041803,-0.16444,-0.37728,-0.33787,0.018255,0.043154,0.27274,0.19649
0.30517,0.0089902,-0.42079,-0.34729,0.27194,-0.013265,0.53289,0.052694,-0.0046375,0.19603,0.00042519,-0.26095,0.02772,-0.1319,-0.08681,-0.13059,0.035063,0.063048,-0.15122,-0.12443,0.29328,0.096812,0.18883,0.049769,0.30055,0.2148,0.037743,0.0043143,0.47952,0.2762,0.35253,0.25439,-0.051402,0.23176,0.060362,0.10189,-0.0072037,0.10915,0.26517,-0.042277,0,0.028961,0.27705,0.31677,-0.14961,-0.12303,-0.30898,-0.28099,0.24899,-0.22452,-0.38665,0.17564,-0.015354,-0.086386,-0.004462,0.20101,0.27906,0.048481,-0.083695,-0.24304,-0.27561,0.28865,0.19222,0.20456,0.015613,-0.33027,-0.45355,-0.15723,0.11334,0.336,0.36269,-0.10333,-0.27954,-0.32426,-0.28359,-0.40457,-0.49096,-0.31936,-0.31215,-0.11585,0.017974,-0.35653,-0.25982,-0.31991,-0.2662,-0.16527,-0.025309,-0.15675,-0.078852,-0.2236,-0.27737,0.10168,-0.11792,0.13223,0.078451,-0.17254,-0.12283,-0.11555,-0.10992,0.17667,0.076773,-0.0014511,0.18081,-0.071255,0.063488
-0.055603,0.057409,-0.029417,-0.063923,-0.032138,0.083282,-0.19168,0.1579,0.14553,0.46856,0.15765,0.47653,0.064436,-0.11175,-0.027328,0.094366,-0.055674,0.11447,0.13857,-0.073654,-0.13921,0.35745,0.36845,0.37517,0.17154,0.36204,0.15374,0.71017,0.10903,0.15325,-0.181,-0.22274,0.25987,0.21178,0.21339,0.39801,0.20503,0.056188,0.25829,0.47928,0.028961,0,-0.39705,0.0086525,-0.38724,-0.48085,-0.27057,-0.23761,-0.36475,0.045946,-0.0064508,-0.12366,-0.41802,-0.37625,-0.23377,-0.068413,-0.209,-0.25901,-0.010329,-0.076565,0.034834,-0.029169,-0.069306,-0.36065,-0.29828,-0.32703,-0.2629,-0.024619,0.29443,-0.062874,-0.10593,-0.51256,-0.55908,-0.13296,-0.21954,0.0039198,0.04691,-0.0082519,-0.0086576,0.1462,0.039649,-0.06866,0.05737,-0.078345,-0.088359,-0.050329,-0.46098,-0.3244,-0.17392,-0.12622,-0.29626,-0.11722,0.16655,-0.015891,0.19346,0.059471,0.046893,-0.036433,-0.10625,-0.31211,-0.42872,-0.13906,-0.066356,-0.044961,-0.081131
0.10091,0.067506,-0.38957,-0.32979,0.12649,0.1382,0.58016,0.093268,-0.18169,-0.23369,-0.24032,-0.52334,0.070449,0.12379,-0.092354,-0.0011346,-0.082318,-0.26493,-0.2734,0.063561,0.32738,-0.14134,-0.20284,-0.18023,-0.1218,-0.13287,-0.17637,-0.27327,0.053346,0.011215,0.32886,0.39153,-0.075746,0.067205,-0.0077593,-0.031846,-0.22741,0.053569,-0.13691,-0.47122,0.27705,-0.39705,0,0.39436,0.28755,0.33403,0.15626,0.12048,0.31372,-0.13291,-0.20683,0.12763,0.15888,0.14778,0.061014,0.11715,0.4096,0.20849,-0.094795,-0.21811,-0.23022,0.15169,0.2445,0.56935,0.24478,0.15877,0.031197,-0.17457,-0.097933,0.32758,0.30812,0.41986,0.23941,-0.014732,0.090181,-0.34762,-0.44741,-0.34674,-0.40333,-0.39508,-0.32066,-0.29142,-0.3771,-0.40138,-0.43446,-0.24547,0.24733,0.2611,0.06808,0.036177,0.083722,0.048498,-0.17188,0.018249,-0.13681,-0.10748,-0.077064,0.068665,-0.032987,0.28797,0.28002,-0.054591,0.079025,-0.20992,-0.11689
