,,,,,,,,,,,,,,,,,,,,,,,,,,,,,,,,,,,,,,,,,,,,,,,,,,,,,,,,,,,,,,,,,,,,,,,,,,,,,,,,,,,,,,,,,,,,,,,,,,,,,,,,
0,0.045651,0.032441,0.13271,0.1746,-0.014135,0.35217,0.25967,-0.16583,0.42922,0.30694,0.050124,-0.039102,-0.065649,-0.19654,-0.28583,-0.12013,0.10402,0.055642,-0.2243,-0.046039,-0.040726,0.21146,-0.0058276,0.45491,0.60632,-0.097583,0.096991,0.38809,0.31047,0.5488,0.44872,0.17739,0.10299,0.30427,0.21367,0.43486,0.59983,0.40927,0.35829,0.28454,0.15793,0.021991,-0.023354,-0.45077,-0.42055,-0.30511,-0.38618,0.11043,-0.4421,-0.2457,-0.071829,0.10267,0.00032226,0.17692,0.0042316,0.0023699,-0.29619,-0.16088,-0.031892,-0.061294,0.11887,0.032682,-0.13457,-0.091878,-0.38386,-0.2236,0.03138,0.25562,0.30583,0.21164,-0.35793,-0.30317,-0.59274,-0.35319,0.017057,0.045931,0.037216,0.091543,-0.060088,0.22751,-0.20133,0.031461,-0.053564,0.069333,0.058951,-0.17878,-0.33744,-0.185,-0.45273,-0.51452,0.02902,-0.17179,0.29123,0.28512,0.11754,0.21069,-0.26007,-0.082785,-0.15494,-0.11798,0.07698,0.26389,0.265,0.3137
0.045651,0,-0.0087166,0.036696,0.058829,0.39721,0.043337,0.2866,0.085882,-0.11709,-0.1343,0.24559,-0.026712,0.067308,0.050359,-0.01436,-0.13873,-0.18828,0.017157,0.078766,0.052323,-0.061603,-0.053769,0.05255,-0.11118,-0.058481,0.12269,0.11197,-0.095092,0.095188,-0.10612,-0.091839,-0.076593,-0.11434,-0.0092666,0.080055,-0.08245,-0.036117,-0.1344,0.14421,-0.078748,0.16909,-0.23727,0.075578,0.08566,0.11789,0.12002,0.06662,0.019917,0.16949,0.19331,-0.14507,-0.19997,0.073697,-0.28432,-0.2215,-0.17341,-0.1118,-0.064482,0.019415,0.086056,-0.17852,-0.076009,-0.32519,-0.15506,0.081975,0.11572,0.0088958,0.0021369,-0.090027,-0.089731,0.073954,0.10121,0.07256,0.078274,0.072038,0.16164,0.21215,0.16852,-0.0038532,0.066524,-0.028678,-0.038601,0.1206,0.11014,0.071585,-0.14651,-0.010907,-0.034371,0.13973,0.10925,-0.29993,-0.086666,-0.11361,0.049676,-0.088547,-0.063781,0.20073,0.11702,-0.24687,-0.25731,-0.32062,-0.14961,-0.057035,-0.058568
0.032441,-0.0087166,0,0.80996,-0.10813,-0.049549,-0.2972,0.055485,0.077716,-0.12437,0.36346,0.22598,0.070357,0.1423,0.21619,0.0045479,0.13224,0.18424,0.25437,0.23917,-0.38384,-0.21032,-0.36088,-0.54013,-0.014036,-0.017612,-0.15569,-0.20667,-0.23424,-0.25518,-0.12563,-0.088795,0.18907,-0.11417,0.19664,-0.025419,0.25561,0.13955,0.014878,0.2194,-0.28435,-0.2163,-0.11418,-0.51984,-0.026682,0.054157,0.14139,0.27165,-0.17475,0.15957,0.30739,0.045652,0.54732,0.74981,0.29239,0.057575,0.097135,0.18174,0.33132,0.64992,0.52476,-0.27942,-0.34555,-0.15671,-0.070631,0.23166,0.41488,0.054749,-0.1215,-0.15324,-0.12182,0.031169,0.21915,-0.05589,0.098768,0.59892,0.63176,0.26136,0.34637,0.13082,0.058246,0.4044,0.57262,0.078265,0.23972,0.23888,0.057963,0.28434,0.4718,0.11903,0.10864,0.18434,0.27513,0.11458,0.14904,0.5164,0.37868,0.26108,0.020104,-0.22719,-0.042812,0.15441,0.067182,0.18353,0.20419
0.13271,0.036696,0.80996,0,-0.060497,-0.027795,-0.16177,0.12748,0.087859,-0.053547,0.46257,0.20934,0.021545,0.17153,0.14864,-0.10177,0.1097,0.15943,0.19069,0.19846,-0.31346,-0.21848,-0.25635,-0.45225,0.056129,0.068105,-0.11764,-0.19015,-0.13411,-0.14813,-0.036061,0.012919,0.192,-0.114,0.21648,-0.016657,0.32731,0.21259,0.066237,0.27774,-0.20434,-0.1829,-0.12281,-0.47041,-0.10786,-0.020709,0.087044,0.1674,-0.12972,0.0837,0.24942,-0.019516,0.46915,0.53817,0.25518,-0.020614,0.086313,0.064465,0.20363,0.48321,0.38594,-0.21525,-0.26207,-0.18928,-0.079511,0.13046,0.30364,0.13245,-0.013063,-0.067025,-0.035457,-0.0098829,0.16972,-0.1369,0.020336,0.50825,0.58721,0.28305,0.41831,0.090014,0.11349,0.28568,0.50307,0.095179,0.30874,0.20246,0.0099037,0.1545,0.31282,0.040094,0.022279,0.12546,0.16463,0.095528,0.14163,0.51339,0.39838,0.18805,0.025943,-0.2486,-0.067861,0.16049,0.13941,0.20368,0.21561
0.1746,0.058829,-0.10813,-0.060497,0,0.23412,0.17765,0.0010931,0.027302,0.33963,0.043083,0.11216,0.28836,0.13291,0.16457,-0.19421,0.037467,0.095271,-0.11675,-0.28369,0.32004,0.48173,0.16466,0.29307,0.019106,0.18515,0.32571,0.22277,0.3092,0.52236,0.10653,0.16558,0.11569,0.52297,-0.070431,0.017523,-0.048765,0.036389,0.021932,0.069503,0.23331,0.40202,-0.099656,0.077316,-0.30532,-0.3929,-0.43971,-0.27164,0.21798,-0.074825,-0.052624,0.13199,-0.15908,-0.1324,-0.037961,0.0058493,0.089,-0.20496,-0.13328,-0.17361,-0.12249,0.24386,0.23905,-0.053573,0.28445,-0.29009,-0.26067,0.13357,0.20513,0.28604,0.30816,-0.4681,-0.41363,-0.23905,-0.47372,-0.24924,-0.029016,-0.0080181,-0.010197,-0.23085,-0.030676,0.02743,0.092723,-0.12647,-0.089666,-0.10754,-0.42713,-0.33009,-0.087902,-0.34428,-0.31227,-0.0060219,0.031682,0.063594,0.16849,-0.14013,-0.10412,-0.10603,-0.054261,-0.0030092,-0.24239,-0.025834,0.055646,-0.23875,-0.049649
-0.014135,0.39721,-0.049549,-0.027795,0.23412,0,-0.01199,0.19814,0.038697,0.00044332,-0.1453,0.23058,0.24306,0.22767,0.16133,0.046076,-0.15926,-0.21635,-0.037277,0.045532,0.15697,0.16348,-0.075426,0.19234,-0.29018,-0.028177,0.19121,0.19403,-0.048739,0.17607,-0.1407,-0.025165,0.097927,0.1352,-0.038105,0.071437,-0.12261,-0.059635,-0.2608,0.02132,-0.10123,0.32179,-0.14026,0.11039,0.054457,0.0287,0.050899,0.035773,0.034721,0.20598,0.16004,-0.083391,-0.23655,0.0059629,-0.1726,-0.19769,-0.07432,-0.17661,-0.1082,-0.058782,0.054814,-0.042129,0.13451,-0.14884,0.14179,0.066159,0.066159,0.067195,0.1247,0.082877,0.02875,0.0039561,0.020268,0.082768,-0.018004,-0.062984,0.085686,0.078396,0.057889,-0.22257,-0.15298,0.04713,0.049662,-0.021796,-0.070056,-0.08191,-0.33074,-0.021742,-0.020489,0.061738,0.025951,-0.26332,-0.0031982,-0.15127,0.0045654,-0.10251,-0.11285,0.21604,0.022279,-0.1683,-0.36811,-0.30154,-0.12875,-0.29631,-0.22585
0.35217,0.043337,-0.2972,-0.16177,0.17765,-0.01199,0,0.1484,-0.070666,0.41043,0.048302,-0.16057,-0.17487,-0.11616,-0.30506,-0.30391,-0.058089,-0.016787,-0.18087,-0.29926,0.22825,0.11071,0.66294,0.26998,0.35796,0.39876,0.070622,0.12447,0.61965,0.45922,0.51862,0.45521,-0.043762,0.11142,0.021225,0.1145,0.093071,0.18998,0.30897,0.068654,0.60018,0.17658,0.17056,0.31144,-0.2762,-0.33269,-0.32374,-0.51335,0.19884,-0.48522,-0.41822,-0.053769,-0.18603,-0.36509,-0.071236,-0.032247,0.04974,-0.30967,-0.35047,-0.34775,-0.37825,0.33838,0.25788,0.072421,-0.031181,-0.53151,-0.52245,0.051091,0.33163,0.37218,0.38055,-0.20013,-0.34478,-0.29238,-0.34246,-0.30086,-0.28563,-0.15451,-0.12791,-0.13037,0.10125,-0.47206,-0.25737,-0.089766,-0.055254,-0.12851,-0.143,-0.5383,-0.43897,-0.36102,-0.42088,-0.044506,-0.29439,0.07263,0.044091,-0.10564,-0.018046,-0.37239,-0.039677,0.13845,0.062836,0.071193,0.26826,0.050459,0.068924
0.25967,0.2866,0.055485,0.12748,0.0010931,0.19814,0.1484,0,0.019628,0.10742,0.068859,0.24461,-0.016809,0.10899,-0.10199,0.013471,-0.1427,-0.25189,-0.044898,0.14129,-0.1517,-0.17593,0.057793,-0.085002,0.12533,0.26189,-0.10908,0.20755,0.045895,0.071384,0.13427,0.15393,0.23707,-0.019233,0.33588,0.42349,0.22159,0.31232,0.15984,0.37681,-0.0024317,0.19029,0.017544,0.06939,-0.12811,-0.062949,0.075456,-0.0084379,-0.2027,-0.08279,-0.045212,-0.11144,-0.019042,0.090763,0.0093063,-0.11631,-0.0098219,-0.17025,-0.036071,0.1017,0.13859,0.013509,-0.0067822,-0.073766,-0.090859,0.019299,0.062618,0.054527,0.21848,0.14868,0.070413,-0.01313,0.011458,-0.13469,0.015772,0.13098,0.11584,-0.030596,0.019447,-0.21437,-0.031521,-0.1342,0.022386,-0.13822,-0.039224,-0.08724,-0.24477,-0.061839,-0.06473,-0.024268,-0.10882,-0.17564,-0.16389,0.0257,0.071524,0.11858,0.10635,0.015114,-0.20215,-0.20192,-0.18343,-0.073213,0.11215,0.11527,0.028898
-0.16583,0.085882,0.077716,0.087859,0.027302,0.038697,-0.070666,0.019628,0,-0.13668,-0.030944,0.15943,0.00299,0.3308,0.2812,-0.0037173,0.43265,-0.084161,-0.32045,0.27777,0.064857,0.028528,-0.023321,-0.070291,-0.066995,-0.10988,0.31306,0.038445,-0.10943,-0.098258,-0.21269,-0.151,-0.037504,-0.012767,-0.16326,-0.08012,-0.19559,-0.1978,-0.057179,0.044973,-0.098903,-0.036415,-0.12732,-0.021687,-0.023676,0.05295,0.11201,0.22598,-0.19953,0.2143,0.24829,0.15798,-0.086025,0.046087,-0.21405,-0.08657,0.16972,0.14115,0.1759,0.14569,0.12119,0.07813,-0.0037626,0.096385,0.1357,0.16996,0.15115,0.34097,0.016291,-0.092566,0.088839,0.083291,0.14305,0.072247,0.098519,0.0541,0.097409,-0.0074341,0.021918,-0.10585,-0.11508,0.21795,0.13312,-0.040587,0.059382,-0.19026,-0.059056,0.052214,0.18107,0.14153,0.14259,-0.056939,0.09251,-0.27621,-0.17212,-0.025403,-0.15196,0.11506,-0.076358,0.12188,0.021276,0.076732,0.0091403,-0.20206,-0.23544
0.42922,-0.11709,-0.12437,-0.053547,0.33963,0.00044332,0.41043,0.10742,-0.13668,0,0.19598,-0.046562,0.087523,-0.024195,-0.12031,-0.21994,-0.022652,0.10034,-0.093733,-0.33382,0.12583,0.22221,0.39683,0.18643,0.31701,0.66024,0.0088247,0.17587,0.70958,0.45077,0.51143,0.5474,0.21898,0.39447,0.14016,0.18148,0.21625,0.33203,0.35373,0.13951,0.47119,0.26327,0.18495,0.14122,-0.52794,-0.76375,-0.53956,-0.50368,0.13318,-0.49963,-0.42028,0.087336,-0.015509,-0.19144,0.17058,0.10936,0.16842,-0.25017,-0.18266,-0.18822,-0.18789,0.41662,0.26886,0.10795,0.14947,-0.50803,-0.44646,0.048704,0.35859,0.63798,0.47115,-0.48186,-0.6024,-0.51766,-0.57941,-0.23138,-0.16311,-0.20284,-0.14431,-0.25419,-0.0096512,-0.19041,-0.0031638,-0.26583,-0.16774,-0.13962,-0.29232,-0.41843,-0.21025,-0.68811,-1,0.10601,-0.088995,0.23469,0.18324,0.018362,0.077216,-0.35794,-0.19737,0.082136,-0.031863,0.16382,0.33416,0.031773,0.11907
0.30694,-0.1343,0.36346,0.46257,0.043083,-0.1453,0.048302,0.068859,-0.030944,0.19598,0,0.024569,-0.0098637,0.05619,0.018396,-0.27247,0.1254,0.31092,0.14177,-0.025999,-0.17026,-0.067382,-0.0063733,-0.22251,0.25039,0.29724,-0.1411,-0.1914,0.12452,0.026741,0.2021,0.25405,0.21838,0.032184,0.22843,-0.0024792,0.51748,0.38031,0.27102,0.22975,0.058633,-0.14081,0.06794,-0.25477,-0.32166,-0.26487,-0.14819,-0.063398,0.0061067,-0.16672,-0.0098998,0.037884,0.46483,0.21496,0.42719,0.092627,0.21895,-0.017761,0.074407,0.19848,0.12963,0.0027671,-0.084431,-0.047751,-0.02551,-0.11007,0.023972,0.10668,0.11305,0.14142,0.17332,-0.18291,-0.056996,-0.39909,-0.21363,0.19154,0.21433,0.1069,0.21576,0.031726,0.12042,0.11509,0.33422,-0.012433,0.18328,0.13906,-0.026585,-0.0219,0.1428,-0.19492,-0.22437,0.28868,0.121,0.24537,0.20822,0.51452,0.5282,-0.02501,-0.017852,-0.070422,0.050035,0.38166,0.40789,0.24357,0.34182
0.050124,0.24559,0.22598,0.20934,0.11216,0.23058,-0.16057,0.24461,0.15943,-0.046562,0.024569,0,0.27229,0.20895,0.30421,0.14571,0.040825,-0.054971,0.045506,0.18118,-0.17615,-0.052872,-0.18351,-0.18761,-0.062161,0.0062462,0.036416,0.23878,-0.1448,-0.042917,-0.15173,-0.16291,0.2501,0.088429,0.19024,0.24139,0.033474,0.074346,-0.015143,0.40087,-0.16619,0.21599,-0.28637,-0.15188,-0.074489,0.009231,0.075238,0.18005,-0.24102,0.18744,0.23617,0.13679,0.046703,0.33252,0.010473,0.022392,0.003654,0.078039,0.26328,0.33326,0.42702,-0.11016,-0.19889,-0.19879,0.023941,0.18855,0.23979,0.036939,-0.064604,-0.087175,-0.098768,-0.1001,0.032194,-0.043792,0.080046,0.26127,0.40071,0.1198,0.11292,-0.10094,-0.054161,0.23887,0.29462,-0.11147,-0.017233,0.026615,-0.2464,0.096843,0.2329,0.06865,0.060423,-0.06028,0.1394,0.065902,0.20991,0.066028,0.012663,0.17908,-0.18387,-0.32295,-0.40242,-0.1328,-0.1318,-0.018104,0.0056363
-0.039102,-0.026712,0.070357,0.021545,0.28836,0.24306,-0.17487,-0.016809,0.00299,0.087523,-0.0098637,0.27229,0,0.24065,0.33372,0.16519,-0.0012777,0.013145,0.022035,0.0079136,0.025109,0.24786,-0.14768,0.044364,-0.19123,-0.00035623,0.10299,0.23085,-0.025802,0.064739,-0.11884,-0.055389,0.33939,0.42717,0.072395,0.10191,-0.042124,-0.0014732,-0.12708,0.04667,-0.093106,0.2728,-0.10987,-0.083578,-0.061468,-0.080264,-0.06426,0.0479,-0.051413,0.14557,0.10538,0.17048,0.012646,0.10008,0.099747,0.076088,0.058167,0.014321,0.11375,0.068989,0.14487,0.05255,0.078026,-0.0083116,0.37441,0.065806,0.056412,0.04234,0.023828,0.09112,0.023178,-0.18074,-0.10261,-0.0087576,-0.063681,-0.0069521,0.12044,-0.008785,-0.022546,-0.20761,-0.20403,0.24435,0.25906,-0.17942,-0.19317,-0.082581,-0.23942,0.042946,0.15067,-0.06055,-0.038728,0.020787,0.20265,0.056556,0.12352,-0.014618,-0.060301,0.092989,-0.16391,-0.11677,-0.32255,-0.094495,-0.12468,-0.22482,-0.11426
-0.065649,0.067308,0.1423,0.17153,0.13291,0.22767,-0.11616,0.10899,0.3308,-0.024195,0.05619,0.20895,0.24065,0,0.27104,0.012302,0.13391,-0.15999,-0.22072,0.28074,0.037889,0.071297,-0.15182,-0.046518,-0.1633,-0.0090985,0.23525,0.093546,-0.084471,-0.017363,-0.15013,0.0055296,0.22797,0.12817,0.00064452,-0.018491,-0.039712,-0.03505,-0.14503,0.042558,-0.21053,0.062265,-0.12861,-0.11674,-0.066328,-0.020345,0.10361,0.15115,-0.17368,0.2077,0.23928,-0.0069425,-0.0093655,0.09126,-0.055202,-0.23145,0.097235,-0.066355,0.043521,0.12415,0.13879,0.073692,0.13715,0.045988,0.35976,0.13726,0.16538,0.5123,0.21387,0.09858,0.13958,0.028417,0.121,0.032781,0.012982,0.069852,0.16796,0.035839,0.10459,-0.28466,-0.17716,0.23233,0.26851,-0.05653,0.028876,-0.24789,-0.17597,0.023572,0.13592,0.034547,0.024889,-0.14601,0.049957,-0.27487,-0.16837,0.061442,-0.068684,0.14273,-0.11495,-0.049066,-0.18902,-0.010433,0.019406,-0.25693,-0.30155
-0.19654,0.050359,0.21619,0.14864,0.16457,0.16133,-0.30506,-0.10199,0.2812,-0.12031,0.018396,0.30421,0.33372,0.27104,0,0.079114,0.28941,0.11421,0.0088055,0.13822,0.025701,0.18135,-0.22538,-0.063393,-0.26666,-0.17745,0.21984,0.011299,-0.19502,-0.080177,-0.3864,-0.26967,0.088677,0.15089,-0.11815,-0.099242,-0.16305,-0.19085,-0.19758,0.034293,-0.18749,0.0396,-0.20271,-0.14852,0.012267,0.040176,0.036068,0.27288,-0.088011,0.38664,0.41543,0.29575,0.040176,0.22616,-0.0081967,0.08991,0.17549,0.23837,0.32139,0.22809,0.28757,-0.075164,-0.096264,-0.048291,0.20713,0.2247,0.23675,0.097505,-0.1489,-0.14192,-0.028085,-0.043383,0.076606,0.065244,0.039481,0.10027,0.2641,0.11218,0.096869,-0.043187,-0.17178,0.66768,0.40126,-0.052859,-0.0013182,0.018509,-0.12632,0.19309,0.45064,0.13645,0.15788,0.10806,0.46671,-0.043466,0.079075,0.048867,-0.031826,0.31136,-0.013697,-0.032009,-0.1297,0.024338,-0.10572,-0.25964,-0.10711
-0.28583,-0.01436,0.0045479,-0.10177,-0.19421,0.046076,-0.30391,0.013471,-0.0037173,-0.21994,-0.27247,0.14571,0.16519,0.012302,0.079114,0,-0.069912,-0.20583,0.050724,0.25383,-0.18553,-0.091865,-0.19261,-0.099708,-0.21012,-0.22115,-0.13544,0.16203,-0.30836,-0.30563,-0.24435,-0.31561,0.096738,-0.018199,0.086596,0.18339,-0.12549,-0.11829,-0.14294,-0.038536,-0.25424,0.049407,0.013539,0.020219,0.30214,0.33143,0.32845,0.30667,-0.30886,0.2226,0.080778,0.08218,-0.010586,0.109,0.0020699,0.10056,-0.079367,0.23891,0.23811,0.1471,0.20621,-0.097587,-0.095898,0.10864,0.038466,0.39709,0.23893,-0.1727,-0.20555,-0.18852,-0.31444,0.21353,0.18436,0.33871,0.44528,0.1161,0.020152,-0.11654,-0.17736,-0.017354,-0.21792,0.08822,-0.016853,-0.10848,-0.23699,-0.052937,0.079598,0.3248,0.13861,0.30111,0.30083,-0.055629,0.083547,-0.035619,-0.068954,-0.052724,-0.12016,0.14306,-0.16347,-0.033603,-0.041044,-0.17145,-0.30315,-0.034478,-0.14181
-0.12013,-0.13873,0.13224,0.1097,0.037467,-0.15926,-0.058089,-0.1427,0.43265,-0.022652,0.1254,0.040825,-0.0012777,0.13391,0.28941,-0.069912,0,0.18533,-0.15857,0.10309,0.036084,0.10678,0.044568,-0.093651,0.04045,-0.032693,0.17155,-0.093355,-0.014529,-0.098167,-0.11079,-0.089148,-0.025029,0.060667,-0.14993,-0.13291,-0.08549,-0.12356,0.079894,0.022379,0.031859,-0.13632,0.025543,-0.048191,-0.11348,-0.063041,-0.044515,0.15335,-0.11249,0.080525,0.12983,0.39573,0.073614,0.059622,0.01094,0.17231,0.42256,0.30035,0.28863,0.15706,0.10717,0.12101,-0.050403,0.18532,0.11927,0.075169,0.068018,0.1684,-0.067692,-0.067273,0.1478,-0.03522,0.02206,-0.056452,-0.017857,0.024876,0.052868,-0.065636,-0.032442,-0.014961,-0.10728,0.28063,0.2035,-0.10966,0.019251,-0.072599,0.0028633,0.078348,0.28672,0.041467,0.048034,0.25835,0.28728,-0.026753,-0.017359,0.095741,0.013122,0.051783,-0.070548,0.26127,0.20031,0.36112,0.15315,-0.096899,-0.024833
0.10402,-0.18828,0.18424,0.15943,0.095271,-0.21635,-0.016787,-0.25189,-0.084161,0.10034,0.31092,-0.054971,0.013145,-0.15999,0.11421,-0.20583,0.18533,0,0.25334,-0.23205,-0.012597,0.10015,0.0081306,-0.063628,0.13344,0.0568,-0.038475,-0.24121,0.096621,0.04183,0.072316,0.031161,-0.031802,0.064303,-0.018724,-0.16727,0.13529,0.069869,0.13483,0.041827,0.13913,-0.1392,0.0061035,-0.17471,-0.14119,-0.16179,-0.25671,-0.070383,0.20809,-0.077725,0.016918,0.20789,0.28106,0.1253,0.26568,0.30573,0.16774,0.15467,0.13426,0.080634,0.036416,-0.047777,-0.15598,-0.081901,-0.060972,-0.12805,-0.05069,-0.1012,-0.16015,-0.042172,0.037639,-0.2229,-0.1366,-0.21287,-0.20361,0.050545,0.10692,0.14391,0.13997,0.24667,0.16978,0.17533,0.19689,0.065632,0.14057,0.32137,0.083931,0.018701,0.17406,-0.13304,-0.091325,0.51822,0.28983,0.3471,0.32272,0.17651,0.25721,-0.011919,0.1446,0.032151,0.12396,0.28373,0.13792,0.14047,0.38796
0.055642,0.017157,0.25437,0.19069,-0.11675,-0.037277,-0.18087,-0.044898,-0.32045,-0.093733,0.14177,0.045506,0.022035,-0.22072,0.0088055,0.050724,-0.15857,0.25334,0,-0.050677,-0.23929,-0.14239,-0.23972,-0.17256,-0.031738,-0.061333,-0.31424,-0.20844,-0.1486,-0.11168,-0.035543,-0.088834,0.018225,-0.13339,0.15949,-0.014186,0.20013,0.11636,-0.026747,0.065166,-0.11488,-0.12632,-0.042238,-0.21326,0.12739,0.11683,0.057606,0.081096,0.092584,0.062,0.10541,-0.044337,0.32058,0.32267,0.27251,0.15683,-0.10351,0.12016,0.12522,0.18058,0.19693,-0.43622,-0.33909,-0.28238,-0.26386,0.091813,0.17272,-0.34144,-0.28043,-0.18701,-0.30082,0.019698,0.088978,0.011522,0.073166,0.2622,0.24449,0.28327,0.23315,0.35824,0.17584,0.11353,0.12849,0.18198,0.14938,0.66315,0.16055,0.2316,0.16822,0.092793,0.1021,0.18929,0.17945,0.30692,0.30413,0.2246,0.33664,0.1818,0.2065,-0.26224,-0.023061,-0.020151,-0.074407,0.2745,0.38731
-0.2243,0.078766,0.23917,0.19846,-0.28369,0.045532,-0.29926,0.14129,0.27777,-0.33382,-0.025999,0.18118,0.0079136,0.28074,0.13822,0.25383,0.10309,-0.23205,-0.050677,0,-0.24727,-0.25909,-0.29241,-0.31045,-0.16939,-0.17764,-0.0511,-0.031267,-0.43409,-0.44728,-0.29224,-0.21341,0.098406,-0.20137,0.077202,0.042724,-0.018208,-0.070736,-0.13105,0.046849,-0.48321,-0.15855,-0.044119,-0.12958,0.19238,0.31489,0.58294,0.55894,-0.50416,0.31735,0.30302,-0.031708,0.09922,0.25753,-0.02768,-0.11693,0.028167,0.18352,0.2504,0.35463,0.34923,-0.15436,-0.13332,0.064312,0.01381,0.56983,0.54109,0.14345,-0.053464,-0.18859,-0.15616,0.36906,0.52506,0.24678,0.45303,0.32488,0.21733,0.031157,0.070174,-0.034823,-0.15445,0.20898,0.15424,0.0090221,0.053982,-0.076715,0.086387,0.35813,0.26726,0.40147,0.33921,-0.098532,0.074067,-0.23598,-0.21669,0.16234,0.019979,0.29084,-0.086352,-0.057479,0.005352,-0.011907,-0.068493,-0.013446,-0.16992
-0.046039,0.052323,-0.38384,-0.31346,0.32004,0.15697,0.22825,-0.1517,0.064857,0.12583,-0.17026,-0.17615,0.025109,0.037889,0.025701,-0.18553,0.036084,-0.012597,-0.23929,-0.24727,0,0.48099,0.24383,0.68406,-0.080469,-0.014965,0.48034,0.066555,0.22956,0.37205,0.032389,0.096886,-0.20138,0.1944,-0.4179,-0.19439,-0.30595,-0.2248,-0.12202,-0.26285,0.23525,0.16173,0.012485,0.29232,-0.020724,-0.11197,-0.21478,-0.21635,0.35653,-0.0151,-0.064007,0.0063578,-0.42635,-0.45739,-0.29609,-0.10557,0.023605,-0.17512,-0.30342,-0.51483,-0.42741,0.2428,0.40071,0.076728,0.21046,-0.23587,-0.31539,0.12453,0.16059,0.16852,0.25599,-0.077307,-0.18144,0.024197,-0.23027,-0.59378,-0.29438,-0.06011,-0.094239,-0.10802,-0.037735,-0.10493,-0.18696,0.029595,-0.05542,-0.16225,-0.10764,-0.27267,-0.22666,-0.12328,-0.098027,-0.098206,-0.075495,-0.17693,-0.11787,-0.34921,-0.28598,-0.089405,0.14299,0.23761,0.018729,-0.056709,0.0030493,-0.38564,-0.22707
-0.040726,-0.061603,-0.21032,-0.21848,0.48173,0.16348,0.11071,-0.17593,0.028528,0.22221,-0.067382,-0.052872,0.24786,0.071297,0.18135,-0.091865,0.10678,0.10015,-0.14239,-0.25909,0.48099,0,0.18137,0.45321,-0.10463,0.043057,0.32894,0.11085,0.22076,0.32583,0.0030995,0.078204,0.0068072,0.48286,-0.25086,-0.096089,-0.20681,-0.14114,-0.075591,-0.16695,0.21635,0.23665,0.060654,0.20924,-0.10743,-0.21306,-0.31128,-0.16196,0.23233,-0.0043779,-0.059526,0.21195,-0.22176,-0.24962,-0.064404,0.094417,0.18325,-0.053159,-0.098855,-0.27482,-0.19451,0.27419,0.32773,0.12832,0.36978,-0.18269,-0.24977,0.051661,0.10929,0.21326,0.28262,-0.22001,-0.28607,-0.059261,-0.29916,-0.45325,-0.19365,-0.13304,-0.1619,-0.19676,-0.1869,0.047635,0.006457,-0.15298,-0.21018,-0.15505,-0.23174,-0.16504,-0.045926,-0.17026,-0.15559,0.081305,0.1285,-0.0093254,0.035282,-0.18294,-0.16023,-0.04367,-0.0019457,0.21942,-0.023359,0.040037,0.041873,-0.42291,-0.15418
0.21146,-0.053769,-0.36088,-0.25635,0.16466,-0.075426,0.66294,0.057793,-0.023321,0.39683,-0.0063733,-0.18351,-0.14768,-0.15182,-0.22538,-0.19261,0.044568,0.0081306,-0.23972,-0.29241,0.24383,0.18137,0,0.29474,0.32232,0.3244,0.07867,0.14469,0.56591,0.35056,0.39061,0.31882,-0.059552,0.16649,-0.046244,0.1102,0.01186,0.10082,0.32401,0.018383,0.72273,0.17413,0.25177,0.4097,-0.24721,-0.31239,-0.33668,-0.39717,0.13912,-0.4421,-0.48979,0.092005,-0.2133,-0.44088,-0.060253,0.091604,0.14356,-0.14806,-0.21277,-0.33505,-0.35815,0.47215,0.2685,0.21045,0.025393,-0.41781,-0.55833,0.0037655,0.2354,0.32125,0.38588,-0.19616,-0.38574,-0.23592,-0.28897,-0.39337,-0.4156,-0.31815,-0.29871,-0.15745,-0.0052589,-0.3691,-0.26229,-0.19938,-0.17607,-0.19308,-0.14009,-0.40594,-0.32964,-0.30138,-0.35066,0.040864,-0.18161,0.083195,0.025885,-0.14426,-0.074751,-0.39862,-0.11542,0.29953,0.15642,0.14248,0.26382,-0.0011314,0.030039
-0.0058276,0.05255,-0.54013,-0.45225,0.29307,0.19234,0.26998,-0.085002,-0.070291,0.18643,-0.22251,-0.18761,0.044364,-0.046518,-0.063393,-0.099708,-0.093651,-0.063628,-0.17256,-0.31045,0.68406,0.45321,0.29474,0,-0.069782,0.038148,0.27351,0.13417,0.26698,0.4231,0.089779,0.13709,-0.13875,0.22709,-0.27546,-0.069625,-0.23855,-0.14361,-0.090419,-0.24796,0.27532,0.25476,0.092671,0.4277,0.0012416,-0.1124,-0.21616,-0.27875,0.3433,-0.077721,-0.17503,-0.018025,-0.4715,-0.54553,-0.22221,-0.058316,-0.016367,-0.21971,-0.36949,-0.70339,-0.45913,0.25084,0.45321,0.094143,0.17779,-0.258,-0.38397,0.0031753,0.17531,0.22931,0.21947,-0.083905,-0.23739,0.024582,-0.21927,-0.77864,-0.40052,-0.13966,-0.19097,-0.14736,-0.078444,-0.21115,-0.27401,-0.035001,-0.17014,-0.16556,-0.14472,-0.27666,-0.32401,-0.14109,-0.13846,-0.1103,-0.12165,-0.098537,-0.073901,-0.36858,-0.26094,-0.12359,0.085951,0.20712,0.00035187,-0.10709,-0.0061316,-0.30728,-0.1915
0.45491,-0.11118,-0.014036,0.056129,0.019106,-0.29018,0.35796,0.12533,-0.066995,0.31701,0.25039,-0.062161,-0.19123,-0.1633,-0.26666,-0.21012,0.04045,0.13344,-0.031738,-0.16939,-0.080469,-0.10463,0.32232,-0.069782,0,0.4376,-0.12748,0.052267,0.36966,0.14042,0.57196,0.32386,0.060171,0.023407,0.22984,0.18035,0.32154,0.38734,0.81331,0.2683,0.36978,0.015664,0.11898,0.011592,-0.37515,-0.31202,-0.25161,-0.2954,0.024499,-0.59487,-0.34842,0.036583,0.12005,-0.060497,0.15278,0.11438,0.075312,-0.091591,-0.052175,-0.016812,-0.10297,0.20318,-0.012285,0.043261,-0.14024,-0.32396,-0.24881,0.013253,0.14327,0.18701,0.19049,-0.24251,-0.25751,-0.43818,-0.20993,0.0061616,-0.066185,-0.086914,-0.037874,0.017701,0.22958,-0.2361,-0.060576,-0.087197,0.039372,0.012197,-0.0029835,-0.26748,-0.16028,-0.34555,-0.35138,0.12264,-0.1668,0.27708,0.1701,0.088804,0.15081,-0.43039,-0.13803,0.039272,0.10132,0.21774,0.29826,0.35901,0.32055
0.60632,-0.058481,-0.017612,0.068105,0.18515,-0.028177,0.39876,0.26189,-0.10988,0.66024,0.29724,0.0062462,-0.00035623,-0.0090985,-0.17745,-0.22115,-0.032693,0.0568,-0.061333,-0.17764,-0.014965,0.043057,0.3244,0.038148,0.4376,0,-0.094548,0.13532,0.48465,0.29732,0.58342,0.60275,0.27274,0.21248,0.2832,0.26863,0.38981,0.56395,0.50277,0.27681,0.34452,0.17831,0.1893,0.080943,-0.56086,-0.5589,-0.32233,-0.35465,0.023088,-0.53382,-0.36122,0.026058,0.070509,-0.076606,0.21704,0.071193,0.16372,-0.23898,-0.13139,-0.06176,-0.07948,0.29064,0.15111,0.067809,0.035211,-0.35898,-0.26776,0.064678,0.37535,0.51239,0.38907,-0.34325,-0.35012,-0.62148,-0.3804,-0.07182,-0.062231,-0.15675,-0.072704,-0.22464,0.02984,-0.20336,0.031328,-0.24289,-0.088821,-0.10148,-0.25458,-0.3191,-0.16529,-0.47999,-0.70139,0.088002,-0.12482,0.24672,0.18866,0.1402,0.18988,-0.29527,-0.23088,0.0063495,-0.024097,0.19545,0.43772,0.1588,0.19073
-0.097583,0.12269,-0.15569,-0.11764,0.32571,0.19121,0.070622,-0.10908,0.31306,0.0088247,-0.1411,0.036416,0.10299,0.23525,0.21984,-0.13544,0.17155,-0.038475,-0.31424,-0.0511,0.48034,0.32894,0.07867,0.27351,-0.12748,-0.094548,0,0.11151,0.080647,0.20986,-0.10881,-0.038262,-0.13422,0.16536,-0.37546,-0.19506,-0.36303,-0.28407,-0.17418,-0.11278,0.066246,0.14855,-0.1972,0.090363,-0.043949,-0.063136,-0.11016,-0.048373,0.15242,0.13645,0.13122,0.06291,-0.32398,-0.18566,-0.37525,-0.17215,0.024582,-0.088294,-0.10634,-0.17259,-0.15621,0.16689,0.21853,0.0024052,0.26129,-0.079262,-0.10657,0.30312,0.10673,0.048339,0.18032,-0.070352,-0.072621,0.046555,-0.12632,-0.23295,-0.058472,0.043494,0.023738,-0.1196,-0.029595,0.079362,-0.007361,0.047292,0.036689,-0.17898,-0.1401,-0.18174,-0.052593,-0.045443,-0.00064495,-0.15448,-0.0076205,-0.27441,-0.12756,-0.29703,-0.35191,0.0021304,0.078962,0.11658,-0.10145,-0.08589,-0.077168,-0.45573,-0.30554
0.096991,0.11197,-0.20667,-0.19015,0.22277,0.19403,0.12447,0.20755,0.038445,0.17587,-0.1914,0.23878,0.23085,0.093546,0.011299,0.16203,-0.093355,-0.24121,-0.20844,-0.031267,0.066555,0.11085,0.14469,0.13417,0.052267,0.13532,0.11151,0,0.14257,0.18368,0.084606,0.037727,0.18967,0.28985,0.1211,0.39676,-0.073078,0.063781,0.07516,0.17098,0.11362,0.63041,-0.0701,0.16487,-0.12657,-0.11524,-0.085747,-0.11556,-0.10601,-0.069294,-0.13866,0.088499,-0.24933,-0.12137,-0.11858,-0.0079084,-0.06136,-0.12722,-0.038401,-0.082067,-0.029726,0.23899,0.1494,0.046847,0.16547,-0.069146,-0.13609,0.034026,0.14564,0.16786,0.077956,-0.18217,-0.22628,-0.054597,-0.044441,-0.12136,-0.082446,-0.18902,-0.22227,-0.32184,-0.10755,-0.12347,-0.078783,-0.27581,-0.3043,-0.27291,-0.30933,-0.19423,-0.15598,-0.13844,-0.13468,-0.20956,-0.14858,0.013762,0.054161,-0.25185,-0.27005,-0.16879,-0.36042,-0.057323,-0.29571,-0.21715,-0.11552,-0.1134,-0.15029
0.38809,-0.095092,-0.23424,-0.13411,0.3092,-0.048739,0.61965,0.045895,-0.10943,0.70958,0.12452,-0.1448,-0.025802,-0.084471,-0.19502,-0.30836,-0.014529,0.096621,-0.1486,-0.43409,0.22956,0.22076,0.56591,0.26698,0.36966,0.48465,0.080647,0.14257,0,0.53939,0.58577,0.52824,0.054327,0.28158,0.037699,0.093629,0.12791,0.2249,0.33813,0.067757,0.70779,0.21321,0.15873,0.19681,-0.42895,-0.59217,-0.59757,-0.73605,0.23363,-0.57736,-0.47376,0.03872,-0.096738,-0.32724,0.049074,0.053421,0.10374,-0.28644,-0.28334,-0.31778,-0.35748,0.45495,0.29994,0.10072,0.093507,-0.82402,-0.72865,0.066372,0.33848,0.5042,0.47241,-0.39848,-0.61024,-0.42126,-0.58581,-0.3296,-0.26098,-0.17398,-0.1379,-0.16211,0.08009,-0.29525,-0.12463,-0.14933,-0.096939,-0.13157,-0.18537,-0.62636,-0.33906,-0.69028,-0.71959,0.055189,-0.17933,0.16259,0.1143,-0.082041,-0.0014271,-0.49123,-0.094935,0.14391,0.02741,0.13451,0.2911,0.027879,0.10014
0.31047,0.095188,-0.25518,-0.14813,0.52236,0.17607,0.45922,0.071384,-0.098258,0.45077,0.026741,-0.042917,0.064739,-0.017363,-0.080177,-0.30563,-0.098167,0.04183,-0.11168,-0.44728,0.37205,0.32583,0.35056,0.4231,0.14042,0.29732,0.20986,0.18368,0.53939,0,0.30303,0.34472,0.01753,0.30457,-0.043335,0.048182,0.017372,0.11695,0.11093,0.042629,0.42789,0.3587,0.011922,0.21346,-0.28629,-0.41158,-0.48927,-0.56151,0.34945,-0.2542,-0.22744,-0.020848,-0.22545,-0.29068,-0.073109,-0.05221,0.0093189,-0.39738,-0.37111,-0.37625,-0.31881,0.27412,0.31319,-0.051513,0.11388,-0.55877,-0.49323,0.06841,0.30763,0.39914,0.35733,-0.36722,-0.48495,-0.27886,-0.56696,-0.36279,-0.16779,-0.039838,-0.040722,-0.17563,0.068941,-0.21928,-0.10484,-0.065314,-0.062178,-0.087937,-0.30732,-0.58542,-0.32943,-0.44337,-0.44711,-0.065301,-0.15606,0.076719,0.13228,-0.17228,-0.072543,-0.2324,0.012119,0.027335,-0.13544,-0.040374,0.12982,-0.10598,0.014614
0.5488,-0.10612,-0.12563,-0.036061,0.10653,-0.1407,0.51862,0.13427,-0.21269,0.51143,0.2021,-0.15173,-0.11884,-0.15013,-0.3864,-0.24435,-0.11079,0.072316,-0.035543,-0.29224,0.032389,0.0030995,0.39061,0.089779,0.57196,0.58342,-0.10881,0.084606,0.58577,0.30303,0,0.61438,0.096076,0.11349,0.21097,0.17435,0.32057,0.43006,0.48635,0.14467,0.45364,0.10427,0.19065,0.10171,-0.35411,-0.39732,-0.33212,-0.54993,0.14281,-0.9912,-0.54662,-0.070688,0.039296,-0.18596,0.15062,0.037767,0.026482,-0.28315,-0.25095,-0.18528,-0.24852,0.27167,0.16028,0.056913,-0.046884,-0.53146,-0.42026,0.011537,0.30075,0.39923,0.28198,-0.26743,-0.3584,-0.42308,-0.33951,-0.1302,-0.1754,-0.12244,-0.07148,-0.068933,0.17582,-0.39017,-0.13312,-0.089348,-0.024828,-0.041915,-0.065187,-0.40938,-0.33705,-0.5191,-0.57061,0.050329,-0.26312,0.23442,0.12853,0.035386,0.12373,-0.50581,-0.098789,0.040216,0.049914,0.13631,0.31367,0.23716,0.22783
0.44872,-0.091839,-0.088795,0.012919,0.16558,-0.025165,0.45521,0.15393,-0.151,0.5474,0.25405,-0.16291,-0.055389,0.0055296,-0.26967,-0.31561,-0.089148,0.031161,-0.088834,-0.21341,0.096886,0.078204,0.31882,0.13709,0.32386,0.60275,-0.038262,0.037727,0.52824,0.34472,0.61438,0,0.1586,0.16231,0.15389,0.098332,0.30796,0.38275,0.3027,0.077621,0.32758,0.094552,0.2256,0.10405,-0.36196,-0.44123,-0.29397,-0.45112,0.1461,-0.50773,-0.37126,-0.11444,0.027981,-0.19095,0.15195,-0.052985,0.096904,-0.38894,-0.32479,-0.20183,-0.23888,0.3005,0.29677,0.092701,0.076506,-0.45425,-0.34334,0.13246,0.53464,0.6517,0.45264,-0.21811,-0.27419,-0.38786,-0.41515,-0.1646,-0.15528,-0.12005,-0.034376,-0.18487,0.064121,-0.27809,-0.050568,-0.098262,-0.019156,-0.12045,-0.14209,-0.38166,-0.2849,-0.47507,-0.6163,0.024374,-0.21513,0.10979,0.041372,0.091186,0.14602,-0.31172,-0.077033,0.06348,0.032785,0.17004,0.43834,0.098441,0.10787
0.17739,-0.076593,0.18907,0.192,0.11569,0.097927,-0.043762,0.23707,-0.037504,0.21898,0.21838,0.2501,0.33939,0.22797,0.088677,0.096738,-0.025029,-0.031802,0.018225,0.098406,-0.20138,0.0068072,-0.059552,-0.13875,0.060171,0.27274,-0.13422,0.18967,0.054327,0.01753,0.096076,0.1586,0,0.26577,0.41485,0.32179,0.28945,0.34028,0.13921,0.26149,-0.050651,0.1718,0.062065,-0.11266,-0.22865,-0.1885,-0.036433,0.0082387,-0.23108,-0.064499,-0.041859,0.084754,0.19181,0.17237,0.3231,0.07482,0.14573,-0.05164,0.10939,0.18622,0.21923,0.10105,0.046391,0.061421,0.20499,0.027612,0.067552,0.082328,0.18891,0.24089,0.11952,-0.17362,-0.084488,-0.19626,-0.077298,0.12895,0.15247,-0.098319,-0.026456,-0.29936,-0.17019,0.10023,0.29648,-0.30713,-0.16486,-0.12014,-0.25194,0.014971,0.11225,-0.14108,-0.18871,0.063842,0.077847,0.1545,0.13935,0.23796,0.16887,-0.0059578,-0.38433,-0.14437,-0.19852,0.077816,0.13492,0.0393,0.036288
0.10299,-0.11434,-0.11417,-0.114,0.52297,0.1352,0.11142,-0.019233,-0.012767,0.39447,0.032184,0.088429,0.42717,0.12817,0.15089,-0.018199,0.060667,0.064303,-0.13339,-0.20137,0.1944,0.48286,0.16649,0.22709,0.023407,0.21248,0.16536,0.28985,0.28158,0.30457,0.11349,0.16231,0.26577,0,0.020644,0.12575,-0.017783,0.069451,0.076014,0.038842,0.21235,0.38566,0.057288,0.10787,-0.28124,-0.36767,-0.35441,-0.19839,0.063045,-0.10861,-0.14411,0.24895,-0.091778,-0.13585,0.083443,0.14285,0.19169,-0.088821,-0.030804,-0.13153,-0.078439,0.36174,0.2763,0.13608,0.43405,-0.19752,-0.23539,0.069442,0.18988,0.34447,0.30436,-0.4105,-0.42264,-0.20358,-0.33017,-0.25393,-0.10474,-0.19946,-0.19198,-0.34823,-0.19508,0.036067,0.099791,-0.34755,-0.31553,-0.21723,-0.36814,-0.20147,-0.034293,-0.31829,-0.30826,0.08566,0.09004,0.11742,0.13614,-0.084257,-0.085877,-0.1421,-0.23944,0.085385,-0.14798,0.050908,0.080625,-0.22578,-0.076649
0.30427,-0.0092666,0.19664,0.21648,-0.070431,-0.038105,0.021225,0.33588,-0.16326,0.14016,0.22843,0.19024,0.072395,0.00064452,-0.11815,0.086596,-0.14993,-0.018724,0.15949,0.077202,-0.4179,-0.25086,-0.046244,-0.27546,0.22984,0.2832,-0.37546,0.1211,0.037699,-0.043335,0.21097,0.15389,0.41485,0.020644,0,0.44611,0.50599,0.57915,0.27787,0.39846,-0.017114,0.067822,0.053307,-0.13702,-0.15683,-0.090737,0.023459,-0.018635,-0.20702,-0.16748,-0.10384,-0.040317,0.27552,0.22628,0.321,0.076379,-0.0086883,-0.044541,0.09133,0.21734,0.205,-0.033858,-0.13135,-0.059931,-0.10118,0.0090375,0.076497,-0.06247,0.077864,0.10599,-0.030504,-0.1003,-0.034911,-0.20538,0.013213,0.26898,0.17646,-0.00098332,0.045479,-0.048927,0.059931,-0.054065,0.12367,-0.13224,-0.032829,0.05977,-0.051862,0.026174,0.033511,-0.10421,-0.14033,0.043489,-0.048387,0.28282,0.21766,0.27423,0.28156,-0.061586,-0.23874,-0.26866,-0.13201,0.028462,0.10058,0.3503,0.24638
0.21367,0.080055,-0.025419,-0.016657,0.017523,0.071437,0.1145,0.42349,-0.08012,0.18148,-0.0024792,0.24139,0.10191,-0.018491,-0.099242,0.18339,-0.13291,-0.16727,-0.014186,0.042724,-0.19439,-0.096089,0.1102,-0.069625,0.18035,0.26863,-0.19506,0.39676,0.093629,0.048182,0.17435,0.098332,0.32179,0.12575,0.44611,0,0.18492,0.31293,0.25887,0.35616,0.084588,0.29851,0.086396,0.10754,-0.14141,-0.09524,-0.0076632,-0.046039,-0.24706,-0.1621,-0.18936,0.069886,-0.0051705,0.046838,0.10036,0.11306,0.017291,-0.039629,0.067243,0.079811,0.12111,0.10467,-0.021431,0.03983,-0.037652,-0.0032265,-0.021045,-0.10868,0.095414,0.14221,0.021376,-0.11998,-0.13241,-0.14446,0.020716,0.066272,0.011358,-0.19206,-0.18329,-0.2116,-0.0892,-0.14839,-0.020914,-0.34168,-0.27089,-0.10821,-0.20971,-0.046318,-0.055424,-0.087079,-0.14175,-0.045221,-0.091486,0.19747,0.17411,0.041203,0.045015,-0.10659,-0.43723,-0.12474,-0.15463,-0.061338,0.034894,0.1392,0.073157
0.43486,-0.08245,0.25561,0.32731,-0.048765,-0.12261,0.093071,0.22159,-0.19559,0.21625,0.51748,0.033474,-0.042124,-0.039712,-0.16305,-0.12549,-0.08549,0.13529,0.20013,-0.018208,-0.30595,-0.20681,0.01186,-0.23855,0.32154,0.38981,-0.36303,-0.073078,0.12791,0.017372,0.32057,0.30796,0.28945,-0.017783,0.50599,0.18492,0,0.77011,0.34657,0.3051,0.056569,-0.059983,0.11748,-0.17639,-0.2422,-0.19564,-0.07526,-0.10655,-0.049292,-0.26959,-0.13253,-0.078021,0.41346,0.19388,0.47311,0.068327,0.064604,-0.09571,0.010496,0.16821,0.11919,-0.02293,-0.092684,-0.065518,-0.12483,-0.1062,0.008693,-0.012386,0.13803,0.17168,0.077756,-0.13311,-0.058085,-0.34423,-0.12282,0.22391,0.15977,0.050995,0.138,0.016618,0.14345,-0.052062,0.16554,-0.038841,0.099904,0.13511,-0.01658,-0.031764,0.01719,-0.18951,-0.24244,0.1557,-0.030304,0.3159,0.22145,0.43913,0.52585,-0.089226,-0.089231,-0.17124,-0.0034647,0.19873,0.30803,0.44117,0.39982
0.59983,-0.036117,0.13955,0.21259,0.036389,-0.059635,0.18998,0.31232,-0.1978,0.33203,0.38031,0.074346,-0.0014732,-0.03505,-0.19085,-0.11829,-0.12356,0.069869,0.11636,-0.070736,-0.2248,-0.14114,0.10082,-0.14361,0.38734,0.56395,-0.28407,0.063781,0.2249,0.11695,0.43006,0.38275,0.34028,0.069451,0.57915,0.31293,0.77011,0,0.42703,0.38048,0.14146,0.076183,0.11404,-0.080381,-0.33586,-0.28505,-0.14444,-0.19465,-0.046475,-0.36341,-0.21988,-0.056887,0.24818,0.1082,0.3544,0.063372,0.053699,-0.16906,-0.040082,0.091983,0.064769,0.066969,-0.024327,-0.05214,-0.086666,-0.18161,-0.078108,-0.0090672,0.2114,0.26627,0.1376,-0.2222,-0.16481,-0.43905,-0.1839,0.13278,0.095697,-0.01568,0.05808,-0.076388,0.11676,-0.1332,0.10222,-0.12314,0.011289,0.051779,-0.11776,-0.13269,-0.066463,-0.28625,-0.36051,0.090524,-0.096686,0.33187,0.25287,0.28273,0.35094,-0.17028,-0.17598,-0.1714,-0.072756,0.13386,0.29049,0.35724,0.33021
0.40927,-0.1344,0.014878,0.066237,0.021932,-0.2608,0.30897,0.15984,-0.057179,0.35373,0.27102,-0.015143,-0.12708,-0.14503,-0.19758,-0.14294,0.079894,0.13483,-0.026747,-0.13105,-0.12202,-0.075591,0.32401,-0.090419,0.81331,0.50277,-0.17418,0.07516,0.33813,0.11093,0.48635,0.3027,0.13921,0.076014,0.27787,0.25887,0.34657,0.42703,0,0.30984,0.3537,0.041203,0.19252,0.041623,-0.40671,-0.33415,-0.24106,-0.22502,-0.050577,-0.53974,-0.35224,0.12724,0.14208,-0.025406,0.21961,0.21094,0.17773,-0.025212,0.025148,0.031087,-0.03064,0.2244,-0.021347,0.10266,-0.10556,-0.2495,-0.20223,-0.026424,0.12973,0.20598,0.21234,-0.25621,-0.26554,-0.47529,-0.19566,0.014897,-0.057715,-0.16647,-0.10702,-0.045473,0.10442,-0.17917,-0.0084397,-0.21083,-0.054483,-0.017788,-0.061612,-0.19088,-0.082494,-0.30607,-0.35419,0.19701,-0.075757,0.33896,0.21184,0.14804,0.19646,-0.33927,-0.23454,0.066342,0.11598,0.28519,0.35797,0.32146,0.31615
0.35829,0.14421,0.2194,0.27774,0.069503,0.02132,0.068654,0.37681,0.044973,0.13951,0.22975,0.40087,0.04667,0.042558,0.034293,-0.038536,0.022379,0.041827,0.065166,0.046849,-0.26285,-0.16695,0.018383,-0.24796,0.2683,0.27681,-0.11278,0.17098,0.067757,0.042629,0.14467,0.077621,0.26149,0.038842,0.39846,0.35616,0.3051,0.38048,0.30984,0,0.04615,0.14904,-0.11505,-0.13418,-0.29823,-0.17314,-0.067966,-0.02082,-0.17615,-0.11332,-0.003824,0.087445,0.15845,0.25461,0.14491,0.076166,0.04728,-0.016427,0.15325,0.27583,0.25969,-0.015515,-0.20564,-0.17199,-0.12599,-0.02471,0.062644,0.016092,0.044805,0.045919,0.026188,-0.22488,-0.097692,-0.32138,-0.062897,0.26205,0.28603,0.06787,0.10705,-0.058128,0.10602,0.03088,0.20203,-0.13188,0.042921,0.070692,-0.20506,-0.057741,0.08319,-0.1218,-0.15229,0.034508,0.0041164,0.25441,0.3355,0.18191,0.18517,-0.040165,-0.22601,-0.27031,-0.20552,0.038233,0.10335,0.24433,0.24768
0.28454,-0.078748,-0.28435,-0.20434,0.23331,-0.10123,0.60018,-0.0024317,-0.098903,0.47119,0.058633,-0.16619,-0.093106,-0.21053,-0.18749,-0.25424,0.031859,0.13913,-0.11488,-0.48321,0.23525,0.21635,0.72273,0.27532,0.36978,0.34452,0.066246,0.11362,0.70779,0.42789,0.45364,0.32758,-0.050651,0.21235,-0.017114,0.084588,0.056569,0.14146,0.3537,0.04615,0,0.17611,0.18616,0.27837,-0.30844,-0.40517,-0.53956,-0.52249,0.24033,-0.50054,-0.46074,0.11744,-0.13161,-0.34099,0.0050067,0.15373,0.12649,-0.14035,-0.19335,-0.31868,-0.34906,0.37636,0.19575,0.11008,0.00074685,-0.5893,-0.67208,-0.045234,0.16964,0.29745,0.34421,-0.33161,-0.56277,-0.33483,-0.41665,-0.35069,-0.31126,-0.19434,-0.19838,-0.072011,0.081453,-0.3018,-0.19639,-0.14984,-0.12344,-0.070335,-0.12061,-0.43753,-0.28487,-0.42441,-0.43082,0.11613,-0.11822,0.20422,0.15066,-0.11778,-0.015569,-0.41958,-0.058337,0.21043,0.11107,0.14592,0.23893,0.043119,0.13827
0.15793,0.16909,-0.2163,-0.1829,0.40202,0.32179,0.17658,0.19029,-0.036415,0.26327,-0.14081,0.21599,0.2728,0.062265,0.0396,0.049407,-0.13632,-0.1392,-0.12632,-0.15855,0.16173,0.23665,0.17413,0.25476,0.015664,0.17831,0.14855,0.63041,0.21321,0.3587,0.10427,0.094552,0.1718,0.38566,0.067822,0.29851,-0.059983,0.076183,0.041203,0.14904,0.17611,0,-0.067269,0.20336,-0.16487,-0.19884,-0.1976,-0.20212,0.037942,-0.079763,-0.13508,0.0808,-0.27904,-0.13933,-0.096081,0.0024553,-0.03881,-0.20325,-0.11413,-0.15405,-0.066307,0.21201,0.19237,-0.031905,0.16957,-0.15581,-0.20006,-0.005427,0.17283,0.23607,0.13628,-0.27999,-0.32974,-0.11748,-0.17606,-0.19763,-0.075831,-0.12546,-0.16117,-0.32211,-0.099704,-0.11515,-0.050372,-0.24115,-0.27739,-0.18143,-0.48452,-0.25454,-0.17461,-0.20205,-0.2134,-0.16095,-0.096586,0.062832,0.14561,-0.23547,-0.19619,-0.12194,-0.21724,-0.078243,-0.35074,-0.21373,-0.069899,-0.16204,-0.10015
0.021991,-0.23727,-0.11418,-0.12281,-0.099656,-0.14026,0.17056,0.017544,-0.12732,0.18495,0.06794,-0.28637,-0.10987,-0.12861,-0.20271,0.013539,0.025543,0.0061035,-0.042238,-0.044119,0.012485,0.060654,0.25177,0.092671,0.11898,0.1893,-0.1972,-0.0701,0.15873,0.011922,0.19065,0.2256,0.062065,0.057288,0.053307,0.086396,0.11748,0.11404,0.19252,-0.11505,0.18616,-0.067269,0,0.27545,-0.025009,-0.077076,-0.040504,-0.066516,-0.029514,-0.22436,-0.31099,0.069586,0.030823,-0.1716,0.17613,0.19343,0.27197,0.040602,-0.042695,-0.12233,-0.11678,0.20683,0.17649,0.42932,0.030351,-0.066699,-0.12851,-0.10737,0.12469,0.21619,0.19945,0.055446,-0.058581,-0.055315,-0.046018,-0.16363,-0.3073,-0.40256,-0.32541,-0.1106,-0.2085,-0.17296,-0.1261,-0.23141,-0.24838,-0.12806,0.031219,0.017573,-0.063537,-0.043039,-0.12065,0.20797,0.011585,0.086927,-0.060227,0.13177,0.14566,-0.094731,-0.1082,0.34618,0.3839,0.29471,0.33058,0.051261,0.03702
