,,,,,,,,,,,,,,,,,,,,,,,,,,,,,,,,,,,,,,,,,,,,,,,,,,,,,,,,,,,,,,,,,,,,,,,,,,,,,,,,,,,,,,,,,,,,,,,,,,,,,,,,
0,-0.29556,-0.5059,-0.61543,0.036183,-0.34816,0.021358,-0.14793,-0.1621,-0.38477,-0.34143,-0.34975,-0.41054,-0.51985,-0.42479,-0.58919,-0.33261,-0.45681,-0.40952,-0.52426,-0.28815,-0.52452,-0.36536,-0.39471,-0.35736,-0.35678,-0.29301,-0.55718,-0.28444,-0.17112,-0.54729,-0.48763,-0.50894,-0.4668,-0.50785,-0.53037,-0.40746,-0.54151,-0.10588,-0.2907,0.012665,-0.24363,-0.31078,-0.27502,-0.53319,-0.57603,-0.2777,-0.39755,-0.18237,-0.22864,-0.35742,-0.33856,-0.03356,-0.18943,-0.14269,-0.19909,-0.21714,-0.14132,-0.24113,-0.44569,-0.43615,-0.39969,-0.5754,-0.48559,-0.39667,-0.28023,-0.36587,-0.34028,-0.42125,-0.38146,-0.41908,-0.30195,-0.39665,-0.36614,-0.44052,-0.26637,-0.54122,-0.53531,-0.50549,-0.33949,-0.55757,-0.42199,-0.48949,-0.66367,-0.57125,-0.48909,-0.49769,-0.3518,-0.29623,-0.31515,-0.46139,-0.065226,-0.23307,-0.0082808,-0.35919,-0.31919,-0.4908,-0.23355,-0.53099,-0.48677,-0.53092,-0.44278,-0.64031,-0.50965,-0.36518
-0.29556,0,-0.47477,-0.50543,-0.30994,0.076928,-0.51988,-0.24643,-0.47697,-0.50871,-0.74774,-0.15264,-0.74772,-0.76053,-0.14315,-0.20103,-0.24553,-0.33613,-0.60529,-0.072139,-0.17597,-0.16522,-0.54656,-0.075503,-0.65628,-0.4782,-0.17482,-0.14039,-0.58332,-0.35848,-0.49784,-0.60481,-0.77665,-0.84006,-0.61567,-0.69101,-0.75835,-0.91688,-0.61679,-0.3811,-0.31397,-0.051883,-0.074641,0.0021858,-0.17564,-0.40431,-0.1336,-0.093066,-0.49417,-0.4268,-0.45022,-0.40551,-0.34788,-0.1431,-0.2533,-0.17854,-0.18226,-0.16038,-0.14425,-0.19043,-0.05922,-0.43686,-0.30285,-0.35772,-0.23984,-0.13766,-0.1561,-0.60346,-0.28219,-0.42783,-0.3115,-0.14345,-0.10453,-0.13694,-0.30782,-0.5476,-0.34269,-0.63518,-0.70329,-0.59349,-0.67838,-0.20933,-0.32265,-0.52142,-0.52782,-0.62798,-0.60518,-0.090354,-0.13849,0.10784,-0.20628,-0.47918,-0.14115,-0.30326,-0.13338,-0.27653,-0.2066,-0.61401,-0.38834,-0.44911,-0.28973,-0.44411,-0.39006,-0.16764,-0.31127
-0.5059,-0.47477,0,0.677,-0.19632,-0.23488,-0.37768,-0.25164,-0.63352,-0.54501,-0.36682,-0.42791,-0.11578,-0.068698,-0.1184,-0.1702,-0.2407,0.10941,-0.39401,-0.093294,-0.35964,-0.22646,-0.30425,-0.21847,-0.32806,-0.69559,-0.48997,-0.59895,-0.55836,-0.63199,-0.46114,-0.46087,-0.18047,-0.10268,-0.20516,-0.22049,-0.17416,-0.28916,-0.52432,-0.40925,-0.46404,-0.47179,-0.37394,-0.45523,-0.55486,-0.48764,-0.065505,0.048126,-0.20716,0.15065,0.23461,-0.18618,-0.1657,-0.19348,-0.22209,-0.30605,-0.19297,-0.23232,-0.20546,-0.10626,-0.041429,-0.39341,-0.37944,-0.16476,-0.26057,0.0099408,0.089245,-0.46896,-0.43395,-0.46582,-0.5069,-0.34194,-0.27568,-0.45488,-0.20998,-0.14453,-0.075636,0.2992,0.16612,-0.098609,-0.1768,0.061444,0.27614,0.25479,0.23612,0.053917,0.1948,-0.030469,-0.13761,-0.27904,-0.47218,-0.082358,-0.13795,-0.6034,-0.62114,-0.17139,-0.22756,-0.13304,0.12829,-0.089308,-0.079501,-0.0049039,0.030741,-0.40656,-0.10923
-0.61543,-0.50543,0.677,0,-0.32521,-0.32819,-0.47311,-0.39932,-0.69511,-0.6598,-0.38854,-0.42433,-0.13546,-0.033034,-0.10498,-0.095511,-0.33144,0.099142,-0.49802,-0.15733,-0.39082,-0.28046,-0.38467,-0.32822,-0.36507,-0.75776,-0.50247,-0.56417,-0.56041,-0.76097,-0.391,-0.45223,-0.17245,-0.12512,-0.2197,-0.28001,-0.1955,-0.24315,-0.61977,-0.48942,-0.64304,-0.61534,-0.35151,-0.5603,-0.47325,-0.41152,-0.0887,-0.0045681,-0.21591,0.11134,0.20133,-0.15135,-0.29129,-0.26622,-0.26054,-0.42652,-0.30873,-0.35778,-0.3284,-0.061773,-0.00069059,-0.38823,-0.32213,-0.14364,-0.27815,-0.031045,0.058447,-0.36414,-0.4433,-0.41513,-0.43979,-0.31386,-0.27161,-0.4426,-0.20217,-0.17773,0.0025026,0.17262,0.20842,-0.039345,-0.02011,-0.0075902,0.32936,0.256,0.40584,0.013983,0.16802,-0.077967,-0.18864,-0.26246,-0.41864,-0.21133,-0.21246,-0.64688,-0.57238,-0.17836,-0.12523,-0.26065,0.15695,-0.082871,-0.1022,0.014331,0.055349,-0.33306,-0.039066
0.036183,-0.30994,-0.19632,-0.32521,0,-0.093275,-0.0074065,-0.033117,-0.10725,-0.29129,-0.38751,-0.28347,-0.21799,-0.24325,-0.24385,-0.37664,-0.11297,-0.21016,-0.43827,-0.33925,-0.0517,-0.23945,-0.11546,-0.097944,-0.23435,-0.42834,-0.10617,-0.46687,-0.30057,-0.19361,-0.59512,-0.49021,-0.37233,-0.21982,-0.49402,-0.38371,-0.58441,-0.55852,-0.32515,-0.28706,0.013489,-0.10077,-0.46206,-0.2518,-0.53511,-0.62075,-0.13101,-0.13987,-0.0048468,-0.15936,-0.21841,-0.33379,0.098806,-0.020154,-0.041404,-0.14868,-0.2035,-0.12119,-0.20202,-0.16195,-0.19986,-0.27929,-0.42999,-0.30887,-0.33712,-0.1453,-0.18979,-0.47004,-0.34482,-0.39739,-0.47756,-0.34768,-0.37053,-0.35711,-0.37622,-0.25281,-0.24153,-0.2291,-0.26656,-0.38856,-0.5656,-0.2664,-0.32923,-0.26244,-0.30725,-0.35041,-0.35957,-0.12139,-0.19869,-0.28539,-0.54541,0.04672,0.026059,-0.1795,-0.33436,-0.38705,-0.40453,-0.044388,-0.25224,-0.21212,-0.26433,-0.1738,-0.31407,-0.58261,-0.33076
-0.34816,0.076928,-0.23488,-0.32819,-0.093275,0,-0.56288,-0.17541,-0.57599,-0.36431,-0.83198,-0.37577,-0.54634,-0.52108,-0.050718,0.0064118,-0.013451,-0.12569,-0.49523,0.084424,-0.02687,0.20859,-0.37107,0.37371,-0.62928,-0.48,-0.191,-0.099819,-0.40585,-0.19654,-0.41185,-0.44312,-0.51987,-0.51299,-0.49016,-0.42153,-0.75407,-0.8481,-0.69308,-0.43291,-0.23613,0.055374,-0.29091,0.15916,-0.46541,-0.57004,0.011981,0.075541,-0.30611,-0.46283,-0.41671,-0.17378,-0.090956,0.092457,-0.097805,0.11139,0.026236,0.11352,0.11839,-0.11383,0.025495,-0.12037,-0.015047,-0.12034,-0.044591,-0.034213,-0.05016,-0.78469,-0.19228,-0.29282,-0.27349,-0.25116,-0.14286,-0.31961,-0.26661,-0.61797,-0.39599,-0.38777,-0.53978,-0.73453,-0.8742,-0.036652,-0.14331,-0.2367,-0.38455,-0.60245,-0.56985,0.13363,0.16937,-0.13254,-0.44203,-0.28319,0.19607,-0.4344,-0.23836,-0.40898,-0.13166,-0.50412,-0.29182,-0.10759,-0.021364,-0.17675,-0.07855,-0.26284,-0.37411
0.021358,-0.51988,-0.37768,-0.47311,-0.0074065,-0.56288,0,0.045953,0.033535,-0.27148,0.001774,-0.12825,-0.20865,-0.26699,-0.59424,-0.78631,-0.38759,-0.63272,-0.25074,-0.75492,-0.46995,-0.70615,-0.11273,-0.55839,0.06968,-0.15389,-0.48664,-0.72369,-0.40316,-0.2847,-0.60787,-0.39066,-0.38373,-0.32103,-0.43296,-0.26366,-0.26416,-0.16558,0.16598,0.0093452,-0.045313,-0.30768,-0.53565,-0.52567,-0.38734,-0.36492,-0.41975,-0.49724,-0.35167,-0.17452,-0.21557,-0.65726,-0.3229,-0.51587,-0.45501,-0.57201,-0.55756,-0.50567,-0.59878,-0.47297,-0.58734,-0.61427,-0.83905,-0.64754,-0.71022,-0.46186,-0.44926,-0.39269,-0.58474,-0.64464,-0.69682,-0.47468,-0.54666,-0.41121,-0.42379,0.054107,-0.22465,-0.32849,-0.26372,-0.17987,-0.38158,-0.5714,-0.63252,-0.53393,-0.4691,-0.22434,-0.22556,-0.4793,-0.56487,-0.48708,-0.47489,-0.1655,-0.42894,0.0282,-0.37245,-0.36039,-0.69825,0.051921,-0.33458,-0.54188,-0.5314,-0.50602,-0.64118,-0.50671,-0.39205
-0.14793,-0.24643,-0.25164,-0.39932,-0.033117,-0.17541,0.045953,0,-0.24641,-0.19632,-0.27876,-0.035379,-0.47728,-0.51079,-0.42208,-0.55326,-0.28087,-0.56143,-0.26504,-0.39767,-0.46299,-0.45377,-0.24972,-0.29402,-0.14043,-0.17905,-0.46702,-0.55713,-0.5842,-0.31549,-0.58299,-0.43541,-0.60326,-0.56752,-0.46148,-0.21986,-0.3615,-0.38222,-0.13677,0.075414,-0.14653,-0.095841,-0.32438,-0.085995,-0.33058,-0.43692,-0.15125,-0.20276,-0.46651,-0.28166,-0.24705,-0.54554,-0.19914,-0.31468,-0.34787,-0.27059,-0.29621,-0.26114,-0.25926,-0.39573,-0.37535,-0.5643,-0.62642,-0.47272,-0.52965,-0.2038,-0.20338,-0.71803,-0.41046,-0.59482,-0.64851,-0.32346,-0.28162,-0.3056,-0.24989,0.017759,-0.14326,-0.33396,-0.43013,-0.39159,-0.61504,-0.35351,-0.49093,-0.53349,-0.57414,-0.34857,-0.35208,-0.20079,-0.31305,-0.2612,-0.48127,-0.24372,-0.2761,-0.15906,-0.3631,-0.19656,-0.41471,-0.037577,-0.16048,-0.4794,-0.36687,-0.53071,-0.46595,-0.52269,-0.45067
-0.1621,-0.47697,-0.63352,-0.69511,-0.10725,-0.57599,0.033535,-0.24641,0,0.032192,-0.055343,-0.11264,-0.35206,-0.34825,-0.6086,-0.73459,-0.369,-0.67553,-0.12191,-0.73025,-0.37014,-0.64111,-0.12493,-0.47399,0.17065,0.0077106,-0.27109,-0.49497,-0.25193,-0.21336,-0.52283,-0.3504,-0.4842,-0.37252,-0.63554,-0.46787,-0.5024,-0.35473,-0.12086,-0.1825,-0.1485,-0.31126,-0.64589,-0.45938,-0.21276,-0.24467,-0.71762,-0.72082,-0.34205,-0.43853,-0.55625,-0.82334,-0.39909,-0.51046,-0.4408,-0.482,-0.60844,-0.59566,-0.64617,-0.46355,-0.66704,-0.52428,-0.68018,-0.64123,-0.68616,-0.70571,-0.73965,-0.37602,-0.43762,-0.52681,-0.59055,-0.46789,-0.55848,-0.25826,-0.51726,-0.24467,-0.2686,-0.51038,-0.51277,-0.4192,-0.38755,-0.66117,-0.87598,-0.53953,-0.63354,-0.3055,-0.44106,-0.70934,-0.79138,-0.53841,-0.33243,-0.30196,-0.49341,0.00046251,-0.20925,-0.5471,-0.69667,-0.15163,-0.56013,-0.55882,-0.648,-0.57772,-0.73416,-0.68404,-0.59068
-0.38477,-0.50871,-0.54501,-0.6598,-0.29129,-0.36431,-0.27148,-0.19632,0.032192,0,-0.1978,-0.35477,-0.43763,-0.53154,-0.5254,-0.50474,-0.31246,-0.59198,-0.020357,-0.49384,-0.35042,-0.38868,-0.092033,-0.23554,-0.062793,0.24823,-0.40324,-0.36193,-0.066348,0.069104,-0.17917,0.040435,-0.35648,-0.38818,-0.34306,-0.15739,-0.34692,-0.30678,-0.16208,-0.26102,-0.19161,-0.15943,-0.54037,-0.16972,-0.31267,-0.26348,-0.66737,-0.59932,-0.43511,-0.68691,-0.71945,-0.60004,-0.32778,-0.41941,-0.37208,-0.21909,-0.40557,-0.41523,-0.39061,-0.54346,-0.66151,-0.29319,-0.41287,-0.38056,-0.42481,-0.66379,-0.67213,-0.49574,-0.1798,-0.26898,-0.37878,-0.4015,-0.39387,-0.38731,-0.41709,-0.45798,-0.48214,-0.41511,-0.60774,-0.57362,-0.59795,-0.52689,-0.78849,-0.46597,-0.74916,-0.40796,-0.51569,-0.63805,-0.5202,-0.6523,-0.48907,-0.28893,-0.39401,-0.33203,-0.31276,-0.64827,-0.63827,-0.2663,-0.57203,-0.43332,-0.50974,-0.58165,-0.55578,-0.77547,-0.7603
-0.34143,-0.74774,-0.36682,-0.38854,-0.38751,-0.83198,0.001774,-0.27876,-0.055343,-0.1978,0,-0.19,-0.002642,-0.10612,-0.87669,-0.87683,-0.81938,-0.73721,-0.094181,-0.7752,-0.87002,-0.88212,-0.30742,-0.78785,0.07926,-0.10527,-0.6588,-0.69749,-0.43625,-0.46901,-0.37924,-0.2495,-0.11936,-0.15096,-0.14973,-0.044686,0.071803,0.24504,0.15727,0.0021288,-0.34397,-0.45499,-0.57984,-0.68606,-0.33835,-0.2345,-0.80973,-0.79769,-0.60362,-0.16449,-0.18974,-0.82545,-0.63688,-0.87255,-0.68247,-0.80532,-0.74049,-0.87643,-0.88629,-0.74336,-0.88474,-0.73652,-0.90568,-0.85719,-0.9705,-0.82967,-0.78723,-0.32047,-0.76977,-0.61583,-0.88228,-0.74184,-0.83535,-0.52777,-0.60549,0.10214,-0.26009,-0.12433,-0.12687,0.024183,-0.024519,-0.82455,-0.69473,-0.43312,-0.38864,0.1005,-0.075275,-0.87813,-0.96944,-0.75675,-0.42479,-0.27117,-0.72171,-0.3212,-0.52521,-0.3666,-0.69725,-0.11939,-0.44569,-0.74878,-0.79308,-0.6636,-0.78655,-0.6817,-0.59618
-0.34975,-0.15264,-0.42791,-0.42433,-0.28347,-0.37577,-0.12825,-0.035379,-0.11264,-0.35477,-0.19,0,-0.46489,-0.3672,-0.6151,-0.52374,-0.56456,-0.6299,-0.34744,-0.4151,-0.59251,-0.57418,-0.32779,-0.42645,-0.13652,-0.1724,-0.47083,-0.33575,-0.72998,-0.6166,-0.6149,-0.55199,-0.61453,-0.61702,-0.60013,-0.44831,-0.46274,-0.32546,-0.23848,0.17058,-0.37901,-0.2154,-0.40623,-0.36263,-0.055621,-0.27194,-0.4453,-0.47541,-0.67022,-0.29101,-0.28606,-0.85091,-0.56738,-0.53653,-0.48012,-0.59947,-0.64392,-0.70495,-0.66587,-0.35626,-0.36447,-0.82329,-0.66414,-0.68446,-0.75429,-0.48057,-0.46147,-0.60312,-0.56472,-0.80546,-0.78867,-0.43278,-0.46191,-0.23357,-0.47093,0.021136,0.090968,-0.44387,-0.40604,-0.26504,-0.28436,-0.59189,-0.60255,-0.50128,-0.43618,-0.2588,-0.33582,-0.49931,-0.67597,-0.29419,-0.30598,-0.47476,-0.40484,-0.0092882,0.052713,-0.12931,-0.26136,-0.22847,-0.19887,-0.68812,-0.53385,-0.65986,-0.60485,-0.35036,-0.36134
-0.41054,-0.74772,-0.11578,-0.13546,-0.21799,-0.54634,-0.20865,-0.47728,-0.35206,-0.43763,-0.002642,-0.46489,0,0.48674,-0.56899,-0.52652,-0.58177,-0.28733,-0.36893,-0.45269,-0.45756,-0.47323,-0.15678,-0.4627,-0.26909,-0.53192,-0.42701,-0.60526,-0.30583,-0.42507,-0.43167,-0.37677,0.39424,0.61796,0.02284,0.027028,-0.1115,-0.016562,-0.13632,-0.24434,-0.29758,-0.39718,-0.70235,-0.79903,-0.67427,-0.5119,-0.52568,-0.45365,-0.29003,0.035144,0.055197,-0.40964,-0.40542,-0.51569,-0.44054,-0.61427,-0.56423,-0.56697,-0.57084,-0.49154,-0.49138,-0.45299,-0.58247,-0.51617,-0.58955,-0.52901,-0.49779,-0.22055,-0.7042,-0.49339,-0.61305,-0.78775,-0.85608,-0.65838,-0.59546,-0.19147,-0.36202,0.2724,0.39107,0.057516,-0.08519,-0.53843,-0.30856,-0.038433,0.086147,0.0042639,-0.010688,-0.51395,-0.53204,-0.66729,-0.51017,-0.13761,-0.36904,-0.56773,-0.62684,-0.45782,-0.5693,-0.14594,-0.31364,-0.37801,-0.44287,-0.25821,-0.40121,-0.57551,-0.39945
-0.51985,-0.76053,-0.068698,-0.033034,-0.24325,-0.52108,-0.26699,-0.51079,-0.34825,-0.53154,-0.10612,-0.3672,0.48674,0,-0.53453,-0.45452,-0.50022,-0.24405,-0.32795,-0.41121,-0.45812,-0.43882,-0.1419,-0.45611,-0.2065,-0.56574,-0.42227,-0.53435,-0.40956,-0.5779,-0.54535,-0.48172,0.11018,0.39931,-0.20966,-0.1412,-0.25945,-0.073856,-0.29364,-0.2504,-0.39142,-0.48698,-0.81227,-0.86376,-0.61173,-0.47637,-0.50619,-0.46011,-0.28612,-0.013026,0.020452,-0.40566,-0.44044,-0.5145,-0.47147,-0.65802,-0.61055,-0.61754,-0.61782,-0.36142,-0.4045,-0.45461,-0.49014,-0.49296,-0.58026,-0.50574,-0.46421,-0.30974,-0.72747,-0.60739,-0.65819,-0.80608,-0.82745,-0.59072,-0.56954,-0.15666,-0.20631,0.1628,0.36921,-0.051104,-0.022929,-0.46734,-0.22601,0.098837,0.23109,0.048684,0.030038,-0.47073,-0.56378,-0.63512,-0.46137,-0.25994,-0.37552,-0.46537,-0.49897,-0.41249,-0.43115,-0.15274,-0.22266,-0.2714,-0.32725,-0.1544,-0.26692,-0.4452,-0.34257
-0.42479,-0.14315,-0.1184,-0.10498,-0.24385,-0.050718,-0.59424,-0.42208,-0.6086,-0.5254,-0.87669,-0.6151,-0.56899,-0.53453,0,0.18716,0.06534,0.087306,-0.63628,-0.1063,0.11423,-0.038014,-0.42275,-0.077568,-0.49986,-0.67861,-0.14419,-0.36056,-0.32795,-0.31701,-0.25325,-0.35437,-0.49729,-0.45094,-0.46958,-0.56554,-0.60997,-0.75464,-0.88965,-0.86082,-0.42366,-0.40889,-0.10237,-0.15082,-0.33688,-0.36138,0.12983,0.24998,0.016302,-0.33686,-0.37087,0.098318,-0.071201,0.1223,-0.042722,-0.023651,0.0043907,0.064105,0.049444,0.21665,0.23611,0.012469,0.0091361,0.22831,0.20385,0.26239,0.28406,-0.36267,-0.022112,-0.078988,0.010055,0.14167,0.27266,-0.24137,0.019001,-0.61126,-0.31089,-0.41009,-0.43489,-0.53781,-0.51644,0.28641,0.1447,-0.18865,-0.24441,-0.50199,-0.35909,0.27621,0.29002,-0.026756,-0.32574,-0.28266,0.0038711,-0.55347,-0.48821,-0.45453,-0.21328,-0.57614,-0.25543,0.16645,0.10061,0.10372,0.10915,-0.28412,-0.1726
-0.58919,-0.20103,-0.1702,-0.095511,-0.37664,0.0064118,-0.78631,-0.55326,-0.73459,-0.50474,-0.87683,-0.52374,-0.52652,-0.45452,0.18716,0,-0.21226,0.12835,-0.74802,0.020287,-0.057655,0.12426,-0.4806,0.004283,-0.67505,-0.58208,-0.26252,-0.019178,-0.27344,-0.39587,-0.046111,-0.23115,-0.32709,-0.40584,-0.34744,-0.48111,-0.54773,-0.59624,-0.97399,-0.75407,-0.58286,-0.35433,-0.12265,-0.17962,-0.36587,-0.42938,-0.023588,0.03707,-0.12771,-0.48288,-0.41454,0.033231,-0.18469,0.081047,0.033111,-0.076054,-0.099275,-0.15301,-0.12408,0.22729,0.36655,0.058346,0.33684,0.30446,0.191,0.0060316,0.026097,-0.39351,0.056382,0.032293,0.01914,-0.0057972,0.054931,-0.41347,-0.16935,-0.6695,-0.33305,-0.38087,-0.38708,-0.53424,-0.44529,-0.023879,0.038756,-0.12724,-0.15635,-0.56582,-0.47308,-0.014249,0.11465,-0.21492,-0.50075,-0.30408,0.12324,-0.61434,-0.21047,-0.37483,0.10086,-0.64075,-0.21759,0.057117,-0.019571,0.0038901,0.16061,-0.14791,-0.066088
-0.33261,-0.24553,-0.2407,-0.33144,-0.11297,-0.013451,-0.38759,-0.28087,-0.369,-0.31246,-0.81938,-0.56456,-0.58177,-0.50022,0.06534,-0.21226,0,-0.091602,-0.29074,-0.20682,0.17689,-0.023461,-0.15677,0.052745,-0.34923,-0.47046,-0.16891,-0.40333,-0.29618,-0.13492,-0.57309,-0.47263,-0.6357,-0.46606,-0.71664,-0.59135,-0.76379,-0.83243,-0.64864,-0.63634,-0.17558,-0.31091,-0.48947,-0.17772,-0.47975,-0.42625,-0.10418,-0.051142,-0.090785,-0.45778,-0.49758,-0.16446,-0.052238,-0.03332,-0.22261,-0.01333,-0.067254,0.1507,0.055875,-0.10029,-0.15896,-0.10176,-0.16057,-0.066722,-0.021738,-0.067019,-0.05545,-0.57582,-0.16444,-0.36226,-0.18213,-0.17597,-0.073583,-0.20179,-0.12872,-0.66864,-0.39699,-0.45508,-0.54466,-0.75146,-0.78643,0.19591,-0.13191,-0.18323,-0.39666,-0.51837,-0.41795,0.07945,0.053974,-0.17088,-0.30813,-0.30204,-0.091032,-0.30616,-0.41497,-0.57901,-0.43825,-0.37072,-0.31615,0.1195,0.11224,-0.023588,-0.015199,-0.30501,-0.33503
-0.45681,-0.33613,0.10941,0.099142,-0.21016,-0.12569,-0.63272,-0.56143,-0.67553,-0.59198,-0.73721,-0.6299,-0.28733,-0.24405,0.087306,0.12835,-0.091602,0,-0.57865,0.18144,0.027985,0.17127,-0.30375,0.053765,-0.62717,-0.85746,-0.17575,-0.25797,-0.33462,-0.46471,-0.36034,-0.45211,-0.22148,-0.14971,-0.30041,-0.48482,-0.427,-0.57974,-0.77369,-0.75961,-0.38608,-0.39654,-0.27808,-0.35039,-0.63238,-0.62475,-0.056369,0.065854,0.04117,-0.17809,-0.17902,0.09854,0.025799,0.1559,0.085596,-0.038635,0.010182,0.0057085,0.013527,0.067761,0.18695,-0.06598,-0.045864,0.166,0.17342,0.07786,0.072278,-0.30783,-0.13278,-0.20162,-0.1553,-0.196,-0.1384,-0.43443,-0.28691,-0.55399,-0.37704,-0.073083,-0.11437,-0.34153,-0.34084,0.17239,0.32854,0.2058,0.12479,-0.29428,-0.1835,0.01933,0.081066,-0.22916,-0.51133,-0.081921,0.09484,-0.57352,-0.43705,-0.26632,-0.11295,-0.32127,-0.10723,0.14107,0.076536,0.26658,0.24966,-0.30785,0.00088067
-0.40952,-0.60529,-0.39401,-0.49802,-0.43827,-0.49523,-0.25074,-0.26504,-0.12191,-0.020357,-0.094181,-0.34744,-0.36893,-0.32795,-0.63628,-0.74802,-0.29074,-0.57865,0,-0.43692,-0.58043,-0.4963,-0.11528,-0.40077,0.052732,-0.076548,-0.62027,-0.55381,-0.43103,-0.28406,-0.52125,-0.28276,-0.4513,-0.3493,-0.47246,-0.26497,-0.26212,-0.24972,-0.13742,-0.21008,-0.19059,-0.3884,-0.76187,-0.40003,-0.37952,-0.19423,-0.7693,-0.73517,-0.62199,-0.45708,-0.54013,-0.62047,-0.43248,-0.61232,-0.64182,-0.37431,-0.46239,-0.43539,-0.43117,-0.6679,-0.83226,-0.49301,-0.54813,-0.59197,-0.51325,-0.69962,-0.68219,-0.68044,-0.55474,-0.71486,-0.68674,-0.63682,-0.54634,-0.32591,-0.44124,-0.28328,-0.45626,-0.31072,-0.47946,-0.50697,-0.46081,-0.38183,-0.53341,-0.30813,-0.57407,-0.088865,-0.16824,-0.64236,-0.6359,-0.67392,-0.28577,-0.3851,-0.61991,-0.18429,-0.47426,-0.51698,-0.73048,-0.17131,-0.53031,-0.3969,-0.36331,-0.45678,-0.46178,-0.53904,-0.78827
-0.52426,-0.072139,-0.093294,-0.15733,-0.33925,0.084424,-0.75492,-0.39767,-0.73025,-0.49384,-0.7752,-0.4151,-0.45269,-0.41121,-0.1063,0.020287,-0.20682,0.18144,-0.43692,0,-0.14167,0.2833,-0.31956,0.25162,-0.70538,-0.6578,-0.2235,-0.047429,-0.50239,-0.44841,-0.40519,-0.4769,-0.38093,-0.36151,-0.31854,-0.42927,-0.4727,-0.65499,-0.68269,-0.48575,-0.31128,-0.12161,-0.20819,-0.083385,-0.52153,-0.62031,-0.16005,-0.045782,-0.33028,-0.34957,-0.32679,-0.10279,-0.089568,0.081775,-0.050109,0.087883,0.04468,-0.0041372,0.1174,-0.10442,0.072291,-0.2013,-0.063623,-0.046625,0.10512,-0.052739,-0.07167,-0.56813,-0.14857,-0.36377,-0.27695,-0.28568,-0.14877,-0.39356,-0.36875,-0.53562,-0.44307,-0.19094,-0.33565,-0.5075,-0.52488,0.03785,0.040783,-0.033681,-0.16821,-0.35082,-0.29687,-0.072189,-0.013787,-0.2272,-0.48157,-0.276,0.022245,-0.50048,-0.30327,-0.16805,-0.074717,-0.36524,-0.20407,-0.10885,0.042164,-0.082073,0.060082,-0.26776,-0.24053
-0.28815,-0.17597,-0.35964,-0.39082,-0.0517,-0.02687,-0.46995,-0.46299,-0.37014,-0.35042,-0.87002,-0.59251,-0.45756,-0.45812,0.11423,-0.057655,0.17689,0.027985,-0.58043,-0.14167,0,0.11354,-0.10781,0.16904,-0.50587,-0.49909,0.22122,-0.20333,-0.048753,-0.0027497,-0.37044,-0.35533,-0.41097,-0.3325,-0.48692,-0.53614,-0.77463,-0.78842,-0.6195,-0.68678,-0.098831,-0.14344,-0.32724,-0.1504,-0.55852,-0.5804,-0.16991,-0.098939,0.14951,-0.47194,-0.52132,0.0040105,0.014971,0.18288,0.032616,0.042209,-0.03605,0.073184,0.017151,0.0084519,-0.035429,0.15028,-0.021035,0.050084,0.13622,-0.12846,-0.15283,-0.25194,0.038084,-0.097963,0.085646,-0.17481,-0.13989,-0.39225,-0.35637,-0.80371,-0.51158,-0.45356,-0.46597,-0.60153,-0.65615,-0.0836,-0.19849,-0.2198,-0.31784,-0.59818,-0.51604,-0.045947,0.08315,-0.26703,-0.49212,-0.23615,0.1096,-0.36584,-0.32443,-0.5872,-0.36311,-0.48212,-0.43997,0.10224,-0.0029841,0.020845,-0.085247,-0.39028,-0.30654
-0.52452,-0.16522,-0.22646,-0.28046,-0.23945,0.20859,-0.70615,-0.45377,-0.64111,-0.38868,-0.88212,-0.57418,-0.47323,-0.43882,-0.038014,0.12426,-0.023461,0.17127,-0.4963,0.2833,0.11354,0,-0.26943,0.45494,-0.71133,-0.55034,-0.076998,0.12252,-0.30092,-0.22518,-0.29312,-0.33507,-0.34101,-0.32864,-0.34628,-0.40293,-0.63441,-0.6931,-0.75573,-0.6317,-0.23066,-0.061748,-0.28196,-0.032388,-0.57227,-0.62793,-0.14582,-0.044128,-0.20513,-0.56159,-0.4921,-0.046827,-0.071252,0.12061,-0.051484,0.11999,0.060399,0.083632,0.092419,-0.083068,-0.0037127,0.12042,0.22398,0.087389,0.24332,-0.11848,-0.12786,-0.52803,0.00038648,-0.16682,-0.12658,-0.29193,-0.15595,-0.4466,-0.37058,-0.77425,-0.53523,-0.28439,-0.41589,-0.71053,-0.7054,-0.035569,-0.095638,-0.076225,-0.27557,-0.53022,-0.47149,-0.014167,0.11025,-0.31028,-0.58017,-0.25442,0.10199,-0.5083,-0.28531,-0.40216,-0.15729,-0.44018,-0.29431,0.071518,0.14187,0.023506,0.18169,-0.24915,-0.30003
-0.36536,-0.54656,-0.30425,-0.38467,-0.11546,-0.37107,-0.11273,-0.24972,-0.12493,-0.092033,-0.30742,-0.32779,-0.15678,-0.1419,-0.42275,-0.4806,-0.15677,-0.30375,-0.11528,-0.31956,-0.10781,-0.26943,0,-0.1347,-0.029854,-0.19129,-0.25871,-0.43423,-0.14282,-0.067419,-0.47522,-0.20995,-0.22964,-0.098261,-0.34665,-0.15507,-0.39664,-0.2458,-0.11207,-0.20984,0.040973,-0.15897,-0.69836,-0.41493,-0.54905,-0.43039,-0.52353,-0.47943,-0.23358,-0.37722,-0.42181,-0.3576,-0.17947,-0.30014,-0.28218,-0.2899,-0.43022,-0.35261,-0.35666,-0.31898,-0.445,-0.23969,-0.39355,-0.28745,-0.30946,-0.48956,-0.46407,-0.36156,-0.29125,-0.49391,-0.37292,-0.52079,-0.47095,-0.50333,-0.49822,-0.35094,-0.38366,-0.18211,-0.22572,-0.36754,-0.46948,-0.36767,-0.44359,-0.13676,-0.3069,-0.21794,-0.16892,-0.43795,-0.38704,-0.646,-0.55534,-0.22013,-0.22949,-0.14679,-0.32347,-0.53942,-0.60656,-0.0545,-0.35968,-0.11907,-0.12915,-0.17319,-0.26589,-0.53598,-0.51155
-0.39471,-0.075503,-0.21847,-0.32822,-0.097944,0.37371,-0.55839,-0.29402,-0.47399,-0.23554,-0.78785,-0.42645,-0.4627,-0.45611,-0.077568,0.004283,0.052745,0.053765,-0.40077,0.25162,0.16904,0.45494,-0.1347,0,-0.55189,-0.42672,-0.10539,-0.038084,-0.27082,-0.11557,-0.37246,-0.34514,-0.38349,-0.36389,-0.39838,-0.38378,-0.64125,-0.75619,-0.59974,-0.46866,-0.095391,0.11431,-0.36332,0.063966,-0.55331,-0.60709,-0.19141,-0.068261,-0.20048,-0.47736,-0.4604,-0.16077,-0.0047201,0.16549,-0.0024139,0.23021,0.060139,0.10392,0.14591,-0.10271,-0.021763,-0.021484,-0.012881,-0.019869,0.087287,-0.15045,-0.16114,-0.60673,-0.049875,-0.27072,-0.20991,-0.27861,-0.17506,-0.39794,-0.37645,-0.69253,-0.49003,-0.29432,-0.46132,-0.65692,-0.76488,-0.036773,-0.16686,-0.10142,-0.31463,-0.48786,-0.45854,-0.065074,0.066493,-0.30591,-0.53274,-0.17493,0.29052,-0.4148,-0.22362,-0.44438,-0.2524,-0.39491,-0.32226,-0.025001,0.03216,-0.10837,-0.033947,-0.37181,-0.36235
-0.35736,-0.65628,-0.32806,-0.36507,-0.23435,-0.62928,0.06968,-0.14043,0.17065,-0.062793,0.07926,-0.13652,-0.26909,-0.2065,-0.49986,-0.67505,-0.34923,-0.62717,0.052732,-0.70538,-0.50587,-0.71133,-0.029854,-0.55189,0,-0.022093,-0.50852,-0.73102,-0.38211,-0.3426,-0.46438,-0.23035,-0.40099,-0.29259,-0.49213,-0.24261,-0.27401,-0.10107,-0.090873,-0.12692,-0.25824,-0.45954,-0.67007,-0.52741,-0.20995,-0.080166,-0.61839,-0.60993,-0.39,-0.28888,-0.3615,-0.67859,-0.44013,-0.60661,-0.55,-0.56783,-0.63504,-0.63051,-0.6511,-0.41002,-0.62808,-0.52044,-0.66884,-0.53973,-0.66877,-0.59283,-0.54637,-0.43843,-0.51357,-0.62293,-0.67161,-0.46059,-0.47447,-0.32488,-0.34261,-0.012456,-0.084861,-0.29952,-0.30968,-0.27171,-0.2395,-0.49384,-0.58168,-0.35628,-0.45204,-0.038325,-0.09541,-0.58184,-0.68652,-0.60513,-0.32679,-0.29218,-0.52595,-0.11923,-0.41784,-0.50501,-0.6914,-0.10287,-0.36266,-0.37882,-0.42541,-0.423,-0.50197,-0.62233,-0.5765
-0.35678,-0.4782,-0.69559,-0.75776,-0.42834,-0.48,-0.15389,-0.17905,0.0077106,0.24823,-0.10527,-0.1724,-0.53192,-0.56574,-0.67861,-0.58208,-0.47046,-0.85746,-0.076548,-0.6578,-0.49909,-0.55034,-0.19129,-0.42672,-0.022093,0,-0.47389,-0.30686,-0.15937,-0.060113,-0.2195,0.017569,-0.44602,-0.55204,-0.38237,-0.19838,-0.29854,-0.15428,-0.02272,-0.039833,-0.21284,-0.16605,-0.43975,-0.21922,-0.28802,-0.2655,-0.78802,-0.82849,-0.57577,-0.7456,-0.72476,-0.70137,-0.51887,-0.5749,-0.51224,-0.42082,-0.49535,-0.60547,-0.595,-0.56668,-0.74637,-0.40652,-0.4674,-0.57214,-0.56075,-0.85024,-0.83137,-0.43682,-0.26977,-0.37264,-0.43262,-0.507,-0.5075,-0.54352,-0.58792,-0.31605,-0.4305,-0.58661,-0.65932,-0.48893,-0.47662,-0.75311,-1,-0.67735,-0.83061,-0.38738,-0.52929,-0.80795,-0.67121,-0.78253,-0.57684,-0.45031,-0.52183,-0.13012,-0.18036,-0.50548,-0.58466,-0.36687,-0.68133,-0.59365,-0.63934,-0.75551,-0.71661,-0.55676,-0.72741
-0.29301,-0.17482,-0.48997,-0.50247,-0.10617,-0.191,-0.48664,-0.46702,-0.27109,-0.40324,-0.6588,-0.47083,-0.42701,-0.42227,-0.14419,-0.26252,-0.16891,-0.17575,-0.62027,-0.2235,0.22122,-0.076998,-0.25871,-0.10539,-0.50852,-0.47389,0,-0.14848,-0.14736,-0.17362,-0.47697,-0.50682,-0.43503,-0.32587,-0.48045,-0.56503,-0.73943,-0.69125,-0.55598,-0.50443,-0.14229,-0.11395,-0.22452,-0.1817,-0.5726,-0.74191,-0.30748,-0.25837,0.027364,-0.47147,-0.4963,-0.18655,-0.099237,0.039605,-0.063649,-0.096284,-0.07537,-0.11475,-0.11662,-0.10956,-0.17067,-0.088333,-0.2062,-0.21662,-0.13411,-0.27221,-0.33304,-0.13915,-0.051554,-0.16275,-0.080901,-0.3561,-0.33857,-0.49263,-0.58572,-0.58695,-0.47224,-0.46744,-0.4432,-0.53535,-0.50088,-0.35739,-0.38759,-0.38738,-0.38549,-0.53846,-0.59576,-0.22779,-0.21479,-0.32401,-0.57143,-0.31933,-0.13692,-0.35387,-0.35128,-0.38185,-0.32952,-0.42034,-0.52751,-0.20403,-0.27387,-0.18672,-0.28693,-0.48933,-0.37686
-0.55718,-0.14039,-0.59895,-0.56417,-0.46687,-0.099819,-0.72369,-0.55713,-0.49497,-0.36193,-0.69749,-0.33575,-0.60526,-0.53435,-0.36056,-0.019178,-0.40333,-0.25797,-0.55381,-0.047429,-0.20333,0.12252,-0.43423,-0.038084,-0.73102,-0.30686,-0.14848,0,-0.30691,-0.31286,-0.20167,-0.29622,-0.41363,-0.50434,-0.4007,-0.48406,-0.64994,-0.56761,-0.62838,-0.44578,-0.35826,-0.053632,-0.21768,-0.088998,-0.3828,-0.55476,-0.42179,-0.41026,-0.44587,-0.85502,-0.7261,-0.32397,-0.38036,-0.18331,-0.22141,-0.17221,-0.23295,-0.32995,-0.29803,-0.23255,-0.20073,-0.10906,0.11349,-0.22396,-0.10068,-0.4378,-0.46704,-0.46171,-0.048867,-0.18816,-0.18813,-0.39388,-0.3279,-0.49697,-0.59508,-0.7067,-0.54962,-0.56629,-0.6048,-0.73028,-0.58263,-0.45179,-0.45754,-0.40942,-0.4764,-0.65366,-0.72621,-0.40171,-0.30437,-0.44657,-0.60623,-0.51074,-0.19301,-0.35983,0.061438,-0.33717,-0.069383,-0.58472,-0.49757,-0.32801,-0.28452,-0.35751,-0.23271,-0.18553,-0.3732
-0.28444,-0.58332,-0.55836,-0.56041,-0.30057,-0.40585,-0.40316,-0.5842,-0.25193,-0.066348,-0.43625,-0.72998,-0.30583,-0.40956,-0.32795,-0.27344,-0.29618,-0.33462,-0.43103,-0.50239,-0.048753,-0.30092,-0.14282,-0.27082,-0.38211,-0.15937,-0.14736,-0.30691,0,0.23617,-0.054969,0.047771,-0.14663,-0.19787,-0.24519,-0.29568,-0.38565,-0.32669,-0.31054,-0.55721,-0.2523,-0.3135,-0.39705,-0.35956,-0.64421,-0.52286,-0.5228,-0.525,-0.031115,-0.61991,-0.65479,-0.154,-0.15984,-0.17955,-0.087477,-0.1747,-0.26972,-0.28418,-0.31198,-0.31264,-0.4295,0.045807,-0.15306,-0.13858,-0.14541,-0.52234,-0.55462,-0.032319,0.0045807,0.16446,0.14051,-0.35156,-0.40143,-0.69763,-0.52945,-0.69646,-0.70564,-0.45133,-0.44497,-0.46334,-0.47466,-0.47902,-0.5233,-0.39117,-0.4603,-0.56646,-0.59586,-0.52131,-0.2793,-0.67029,-0.69299,-0.22176,-0.22665,-0.41519,-0.35861,-0.66091,-0.46847,-0.46799,-0.71975,-0.19106,-0.42399,-0.2663,-0.39866,-0.53411,-0.45119
-0.17112,-0.35848,-0.63199,-0.76097,-0.19361,-0.19654,-0.2847,-0.31549,-0.21336,0.069104,-0.46901,-0.6166,-0.42507,-0.5779,-0.31701,-0.39587,-0.13492,-0.46471,-0.28406,-0.44841,-0.0027497,-0.22518,-0.067419,-0.11557,-0.3426,-0.060113,-0.17362,-0.31286,0.23617,0,-0.18825,-0.0033326,-0.33438,-0.36773,-0.3263,-0.23639,-0.50694,-0.48139,-0.20585,-0.42979,0.056052,-0.026274,-0.42539,-0.10174,-0.5478,-0.45033,-0.46141,-0.45201,-0.23779,-0.69376,-0.75635,-0.25921,-0.15749,-0.20565,-0.22501,-0.064415,-0.21379,-0.12239,-0.17668,-0.44143,-0.51901,0.0093452,-0.21344,-0.24792,-0.16334,-0.48938,-0.51545,-0.35101,-0.098331,-0.084316,-0.065587,-0.36289,-0.34426,-0.51375,-0.45079,-0.72433,-0.79359,-0.5314,-0.6502,-0.66457,-0.8614,-0.41954,-0.60556,-0.51328,-0.7168,-0.64582,-0.64238,-0.39812,-0.18511,-0.56441,-0.55779,-0.25297,-0.20196,-0.30217,-0.38201,-0.79013,-0.6515,-0.46602,-0.77954,-0.23298,-0.32099,-0.35247,-0.44739,-0.53676,-0.68579
-0.54729,-0.49784,-0.46114,-0.391,-0.59512,-0.41185,-0.60787,-0.58299,-0.52283,-0.17917,-0.37924,-0.6149,-0.43167,-0.54535,-0.25325,-0.046111,-0.57309,-0.36034,-0.52125,-0.40519,-0.37044,-0.29312,-0.47522,-0.37246,-0.46438,-0.2195,-0.47697,-0.20167,-0.054969,-0.18825,0,0.44442,-0.12115,-0.35664,-0.018671,-0.15207,-0.19351,-0.20191,-0.44101,-0.63093,-0.5467,-0.4047,-0.15377,-0.26481,-0.27264,-0.20233,-0.43043,-0.41066,-0.3525,-0.64382,-0.59957,-0.20215,-0.41247,-0.35167,-0.24659,-0.29742,-0.3675,-0.43843,-0.41789,-0.35077,-0.35951,-0.0085152,-0.032268,-0.064681,-0.15219,-0.43873,-0.42528,-0.20729,-0.045009,0.26911,-0.044274,-0.16397,-0.18279,-0.5271,-0.28693,-0.59514,-0.555,-0.41605,-0.45684,-0.41022,-0.36219,-0.46305,-0.42745,-0.434,-0.47626,-0.52464,-0.49464,-0.47916,-0.27004,-0.5619,-0.5396,-0.31745,-0.31368,-0.65722,-0.38179,-0.56736,-0.30782,-0.65598,-0.50566,-0.28391,-0.39706,-0.35954,-0.31553,-0.43632,-0.43457
-0.48763,-0.60481,-0.46087,-0.45223,-0.49021,-0.44312,-0.39066,-0.43541,-0.3504,0.040435,-0.2495,-0.55199,-0.37677,-0.48172,-0.35437,-0.23115,-0.47263,-0.45211,-0.28276,-0.4769,-0.35533,-0.33507,-0.20995,-0.34514,-0.23035,0.017569,-0.50682,-0.29622,0.047771,-0.0033326,0.44442,0,-0.12482,-0.30621,-0.06005,-0.02303,-0.15604,-0.073133,-0.24485,-0.46378,-0.35266,-0.32451,-0.31821,-0.27864,-0.33014,-0.17843,-0.54841,-0.53622,-0.37226,-0.66757,-0.6476,-0.28957,-0.36691,-0.39913,-0.2954,-0.29887,-0.40725,-0.45205,-0.4536,-0.40152,-0.5054,-0.027434,-0.13705,-0.14338,-0.21107,-0.55901,-0.52805,-0.27431,-0.076631,0.037013,-0.14171,-0.28383,-0.27096,-0.58873,-0.34862,-0.50569,-0.54976,-0.36905,-0.44771,-0.42897,-0.42782,-0.49654,-0.53781,-0.40494,-0.54818,-0.41432,-0.39519,-0.55998,-0.3397,-0.74145,-0.61075,-0.26168,-0.34021,-0.46127,-0.3736,-0.63569,-0.47598,-0.47272,-0.55108,-0.24121,-0.35209,-0.34953,-0.34446,-0.49355,-0.56066
-0.50894,-0.77665,-0.18047,-0.17245,-0.37233,-0.51987,-0.38373,-0.60326,-0.4842,-0.35648,-0.11936,-0.61453,0.39424,0.11018,-0.49729,-0.32709,-0.6357,-0.22148,-0.4513,-0.38093,-0.41097,-0.34101,-0.22964,-0.38349,-0.40099,-0.44602,-0.43503,-0.41363,-0.14663,-0.33438,-0.12115,-0.12482,0,0.45804,0.36807,0.15028,0.01487,0.032648,-0.20099,-0.36956,-0.34839,-0.36208,-0.52609,-0.63666,-0.70289,-0.51869,-0.55341,-0.46222,-0.25221,-0.19799,-0.123,-0.28923,-0.39163,-0.4408,-0.3471,-0.48824,-0.44579,-0.52072,-0.49742,-0.46483,-0.44602,-0.24904,-0.37384,-0.33726,-0.4081,-0.54687,-0.51387,-0.11529,-0.44889,-0.2322,-0.40136,-0.6487,-0.69658,-0.83625,-0.59482,-0.35808,-0.52551,0.144,0.18068,-0.025888,-0.11321,-0.55913,-0.31986,-0.098178,0.0011214,-0.14169,-0.14992,-0.56231,-0.43954,-0.81533,-0.66879,-0.1099,-0.29336,-0.73826,-0.59956,-0.49507,-0.50303,-0.30852,-0.39149,-0.33274,-0.4396,-0.26989,-0.34126,-0.55974,-0.37962
-0.4668,-0.84006,-0.10268,-0.12512,-0.21982,-0.51299,-0.32103,-0.56752,-0.37252,-0.38818,-0.15096,-0.61702,0.61796,0.39931,-0.45094,-0.40584,-0.46606,-0.14971,-0.3493,-0.36151,-0.3325,-0.32864,-0.098261,-0.36389,-0.29259,-0.55204,-0.32587,-0.50434,-0.19787,-0.36773,-0.35664,-0.30621,0.45804,0,0.016131,-0.013723,-0.15891,-0.096544,-0.25182,-0.38944,-0.2754,-0.40888,-0.67998,-0.70875,-0.75386,-0.56104,-0.51426,-0.42762,-0.14055,-0.11469,-0.09738,-0.27586,-0.28154,-0.38252,-0.33664,-0.45269,-0.43526,-0.44959,-0.44407,-0.394,-0.42818,-0.26268,-0.4114,-0.34348,-0.40274,-0.47754,-0.46231,-0.17819,-0.50432,-0.36298,-0.46936,-0.70399,-0.7207,-0.69701,-0.56427,-0.30811,-0.44618,0.23713,0.28007,-0.10767,-0.14515,-0.44194,-0.24607,0.05239,0.086483,-0.05583,-0.059366,-0.47543,-0.44824,-0.73389,-0.59333,-0.1024,-0.30611,-0.61491,-0.65247,-0.50165,-0.54349,-0.14879,-0.342,-0.21296,-0.32782,-0.11525,-0.25093,-0.60168,-0.39344
-0.50785,-0.61567,-0.20516,-0.2197,-0.49402,-0.49016,-0.43296,-0.46148,-0.63554,-0.34306,-0.14973,-0.60013,0.02284,-0.20966,-0.46958,-0.34744,-0.71664,-0.30041,-0.47246,-0.31854,-0.48692,-0.34628,-0.34665,-0.39838,-0.49213,-0.38237,-0.48045,-0.4007,-0.24519,-0.3263,-0.018671,-0.06005,0.36807,0.016131,0,0.31352,0.20724,0.039852,-0.13607,-0.31255,-0.33776,-0.26952,-0.26638,-0.41186,-0.654,-0.53751,-0.49331,-0.41214,-0.38727,-0.25185,-0.15914,-0.25142,-0.41072,-0.44267,-0.37315,-0.41542,-0.32668,-0.45472,-0.39278,-0.55714,-0.46916,-0.28221,-0.39736,-0.3497,-0.35928,-0.4815,-0.45561,-0.12718,-0.37077,-0.18593,-0.36047,-0.56827,-0.55773,-0.86152,-0.57409,-0.31835,-0.58926,0.042437,-0.011265,-0.017645,-0.17627,-0.54391,-0.34339,-0.28287,-0.18435,-0.171,-0.17234,-0.52554,-0.37567,-0.73361,-0.72725,-0.20677,-0.36835,-0.79977,-0.70184,-0.36844,-0.48488,-0.36761,-0.41637,-0.44506,-0.47475,-0.41395,-0.40939,-0.61251,-0.45548
-0.53037,-0.69101,-0.22049,-0.28001,-0.38371,-0.42153,-0.26366,-0.21986,-0.46787,-0.15739,-0.044686,-0.44831,0.027028,-0.1412,-0.56554,-0.48111,-0.59135,-0.48482,-0.26497,-0.42927,-0.53614,-0.40293,-0.15507,-0.38378,-0.24261,-0.19838,-0.56503,-0.48406,-0.29568,-0.23639,-0.15207,-0.02303,0.15028,-0.013723,0.31352,0,0.034378,0.1164,-0.0024836,-0.10934,-0.25049,-0.18927,-0.49482,-0.36685,-0.57136,-0.42571,-0.51435,-0.45534,-0.48867,-0.3257,-0.22027,-0.38763,-0.44783,-0.55725,-0.51637,-0.46466,-0.45964,-0.50708,-0.45503,-0.63171,-0.60013,-0.32046,-0.4519,-0.43384,-0.50335,-0.55965,-0.50781,-0.36806,-0.46901,-0.35758,-0.52023,-0.67611,-0.6183,-0.73755,-0.50209,-0.21373,-0.45421,0.034112,-0.075509,-0.16557,-0.32408,-0.58812,-0.46514,-0.28916,-0.30335,-0.16296,-0.17003,-0.51391,-0.43724,-0.80874,-0.66791,-0.27109,-0.40877,-0.62801,-0.65561,-0.49231,-0.58548,-0.25868,-0.36176,-0.40806,-0.40304,-0.44979,-0.41351,-0.66826,-0.65877
-0.40746,-0.75835,-0.17416,-0.1955,-0.58441,-0.75407,-0.26416,-0.3615,-0.5024,-0.34692,0.071803,-0.46274,-0.1115,-0.25945,-0.60997,-0.54773,-0.76379,-0.427,-0.26212,-0.4727,-0.77463,-0.63441,-0.39664,-0.64125,-0.27401,-0.29854,-0.73943,-0.64994,-0.38565,-0.50694,-0.19351,-0.15604,0.01487,-0.15891,0.20724,0.034378,0,0.25118,0.0017423,-0.21356,-0.42985,-0.52172,-0.30588,-0.57212,-0.55077,-0.39792,-0.56119,-0.54055,-0.46427,-0.1363,-0.081401,-0.42019,-0.43805,-0.58048,-0.45441,-0.52846,-0.40869,-0.54905,-0.50037,-0.62203,-0.59544,-0.54028,-0.65432,-0.4711,-0.53034,-0.51526,-0.48314,-0.17732,-0.48484,-0.38732,-0.52832,-0.50387,-0.53775,-0.72623,-0.48008,-0.047917,-0.44796,-0.02623,-0.037489,0.15327,0.00058289,-0.54066,-0.39061,-0.36425,-0.25031,0.0014129,-0.015934,-0.65154,-0.5462,-0.7104,-0.59716,-0.15675,-0.53364,-0.5626,-0.69373,-0.18635,-0.52255,-0.19418,-0.33369,-0.56975,-0.59961,-0.52263,-0.51948,-0.56078,-0.34581
-0.54151,-0.91688,-0.28916,-0.24315,-0.55852,-0.8481,-0.16558,-0.38222,-0.35473,-0.30678,0.24504,-0.32546,-0.016562,-0.073856,-0.75464,-0.59624,-0.83243,-0.57974,-0.24972,-0.65499,-0.78842,-0.6931,-0.2458,-0.75619,-0.10107,-0.15428,-0.69125,-0.56761,-0.32669,-0.48139,-0.20191,-0.073133,0.032648,-0.096544,0.039852,0.1164,0.25118,0,0.028219,-0.10606,-0.48051,-0.53593,-0.47367,-0.73619,-0.44719,-0.29773,-0.67259,-0.69998,-0.53578,-0.27096,-0.19047,-0.5322,-0.60231,-0.76468,-0.57715,-0.7896,-0.70308,-0.8541,-0.83063,-0.58581,-0.68772,-0.53251,-0.59371,-0.54214,-0.67856,-0.71206,-0.63888,-0.17755,-0.54438,-0.43596,-0.5611,-0.65998,-0.69127,-0.7564,-0.56161,-0.0020338,-0.28324,-0.063243,0.021592,0.066474,0.050876,-0.75393,-0.54841,-0.33595,-0.25461,-0.012912,-0.050014,-0.76031,-0.72222,-0.85311,-0.61746,-0.32086,-0.64515,-0.42119,-0.50456,-0.29364,-0.49369,-0.17139,-0.32235,-0.52191,-0.56842,-0.48318,-0.50282,-0.47774,-0.42564
-0.10588,-0.61679,-0.52432,-0.61977,-0.32515,-0.69308,0.16598,-0.13677,-0.12086,-0.16208,0.15727,-0.23848,-0.13632,-0.29364,-0.88965,-0.97399,-0.64864,-0.77369,-0.13742,-0.68269,-0.6195,-0.75573,-0.11207,-0.59974,-0.090873,-0.02272,-0.55598,-0.62838,-0.31054,-0.20585,-0.44101,-0.24485,-0.20099,-0.25182,-0.13607,-0.0024836,0.0017423,0.028219,0,0.14801,-0.0094656,-0.21348,-0.52362,-0.47348,-0.52227,-0.43111,-0.72097,-0.78354,-0.53612,-0.28737,-0.31707,-0.62534,-0.44757,-0.66825,-0.55863,-0.55982,-0.56719,-0.58797,-0.59325,-0.83854,-0.8987,-0.60006,-0.86149,-0.77481,-0.73105,-0.74553,-0.74993,-0.28203,-0.60184,-0.58872,-0.64719,-0.69723,-0.76209,-0.61442,-0.67377,-0.052339,-0.52687,-0.29764,-0.28511,-0.09624,-0.32437,-0.81929,-0.79231,-0.62376,-0.54228,-0.19193,-0.24796,-0.79946,-0.70621,-0.78675,-0.56162,-0.27424,-0.57807,-0.15411,-0.47704,-0.38273,-0.80957,-0.11101,-0.55874,-0.7266,-0.69528,-0.71914,-0.86413,-0.67225,-0.64362
-0.2907,-0.3811,-0.40925,-0.48942,-0.28706,-0.43291,0.0093452,0.075414,-0.1825,-0.26102,0.0021288,0.17058,-0.24434,-0.2504,-0.86082,-0.75407,-0.63634,-0.75961,-0.21008,-0.48575,-0.68678,-0.6317,-0.20984,-0.46866,-0.12692,-0.039833,-0.50443,-0.44578,-0.55721,-0.42979,-0.63093,-0.46378,-0.36956,-0.38944,-0.31255,-0.10934,-0.21356,-0.10606,0.14801,0,-0.17414,-0.074869,-0.48009,-0.35936,-0.43407,-0.50904,-0.57965,-0.61263,-0.66735,-0.27638,-0.21206,-0.78291,-0.51168,-0.59776,-0.56428,-0.56857,-0.53463,-0.64201,-0.58592,-0.5881,-0.59474,-0.7859,-0.80509,-0.85355,-0.84273,-0.63437,-0.61787,-0.52957,-0.63368,-0.81083,-0.8451,-0.75415,-0.74994,-0.58249,-0.698,0.13847,-0.22427,-0.28681,-0.28269,-0.17987,-0.31845,-0.7612,-0.70332,-0.54183,-0.44958,-0.1627,-0.29112,-0.63234,-0.71873,-0.60467,-0.56733,-0.40381,-0.473,-0.13285,-0.26401,-0.15944,-0.47846,-0.11383,-0.37053,-0.77432,-0.6381,-0.7615,-0.73026,-0.50785,-0.54338
0.012665,-0.31397,-0.46404,-0.64304,0.013489,-0.23613,-0.045313,-0.14653,-0.1485,-0.19161,-0.34397,-0.37901,-0.29758,-0.39142,-0.42366,-0.58286,-0.17558,-0.38608,-0.19059,-0.31128,-0.098831,-0.23066,0.040973,-0.095391,-0.25824,-0.21284,-0.14229,-0.35826,-0.2523,0.056052,-0.5467,-0.35266,-0.34839,-0.2754,-0.33776,-0.25049,-0.42985,-0.48051,-0.0094656,-0.17414,0,0.17688,-0.46525,-0.13413,-0.65893,-0.62875,-0.47787,-0.46228,-0.25572,-0.38814,-0.45778,-0.36486,-0.098432,-0.21545,-0.2869,-0.11708,-0.15267,-0.11441,-0.16062,-0.47479,-0.51606,-0.22735,-0.45728,-0.46378,-0.29161,-0.44659,-0.48492,-0.42299,-0.34019,-0.48222,-0.45238,-0.55509,-0.50763,-0.52549,-0.63151,-0.38327,-0.67013,-0.36689,-0.44819,-0.4653,-0.69075,-0.4176,-0.52357,-0.45762,-0.5416,-0.34064,-0.36114,-0.39838,-0.31267,-0.59303,-0.60367,-0.14551,-0.19689,-0.089505,-0.42313,-0.4902,-0.74051,-0.19043,-0.62122,-0.34176,-0.29739,-0.36001,-0.47599,-0.59774,-0.63528
-0.24363,-0.051883,-0.47179,-0.61534,-0.10077,0.055374,-0.30768,-0.095841,-0.31126,-0.15943,-0.45499,-0.2154,-0.39718,-0.48698,-0.40889,-0.35433,-0.31091,-0.39654,-0.3884,-0.12161,-0.14344,-0.061748,-0.15897,0.11431,-0.45954,-0.16605,-0.11395,-0.053632,-0.3135,-0.026274,-0.4047,-0.32451,-0.36208,-0.40888,-0.26952,-0.18927,-0.52172,-0.53593,-0.21348,-0.074869,0.17688,0,-0.29934,0.14375,-0.53254,-0.67633,-0.39855,-0.34327,-0.42654,-0.51392,-0.47935,-0.41554,-0.22408,-0.16368,-0.24193,-0.076301,-0.131,-0.18657,-0.15047,-0.39471,-0.33995,-0.25008,-0.3121,-0.42298,-0.28044,-0.41824,-0.44528,-0.5517,-0.23758,-0.38946,-0.4097,-0.52532,-0.44937,-0.55013,-0.66066,-0.44812,-0.55321,-0.38094,-0.5124,-0.53766,-0.74722,-0.47141,-0.54286,-0.46817,-0.54397,-0.46403,-0.53868,-0.34451,-0.26286,-0.48593,-0.66476,-0.28952,-0.07658,-0.27439,-0.22472,-0.39161,-0.43068,-0.36284,-0.53939,-0.43351,-0.33665,-0.47847,-0.4566,-0.5205,-0.61787
