,,,,,,,,,,,,,,,,,,,,,,,,,,,,,,,,,,,,,,,,,,,,,,,,,,,,,,,,,,,,,,,,,,,,,,,,,,,,,,,,,,,,,,,,,,,,,,,,,,,,,,,,
0,-0.24726,-0.45467,-0.55363,0.2815,-0.082531,-0.068431,-0.21629,-0.16264,-0.2105,-0.44977,-0.4634,-0.42455,-0.52411,-0.25309,-0.36281,0.024822,-0.22694,-0.34553,-0.22313,-0.091209,-0.21602,-0.14072,-0.11108,-0.28391,-0.25,-0.08701,-0.3084,-0.016971,0.096648,-0.34927,-0.25341,-0.4552,-0.38407,-0.43575,-0.45196,-0.46357,-0.60759,-0.1903,-0.40915,0.10375,-0.0016482,-0.21087,0.0082875,-0.4164,-0.36502,-0.066113,-0.099455,-0.10369,-0.36239,-0.4882,-0.27078,0.18761,-0.0095979,-0.003407,0.1074,0.057366,0.19485,0.081757,-0.27442,-0.30404,-0.26328,-0.37453,-0.16352,-0.26452,-0.072479,-0.15695,-0.44141,-0.21591,-0.13534,-0.16245,-0.13958,-0.18853,-0.12139,-0.14659,-0.3712,-0.55381,-0.45341,-0.48727,-0.43867,-0.646,-0.30291,-0.43127,-0.42484,-0.50768,-0.51708,-0.5136,-0.059637,0.087668,-0.13216,-0.25208,0.029114,-0.10622,-0.2347,-0.33976,-0.51858,-0.51632,-0.31744,-0.5283,-0.18294,-0.36364,-0.36014,-0.47412,-0.47519,-0.37617
-0.24726,0,-0.52644,-0.49264,-0.23747,0.24623,-0.43009,-0.37452,-0.49963,-0.52424,-0.81723,-0.34544,-0.74255,-0.7465,-0.1769,-0.17361,-0.13598,-0.29257,-0.62585,-0.03163,0.049504,-0.048723,-0.28806,0.026656,-0.63862,-0.4628,-0.1159,-0.1151,-0.4127,-0.2414,-0.35399,-0.44884,-0.69158,-0.75893,-0.48451,-0.74149,-0.94525,-0.91555,-0.59058,-0.52072,-0.1131,0.062217,-0.092368,0.044734,-0.0078332,-0.16054,-0.2435,-0.16242,-0.30507,-0.53036,-0.55867,-0.29864,-0.3409,-0.0721,-0.22812,-0.17969,-0.19436,-0.21369,-0.21737,-0.1738,-0.077167,-0.34307,-0.27534,-0.29149,-0.2181,-0.25776,-0.24251,-0.48671,-0.34102,-0.32732,-0.20604,-0.1025,-0.1309,-0.063324,-0.30693,-0.73881,-0.39882,-0.72602,-0.7461,-0.6749,-0.6868,-0.22571,-0.33407,-0.46125,-0.42775,-0.66129,-0.55451,-0.17261,-0.20419,-0.03368,-0.12881,-0.46095,-0.092385,-0.3769,-0.027559,-0.44123,-0.37694,-0.61549,-0.45514,-0.37136,-0.23279,-0.46863,-0.42447,-0.16358,-0.32627
-0.45467,-0.52644,0,0.69296,-0.26408,-0.45285,-0.21314,-0.19151,-0.33244,-0.29442,-0.14192,-0.27205,-0.022358,-0.0027605,-0.20782,-0.21884,-0.32279,-0.069229,-0.29887,-0.26557,-0.3898,-0.39475,-0.20513,-0.34465,-0.13262,-0.435,-0.43366,-0.59319,-0.31609,-0.45879,-0.30847,-0.32301,-0.076853,0.0038438,-0.15456,-0.06998,-0.029294,-0.050511,-0.27753,-0.23005,-0.44482,-0.49167,-0.44988,-0.60722,-0.45798,-0.41076,-0.23666,-0.21279,-0.18147,0.095489,0.18278,-0.25258,-0.28291,-0.33116,-0.27449,-0.43486,-0.36323,-0.42228,-0.41359,0.020989,-0.066818,-0.39792,-0.42498,-0.235,-0.30907,-0.17025,-0.07708,-0.25728,-0.42631,-0.40097,-0.48123,-0.35603,-0.34505,-0.51278,-0.31869,-0.01205,0.08245,0.23328,0.19656,0.04803,0.031857,0.095891,0.24418,0.11406,0.23806,0.14988,0.21747,-0.31243,-0.38328,-0.41135,-0.51881,0.0059462,-0.12089,-0.34668,-0.49215,-0.012597,-0.092222,0.022498,0.19425,-0.19957,-0.1451,-0.050668,-0.028957,-0.30622,0.13662
-0.55363,-0.49264,0.69296,0,-0.37637,-0.48801,-0.2938,-0.29823,-0.42996,-0.40877,-0.20231,-0.27258,-0.065869,-0.0039894,-0.19832,-0.14231,-0.38725,-0.079147,-0.39516,-0.25816,-0.39239,-0.39481,-0.21775,-0.39124,-0.18498,-0.47943,-0.45574,-0.53879,-0.34249,-0.56072,-0.23964,-0.30073,-0.082904,-0.037623,-0.13606,-0.10324,-0.08443,-0.025608,-0.33786,-0.27438,-0.5303,-0.55654,-0.40036,-0.64529,-0.37719,-0.34083,-0.26256,-0.24634,-0.22267,0.0083399,0.10586,-0.1823,-0.38722,-0.37899,-0.32395,-0.52587,-0.44225,-0.52662,-0.49903,0.061012,-0.018596,-0.37917,-0.34025,-0.20678,-0.27371,-0.20444,-0.095769,-0.20153,-0.45709,-0.37691,-0.42167,-0.34506,-0.33263,-0.51559,-0.34099,-0.073277,0.1165,0.116,0.17284,0.036551,0.11408,0.0733,0.36781,0.0809,0.35436,0.060977,0.22579,-0.342,-0.41805,-0.40638,-0.49499,-0.15577,-0.18974,-0.38274,-0.44302,0.0056667,0.027006,-0.096707,0.20102,-0.17716,-0.084843,-0.020244,0.034175,-0.23851,0.1476
0.2815,-0.23747,-0.26408,-0.37637,0,0.0052066,-0.11096,-0.20586,-0.086841,-0.24719,-0.39122,-0.36929,-0.26087,-0.32105,-0.16942,-0.33789,0.079322,-0.060196,-0.30568,-0.11123,0.020116,-0.093696,-0.089001,0.032585,-0.25335,-0.3952,0.055362,-0.33294,-0.21026,-0.088151,-0.51466,-0.4126,-0.35333,-0.24306,-0.40694,-0.40207,-0.4755,-0.60434,-0.34161,-0.40503,0.082083,-0.0029294,-0.33577,-0.080283,-0.45212,-0.41701,-0.044448,0.017111,0.072694,-0.12964,-0.25328,-0.32361,0.22085,0.065589,0.039265,0.069066,0.037361,0.15531,0.065176,-0.14586,-0.18437,-0.25408,-0.41122,-0.20695,-0.34051,-0.037046,-0.095291,-0.39011,-0.21729,-0.28101,-0.30295,-0.21699,-0.25516,-0.11481,-0.17687,-0.31401,-0.36208,-0.22951,-0.28236,-0.29174,-0.45806,-0.26486,-0.36187,-0.16556,-0.3015,-0.26349,-0.315,0.053237,0.045497,-0.12789,-0.23878,0.13298,0.047914,-0.3012,-0.37693,-0.54795,-0.60708,-0.20602,-0.34044,-0.10276,-0.2601,-0.23161,-0.31444,-0.5452,-0.33099
-0.082531,0.24623,-0.45285,-0.48801,0.0052066,0,-0.4722,-0.42309,-0.44554,-0.39394,-0.75805,-0.47144,-0.55005,-0.59654,-0.12046,-0.080778,-0.0094756,-0.11615,-0.49097,0.11499,0.16391,0.16619,-0.24481,0.36123,-0.59796,-0.44809,-0.054145,-0.072968,-0.28374,-0.13358,-0.2954,-0.31427,-0.45032,-0.5124,-0.32525,-0.50858,-0.72794,-1,-0.63622,-0.60706,6.9887e-05,0.20516,-0.1736,0.25988,-0.2414,-0.25408,-0.18133,-0.034548,-0.1116,-0.42983,-0.49076,-0.235,-0.095687,0.15879,-0.026761,0.12085,0.069806,0.048269,0.045677,-0.1812,-0.070982,-0.16332,-0.16623,-0.17145,-0.18963,-0.18076,-0.19986,-0.52036,-0.22084,-0.20249,-0.1774,-0.12413,-0.15841,-0.085129,-0.22957,-0.75351,-0.53656,-0.52219,-0.61179,-0.5831,-0.65703,-0.26151,-0.3486,-0.28505,-0.36916,-0.52903,-0.51955,-0.041152,0.036155,-0.12975,-0.16359,-0.22256,0.16585,-0.54775,-0.18925,-0.69441,-0.53264,-0.64334,-0.52982,-0.18706,-0.23572,-0.39001,-0.33138,-0.36802,-0.42836
-0.068431,-0.43009,-0.21314,-0.2938,-0.11096,-0.4722,0,0.11922,-0.15302,-0.26192,-0.15346,-0.2766,-0.24486,-0.27759,-0.48493,-0.68441,-0.19326,-0.51568,-0.21634,-0.62962,-0.40271,-0.59166,-0.084144,-0.48843,0.048979,-0.16009,-0.46009,-0.72698,-0.2786,-0.17083,-0.5166,-0.34378,-0.40568,-0.2796,-0.46553,-0.21702,-0.27746,-0.17543,0.2536,-0.049177,-0.057354,-0.3038,-0.45205,-0.45699,-0.3448,-0.27813,-0.2993,-0.39278,-0.35063,-0.25336,-0.24026,-0.4709,-0.28814,-0.46933,-0.47761,-0.48181,-0.42673,-0.36879,-0.46861,-0.38029,-0.52567,-0.54807,-0.79053,-0.46663,-0.51179,-0.34088,-0.3007,-0.48356,-0.61119,-0.53875,-0.58268,-0.39743,-0.42212,-0.36169,-0.3147,-0.065712,-0.20789,-0.29506,-0.27012,-0.31533,-0.45967,-0.26734,-0.33509,-0.45227,-0.37788,-0.28958,-0.17266,-0.36419,-0.43197,-0.39537,-0.41767,-0.083917,-0.37572,0.055228,-0.43632,-0.19158,-0.44876,0.071233,-0.21848,-0.38544,-0.31925,-0.34024,-0.48174,-0.27257,-0.22754
-0.21629,-0.37452,-0.19151,-0.29823,-0.20586,-0.42309,0.11922,0,0.0011357,-0.034996,-0.019865,-0.0042165,-0.3799,-0.39312,-0.38686,-0.63031,-0.32438,-0.63692,-0.12878,-0.64417,-0.55344,-0.70722,-0.40708,-0.5215,0.051979,-0.046097,-0.45772,-0.72177,-0.48481,-0.27251,-0.50515,-0.43653,-0.55354,-0.4869,-0.57938,-0.26106,-0.18775,-0.19023,-0.019009,0.12209,-0.33213,-0.36144,-0.39073,-0.36512,-0.24129,-0.30265,-0.21378,-0.32301,-0.4152,-0.16379,-0.13746,-0.62248,-0.33139,-0.47883,-0.456,-0.43222,-0.41079,-0.36262,-0.40552,-0.37705,-0.4467,-0.59992,-0.80164,-0.55184,-0.62067,-0.27313,-0.25918,-0.48735,-0.42602,-0.52276,-0.64849,-0.28448,-0.3023,-0.29984,-0.22313,0.11998,0.0032556,-0.29996,-0.34245,-0.25907,-0.38087,-0.28763,-0.42062,-0.53321,-0.53962,-0.23799,-0.33595,-0.32644,-0.46875,-0.2543,-0.34127,-0.15571,-0.35763,-0.021065,-0.38747,-0.084756,-0.32872,-0.0064122,-0.11786,-0.59409,-0.52549,-0.52729,-0.59475,-0.40244,-0.28751
-0.16264,-0.49963,-0.33244,-0.42996,-0.086841,-0.44554,-0.15302,0.0011357,0,0.15588,0.11628,0.16092,-0.22831,-0.21639,-0.31612,-0.536,-0.24636,-0.40457,0.09878,-0.45664,-0.45115,-0.45781,-0.3715,-0.3875,0.094872,0.0063364,-0.19738,-0.38296,-0.44673,-0.26472,-0.59133,-0.4914,-0.41471,-0.33351,-0.66652,-0.40291,-0.22689,-0.25372,-0.18822,0.029545,-0.34089,-0.31494,-0.49568,-0.36388,-0.35276,-0.38135,-0.32753,-0.33364,-0.36844,-0.079229,-0.19739,-0.69272,-0.26733,-0.46181,-0.38573,-0.31461,-0.34388,-0.24142,-0.26348,-0.38251,-0.46739,-0.42089,-0.50134,-0.52643,-0.54743,-0.32299,-0.37902,-0.33284,-0.21001,-0.48237,-0.51102,-0.38695,-0.3744,-0.18482,-0.28637,0.025876,-0.123,-0.20214,-0.26064,-0.15124,-0.23681,-0.42895,-0.5535,-0.32792,-0.52438,-0.083148,-0.34654,-0.28033,-0.356,-0.19971,-0.15127,-0.21832,-0.40753,-0.034122,-0.27127,-0.35191,-0.45026,-0.15111,-0.32436,-0.42108,-0.50823,-0.38989,-0.50841,-0.61784,-0.54058
-0.2105,-0.52424,-0.29442,-0.40877,-0.24719,-0.39394,-0.26192,-0.034996,0.15588,0,-0.018345,-0.096392,-0.35201,-0.40528,-0.40464,-0.4332,-0.25553,-0.36608,0.079048,-0.37331,-0.4639,-0.37338,-0.34191,-0.27493,-0.071547,0.23882,-0.35953,-0.3027,-0.23768,-0.12023,-0.28759,-0.18661,-0.33503,-0.37787,-0.3753,-0.1943,-0.058187,-0.22352,-0.10342,-0.065077,-0.32545,-0.22762,-0.42975,-0.23221,-0.41694,-0.40001,-0.43969,-0.38928,-0.42943,-0.30175,-0.33556,-0.59383,-0.2607,-0.43116,-0.33895,-0.19821,-0.23879,-0.21782,-0.20395,-0.50817,-0.52318,-0.36348,-0.42996,-0.38808,-0.41443,-0.39851,-0.43981,-0.38885,-0.13872,-0.29496,-0.40073,-0.33752,-0.32615,-0.30103,-0.31658,-0.15197,-0.29591,-0.21543,-0.35927,-0.22941,-0.32684,-0.35908,-0.5177,-0.3468,-0.55772,-0.18803,-0.42193,-0.44353,-0.34035,-0.36484,-0.33769,-0.13669,-0.34079,-0.21996,-0.27683,-0.32185,-0.38539,-0.19537,-0.33991,-0.48233,-0.60158,-0.56631,-0.5517,-0.69792,-0.49425
-0.44977,-0.81723,-0.14192,-0.20231,-0.39122,-0.75805,-0.15346,-0.019865,0.11628,-0.018345,0,0.091704,0.052631,0.054768,-0.49523,-0.56709,-0.6506,-0.55117,0.060784,-0.74631,-0.91602,-0.75315,-0.55697,-0.75655,0.094459,-0.043645,-0.53802,-0.54436,-0.46964,-0.45299,-0.4161,-0.36063,-0.13401,-0.12395,-0.35903,-0.065007,0.17365,0.28488,-0.071064,0.22673,-0.64321,-0.62079,-0.5578,-0.73235,-0.42993,-0.41882,-0.41989,-0.50946,-0.54818,0.029032,0.061745,-0.67092,-0.47868,-0.7452,-0.54272,-0.63057,-0.59473,-0.56191,-0.57947,-0.47893,-0.57594,-0.50568,-0.52788,-0.63778,-0.65817,-0.46568,-0.47146,-0.2825,-0.38875,-0.49674,-0.69788,-0.58222,-0.56343,-0.51134,-0.39142,0.37532,0.0041001,0.05669,0.018456,0.06662,0.03223,-0.50095,-0.42936,-0.28325,-0.34669,0.11025,-0.16603,-0.4925,-0.59751,-0.45179,-0.39016,-0.21959,-0.55548,-0.11266,-0.39387,-0.092362,-0.21766,-0.028363,-0.15819,-0.54417,-0.60489,-0.32504,-0.43369,-0.41164,-0.36708
-0.4634,-0.34544,-0.27205,-0.27258,-0.36929,-0.47144,-0.2766,-0.0042165,0.16092,-0.096392,0.091704,0,-0.28532,-0.20935,-0.34854,-0.43324,-0.47485,-0.52997,-0.13603,-0.50035,-0.61702,-0.59185,-0.53306,-0.50954,-0.0058589,-0.070079,-0.37543,-0.37097,-0.73775,-0.5476,-0.52411,-0.57306,-0.46732,-0.4696,-0.66559,-0.40127,-0.25283,-0.16263,-0.30828,0.1764,-0.63907,-0.41737,-0.45232,-0.48442,-0.090289,-0.21036,-0.34057,-0.34737,-0.63739,-0.070365,-0.084942,-0.85272,-0.62263,-0.68696,-0.59193,-0.60564,-0.60955,-0.5629,-0.52672,-0.324,-0.34286,-0.65954,-0.54037,-0.6365,-0.70205,-0.38344,-0.3616,-0.38278,-0.36488,-0.62374,-0.6274,-0.37417,-0.3687,-0.18567,-0.2941,0.074051,0.2314,-0.23472,-0.23394,-0.073382,-0.074232,-0.43787,-0.45408,-0.34605,-0.40081,-0.094045,-0.30797,-0.35126,-0.52889,-0.12083,-0.063108,-0.45903,-0.47386,-0.11382,-0.064046,-0.19216,-0.1987,-0.28539,-0.12143,-0.61822,-0.53497,-0.50099,-0.51651,-0.35586,-0.3804
-0.42455,-0.74255,-0.022358,-0.065869,-0.26087,-0.55005,-0.24486,-0.3799,-0.22831,-0.35201,0.052631,-0.28532,0,0.63659,-0.43404,-0.40963,-0.52057,-0.21796,-0.22362,-0.44727,-0.49632,-0.44028,-0.30684,-0.47024,-0.20083,-0.47197,-0.38204,-0.50069,-0.29319,-0.43853,-0.44663,-0.42607,0.35378,0.55342,-0.083708,0.035846,0.0048746,0.047838,-0.18992,-0.15031,-0.44629,-0.51542,-0.64439,-0.82108,-0.68686,-0.56866,-0.364,-0.35893,-0.25844,0.17651,0.22939,-0.36069,-0.31131,-0.44413,-0.33187,-0.50796,-0.47848,-0.43871,-0.44908,-0.35249,-0.36922,-0.35691,-0.42666,-0.41659,-0.47487,-0.37414,-0.36405,-0.16079,-0.45299,-0.43252,-0.52444,-0.65148,-0.67655,-0.59196,-0.44447,-0.055689,-0.21248,0.37707,0.46624,0.15086,0.053621,-0.41212,-0.20617,0.033791,0.075606,0.072607,-0.0033371,-0.37297,-0.41713,-0.51075,-0.44612,-0.074628,-0.27871,-0.37408,-0.52789,-0.25141,-0.30073,-0.061553,-0.13739,-0.26743,-0.34378,-0.041047,-0.18041,-0.35766,-0.1996
-0.52411,-0.7465,-0.0027605,-0.0039894,-0.32105,-0.59654,-0.27759,-0.39312,-0.21639,-0.40528,0.054768,-0.20935,0.63659,0,-0.42465,-0.41742,-0.52148,-0.25386,-0.16663,-0.45809,-0.52865,-0.48417,-0.30449,-0.51856,-0.12859,-0.47676,-0.40971,-0.51322,-0.41499,-0.56973,-0.51833,-0.50063,0.15679,0.37661,-0.20644,-0.041927,-0.074453,0.055782,-0.25557,-0.12658,-0.50919,-0.60251,-0.71871,-0.88873,-0.57707,-0.47798,-0.41768,-0.4157,-0.30105,0.16617,0.20203,-0.37984,-0.40765,-0.52483,-0.44014,-0.59693,-0.56698,-0.54181,-0.53231,-0.31723,-0.36597,-0.39124,-0.41234,-0.47393,-0.51943,-0.41462,-0.38909,-0.19673,-0.51332,-0.55591,-0.60113,-0.70417,-0.69512,-0.53982,-0.44942,-0.0086718,-0.10127,0.27428,0.42302,0.11675,0.16859,-0.38584,-0.17005,0.078117,0.12542,0.1892,0.094796,-0.40094,-0.50164,-0.52287,-0.38041,-0.23254,-0.37256,-0.3189,-0.48564,-0.24911,-0.27317,-0.090044,-0.10543,-0.24858,-0.28073,-0.022504,-0.13378,-0.32644,-0.24481
-0.25309,-0.1769,-0.20782,-0.19832,-0.16942,-0.12046,-0.48493,-0.38686,-0.31612,-0.40464,-0.49523,-0.34854,-0.43404,-0.42465,0,0.2289,-0.03612,0.071192,-0.47279,-0.072089,-0.047005,-0.073254,-0.38312,-0.13046,-0.3117,-0.48304,-0.085484,-0.28044,-0.34151,-0.36087,-0.18621,-0.26152,-0.3604,-0.37887,-0.36551,-0.6033,-0.37361,-0.55799,-0.75183,-0.63616,-0.35494,-0.34651,0.015503,-0.12137,-0.23108,-0.25213,0.15842,0.221,0.078099,-0.15789,-0.26276,-0.019429,-0.038048,0.10266,0.064628,-0.034146,0.011054,0.048898,0.048129,0.31551,0.31639,0.029242,0.026784,0.15067,0.14194,0.28628,0.27969,-0.15364,0.09698,-0.034949,0.03248,0.2199,0.26962,-0.15219,0.016062,-0.39243,-0.2889,-0.34886,-0.34003,-0.27889,-0.2847,0.014542,-0.060592,-0.23559,-0.25803,-0.3377,-0.25801,0.29536,0.14751,0.04877,-0.16594,-0.21206,0.011427,-0.50017,-0.45155,-0.43825,-0.30485,-0.52865,-0.32624,0.13601,0.038304,0.049329,0.098238,-0.41747,-0.236
-0.36281,-0.17361,-0.21884,-0.14231,-0.33789,-0.080778,-0.68441,-0.63031,-0.536,-0.4332,-0.56709,-0.43324,-0.40963,-0.41742,0.2289,0,-0.21066,0.13874,-0.62336,0.079928,-0.11484,0.059917,-0.38147,-0.067884,-0.47382,-0.4589,-0.21859,-0.036953,-0.25602,-0.42252,0.14493,-0.05605,-0.17771,-0.31969,-0.095478,-0.40765,-0.32811,-0.48709,-0.77556,-0.6861,-0.4242,-0.26698,0.051606,-0.10375,-0.2067,-0.20415,-0.075461,0.070988,-0.13,-0.33655,-0.35178,-0.013488,-0.2146,-0.020477,-0.024513,-0.099572,-0.047023,-0.13384,-0.075682,0.14728,0.30363,0.0032731,0.23999,0.24984,0.16702,0.0068257,0.041653,-0.22042,-0.014152,0.10734,0.066364,0.069322,0.086509,-0.2438,-0.11589,-0.53421,-0.38321,-0.32825,-0.32768,-0.29966,-0.23977,-0.09277,-0.013844,-0.18891,-0.14047,-0.41094,-0.29545,-0.019702,0.062235,-0.12436,-0.24571,-0.26785,-0.0013395,-0.78207,-0.32072,-0.43747,-0.15034,-0.70789,-0.34862,0.031344,-0.059917,-0.095064,0.088244,-0.34769,-0.20581
0.024822,-0.13598,-0.32279,-0.38725,0.079322,-0.0094756,-0.19326,-0.32438,-0.24636,-0.25553,-0.6506,-0.47485,-0.52057,-0.52148,-0.03612,-0.21066,0,0.010011,-0.28579,0.010215,0.23,0.042282,0.15689,0.1726,-0.23009,-0.31123,-0.048048,-0.29716,-0.18538,-0.084546,-0.43719,-0.2994,-0.49678,-0.40158,-0.45989,-0.53566,-0.56211,-0.74825,-0.37129,-0.5371,0.20244,-0.010326,-0.25622,0.040191,-0.33552,-0.24072,-0.19419,-0.044169,0.018386,-0.38179,-0.49922,-0.19377,0.035165,0.04195,-0.11329,0.084523,0.090411,0.1641,0.1248,-0.10181,-0.15284,-0.17579,-0.30279,-0.02817,-0.0739,-0.087458,-0.079916,-0.40354,-0.15872,-0.2881,-0.11533,-0.078291,-0.063394,-0.057244,-0.14864,-0.55439,-0.4841,-0.44782,-0.49128,-0.48366,-0.58097,-0.032981,-0.24394,-0.23339,-0.33114,-0.39754,-0.26346,-0.011264,0.055228,-0.15831,-0.17145,-0.15903,-0.053749,-0.34478,-0.39732,-0.63474,-0.6943,-0.36516,-0.44317,0.06934,0.01993,-0.22213,-0.1878,-0.5056,-0.38037
-0.22694,-0.29257,-0.069229,-0.079147,-0.060196,-0.11615,-0.51568,-0.63692,-0.40457,-0.36608,-0.55117,-0.52997,-0.21796,-0.25386,0.071192,0.13874,0.010011,0,-0.47221,0.29187,0.091407,0.23176,-0.070301,0.14507,-0.42589,-0.58606,-0.022253,-0.14003,-0.13917,-0.31833,-0.20097,-0.22702,-0.087039,-0.071565,-0.083306,-0.36001,-0.32373,-0.50913,-0.6181,-0.72311,-0.20678,-0.19239,-0.19811,-0.18531,-0.45692,-0.39748,-0.11227,0.11722,0.11066,-0.17429,-0.24674,-0.036149,0.048216,0.13583,0.14506,0.039807,0.059841,0.026016,0.07213,0.11514,0.16468,-0.064553,-0.062736,0.24576,0.073323,0.040843,0.050593,-0.15625,-0.030005,-0.06588,-0.0087942,-0.1071,-0.095099,-0.23112,-0.18995,-0.50105,-0.40287,-0.076847,-0.12061,-0.17893,-0.20262,-0.014641,0.0025509,0.16544,0.06128,-0.20549,-0.10851,0.010268,0.11323,-0.17463,-0.3011,-0.039999,0.085682,-0.66911,-0.42054,-0.47158,-0.35,-0.36011,-0.23801,0.21327,0.035573,0.042847,0.18271,-0.48963,-0.13043
-0.34553,-0.62585,-0.29887,-0.39516,-0.30568,-0.49097,-0.21634,-0.12878,0.09878,0.079048,0.060784,-0.13603,-0.22362,-0.16663,-0.47279,-0.62336,-0.28579,-0.47221,0,-0.47059,-0.5594,-0.49057,-0.30753,-0.42694,0.077988,-0.037326,-0.50986,-0.50499,-0.46458,-0.32558,-0.54779,-0.33702,-0.36034,-0.27556,-0.54223,-0.26288,-0.13442,-0.16335,-0.17686,-0.096549,-0.36226,-0.4957,-0.66921,-0.43419,-0.37283,-0.25073,-0.55041,-0.55295,-0.46182,-0.20713,-0.29179,-0.60178,-0.32293,-0.53386,-0.4976,-0.34248,-0.41734,-0.34433,-0.35478,-0.56756,-0.69861,-0.41345,-0.46561,-0.55156,-0.51551,-0.50911,-0.54219,-0.50112,-0.34067,-0.61488,-0.61939,-0.50577,-0.45197,-0.25996,-0.29609,-0.096118,-0.25114,-0.18237,-0.2958,-0.29434,-0.27269,-0.37438,-0.50512,-0.2292,-0.48853,0.015917,-0.16785,-0.46216,-0.48519,-0.46078,-0.20294,-0.30734,-0.56461,-0.088652,-0.37712,-0.40651,-0.55502,-0.091651,-0.35949,-0.34935,-0.39515,-0.34147,-0.38489,-0.50268,-0.64509
-0.22313,-0.03163,-0.26557,-0.25816,-0.11123,0.11499,-0.62962,-0.64417,-0.45664,-0.37331,-0.74631,-0.50035,-0.44727,-0.45809,-0.072089,0.079928,0.010215,0.29187,-0.47059,0,0.15119,0.40701,-0.086631,0.38074,-0.57402,-0.54513,-0.012504,0.021176,-0.25197,-0.31544,-0.23566,-0.29265,-0.31156,-0.3303,-0.20602,-0.4924,-0.53931,-0.74838,-0.72244,-0.71638,-0.15591,-0.026283,-0.17046,0.0096736,-0.27494,-0.2689,-0.22947,0.010407,-0.074488,-0.39027,-0.44918,-0.16672,-0.078326,0.11525,0.0075129,0.090731,0.047459,-0.014816,0.065659,-0.011403,0.091657,-0.18829,-0.092624,0.051606,-0.047826,-0.11272,-0.1132,-0.3562,-0.11998,-0.16663,-0.064716,-0.10205,-0.098786,-0.078058,-0.21437,-0.68596,-0.45716,-0.31263,-0.38287,-0.4269,-0.39756,-0.098291,-0.15524,-0.032445,-0.13584,-0.37403,-0.3105,-0.092612,0.015305,-0.12172,-0.17517,-0.22985,0.012679,-0.69888,-0.23518,-0.53526,-0.3985,-0.47131,-0.34783,-0.031904,-0.078652,-0.2378,-0.070895,-0.4087,-0.26119
-0.091209,0.049504,-0.3898,-0.39239,0.020116,0.16391,-0.40271,-0.55344,-0.45115,-0.4639,-0.91602,-0.61702,-0.49632,-0.52865,-0.047005,-0.11484,0.23,0.091407,-0.5594,0.15119,0,0.2942,0.044244,0.37101,-0.60268,-0.54088,0.17377,-0.12868,-0.10265,-0.037483,-0.35192,-0.32716,-0.40474,-0.38986,-0.2893,-0.53245,-0.73729,-0.86525,-0.53904,-0.76457,0.15526,0.082508,-0.21063,0.035328,-0.40089,-0.378,-0.20921,-0.075688,0.18116,-0.42433,-0.50356,-0.0025043,-0.02064,0.22496,0.018939,0.066451,0.05192,0.076725,0.040348,-0.076952,-0.0393,-0.0083632,-0.12998,-0.044815,-0.018235,-0.1576,-0.16216,-0.2047,-0.15298,-0.16346,0.047494,-0.14485,-0.16546,-0.18615,-0.3245,-0.84305,-0.5621,-0.48113,-0.47479,-0.48764,-0.56563,-0.13607,-0.22835,-0.18891,-0.22715,-0.49388,-0.38842,-0.059428,0.051752,-0.20688,-0.29402,-0.24065,0.10845,-0.44855,-0.29205,-0.65628,-0.58223,-0.49832,-0.46986,0.020285,1.1648e-05,-0.19882,-0.18122,-0.37401,-0.30363
-0.21602,-0.048723,-0.39475,-0.39481,-0.093696,0.16619,-0.59166,-0.70722,-0.45781,-0.37338,-0.75315,-0.59185,-0.44028,-0.48417,-0.073254,0.059917,0.042282,0.23176,-0.49057,0.40701,0.2942,0,-0.11251,0.46705,-0.6224,-0.48398,0.061844,0.14986,-0.20144,-0.20992,-0.18792,-0.19971,-0.24569,-0.31052,-0.12354,-0.43049,-0.55604,-0.75472,-0.68159,-0.8056,-0.026877,0.081955,-0.14831,0.091855,-0.34675,-0.32407,-0.27413,-0.045415,-0.023319,-0.47685,-0.52158,-0.13382,-0.081413,0.13396,-0.011054,0.11313,0.11306,0.048694,0.077144,-0.13851,-0.058432,0.014915,0.019935,0.036062,0.01933,-0.19529,-0.20676,-0.2863,-0.046458,-0.076544,-0.010378,-0.15729,-0.1477,-0.16557,-0.28921,-0.85847,-0.62486,-0.36554,-0.43164,-0.48213,-0.47585,-0.23519,-0.28041,-0.12346,-0.23577,-0.43485,-0.37788,-0.091017,0.055822,-0.22783,-0.26338,-0.23024,0.011718,-0.70587,-0.29185,-0.69379,-0.54626,-0.55616,-0.48605,0.00046592,-0.076457,-0.22365,-0.07786,-0.45228,-0.38286
-0.14072,-0.28806,-0.20513,-0.21775,-0.089001,-0.24481,-0.084144,-0.40708,-0.3715,-0.34191,-0.55697,-0.53306,-0.30684,-0.30449,-0.38312,-0.38147,0.15689,-0.070301,-0.30753,-0.086631,0.044244,-0.11251,0,-0.027355,-0.24866,-0.36747,-0.23294,-0.39927,-0.10248,-0.15949,-0.45533,-0.29527,-0.31623,-0.2003,-0.29513,-0.29041,-0.4796,-0.43988,-0.13966,-0.42227,0.14813,-0.12728,-0.47363,-0.28511,-0.42033,-0.27005,-0.4482,-0.32228,-0.13153,-0.39488,-0.42896,-0.19935,-0.18909,-0.22499,-0.30123,-0.24536,-0.24689,-0.23165,-0.25071,-0.25981,-0.32192,-0.34241,-0.45547,-0.17911,-0.23806,-0.36103,-0.30834,-0.36491,-0.47146,-0.43765,-0.26988,-0.36496,-0.37667,-0.25683,-0.38808,-0.50911,-0.41307,-0.29408,-0.28877,-0.38278,-0.44429,-0.097813,-0.15782,-0.11404,-0.096707,-0.31823,-0.087295,-0.34932,-0.26411,-0.41509,-0.34062,-0.19227,-0.21356,-0.29093,-0.36537,-0.45193,-0.54564,-0.15646,-0.28478,-0.061227,-0.00090853,-0.22548,-0.22525,-0.38115,-0.25983
-0.11108,0.026656,-0.34465,-0.39124,0.032585,0.36123,-0.48843,-0.5215,-0.3875,-0.27493,-0.75655,-0.50954,-0.47024,-0.51856,-0.13046,-0.067884,0.1726,0.14507,-0.42694,0.38074,0.37101,0.46705,-0.027355,0,-0.56817,-0.42792,0.033796,-0.0016773,-0.16903,-0.086049,-0.30609,-0.27965,-0.34329,-0.37641,-0.23744,-0.43466,-0.60956,-0.8686,-0.57286,-0.65485,0.068612,0.24153,-0.26799,0.14106,-0.36801,-0.3351,-0.26704,-0.038281,-0.032457,-0.41118,-0.47732,-0.21772,-0.042165,0.1511,0.00054745,0.18343,0.11572,0.090079,0.11961,-0.15634,-0.06538,-0.13427,-0.16521,-0.070161,-0.12152,-0.19467,-0.1999,-0.39348,-0.13087,-0.1981,-0.10154,-0.16822,-0.18379,-0.11264,-0.27894,-0.79056,-0.54965,-0.37133,-0.46353,-0.46056,-0.53939,-0.17535,-0.28742,-0.08945,-0.23705,-0.40394,-0.39692,-0.10289,0.058094,-0.19934,-0.22237,-0.16242,0.17701,-0.57055,-0.19812,-0.71114,-0.58645,-0.50954,-0.43773,-0.092199,-0.15197,-0.33794,-0.23266,-0.45802,-0.34981
-0.28391,-0.63862,-0.13262,-0.18498,-0.25335,-0.59796,0.048979,0.051979,0.094872,-0.071547,0.094459,-0.0058589,-0.20083,-0.12859,-0.3117,-0.47382,-0.23009,-0.42589,0.077988,-0.57402,-0.60268,-0.6224,-0.24866,-0.56817,0,-0.0039312,-0.51026,-0.67021,-0.47986,-0.48229,-0.4802,-0.33402,-0.3602,-0.23947,-0.56277,-0.27107,-0.092595,-0.070278,-0.074733,0.050255,-0.38544,-0.52825,-0.43422,-0.47076,-0.25512,-0.17485,-0.32834,-0.34836,-0.42601,-0.102,-0.15646,-0.54381,-0.34345,-0.56228,-0.51128,-0.47181,-0.4216,-0.39367,-0.40247,-0.30685,-0.45584,-0.51267,-0.57784,-0.38607,-0.45804,-0.29053,-0.26597,-0.45549,-0.39674,-0.53954,-0.5931,-0.34366,-0.30634,-0.26466,-0.19183,0.17353,-0.028992,-0.16165,-0.18235,-0.15071,-0.14657,-0.25504,-0.29891,-0.32666,-0.35636,-0.036173,-0.0054745,-0.30633,-0.43214,-0.30818,-0.21854,-0.22508,-0.52583,-0.1049,-0.49636,-0.20946,-0.33674,-0.06595,-0.20013,-0.26753,-0.29737,-0.24055,-0.30148,-0.54673,-0.43143
-0.25,-0.4628,-0.435,-0.47943,-0.3952,-0.44809,-0.16009,-0.046097,0.0063364,0.23882,-0.043645,-0.070079,-0.47197,-0.47676,-0.48304,-0.4589,-0.31123,-0.58606,-0.037326,-0.54513,-0.54088,-0.48398,-0.36747,-0.42792,-0.0039312,0,-0.44263,-0.28764,-0.25787,-0.17025,-0.24439,-0.11077,-0.43526,-0.52756,-0.41743,-0.21264,-0.13095,-0.14858,-0.0075478,0.068268,-0.32538,-0.23065,-0.31487,-0.22456,-0.31306,-0.28973,-0.54184,-0.52987,-0.59904,-0.47776,-0.45263,-0.6209,-0.47165,-0.60204,-0.55493,-0.37864,-0.3231,-0.37916,-0.37463,-0.54337,-0.63434,-0.42643,-0.43062,-0.48459,-0.46483,-0.55047,-0.55393,-0.41772,-0.2613,-0.3224,-0.3954,-0.40212,-0.37799,-0.39271,-0.40814,-0.16125,-0.29746,-0.41981,-0.48046,-0.31635,-0.3429,-0.48948,-0.59229,-0.5698,-0.6603,-0.29947,-0.45595,-0.53769,-0.43234,-0.4414,-0.37727,-0.3553,-0.53413,-0.15108,-0.23925,-0.29003,-0.34792,-0.35132,-0.48796,-0.55718,-0.64899,-0.68419,-0.67951,-0.50504,-0.57711
-0.08701,-0.1159,-0.43366,-0.45574,0.055362,-0.054145,-0.46009,-0.45772,-0.19738,-0.35953,-0.53802,-0.37543,-0.38204,-0.40971,-0.085484,-0.21859,-0.048048,-0.022253,-0.50986,-0.012504,0.17377,0.061844,-0.23294,0.033796,-0.51026,-0.44263,0,-0.047087,-0.19132,-0.16064,-0.47612,-0.53812,-0.38363,-0.33481,-0.36033,-0.57036,-0.58713,-0.68681,-0.54436,-0.4794,-0.077097,0.034903,-0.15945,-0.036411,-0.50488,-0.63916,-0.17957,-0.072898,0.091413,-0.28893,-0.36208,-0.20383,-0.028514,0.087907,-0.0018578,0.017775,0.077872,0.063405,0.069386,-0.10702,-0.092636,-0.11586,-0.20909,-0.20868,-0.1956,-0.14094,-0.21497,-0.054512,-0.021042,-0.14706,-0.037529,-0.26525,-0.27092,-0.25607,-0.40835,-0.48974,-0.43939,-0.37209,-0.35695,-0.31959,-0.36186,-0.3545,-0.38697,-0.26321,-0.30928,-0.37418,-0.50982,-0.051472,-0.032602,-0.13439,-0.3225,-0.26136,-0.083003,-0.42081,-0.3358,-0.47282,-0.46388,-0.44289,-0.4927,-0.18528,-0.30608,-0.27775,-0.31608,-0.54124,-0.37373
-0.3084,-0.1151,-0.59319,-0.53879,-0.33294,-0.072968,-0.72698,-0.72177,-0.38296,-0.3027,-0.54436,-0.37097,-0.50069,-0.51322,-0.28044,-0.036953,-0.29716,-0.14003,-0.50499,0.021176,-0.12868,0.14986,-0.39927,-0.0016773,-0.67021,-0.28764,-0.047087,0,-0.25776,-0.26974,-0.10823,-0.22533,-0.30337,-0.43401,-0.19813,-0.4366,-0.51332,-0.57947,-0.61063,-0.53225,-0.26345,0.047116,-0.14007,0.006319,-0.27283,-0.3575,-0.40913,-0.25923,-0.37629,-0.62773,-0.61808,-0.35156,-0.36015,-0.20699,-0.24685,-0.11497,-0.11385,-0.21396,-0.1576,-0.31769,-0.22589,-0.15664,0.039772,-0.22129,-0.19165,-0.37961,-0.41926,-0.31012,-0.083952,-0.086247,-0.101,-0.30163,-0.28422,-0.22886,-0.41385,-0.67218,-0.57118,-0.47321,-0.50671,-0.47238,-0.38977,-0.49057,-0.47484,-0.31745,-0.39358,-0.48567,-0.62512,-0.31289,-0.16272,-0.26868,-0.27171,-0.46595,-0.25825,-0.56556,-0.02626,-0.54366,-0.32771,-0.73686,-0.57882,-0.34752,-0.41403,-0.49508,-0.35027,-0.35277,-0.44953
-0.016971,-0.4127,-0.31609,-0.34249,-0.21026,-0.28374,-0.2786,-0.48481,-0.44673,-0.23768,-0.46964,-0.73775,-0.29319,-0.41499,-0.34151,-0.25602,-0.18538,-0.13917,-0.46458,-0.25197,-0.10265,-0.20144,-0.10248,-0.16903,-0.47986,-0.25787,-0.19132,-0.25776,0,0.2079,-0.091925,-0.023867,-0.14186,-0.18315,-0.027955,-0.18752,-0.24716,-0.34123,-0.10513,-0.47187,-0.055129,-0.12445,-0.23478,-0.21228,-0.77225,-0.63848,-0.34983,-0.34984,-0.083597,-0.4501,-0.46429,0.027373,-0.051699,-0.097248,-0.038153,-0.07517,-0.036883,-0.089001,-0.12427,-0.32186,-0.32867,-0.081733,-0.19419,-0.10441,-0.054908,-0.30857,-0.34456,-0.11354,-0.21176,0.07825,0.059393,-0.34035,-0.36845,-0.5896,-0.49084,-0.50631,-0.69353,-0.32701,-0.3259,-0.31073,-0.4284,-0.24484,-0.22707,-0.30753,-0.25628,-0.45222,-0.41866,-0.3904,-0.11203,-0.51881,-0.68417,-0.061769,-0.11537,-0.35517,-0.41538,-0.34728,-0.297,-0.35909,-0.54384,-0.18865,-0.35573,-0.28005,-0.381,-0.40754,-0.22609
0.096648,-0.2414,-0.45879,-0.56072,-0.088151,-0.13358,-0.17083,-0.27251,-0.26472,-0.12023,-0.45299,-0.5476,-0.43853,-0.56973,-0.36087,-0.42252,-0.084546,-0.31833,-0.32558,-0.31544,-0.037483,-0.20992,-0.15949,-0.086049,-0.48229,-0.17025,-0.16064,-0.26974,0.2079,0,-0.27683,-0.16962,-0.37883,-0.41309,-0.29835,-0.30387,-0.41861,-0.49556,-0.084109,-0.39729,0.12448,0.036085,-0.36725,-0.11963,-0.61186,-0.54033,-0.35436,-0.38675,-0.14029,-0.47794,-0.52709,-0.19801,-0.096672,-0.14029,-0.15539,-0.058071,-0.094243,-0.024752,-0.12699,-0.42988,-0.43423,-0.11052,-0.29047,-0.32514,-0.22332,-0.37291,-0.41837,-0.27986,-0.2505,-0.14875,-0.12891,-0.3349,-0.37418,-0.41881,-0.45281,-0.54246,-0.65678,-0.48995,-0.53162,-0.47145,-0.71584,-0.28883,-0.42327,-0.42694,-0.50437,-0.51522,-0.6081,-0.36589,-0.14903,-0.44382,-0.50756,-0.096613,-0.060196,-0.14533,-0.26302,-0.49652,-0.52926,-0.36351,-0.60248,-0.33696,-0.40525,-0.44454,-0.58475,-0.33844,-0.35812
-0.34927,-0.35399,-0.30847,-0.23964,-0.51466,-0.2954,-0.5166,-0.50515,-0.59133,-0.28759,-0.4161,-0.52411,-0.44663,-0.51833,-0.18621,0.14493,-0.43719,-0.20097,-0.54779,-0.23566,-0.35192,-0.18792,-0.45533,-0.30609,-0.4802,-0.24439,-0.47612,-0.10823,-0.091925,-0.27683,0,0.40875,-0.14733,-0.36031,0.061949,-0.17623,-0.14335,-0.24822,-0.39669,-0.55621,-0.45162,-0.34014,0.0089689,-0.18669,-0.2544,-0.22049,-0.24767,-0.25685,-0.33766,-0.54997,-0.48646,-0.056312,-0.32039,-0.25391,-0.17941,-0.23356,-0.20709,-0.29433,-0.2814,-0.24159,-0.18241,-0.034868,0.12708,0.044297,0.034571,-0.24069,-0.22782,-0.25521,-0.14162,0.26455,-0.02043,-0.080487,-0.083614,-0.42309,-0.23338,-0.4708,-0.48459,-0.38593,-0.40308,-0.36886,-0.33371,-0.24555,-0.17483,-0.40599,-0.33583,-0.52448,-0.41668,-0.33637,-0.16185,-0.37231,-0.47703,-0.25019,-0.23081,-0.58557,-0.31992,-0.29894,-0.049172,-0.56124,-0.38354,-0.21927,-0.28872,-0.2863,-0.17515,-0.29634,-0.23618
-0.25341,-0.44884,-0.32301,-0.30073,-0.4126,-0.31427,-0.34378,-0.43653,-0.4914,-0.18661,-0.36063,-0.57306,-0.42607,-0.50063,-0.26152,-0.05605,-0.2994,-0.22702,-0.33702,-0.29265,-0.32716,-0.19971,-0.29527,-0.27965,-0.33402,-0.11077,-0.53812,-0.22533,-0.023867,-0.16962,0.40875,0,-0.16061,-0.34366,0.018811,-0.10601,-0.0856,-0.20512,-0.2662,-0.52266,-0.31825,-0.3409,-0.11372,-0.17916,-0.32311,-0.16896,-0.31467,-0.31789,-0.31553,-0.54559,-0.52013,-0.11442,-0.24362,-0.27067,-0.20084,-0.19546,-0.17889,-0.23743,-0.25597,-0.33737,-0.34864,-0.048024,-0.0069946,0.0055269,-0.03329,-0.30693,-0.28883,-0.31228,-0.14834,0.10971,-0.067575,-0.13804,-0.13106,-0.41118,-0.21096,-0.4576,-0.54451,-0.36025,-0.4068,-0.36813,-0.38015,-0.27553,-0.27682,-0.36233,-0.39267,-0.43286,-0.31158,-0.34809,-0.13771,-0.4596,-0.47502,-0.18244,-0.28771,-0.47843,-0.37764,-0.41655,-0.2822,-0.4534,-0.43681,-0.1375,-0.25862,-0.27653,-0.19499,-0.34998,-0.33736
-0.4552,-0.69158,-0.076853,-0.082904,-0.35333,-0.45032,-0.40568,-0.55354,-0.41471,-0.33503,-0.13401,-0.46732,0.35378,0.15679,-0.3604,-0.17771,-0.49678,-0.087039,-0.36034,-0.31156,-0.40474,-0.24569,-0.31623,-0.34329,-0.3602,-0.43526,-0.38363,-0.30337,-0.14186,-0.37883,-0.14733,-0.16061,0,0.43752,0.31749,0.18312,0.080126,-0.0069771,-0.27083,-0.32526,-0.43193,-0.42202,-0.44296,-0.5852,-0.71028,-0.55882,-0.36902,-0.30461,-0.21282,-0.095711,-0.001887,-0.211,-0.28678,-0.34239,-0.24094,-0.38158,-0.3271,-0.35987,-0.34514,-0.33218,-0.29545,-0.1664,-0.20251,-0.20909,-0.26919,-0.35808,-0.33997,-0.097336,-0.29921,-0.17219,-0.30807,-0.5182,-0.53459,-0.67565,-0.43164,-0.26563,-0.39625,0.21112,0.22281,0.034088,-0.017932,-0.40086,-0.17172,-0.0075653,0.065828,-0.11144,-0.11283,-0.37396,-0.29195,-0.58036,-0.55849,-0.061874,-0.19597,-0.63044,-0.5567,-0.32199,-0.27156,-0.24963,-0.23503,-0.18917,-0.31523,-0.072007,-0.08429,-0.38644,-0.19315
-0.38407,-0.75893,0.0038438,-0.037623,-0.24306,-0.5124,-0.2796,-0.4869,-0.33351,-0.37787,-0.12395,-0.4696,0.55342,0.37661,-0.37887,-0.31969,-0.40158,-0.071565,-0.27556,-0.3303,-0.38986,-0.31052,-0.2003,-0.37641,-0.23947,-0.52756,-0.33481,-0.43401,-0.18315,-0.41309,-0.36031,-0.34366,0.43752,0,0.020279,0.030587,-0.034874,-0.057896,-0.21676,-0.30181,-0.33445,-0.45767,-0.54909,-0.6596,-0.75489,-0.60077,-0.36745,-0.32198,-0.15167,-0.0042864,0.02923,-0.21563,-0.20602,-0.32432,-0.2533,-0.37955,-0.33813,-0.34246,-0.34187,-0.30165,-0.32342,-0.24783,-0.33545,-0.25572,-0.30074,-0.3167,-0.31413,-0.16082,-0.40206,-0.32265,-0.41699,-0.5875,-0.58758,-0.59893,-0.43867,-0.17363,-0.34053,0.29676,0.32588,-0.0032614,-0.024804,-0.30464,-0.10272,0.065473,0.1461,-0.0079497,0.029265,-0.35717,-0.34652,-0.56859,-0.52803,-0.025189,-0.24462,-0.46692,-0.65186,-0.26894,-0.30513,-0.067103,-0.18995,-0.13145,-0.23363,0.047337,-0.051466,-0.43388,-0.18776
-0.43575,-0.48451,-0.15456,-0.13606,-0.40694,-0.32525,-0.46553,-0.57938,-0.66652,-0.3753,-0.35903,-0.66559,-0.083708,-0.20644,-0.36551,-0.095478,-0.45989,-0.083306,-0.54223,-0.20602,-0.2893,-0.12354,-0.29513,-0.23744,-0.56277,-0.41743,-0.36033,-0.19813,-0.027955,-0.29835,0.061949,0.018811,0.31749,0.020279,0,0.18351,-0.01163,-0.127,-0.31396,-0.46454,-0.3568,-0.29718,-0.23337,-0.36671,-0.62501,-0.53223,-0.34804,-0.27316,-0.18959,-0.34299,-0.20518,-0.10464,-0.26299,-0.22438,-0.16598,-0.27988,-0.20002,-0.31632,-0.29005,-0.319,-0.252,-0.12791,-0.1475,-0.094255,-0.17165,-0.34483,-0.31422,-0.10389,-0.23222,0.014257,-0.15137,-0.38955,-0.40935,-0.70233,-0.43583,-0.43826,-0.50554,-0.049736,-0.059224,-0.1535,-0.17896,-0.37535,-0.19422,-0.1474,-0.041484,-0.30312,-0.24945,-0.39111,-0.23327,-0.59012,-0.72076,-0.10632,-0.1614,-0.79022,-0.52171,-0.28673,-0.24395,-0.32926,-0.26924,-0.23085,-0.3374,-0.2319,-0.13138,-0.33388,-0.12279
-0.45196,-0.74149,-0.06998,-0.10324,-0.40207,-0.50858,-0.21702,-0.26106,-0.40291,-0.1943,-0.065007,-0.40127,0.035846,-0.041927,-0.6033,-0.40765,-0.53566,-0.36001,-0.26288,-0.4924,-0.53245,-0.43049,-0.29041,-0.43466,-0.27107,-0.21264,-0.57036,-0.4366,-0.18752,-0.30387,-0.17623,-0.10601,0.18312,0.030587,0.18351,0,0.15048,0.15623,-0.028281,-0.12503,-0.39915,-0.40299,-0.55921,-0.55584,-0.64342,-0.49073,-0.4682,-0.46996,-0.35023,-0.23781,-0.05987,-0.3578,-0.41384,-0.53677,-0.45335,-0.49646,-0.43911,-0.50184,-0.49506,-0.51675,-0.51168,-0.32968,-0.41708,-0.39499,-0.51571,-0.52026,-0.46381,-0.25166,-0.44967,-0.30933,-0.48875,-0.61009,-0.64145,-0.74483,-0.46423,-0.15051,-0.28619,0.045211,0.040855,-0.052398,-0.12033,-0.46267,-0.29726,-0.17953,-0.11565,-0.13258,-0.18904,-0.56711,-0.46516,-0.7907,-0.70141,-0.11426,-0.31618,-0.45604,-0.51276,-0.23649,-0.29876,-0.12881,-0.12678,-0.40961,-0.47029,-0.37627,-0.31883,-0.34369,-0.20519
-0.46357,-0.94525,-0.029294,-0.08443,-0.4755,-0.72794,-0.27746,-0.18775,-0.22689,-0.058187,0.17365,-0.25283,0.0048746,-0.074453,-0.37361,-0.32811,-0.56211,-0.32373,-0.13442,-0.53931,-0.73729,-0.55604,-0.4796,-0.60956,-0.092595,-0.13095,-0.58713,-0.51332,-0.24716,-0.41861,-0.14335,-0.0856,0.080126,-0.034874,-0.01163,0.15048,0,0.3239,-0.1299,-0.10242,-0.66491,-0.65869,-0.35824,-0.61001,-0.55088,-0.45662,-0.29553,-0.33688,-0.38436,-0.070691,0.02813,-0.38921,-0.3151,-0.50411,-0.33035,-0.4366,-0.37641,-0.40567,-0.38309,-0.37834,-0.41386,-0.35737,-0.38097,-0.27654,-0.3804,-0.29637,-0.27924,-0.15204,-0.19401,-0.20872,-0.37193,-0.37757,-0.36426,-0.62274,-0.26442,0.08489,-0.19413,0.14445,0.089706,0.13619,0.059969,-0.37246,-0.28566,-0.21429,-0.22999,-0.018002,-0.12131,-0.40148,-0.36943,-0.48215,-0.54142,-0.093602,-0.42448,-0.41971,-0.58953,-0.095286,-0.18656,-0.088646,-0.1124,-0.35631,-0.48996,-0.25159,-0.22883,-0.43272,-0.18215
-0.60759,-0.91555,-0.050511,-0.025608,-0.60434,-1,-0.17543,-0.19023,-0.25372,-0.22352,0.28488,-0.16263,0.047838,0.055782,-0.55799,-0.48709,-0.74825,-0.50913,-0.16335,-0.74838,-0.86525,-0.75472,-0.43988,-0.8686,-0.070278,-0.14858,-0.68681,-0.57947,-0.34123,-0.49556,-0.24822,-0.20512,-0.0069771,-0.057896,-0.127,0.15623,0.3239,0,-0.011258,0.042014,-0.69712,-0.76592,-0.50262,-0.93017,-0.47067,-0.40411,-0.47523,-0.59025,-0.5302,-0.11821,0.024024,-0.43585,-0.58688,-0.81749,-0.59677,-0.8172,-0.69823,-0.75496,-0.75938,-0.4507,-0.54351,-0.46509,-0.45997,-0.50626,-0.53852,-0.52378,-0.46625,-0.15017,-0.46685,-0.41186,-0.54331,-0.59995,-0.58427,-0.73298,-0.46176,0.15684,-0.041437,0.052037,0.12442,0.096363,0.13103,-0.43344,-0.26952,-0.25604,-0.17311,0.014135,-0.056096,-0.62394,-0.66339,-0.63113,-0.58969,-0.29472,-0.61165,-0.21652,-0.45991,0.027798,-0.095233,-0.03513,-0.058059,-0.47771,-0.47117,-0.26976,-0.30991,-0.24811,-0.18053
-0.1903,-0.59058,-0.27753,-0.33786,-0.34161,-0.63622,0.2536,-0.019009,-0.18822,-0.10342,-0.071064,-0.30828,-0.18992,-0.25557,-0.75183,-0.77556,-0.37129,-0.6181,-0.17686,-0.72244,-0.53904,-0.68159,-0.13966,-0.57286,-0.074733,-0.0075478,-0.54436,-0.61063,-0.10513,-0.084109,-0.39669,-0.2662,-0.27083,-0.21676,-0.31396,-0.028281,-0.1299,-0.011258,0,0.082316,-0.16606,-0.31757,-0.55015,-0.54304,-0.51565,-0.43726,-0.5474,-0.65116,-0.49107,-0.37332,-0.30492,-0.46564,-0.4211,-0.65106,-0.58965,-0.55602,-0.51335,-0.48603,-0.55199,-0.63813,-0.75978,-0.53633,-0.73435,-0.55301,-0.53516,-0.58315,-0.55924,-0.38042,-0.62866,-0.46305,-0.53221,-0.59132,-0.62708,-0.56993,-0.52865,-0.11058,-0.3267,-0.27577,-0.2608,-0.28257,-0.41076,-0.38657,-0.39029,-0.50368,-0.39773,-0.33292,-0.30889,-0.68379,-0.58997,-0.62712,-0.57776,-0.17391,-0.48611,-0.0014793,-0.4104,-0.11884,-0.33329,0.012871,-0.2995,-0.56233,-0.51939,-0.49372,-0.6562,-0.32483,-0.29009
-0.40915,-0.52072,-0.23005,-0.27438,-0.40503,-0.60706,-0.049177,0.12209,0.029545,-0.065077,0.22673,0.1764,-0.15031,-0.12658,-0.63616,-0.6861,-0.5371,-0.72311,-0.096549,-0.71638,-0.76457,-0.8056,-0.42227,-0.65485,0.050255,0.068268,-0.4794,-0.53225,-0.47187,-0.39729,-0.55621,-0.52266,-0.32526,-0.30181,-0.46454,-0.12503,-0.10242,0.042014,0.082316,0,-0.47058,-0.37988,-0.55359,-0.58771,-0.37042,-0.41939,-0.5253,-0.56548,-0.65069,-0.16126,-0.064395,-0.82192,-0.63245,-0.84063,-0.75117,-0.71131,-0.60855,-0.64037,-0.62431,-0.51464,-0.58879,-0.76352,-0.80403,-0.82497,-0.86202,-0.58486,-0.55208,-0.3967,-0.56676,-0.65989,-0.76516,-0.65265,-0.66215,-0.50416,-0.51508,0.18607,0.015795,-0.18454,-0.17239,-0.10384,-0.14633,-0.52036,-0.46753,-0.44932,-0.38013,-0.1177,-0.30833,-0.60024,-0.72061,-0.44928,-0.38549,-0.34702,-0.54615,-0.08422,-0.2968,-0.04054,-0.23326,-0.11068,-0.20836,-0.79082,-0.72765,-0.6067,-0.71425,-0.35918,-0.36376
0.10375,-0.1131,-0.44482,-0.5303,0.082083,6.9887e-05,-0.057354,-0.33213,-0.34089,-0.32545,-0.64321,-0.63907,-0.44629,-0.50919,-0.35494,-0.4242,0.20244,-0.20678,-0.36226,-0.15591,0.15526,-0.026877,0.14813,0.068612,-0.38544,-0.32538,-0.077097,-0.26345,-0.055129,0.12448,-0.45162,-0.31825,-0.43193,-0.33445,-0.3568,-0.39915,-0.66491,-0.69712,-0.16606,-0.47058,0,0.21329,-0.34188,-0.014583,-0.45674,-0.39516,-0.38175,-0.29897,-0.086509,-0.54446,-0.59842,-0.22751,-0.061932,-0.053837,-0.21458,-0.042119,-0.027308,-0.010844,-0.097516,-0.35317,-0.39033,-0.20891,-0.39627,-0.26183,-0.20528,-0.34276,-0.35981,-0.47128,-0.395,-0.31911,-0.26067,-0.34778,-0.36454,-0.2605,-0.42377,-0.63822,-0.66846,-0.50706,-0.54963,-0.65873,-0.82819,-0.23249,-0.36165,-0.37064,-0.39161,-0.5212,-0.40532,-0.275,-0.16892,-0.40036,-0.39907,-0.12842,-0.1048,-0.24975,-0.37173,-0.55746,-0.7076,-0.29037,-0.57707,-0.18768,-0.18807,-0.35267,-0.41517,-0.40787,-0.41759
-0.0016482,0.062217,-0.49167,-0.55654,-0.0029294,0.20516,-0.3038,-0.36144,-0.31494,-0.22762,-0.62079,-0.41737,-0.51542,-0.60251,-0.34651,-0.26698,-0.010326,-0.19239,-0.4957,-0.026283,0.082508,0.081955,-0.12728,0.24153,-0.52825,-0.23065,0.034903,0.047116,-0.12445,0.036085,-0.34014,-0.3409,-0.42202,-0.45767,-0.29718,-0.40299,-0.65869,-0.76592,-0.31757,-0.37988,0.21329,0,-0.2356,0.16086,-0.38195,-0.4418,-0.37528,-0.21351,-0.24009,-0.55939,-0.55713,-0.388,-0.20106,-0.082304,-0.20545,-0.017827,0.023197,-0.058012,-0.064267,-0.32687,-0.26607,-0.28915,-0.33642,-0.30077,-0.28982,-0.35699,-0.37733,-0.47244,-0.28571,-0.23395,-0.23239,-0.32742,-0.35689,-0.24103,-0.46725,-0.65792,-0.57729,-0.50559,-0.57935,-0.55131,-0.67542,-0.36222,-0.44897,-0.38186,-0.40818,-0.54599,-0.61867,-0.27911,-0.13888,-0.28268,-0.34835,-0.19932,-0.0083981,-0.40995,-0.13693,-0.52852,-0.50983,-0.50422,-0.57121,-0.38921,-0.42274,-0.59957,-0.56358,-0.42939,-0.4054
