,,,,,,,,,,,,,,,,,,,,,,,,,,,,,,,,,,,,,,,,,,,,,,,,,,,,,,,,,,,,,,,,,,,,,,,,,,,,,,,,,,,,,,,,,,,,,,,,,,,,,,,,
0,-0.14556,-0.47499,-0.56241,0.40719,0.036097,0.18953,-0.30733,-0.22179,-0.25374,-0.46784,-0.53932,-0.23396,-0.41908,-0.14578,-0.32298,0.26796,0.043016,-0.38743,-0.10195,0.14372,-0.048257,0.14127,0.0090259,-0.15885,-0.185,0.1457,-0.067969,0.52691,0.35667,-0.10989,0.088786,-0.2643,-0.10856,-0.12413,-0.024614,-0.50593,-0.44698,0.11109,-0.33588,0.42325,0.25772,-0.11215,0.11853,-0.36332,-0.10644,-0.021221,0.027899,-0.034733,-0.43683,-0.6123,-0.11445,0.26738,0.06431,0.014683,0.32883,0.38296,0.43267,0.28959,-0.13704,-0.26053,-0.15612,-0.20385,0.15313,-0.11016,0.063918,0.011574,-0.1946,-0.12152,0.14309,0.16061,-0.16148,-0.20001,-0.030712,-0.052803,-0.41855,-0.6004,-0.41396,-0.41214,-0.54279,-0.70902,-0.17479,-0.29292,-0.21021,-0.35458,-0.57783,-0.60981,0.12437,0.35385,-0.14336,-0.16093,0.068228,-0.030833,-0.12005,-0.21861,-0.53893,-0.52203,-0.33161,-0.61833,0.096061,-0.17471,-0.24973,-0.35836,0.037263,-0.078407
-0.14556,0,-0.34917,-0.24733,-0.12265,0.49208,-0.17329,0.055272,-0.36954,-0.23361,-0.62683,-0.15232,-0.73349,-0.73184,-0.34492,-0.22113,-0.20146,-0.26637,-0.73809,-0.014019,-0.0067317,-0.15726,0.059003,0.14091,-0.50795,-0.16592,-0.14253,-0.25297,-0.12762,0.0026383,-0.14432,-0.11417,-0.67952,-0.65187,-0.26614,-0.29356,-0.61619,-0.58752,-0.28623,-0.29601,-0.089758,0.18193,0.077453,0.29234,0.034661,-0.072177,0.095439,0.11138,-0.24041,-0.72615,-0.66158,-0.10957,-0.2722,0.02689,-0.23074,-0.2004,-0.12166,-0.20334,-0.19948,-0.15252,0.046011,-0.37986,-0.35984,-0.18363,-0.058339,-0.022061,0.11848,-0.11029,-0.21736,-0.23532,-0.034938,0.0092855,0.033109,-0.14865,-0.08343,-0.49407,-0.15089,-0.59652,-0.72228,-0.48338,-0.54011,-0.16146,-0.23947,-0.062263,-0.098355,-0.59408,-0.52208,-0.017623,-0.12718,0.1183,-0.23686,-0.51608,-0.1239,-0.16727,0.22357,-0.25692,-0.24869,-0.347,-0.13438,-0.33816,-0.12988,-0.55481,-0.25074,-0.1104,-0.097654
-0.47499,-0.34917,0,0.77619,-0.49891,-0.46937,-0.35787,-0.16089,-0.18505,-0.088423,-0.00068222,-0.060796,-0.10539,0.0070999,-0.25826,-0.11293,-0.52777,-0.28286,-0.041797,-0.15792,-0.55183,-0.37994,-0.41547,-0.32785,-0.13056,-0.19995,-0.45071,-0.36426,-0.44376,-0.4279,-0.28584,-0.47396,-0.17852,-0.16142,-0.29909,-0.21948,-0.027887,-0.022368,-0.24646,-0.0028134,-0.5532,-0.4523,-0.32768,-0.58245,-0.13859,-0.35701,-0.38301,-0.40182,-0.27693,-0.028291,0.089311,-0.28738,-0.40295,-0.38085,-0.39277,-0.49008,-0.53721,-0.5903,-0.47683,-0.046651,-0.0077701,-0.44249,-0.33679,-0.51461,-0.32527,-0.35444,-0.29596,-0.3444,-0.43462,-0.57292,-0.6512,-0.36362,-0.34524,-0.27294,-0.42253,0.22996,0.22839,0.089975,0.07618,-0.024421,0.066508,0.22778,0.39689,-0.10208,0.14325,0.11335,0.011362,-0.59541,-0.68037,-0.29086,-0.36148,-0.23642,-0.30106,-0.28275,-0.26494,0.025671,0.07845,0.047164,0.027971,-0.47427,-0.33788,-0.28279,-0.28892,-0.34648,-0.19586
-0.56241,-0.24733,0.77619,0,-0.56146,-0.44799,-0.36637,-0.071676,-0.14197,-0.090192,0.00076675,0.030507,-0.24876,-0.11586,-0.2107,-0.063435,-0.49893,-0.3036,-0.1138,-0.17021,-0.53571,-0.40662,-0.36092,-0.3583,-0.092408,-0.11534,-0.44419,-0.39714,-0.51679,-0.50084,-0.16474,-0.42519,-0.2908,-0.30307,-0.38119,-0.34049,-0.038989,-0.019947,-0.29724,0.043052,-0.60944,-0.4713,-0.24282,-0.49254,-0.0044978,-0.23612,-0.36739,-0.3972,-0.30329,-0.12279,0.014677,-0.22353,-0.5523,-0.44853,-0.52429,-0.63469,-0.59929,-0.75566,-0.6125,0.017164,0.066538,-0.42685,-0.3082,-0.46395,-0.19986,-0.34102,-0.24992,-0.25702,-0.43398,-0.55847,-0.56067,-0.2269,-0.19019,-0.31358,-0.36784,0.20496,0.3912,-0.052652,-0.044514,-0.075105,0.083829,0.27094,0.41474,-0.1912,0.10406,0.037649,0.001286,-0.61345,-0.76111,-0.22678,-0.34733,-0.30619,-0.34502,-0.27574,-0.21246,0.14623,0.21462,0.091635,0.15883,-0.49322,-0.24529,-0.27963,-0.17107,-0.37005,-0.20788
0.40719,-0.12265,-0.49891,-0.56146,0,0.10608,0.047351,-0.2513,0.0047937,-0.18116,-0.31998,-0.3135,-0.12095,-0.23968,-0.090832,-0.23363,0.25557,0.089661,-0.23837,0.013349,0.22933,0.021125,0.16532,0.020086,-0.17057,-0.20938,0.38024,0.0058744,0.21104,0.12081,-0.254,-0.062928,-0.13555,-0.07147,-0.075183,-0.12282,-0.42722,-0.3798,-0.083038,-0.23048,0.28554,0.20455,-0.13459,0.10715,-0.42571,-0.20497,-0.038398,0.03911,0.011362,-0.27629,-0.42946,-0.28044,0.25273,0.081257,0.12502,0.24775,0.40755,0.40834,0.23526,-0.093108,-0.23182,-0.093972,-0.10226,0.072358,-0.20775,0.020756,-0.073227,-0.00039243,-0.035427,0.13142,0.14005,-0.20605,-0.23577,-0.14835,-0.10788,-0.38806,-0.4375,-0.27101,-0.28604,-0.38385,-0.44708,-0.3418,-0.45249,-0.032427,-0.22776,-0.35006,-0.36689,0.17039,0.30558,-0.16592,-0.17185,0.017068,-0.0026927,-0.098373,-0.13584,-0.40869,-0.46557,-0.31132,-0.4921,0.08296,-0.2091,-0.14483,-0.27016,-0.082712,-0.15518
0.036097,0.49208,-0.46937,-0.44799,0.10608,0,-0.21432,-0.12242,-0.36828,-0.25339,-0.75704,-0.25821,-0.49455,-0.5707,-0.34773,-0.23827,-0.037776,-0.12204,-0.53484,0.080575,0.1038,0.011543,0.13961,0.37481,-0.59489,-0.29554,-0.03681,-0.081438,-0.022332,0.10722,-0.34482,-0.18497,-0.44099,-0.41149,-0.18453,-0.20655,-0.73833,-0.82389,-0.2819,-0.41701,0.044846,0.36194,-0.13058,0.3066,-0.19719,-0.15781,-0.00025961,0.1211,-0.11298,-0.59585,-0.65673,-0.19783,0.022073,0.2997,0.02328,0.077586,0.029106,-0.004685,0.040776,-0.19245,-0.035445,-0.304,-0.28131,-0.097817,-0.15934,-0.062076,-0.0056148,-0.16772,-0.095155,-0.238,-0.047067,-0.16016,-0.13951,-0.083292,-0.10522,-0.59267,-0.3319,-0.42339,-0.59057,-0.51558,-0.637,-0.27066,-0.38991,0.14506,-0.091207,-0.53347,-0.54726,0.036774,0.046156,-0.015166,-0.1658,-0.32945,0.033103,-0.14195,0.29671,-0.43249,-0.38254,-0.35852,-0.24578,-0.16294,-0.14751,-0.50103,-0.25874,-0.056769,-0.032258
0.18953,-0.17329,-0.35787,-0.36637,0.047351,-0.21432,0,0.031594,-0.070849,-0.062167,-0.17223,-0.28548,-0.21269,-0.30218,-0.27803,-0.44008,-0.078112,-0.28157,-0.35714,-0.35354,-0.13269,-0.36908,0.041585,-0.31613,0.063755,0.10827,-0.13465,-0.3628,0.259,0.14644,0.14257,0.35733,-0.27236,-0.12956,-0.099351,0.17455,-0.22321,-0.013826,0.583,0.037492,0.21485,0.025991,0.055103,-0.025586,-0.20505,-0.13593,-0.024536,-0.20808,-0.4101,-0.5111,-0.5701,-0.18444,-0.24697,-0.37904,-0.37037,-0.23029,0.0013041,-0.018239,-0.23436,-0.31988,-0.45974,-0.24853,-0.38514,-0.14219,-0.1227,-0.082597,-0.082012,-0.088743,-0.40859,0.12163,0.012491,-0.13834,-0.19657,-0.27386,-0.13315,-0.26629,-0.35158,-0.50556,-0.42144,-0.4411,-0.53911,-0.21479,-0.22643,-0.44874,-0.37275,-0.58181,-0.44835,-0.095203,-0.11077,-0.20373,-0.44421,-0.21181,-0.44341,-0.069683,-0.35189,-0.25218,-0.36229,-0.30058,-0.4678,-0.29284,-0.31467,-0.25221,-0.45796,-0.17184,-0.30812
-0.30733,0.055272,-0.16089,-0.071676,-0.2513,-0.12242,0.031594,0,0.090349,0.32555,0.01231,0.33252,-0.45454,-0.36094,-0.40011,-0.31805,-0.4868,-0.64352,-0.23085,-0.30838,-0.48774,-0.64548,-0.1707,-0.34568,-0.030815,0.3935,-0.42559,-0.60306,-0.3021,-0.18579,0.055707,0.033326,-0.50601,-0.56731,-0.45464,-0.13295,0.0084161,0.036556,-0.03806,0.32004,-0.38697,-0.20819,0.059239,-0.046071,0.10542,-0.08005,0.12325,-0.13102,-0.61468,-0.43332,-0.37024,-0.45916,-0.58428,-0.50523,-0.57243,-0.60584,-0.39142,-0.42479,-0.52814,-0.29144,-0.19207,-0.47696,-0.48326,-0.44975,-0.28802,-0.065016,0.012153,-0.027156,-0.29648,-0.24705,-0.25351,0.053739,0.067238,-0.29124,0.055073,0.039587,0.21494,-0.39582,-0.44708,-0.16587,-0.21584,-0.26327,-0.27355,-0.2435,-0.28624,-0.32404,-0.36071,-0.19759,-0.40366,0.082754,-0.27271,-0.55691,-0.56148,-0.027404,0.021058,-0.00010867,-0.057361,-0.16402,0.043113,-0.73092,-0.42041,-0.51514,-0.35208,-0.43609,-0.37727
-0.22179,-0.36954,-0.18505,-0.14197,0.0047937,-0.36828,-0.070849,0.090349,0,0.27423,0.35748,0.29087,-0.060386,-0.0033749,0.033115,-0.070734,-0.15791,-0.22187,0.16183,-0.18421,-0.28764,-0.33602,-0.17443,-0.41512,0.29232,0.21077,-0.054493,-0.28404,-0.29619,-0.31699,-0.080472,-0.11901,-0.092438,-0.19422,-0.37615,-0.26432,0.16251,0.1696,-0.14352,0.40719,-0.32626,-0.34633,-0.12834,-0.24667,-0.18194,-0.16569,-0.12127,-0.20358,-0.24515,-0.025961,-0.071217,-0.4869,-0.29551,-0.4682,-0.30704,-0.36861,-0.19878,-0.19174,-0.28147,-0.066447,-0.19102,-0.11044,-0.076379,-0.21193,-0.25627,-0.12015,-0.18722,0.23954,-0.03582,-0.07374,-0.10335,-0.05331,-0.06175,-0.30902,-0.057868,0.139,0.10333,-0.131,-0.084481,0.0013041,0.033996,-0.33307,-0.33303,-0.26488,-0.30881,-0.064244,-0.095596,-0.13059,-0.23176,-0.098886,-0.093978,-0.20222,-0.3995,-0.1417,-0.26131,-0.023455,-0.10942,-0.093664,-0.12605,-0.24102,-0.31089,-0.06009,-0.14344,-0.4973,-0.46907
-0.25374,-0.23361,-0.088423,-0.090192,-0.18116,-0.25339,-0.062167,0.32555,0.27423,0,0.16488,0.34092,-0.19655,-0.12547,-0.3278,-0.20073,-0.37299,-0.33668,0.0032481,-0.17861,-0.43293,-0.40618,-0.14053,-0.23908,0.07109,0.45706,-0.31897,-0.35417,-0.25506,-0.17833,0.0019742,0.032692,-0.20352,-0.29452,-0.33581,-0.021922,0.20356,0.10584,-0.014254,0.36874,-0.36845,-0.20979,-0.1222,-0.13012,-0.11335,-0.20884,-0.049995,-0.13227,-0.48871,-0.20959,-0.1968,-0.62431,-0.42372,-0.53541,-0.43278,-0.39331,-0.29121,-0.26745,-0.30462,-0.29898,-0.22517,-0.33105,-0.34875,-0.34376,-0.41549,-0.13114,-0.12445,-0.084861,-0.14147,-0.19839,-0.23356,-0.079717,-0.0889,-0.18909,-0.0119,0.094654,0.092891,-0.11314,-0.16735,0.073445,-0.073511,-0.3516,-0.32752,-0.12345,-0.24174,-0.13733,-0.24277,-0.20525,-0.30012,0.0091708,-0.10618,-0.32508,-0.43991,-0.17285,-0.088073,-0.10659,-0.14764,-0.15818,-0.033942,-0.49622,-0.42734,-0.38304,-0.32599,-0.61709,-0.44988
-0.46784,-0.62683,-0.00068222,0.00076675,-0.31998,-0.75704,-0.17223,0.01231,0.35748,0.16488,0,0.17389,0.10294,0.22416,-0.15374,-0.23111,-0.4649,-0.37996,0.2797,-0.4445,-0.60479,-0.56104,-0.48736,-0.75732,0.32727,0.11915,-0.33672,-0.46197,-0.46368,-0.541,-0.10494,-0.20545,0.017043,-0.092855,-0.31804,-0.21485,0.74649,0.63178,-0.15334,0.34076,-0.55229,-0.682,-0.20134,-0.52167,-0.18143,-0.25364,-0.23407,-0.38224,-0.39762,0.22109,0.22971,-0.49925,-0.4887,-0.80214,-0.47465,-0.57345,-0.41577,-0.38276,-0.4705,-0.2743,-0.38459,-0.20975,-0.22181,-0.44303,-0.37791,-0.25531,-0.32589,-0.066031,-0.25153,-0.17522,-0.38226,-0.18077,-0.19759,-0.36568,-0.16259,0.35675,0.10744,0.055115,0.12188,0.25608,0.33833,-0.31982,-0.21342,-0.34597,-0.31372,0.19787,0.087862,-0.32675,-0.44692,-0.22383,-0.17131,-0.16666,-0.51727,-0.20034,-0.46593,0.060917,-0.041211,-0.038561,-0.090102,-0.39741,-0.43737,-0.029474,-0.20296,-0.6011,-0.56771
-0.53932,-0.15232,-0.060796,0.030507,-0.3135,-0.25821,-0.28548,0.33252,0.29087,0.34092,0.17389,0,-0.26642,-0.11568,-0.13131,0.016573,-0.4455,-0.43967,0.011972,-0.17282,-0.50292,-0.40398,-0.29101,-0.34434,-0.041736,0.17772,-0.31897,-0.31339,-0.57143,-0.4176,-0.14027,-0.22987,-0.24896,-0.41995,-0.48043,-0.28719,0.14824,0.096018,-0.30363,0.36486,-0.658,-0.37808,-0.12863,-0.26275,-0.014761,-0.2243,-0.098349,-0.1924,-0.42144,-0.11568,-0.045709,-0.58296,-0.50841,-0.44721,-0.35994,-0.60973,-0.48397,-0.49975,-0.48152,-0.092191,-0.0021372,-0.27581,-0.1803,-0.39218,-0.31346,-0.16568,-0.14326,0.11036,-0.024783,-0.33008,-0.28943,-0.045371,0.0081686,-0.34582,-0.093537,0.21423,0.49123,-0.10949,-0.13443,0.10044,0.10744,-0.32684,-0.29915,-0.15558,-0.17722,-0.035916,-0.099508,-0.25722,-0.46412,0.010378,-0.15521,-0.52115,-0.46038,-0.10601,0.010312,0.13876,0.12864,-0.12172,0.18781,-0.51234,-0.32394,-0.25469,-0.1228,-0.51403,-0.32778
-0.23396,-0.73349,-0.10539,-0.24876,-0.12095,-0.49455,-0.21269,-0.45454,-0.060386,-0.19655,0.10294,-0.26642,0,0.77306,-0.17829,-0.27452,-0.21559,-0.050165,0.12834,-0.31532,-0.26134,-0.16415,-0.34179,-0.34766,-0.092589,-0.35182,-0.10985,-0.1153,-0.16083,-0.27678,-0.50458,-0.39567,0.80022,0.70326,0.094014,-0.0021312,0.036611,0.055912,-0.10401,-0.10837,-0.169,-0.319,-0.48044,-0.61051,-0.74587,-0.69931,-0.48733,-0.42946,-0.15869,0.35876,0.26045,-0.36721,-0.084421,-0.28043,-0.065958,-0.16168,-0.17269,-0.10794,-0.14541,-0.32167,-0.45385,-0.076306,-0.15863,-0.33645,-0.36231,-0.4184,-0.57207,-0.17229,-0.23256,-0.19246,-0.36242,-0.70309,-0.7415,-0.43327,-0.55503,-0.096695,-0.3536,0.3907,0.47843,0.10289,0.052845,-0.3704,-0.23189,-0.076071,-0.050786,0.19601,0.086268,-0.31689,-0.24453,-0.55616,-0.3379,0.072684,-0.16774,-0.24403,-0.52759,-0.22115,-0.28399,-0.16284,-0.39706,-0.1323,-0.35489,0.15029,-0.23805,-0.31406,-0.29595
-0.41908,-0.73184,0.0070999,-0.11586,-0.23968,-0.5707,-0.30218,-0.36094,-0.0033749,-0.12547,0.22416,-0.11568,0.77306,0,-0.1728,-0.1699,-0.35958,-0.13532,0.2475,-0.25885,-0.3658,-0.18379,-0.41701,-0.38893,-0.096532,-0.32503,-0.20161,-0.13183,-0.35459,-0.42161,-0.47859,-0.44122,0.59375,0.42313,-0.0084101,-0.078528,0.13568,0.14851,-0.2186,-0.038887,-0.33446,-0.45433,-0.46621,-0.69357,-0.55715,-0.68663,-0.50687,-0.48579,-0.19225,0.40592,0.39223,-0.40379,-0.19701,-0.34976,-0.12711,-0.29472,-0.31184,-0.26282,-0.28068,-0.27751,-0.36117,-0.065995,-0.1031,-0.43306,-0.41674,-0.46768,-0.61926,-0.17764,-0.2215,-0.29603,-0.47604,-0.65602,-0.65687,-0.4436,-0.55823,0.02712,-0.17877,0.50922,0.59936,0.18909,0.20248,-0.38362,-0.2141,-0.074489,-0.020219,0.35838,0.26473,-0.39474,-0.40385,-0.52604,-0.33349,-0.064383,-0.26893,-0.26375,-0.49799,-0.088236,-0.16842,-0.083014,-0.2492,-0.21155,-0.33258,0.17205,-0.15293,-0.40536,-0.34886
-0.14578,-0.34492,-0.25826,-0.2107,-0.090832,-0.34773,-0.27803,-0.40011,0.033115,-0.3278,-0.15374,-0.13131,-0.17829,-0.1728,0,0.35814,0.12514,0.014212,-0.077484,-0.065524,-0.045317,-0.0045763,-0.23961,-0.27445,-0.034775,-0.2512,0.13356,0.032572,-0.26965,-0.30441,-0.19541,-0.27464,-0.14931,-0.18147,-0.3246,-0.47693,-0.25195,-0.20677,-0.39649,-0.16941,-0.23776,-0.31906,-0.1435,-0.28523,-0.1924,-0.12982,-0.21943,-0.14223,0.07665,-0.035131,-0.084252,-0.095101,-0.03393,-0.080925,0.0062426,-0.10779,-0.070009,-0.071935,-0.04234,0.39399,0.11962,0.10699,0.30964,0.15483,0.070142,-0.049989,-0.11487,0.13562,0.22399,-0.024397,0.13293,-0.01525,0.0024874,-0.15741,-0.16134,-0.11423,-0.11869,-0.25132,-0.109,-0.20798,-0.094074,-0.12711,-0.16346,-0.42628,-0.315,-0.18917,-0.13295,-0.025417,-0.058279,-0.117,-0.015915,-0.18231,-0.19726,-0.30777,-0.38445,-0.18818,-0.15721,-0.27852,-0.32185,0.16142,-0.0087904,0.17361,0.053896,-0.14089,-0.18358
-0.32298,-0.22113,-0.11293,-0.063435,-0.23363,-0.23827,-0.44008,-0.31805,-0.070734,-0.20073,-0.23111,0.016573,-0.27452,-0.1699,0.35814,0,-0.086872,-0.033314,-0.080804,0.21644,-0.13316,0.11152,-0.19899,-0.10215,-0.20081,-0.26873,-0.055936,0.11999,-0.45004,-0.39652,-0.2118,-0.31925,-0.17963,-0.26213,-0.32948,-0.4823,-0.25579,-0.28396,-0.52692,-0.17957,-0.37956,-0.29799,-0.14775,-0.23863,-0.065596,-0.15808,-0.26537,-0.11762,0.0093519,-0.13509,-0.11633,-0.1635,-0.10257,-0.027573,0.025635,-0.16869,-0.19598,-0.22514,-0.10766,0.37053,0.37619,0.016108,0.28761,0.08622,-0.017496,-0.12992,-0.14589,-0.068838,0.209,-0.21307,-0.059583,-0.056395,-0.010716,-0.093591,-0.20795,-0.095089,0.0087783,-0.15774,-0.11545,-0.17706,-0.072237,-0.1383,-0.13584,-0.26112,-0.1442,-0.1598,-0.0029825,-0.13853,-0.21614,-0.069122,0.0046729,-0.34286,-0.21452,-0.39131,-0.22306,-0.074326,-0.020817,-0.22811,-0.15966,0.03559,0.037021,0.025743,0.11243,-0.25349,-0.15937
0.26796,-0.20146,-0.52777,-0.49893,0.25557,-0.037776,-0.078112,-0.4868,-0.15791,-0.37299,-0.4649,-0.4455,-0.21559,-0.35958,0.12514,-0.086872,0,0.27565,-0.28868,-0.07557,0.35045,0.14794,0.2383,0.033477,-0.18325,-0.25979,0.30915,0.14074,0.22055,0.071066,-0.18214,-0.087542,-0.1248,-0.085827,-0.038712,-0.21019,-0.53107,-0.47279,-0.10846,-0.35863,0.29156,0.14627,-0.26712,0.006943,-0.4512,-0.13585,-0.29894,-0.12068,0.063894,-0.30939,-0.41,-0.031648,0.16329,0.062982,0.057337,0.24107,0.24658,0.1956,0.19708,0.022906,-0.15159,0.022236,0.0073475,0.38531,0.087463,-0.12815,-0.17181,-0.04656,-0.011507,0.074097,0.30964,-0.15428,-0.15413,-0.17213,-0.20454,-0.53859,-0.53161,-0.36051,-0.28597,-0.43905,-0.42998,-0.1652,-0.29038,-0.23023,-0.22299,-0.40337,-0.35628,-0.037788,0.2605,-0.28401,-0.14489,0.085652,0.084095,-0.20415,-0.19669,-0.43401,-0.3754,-0.32766,-0.43686,0.31012,0.037045,-0.03076,-0.08532,-0.0061883,-0.046023
0.043016,-0.26637,-0.28286,-0.3036,0.089661,-0.12204,-0.28157,-0.64352,-0.22187,-0.33668,-0.37996,-0.43967,-0.050165,-0.13532,0.014212,-0.033314,0.27565,0,-0.31878,0.063127,0.27207,0.37855,0.075974,0.15678,-0.24886,-0.3478,0.37859,0.36146,0.064884,-0.082277,-0.22213,-0.19079,0.039581,0.096218,0.10394,-0.20115,-0.41899,-0.43596,-0.28866,-0.42839,0.13778,0.11169,-0.24786,-0.052767,-0.47772,-0.34295,-0.35055,-0.04691,0.076952,-0.15917,-0.22386,-0.093489,0.058484,0.021282,0.012159,0.23434,0.26717,0.13176,0.20469,-0.012757,-0.089275,0.018583,0.010988,0.20195,-0.0079029,-0.15133,-0.20555,-0.14499,0.0043529,0.01065,0.089896,-0.3045,-0.29039,-0.12041,-0.35649,-0.47951,-0.49397,-0.059788,-0.021125,-0.20475,-0.20058,-0.21503,-0.2079,-0.0073294,0.0099073,-0.15895,-0.18718,-0.052761,0.13348,-0.23913,-0.13804,0.10486,0.084759,-0.45141,-0.27677,-0.40034,-0.36336,-0.27152,-0.38208,0.24024,0.014961,0.020569,0.037353,-0.17949,-0.10931
-0.38743,-0.73809,-0.041797,-0.1138,-0.23837,-0.53484,-0.35714,-0.23085,0.16183,0.0032481,0.2797,0.011972,0.12834,0.2475,-0.077484,-0.080804,-0.28868,-0.31878,0,-0.23102,-0.47359,-0.29636,-0.42665,-0.45478,0.035077,-0.1735,-0.35145,-0.27333,-0.51993,-0.50238,-0.39321,-0.39592,0.097377,-0.039551,-0.34039,-0.26384,0.20598,0.079476,-0.28711,0.015522,-0.5165,-0.67503,-0.51638,-0.595,-0.31102,-0.24981,-0.42697,-0.48188,-0.14922,0.27559,0.22129,-0.42534,-0.1429,-0.35549,-0.14365,-0.27996,-0.41629,-0.29599,-0.26264,-0.18834,-0.29474,-0.093302,-0.033121,-0.34165,-0.45317,-0.4004,-0.52652,-0.24216,-0.13635,-0.36567,-0.462,-0.31079,-0.31895,-0.22372,-0.20259,0.19361,-0.021179,0.13417,0.12688,0.054753,0.13309,-0.28709,-0.2565,-0.22002,-0.29718,0.22598,0.14507,-0.39734,-0.37768,-0.39815,-0.039925,-0.086479,-0.30078,-0.2027,-0.38163,-0.12034,-0.14133,-0.010197,-0.15066,-0.16023,-0.31082,0.017019,-0.16596,-0.4409,-0.43319
-0.10195,-0.014019,-0.15792,-0.17021,0.013349,0.080575,-0.35354,-0.30838,-0.18421,-0.17861,-0.4445,-0.17282,-0.31532,-0.25885,-0.065524,0.21644,-0.07557,0.063127,-0.23102,0,0.13773,0.34478,0.083255,0.32155,-0.42687,-0.37808,0.090404,0.17914,-0.20336,-0.10206,-0.26431,-0.27262,-0.27108,-0.27834,-0.28132,-0.38829,-0.5039,-0.55917,-0.43669,-0.33737,-0.11667,-0.010734,-0.19889,-0.019181,-0.16387,-0.19407,-0.21113,-0.031346,0.22191,-0.32691,-0.33584,-0.09888,0.067522,0.19534,0.1089,0.042425,-0.048583,-0.078359,0.0068041,0.15389,0.264,0.011477,0.14522,-0.030797,-0.23925,-0.18053,-0.18025,-0.18511,0.046385,-0.27279,-0.087373,-0.22168,-0.20631,-0.058061,-0.25239,-0.2994,-0.16602,-0.16948,-0.24131,-0.36036,-0.35517,-0.18584,-0.23632,0.020479,-0.032861,-0.28128,-0.12217,-0.086069,-0.099689,-0.12028,-0.053068,-0.2122,0.040366,-0.27821,-0.030289,-0.16047,-0.18158,-0.08878,-0.17275,0.059975,0.090808,-0.16567,-0.019531,-0.09632,-0.050364
0.14372,-0.0067317,-0.55183,-0.53571,0.22933,0.1038,-0.13269,-0.48774,-0.28764,-0.43293,-0.60479,-0.50292,-0.26134,-0.3658,-0.045317,-0.13316,0.35045,0.27207,-0.47359,0.13773,0,0.4026,0.30363,0.27606,-0.43674,-0.41397,0.50041,0.22783,0.19387,0.16529,-0.20316,-0.099381,-0.19936,-0.15534,-0.0030187,-0.24867,-0.72096,-0.59925,-0.22534,-0.51999,0.40508,0.25961,-0.18833,0.11028,-0.40217,-0.21784,-0.2241,-0.046252,0.21704,-0.37682,-0.44897,0.098928,0.09399,0.15566,0.080382,0.22167,0.24593,0.20546,0.13885,-0.058025,-0.11941,0.15323,0.058852,0.13408,-0.06876,-0.17585,-0.19445,-0.05133,-0.047828,0.03783,0.30525,-0.23246,-0.2532,-0.18222,-0.30856,-0.80056,-0.5877,-0.36391,-0.32008,-0.45344,-0.51759,-0.28896,-0.37951,-0.11971,-0.15119,-0.44059,-0.30997,0.045057,0.23345,-0.25086,-0.18839,-0.027259,0.22079,-0.20354,-0.13484,-0.38838,-0.45263,-0.3085,-0.4117,0.24686,0.16129,-0.055665,-0.0717,0.10384,-0.02232
-0.048257,-0.15726,-0.37994,-0.40662,0.021125,0.011543,-0.36908,-0.64548,-0.33602,-0.40618,-0.56104,-0.40398,-0.16415,-0.18379,-0.0045763,0.11152,0.14794,0.37855,-0.29636,0.34478,0.4026,0,0.10328,0.37258,-0.53175,-0.55831,0.25954,0.6703,-0.076795,-0.040396,-0.32407,-0.25046,-0.054155,-0.04464,-0.045292,-0.27575,-0.60779,-0.61321,-0.41142,-0.59934,0.085048,0.077254,-0.32942,-0.061931,-0.41017,-0.3278,-0.38361,-0.12074,0.29741,-0.24761,-0.28631,0.032505,0.16367,0.25291,0.22455,0.23027,0.070064,0.056564,0.14225,0.0097866,0.017714,0.27191,0.28537,0.11022,-0.11487,-0.27753,-0.32311,-0.19083,0.10763,-0.1501,0.025786,-0.36369,-0.33702,-0.11947,-0.40796,-0.57365,-0.49017,-0.12234,-0.12842,-0.33531,-0.35403,-0.32816,-0.34933,-0.016331,-0.068132,-0.25424,-0.14171,-0.080019,0.047792,-0.29712,-0.11309,-0.067323,0.16044,-0.30827,-0.15049,-0.33136,-0.32922,-0.22267,-0.32498,0.35338,0.2625,0.061189,0.1387,-0.0065022,0.0013282
0.14127,0.059003,-0.41547,-0.36092,0.16532,0.13961,0.041585,-0.1707,-0.17443,-0.14053,-0.48736,-0.29101,-0.34179,-0.41701,-0.23961,-0.19899,0.2383,0.075974,-0.42665,0.083255,0.30363,0.10328,0,0.26168,-0.31926,-0.1227,0.12864,0.023588,0.25768,0.28213,-0.031068,0.078818,-0.24303,-0.21431,-0.057343,-0.12089,-0.54579,-0.46792,0.012715,-0.24869,0.3188,0.4029,-0.2053,0.19327,-0.36125,-0.20518,-0.25487,-0.1425,-0.056178,-0.60182,-0.61437,-0.0036526,-0.067661,-0.033821,-0.14276,0.013717,0.064232,-0.024681,-0.05913,-0.094968,-0.11207,-0.050116,-0.15388,0.038349,-0.039382,-0.21914,-0.19564,-0.128,-0.21368,-0.092988,0.12395,-0.20951,-0.18484,-0.31037,-0.26637,-0.54705,-0.39993,-0.37463,-0.38832,-0.4808,-0.57663,-0.22662,-0.31519,-0.096833,-0.062288,-0.48671,-0.34017,-0.1662,0.013125,-0.26201,-0.31865,-0.03809,0.053129,-0.079434,0.00033206,-0.23354,-0.26936,-0.14323,-0.22893,0.0009539,0.12527,-0.18151,-0.087077,-0.078697,-0.042726
0.0090259,0.14091,-0.32785,-0.3583,0.020086,0.37481,-0.31613,-0.34568,-0.41512,-0.23908,-0.75732,-0.34434,-0.34766,-0.38893,-0.27445,-0.10215,0.033477,0.15678,-0.45478,0.32155,0.27606,0.37258,0.26168,0,-0.6882,-0.38473,0.0678,0.2082,0.028351,0.18261,-0.31818,-0.18536,-0.25538,-0.23347,-0.074229,-0.16833,-0.71921,-0.85233,-0.30797,-0.5318,0.093344,0.38389,-0.28913,0.15848,-0.35681,-0.32427,-0.21023,0.025852,0.054928,-0.46901,-0.47923,-0.074018,0.074187,0.29882,0.074779,0.21249,0.040541,0.010632,0.12605,-0.11326,0.050201,-0.094292,-0.1157,-0.039333,-0.18634,-0.1906,-0.16047,-0.26156,-0.022737,-0.26973,-0.023014,-0.30382,-0.27023,-0.075389,-0.28286,-0.61979,-0.41262,-0.20973,-0.30519,-0.37,-0.51792,-0.26114,-0.3272,0.22638,0.047997,-0.36679,-0.36719,-0.073487,0.046464,-0.1478,-0.15306,-0.16648,0.19752,-0.25365,0.13177,-0.43321,-0.39001,-0.26045,-0.22522,0.0033568,0.057283,-0.31056,-0.10654,-0.059782,0.02674
-0.15885,-0.50795,-0.13056,-0.092408,-0.17057,-0.59489,0.063755,-0.030815,0.29232,0.07109,0.32727,-0.041736,-0.092589,-0.096532,-0.034775,-0.20081,-0.18325,-0.24886,0.035077,-0.42687,-0.43674,-0.53175,-0.31926,-0.6882,0,0.29049,-0.24345,-0.47661,-0.2206,-0.41127,0.1211,0.0057959,-0.15451,-0.15048,-0.30388,-0.20147,0.25243,0.28314,0.018293,0.28524,-0.28584,-0.44845,0.016059,-0.27423,-0.042853,0.02776,-0.12514,-0.22534,-0.41971,-0.091201,-0.14714,-0.37541,-0.38238,-0.66959,-0.50373,-0.3857,-0.15729,-0.18893,-0.2932,-0.20144,-0.37936,-0.29018,-0.27074,-0.10775,-0.098977,-0.070172,-0.11217,-0.063362,-0.2625,0.052628,-0.13651,0.046319,-0.012823,-0.1556,0.016663,0.11537,-0.060736,-0.25842,-0.1764,-0.096833,-0.005168,-0.1312,-0.099037,-0.55947,-0.44818,-0.17664,-0.14576,-0.16419,-0.24023,-0.09076,-0.078576,-0.15142,-0.59896,-0.33893,-0.57165,-0.1239,-0.16598,-0.18307,-0.30215,-0.2684,-0.42655,-0.1412,-0.28143,-0.55251,-0.60839
-0.185,-0.16592,-0.19995,-0.11534,-0.20938,-0.29554,0.10827,0.3935,0.21077,0.45706,0.11915,0.17772,-0.35182,-0.32503,-0.2512,-0.26873,-0.25979,-0.3478,-0.1735,-0.37808,-0.41397,-0.55831,-0.1227,-0.38473,0.29049,0,-0.31676,-0.49976,-0.16972,-0.19086,0.3027,0.25678,-0.35419,-0.40041,-0.32688,-0.073734,0.1531,0.14146,0.081281,0.37241,-0.28152,-0.19906,0.098168,-0.016458,0.036436,-0.0018172,0.04208,-0.090216,-0.63749,-0.34529,-0.33896,-0.44531,-0.56582,-0.68812,-0.6574,-0.45149,-0.21236,-0.25504,-0.34434,-0.28917,-0.28674,-0.40424,-0.44617,-0.19729,-0.14822,-0.0019259,0.039641,-0.04455,-0.23983,-0.015951,-0.07051,0.17953,0.15315,-0.16628,0.12963,-0.001449,0.029324,-0.37707,-0.35371,-0.068977,-0.13214,-0.23823,-0.23666,-0.37584,-0.37919,-0.30309,-0.36719,-0.14064,-0.23852,0.11554,-0.12029,-0.33922,-0.57545,-0.2293,-0.20111,-0.14364,-0.17156,-0.2617,-0.1245,-0.48717,-0.40616,-0.39006,-0.32034,-0.61199,-0.53138
0.1457,-0.14253,-0.45071,-0.44419,0.38024,-0.03681,-0.13465,-0.42559,-0.054493,-0.31897,-0.33672,-0.31897,-0.10985,-0.20161,0.13356,-0.055936,0.30915,0.37859,-0.35145,0.090404,0.50041,0.25954,0.12864,0.0678,-0.24345,-0.31676,0,0.25613,0.1248,0.042799,-0.21015,-0.14869,-0.086491,-0.054747,-0.059758,-0.27923,-0.46555,-0.38916,-0.25656,-0.31902,0.20407,0.1395,-0.13436,0.0061219,-0.4462,-0.29959,-0.15327,0.020473,0.19018,-0.18362,-0.27402,-0.098681,0.1114,0.069683,0.10489,0.16314,0.32666,0.24463,0.1636,0.087651,-0.058532,0.14469,0.12423,0.13783,-0.079989,-0.040173,-0.11382,0.15601,0.11091,0.14551,0.31245,-0.21853,-0.21823,-0.24641,-0.27363,-0.43907,-0.41186,-0.20652,-0.14,-0.27063,-0.29553,-0.32572,-0.38182,-0.092909,-0.14091,-0.26942,-0.25145,0.14472,0.25449,-0.17025,-0.17409,0.027452,0.10815,-0.18567,-0.1947,-0.28624,-0.33851,-0.27532,-0.39335,0.23657,0.026407,0.066164,-0.017388,-0.0048842,-0.051432
-0.067969,-0.25297,-0.36426,-0.39714,0.0058744,-0.081438,-0.3628,-0.60306,-0.28404,-0.35417,-0.46197,-0.31339,-0.1153,-0.13183,0.032572,0.11999,0.14074,0.36146,-0.27333,0.17914,0.22783,0.6703,0.023588,0.2082,-0.47661,-0.49976,0.25613,0,-0.072865,-0.064485,-0.31475,-0.24865,0.010173,0.012902,-0.013324,-0.19341,-0.46539,-0.4565,-0.37465,-0.49432,0.016144,0.058822,-0.35451,-0.11993,-0.48534,-0.42179,-0.36919,-0.12538,0.13329,-0.1751,-0.19904,-0.13392,0.14732,0.16501,0.27186,0.19404,0.058031,0.020648,0.11827,0.023588,0.00056751,0.2058,0.26401,0.11883,-0.18129,-0.22678,-0.29014,-0.13475,0.23012,-0.10779,0.015908,-0.39189,-0.33623,-0.20361,-0.40369,-0.42816,-0.4258,-0.022429,-0.0099556,-0.20857,-0.23232,-0.39123,-0.41034,0.0070939,-0.052676,-0.15953,-0.1195,-0.090023,0.05369,-0.31433,-0.19145,-0.060869,0.092915,-0.22308,-0.09815,-0.24465,-0.20468,-0.24162,-0.23117,0.24551,0.13175,0.073716,0.14131,0.01589,0.1217
0.52691,-0.12762,-0.44376,-0.51679,0.21104,-0.022332,0.259,-0.3021,-0.29619,-0.25506,-0.46368,-0.57143,-0.16083,-0.35459,-0.26965,-0.45004,0.22055,0.064884,-0.51993,-0.20336,0.19387,-0.076795,0.25768,0.028351,-0.2206,-0.16972,0.1248,-0.072865,0,0.53132,-0.079917,0.1272,-0.16362,-0.015975,0.097848,0.12892,-0.4686,-0.35803,0.28723,-0.29557,0.64434,0.418,-0.15504,0.072104,-0.51436,-0.2892,-0.13119,-0.073022,-0.159,-0.44428,-0.53286,-0.091484,0.038869,-0.066206,-0.10084,0.16003,0.28045,0.23838,0.10701,-0.25969,-0.35294,-0.18332,-0.3373,0.033363,-0.11769,-0.079331,-0.091871,-0.17704,-0.25976,0.12078,0.16591,-0.28494,-0.31838,-0.24533,-0.24077,-0.53395,-0.68364,-0.34319,-0.30905,-0.41346,-0.62254,-0.21189,-0.27721,-0.17298,-0.18285,-0.51717,-0.5187,-0.023974,0.21963,-0.26438,-0.37179,0.082084,0.0077459,-0.10378,-0.20876,-0.4456,-0.47055,-0.34404,-0.51857,-0.043723,-0.17368,-0.24486,-0.3896,0.035645,-0.027911
0.35667,0.0026383,-0.4279,-0.50084,0.12081,0.10722,0.14644,-0.18579,-0.31699,-0.17833,-0.541,-0.4176,-0.27678,-0.42161,-0.30441,-0.39652,0.071066,-0.082277,-0.50238,-0.10206,0.16529,-0.040396,0.28213,0.18261,-0.41127,-0.19086,0.042799,-0.064485,0.53132,0,-0.14365,0.083781,-0.27992,-0.17316,-0.097552,0.09076,-0.55917,-0.4544,0.16315,-0.32184,0.34854,0.43689,-0.23067,0.076892,-0.47038,-0.33349,-0.08276,-0.081728,-0.092106,-0.52408,-0.57157,-0.053413,0.040384,0.022272,-0.0701,0.098168,0.060223,0.11323,0.039472,-0.21528,-0.20783,-0.11393,-0.26776,-0.11711,-0.20891,-0.11261,-0.099961,-0.15994,-0.17123,-0.080158,0.089287,-0.29384,-0.29531,-0.24809,-0.22699,-0.48268,-0.514,-0.36005,-0.36368,-0.42911,-0.76826,-0.25596,-0.34636,-0.095306,-0.19707,-0.55068,-0.62413,-0.049428,0.11268,-0.21576,-0.3524,-0.061859,0.045685,0.045443,-0.03096,-0.42839,-0.44857,-0.28074,-0.37699,-0.096091,-0.079005,-0.29875,-0.34391,0.10854,0.047514
-0.10989,-0.14432,-0.28584,-0.16474,-0.254,-0.34482,0.14257,0.055707,-0.080472,0.0019742,-0.10494,-0.14027,-0.50458,-0.47859,-0.19541,-0.2118,-0.18214,-0.22213,-0.39321,-0.26431,-0.20316,-0.32407,-0.031068,-0.31818,0.1211,0.3027,-0.21015,-0.31475,-0.079917,-0.14365,0,0.4966,-0.47712,-0.43059,-0.28824,-0.19271,-0.073493,-0.016355,0.017877,-0.028581,-0.1229,-0.17162,0.23452,0.080943,0.13812,0.14048,-0.001455,-0.095433,-0.39428,-0.52195,-0.48985,-0.0843,-0.48968,-0.5521,-0.6054,-0.33771,-0.11553,-0.21316,-0.31558,-0.19958,-0.24247,-0.19272,-0.25093,-0.015099,-0.014055,0.0035379,0.049639,-0.18647,-0.27398,0.12455,0.064926,0.23447,0.20707,-0.12086,0.07074,-0.17825,-0.16722,-0.5499,-0.45478,-0.28212,-0.27169,-0.19136,-0.19621,-0.61837,-0.46726,-0.46121,-0.31132,-0.10759,-0.16247,0.038054,-0.15065,-0.24427,-0.46701,-0.26695,-0.32765,-0.076934,-0.14606,-0.18883,-0.18119,-0.24487,-0.10201,-0.2375,-0.1295,-0.32658,-0.36859
0.088786,-0.11417,-0.47396,-0.42519,-0.062928,-0.18497,0.35733,0.033326,-0.11901,0.032692,-0.20545,-0.22987,-0.39567,-0.44122,-0.27464,-0.31925,-0.087542,-0.19079,-0.39592,-0.27262,-0.099381,-0.25046,0.078818,-0.18536,0.0057959,0.25678,-0.14869,-0.24865,0.1272,0.083781,0.4966,0,-0.3668,-0.29301,-0.11583,0.058092,-0.16311,-0.091502,0.17548,-0.088067,0.097582,0.034709,0.18861,0.24258,-0.067172,-0.0027832,0.07371,-0.023896,-0.43026,-0.56699,-0.61652,-0.1703,-0.30234,-0.39658,-0.39987,-0.14043,0.069768,0.020261,-0.12828,-0.33836,-0.38049,-0.18987,-0.31437,0.010837,-0.10013,0.051396,0.048486,-0.21126,-0.23195,0.25478,0.17079,0.10212,0.05497,-0.068524,0.084716,-0.33381,-0.37237,-0.54159,-0.47745,-0.31172,-0.4318,-0.37086,-0.38402,-0.45361,-0.49066,-0.5403,-0.44639,0.030296,0.015752,0.013337,-0.17977,-0.23333,-0.42706,-0.24159,-0.30292,-0.3115,-0.4055,-0.38188,-0.38828,-0.21218,-0.19619,-0.26274,-0.27381,-0.30715,-0.39766
-0.2643,-0.67952,-0.17852,-0.2908,-0.13555,-0.44099,-0.27236,-0.50601,-0.092438,-0.20352,0.017043,-0.24896,0.80022,0.59375,-0.14931,-0.17963,-0.1248,0.039581,0.097377,-0.27108,-0.19936,-0.054155,-0.24303,-0.25538,-0.15451,-0.35419,-0.086491,0.010173,-0.16362,-0.27992,-0.47712,-0.3668,0,0.68926,0.19153,-0.018112,-0.0044133,-0.017985,-0.14464,-0.16185,-0.14744,-0.25513,-0.51589,-0.52404,-0.80281,-0.70882,-0.57086,-0.41367,-0.15827,0.27855,0.21626,-0.34162,-0.076983,-0.24016,-0.021125,-0.11959,-0.15197,-0.10858,-0.10286,-0.3007,-0.40277,-0.020684,-0.10248,-0.21979,-0.27152,-0.44047,-0.59514,-0.18781,-0.16834,-0.17637,-0.29325,-0.65845,-0.65131,-0.43836,-0.57172,-0.18683,-0.39979,0.39029,0.47704,0.11788,0.066496,-0.42244,-0.2853,-0.055115,-0.0043771,0.18623,0.12685,-0.33268,-0.20582,-0.56879,-0.3133,0.077478,-0.11653,-0.27814,-0.45705,-0.22583,-0.25891,-0.2059,-0.35878,-0.058466,-0.25026,0.21511,-0.12904,-0.3422,-0.26064
-0.10856,-0.65187,-0.16142,-0.30307,-0.07147,-0.41149,-0.12956,-0.56731,-0.19422,-0.29452,-0.092855,-0.41995,0.70326,0.42313,-0.18147,-0.26213,-0.085827,0.096218,-0.039551,-0.27834,-0.15534,-0.04464,-0.21431,-0.23347,-0.15048,-0.40041,-0.054747,0.012902,-0.015975,-0.17316,-0.43059,-0.29301,0.68926,0,0.27084,0.1073,-0.13179,-0.066339,-0.031636,-0.22192,0.0092493,-0.15977,-0.44394,-0.46647,-0.80139,-0.69747,-0.52023,-0.40057,-0.16268,0.1045,0.040402,-0.26985,-0.011676,-0.19154,-0.027223,-0.042316,-0.048999,-0.035282,-0.067558,-0.30309,-0.44273,-0.069152,-0.16138,-0.19373,-0.23792,-0.39007,-0.52314,-0.24151,-0.25076,-0.13286,-0.28173,-0.73885,-0.75715,-0.38013,-0.60464,-0.23928,-0.509,0.24546,0.32525,-0.061503,-0.094183,-0.3229,-0.19477,-0.076644,0.00027168,0.038023,0.0019742,-0.29864,-0.17204,-0.6011,-0.42173,0.09376,-0.16094,-0.29412,-0.53416,-0.30329,-0.33818,-0.2207,-0.48251,-0.051994,-0.27614,0.14531,-0.20295,-0.24578,-0.21844
-0.12413,-0.26614,-0.29909,-0.38119,-0.075183,-0.18453,-0.099351,-0.45464,-0.37615,-0.33581,-0.31804,-0.48043,0.094014,-0.0084101,-0.3246,-0.32948,-0.038712,0.10394,-0.34039,-0.28132,-0.0030187,-0.045292,-0.057343,-0.074229,-0.30388,-0.32688,-0.059758,-0.013324,0.097848,-0.097552,-0.28824,-0.11583,0.19153,0.27084,0,0.17514,-0.26805,-0.20468,-0.050545,-0.31764,0.15789,0.07982,-0.21687,-0.13085,-0.58117,-0.55311,-0.33098,-0.18363,-0.3446,-0.15903,-0.17715,-0.2635,-0.14422,-0.16485,-0.086503,0.0060615,0.10782,0.017605,-0.022574,-0.41616,-0.45224,-0.25911,-0.37518,-0.086757,-0.16566,-0.24525,-0.29016,-0.3003,-0.33746,0.0070034,-0.09047,-0.44738,-0.47809,-0.29005,-0.45411,-0.55412,-0.60897,-0.042147,6.0374e-05,-0.10638,-0.17708,-0.35544,-0.25696,-0.026136,0.092493,-0.12238,-0.1124,-0.17797,-0.041151,-0.39701,-0.46333,-0.079639,-0.13127,-0.41686,-0.35204,-0.40872,-0.45544,-0.50796,-0.46618,-0.17346,-0.31676,-0.1094,-0.31569,-0.26968,-0.22881
-0.024614,-0.29356,-0.21948,-0.34049,-0.12282,-0.20655,0.17455,-0.13295,-0.26432,-0.021922,-0.21485,-0.28719,-0.0021312,-0.078528,-0.47693,-0.4823,-0.21019,-0.20115,-0.26384,-0.38829,-0.24867,-0.27575,-0.12089,-0.16833,-0.20147,-0.073734,-0.27923,-0.19341,0.12892,0.09076,-0.19271,0.058092,-0.018112,0.1073,0.17514,0,-0.15912,-0.029643,0.33579,-0.070776,0.061901,0.057271,-0.24941,-0.18802,-0.45534,-0.49528,-0.22641,-0.28825,-0.55637,-0.28718,-0.29523,-0.43587,-0.23432,-0.33123,-0.24887,-0.15687,-0.10516,-0.087735,-0.18066,-0.5396,-0.53274,-0.36181,-0.51477,-0.32078,-0.38515,-0.26864,-0.27514,-0.26732,-0.35601,-0.12514,-0.23311,-0.46238,-0.51052,-0.26391,-0.34487,-0.29966,-0.4036,-0.12874,-0.12636,-0.15739,-0.338,-0.3367,-0.27275,-0.08852,-0.11972,-0.2653,-0.39754,-0.26117,-0.19893,-0.34633,-0.52201,-0.24916,-0.36513,-0.18032,-0.22648,-0.39807,-0.42203,-0.41513,-0.37417,-0.43948,-0.51211,-0.34292,-0.55729,-0.24419,-0.22514
-0.50593,-0.61619,-0.027887,-0.038989,-0.42722,-0.73833,-0.22321,0.0084161,0.16251,0.20356,0.74649,0.14824,0.036611,0.13568,-0.25195,-0.25579,-0.53107,-0.41899,0.20598,-0.5039,-0.72096,-0.60779,-0.54579,-0.71921,0.25243,0.1531,-0.46555,-0.46539,-0.4686,-0.55917,-0.073493,-0.16311,-0.0044133,-0.13179,-0.26805,-0.15912,0,0.55154,-0.14798,0.24535,-0.61604,-0.66197,-0.18516,-0.46391,-0.14909,-0.22915,-0.19821,-0.31173,-0.52852,0.18194,0.20689,-0.5898,-0.51774,-0.83264,-0.47432,-0.53143,-0.42097,-0.38281,-0.41925,-0.39161,-0.4353,-0.30765,-0.31743,-0.40093,-0.41834,-0.21722,-0.27148,-0.19975,-0.24013,-0.16055,-0.39669,-0.13925,-0.159,-0.27955,-0.089118,0.29733,0.044018,0.063308,0.090313,0.38065,0.37088,-0.36285,-0.25315,-0.33704,-0.34047,0.17909,0.054958,-0.31571,-0.4063,-0.16696,-0.11038,-0.19339,-0.52351,-0.25788,-0.41714,0.0081867,-0.045787,-0.13448,-0.071561,-0.45533,-0.51441,-0.14534,-0.26631,-0.65658,-0.54909
-0.44698,-0.58752,-0.022368,-0.019947,-0.3798,-0.82389,-0.013826,0.036556,0.1696,0.10584,0.63178,0.096018,0.055912,0.14851,-0.20677,-0.28396,-0.47279,-0.43596,0.079476,-0.55917,-0.59925,-0.61321,-0.46792,-0.85233,0.28314,0.14146,-0.38916,-0.4565,-0.35803,-0.4544,-0.016355,-0.091502,-0.017985,-0.066339,-0.20468,-0.029643,0.55154,0,0.0133,0.38665,-0.43408,-0.5743,-0.13991,-0.51728,-0.16745,-0.28363,-0.24522,-0.45282,-0.56942,0.067854,0.11343,-0.4816,-0.60942,-1,-0.5423,-0.66918,-0.42187,-0.4162,-0.57462,-0.34728,-0.47203,-0.25678,-0.30219,-0.45225,-0.36478,-0.28878,-0.32571,-0.071742,-0.34866,-0.12097,-0.35201,-0.21574,-0.24786,-0.42921,-0.24281,0.2165,0.041537,-0.048981,0.055423,0.16029,0.19707,-0.30341,-0.18133,-0.44472,-0.30789,0.049525,0.014327,-0.37396,-0.50022,-0.28351,-0.35014,-0.2696,-0.65916,-0.17182,-0.48155,0.084258,-0.029595,-0.1428,-0.12125,-0.51644,-0.48796,-0.078033,-0.29875,-0.48649,-0.48562
0.11109,-0.28623,-0.24646,-0.29724,-0.083038,-0.2819,0.583,-0.03806,-0.14352,-0.014254,-0.15334,-0.30363,-0.10401,-0.2186,-0.39649,-0.52692,-0.10846,-0.28866,-0.28711,-0.43669,-0.22534,-0.41142,0.012715,-0.30797,0.018293,0.081281,-0.25656,-0.37465,0.28723,0.16315,0.017877,0.17548,-0.14464,-0.031636,-0.050545,0.33579,-0.14798,0.0133,0,0.048112,0.13267,0.0015697,-0.17685,-0.18689,-0.35073,-0.25215,-0.21013,-0.34475,-0.45563,-0.39955,-0.41856,-0.23567,-0.27041,-0.43913,-0.39606,-0.26066,-0.13506,-0.11394,-0.2647,-0.42217,-0.5341,-0.31082,-0.49426,-0.23262,-0.20319,-0.25336,-0.23331,-0.19312,-0.49282,-0.046778,-0.13754,-0.30001,-0.35463,-0.35809,-0.26345,-0.23578,-0.37626,-0.33052,-0.2865,-0.32066,-0.47086,-0.15733,-0.15833,-0.36358,-0.26982,-0.45882,-0.42711,-0.29243,-0.19462,-0.34963,-0.49188,-0.11107,-0.33538,-0.028291,-0.30454,-0.24958,-0.2975,-0.24131,-0.38298,-0.35248,-0.35826,-0.30369,-0.54271,-0.17359,-0.22164
-0.33588,-0.29601,-0.0028134,0.043052,-0.23048,-0.41701,0.037492,0.32004,0.40719,0.36874,0.34076,0.36486,-0.10837,-0.038887,-0.16941,-0.17957,-0.35863,-0.42839,0.015522,-0.33737,-0.51999,-0.59934,-0.24869,-0.5318,0.28524,0.37241,-0.31902,-0.49432,-0.29557,-0.32184,-0.028581,-0.088067,-0.16185,-0.22192,-0.31764,-0.070776,0.24535,0.38665,0.048112,0,-0.40217,-0.35243,-0.07973,-0.32798,-0.098101,-0.22227,-0.14934,-0.31235,-0.55924,-0.13041,-0.09271,-0.56291,-0.55562,-0.6814,-0.51897,-0.64601,-0.37418,-0.41108,-0.5225,-0.18756,-0.23057,-0.37565,-0.3586,-0.39775,-0.28054,-0.20446,-0.18929,0.10638,-0.27425,-0.20355,-0.26084,-0.112,-0.12639,-0.41552,-0.16026,0.21582,0.23956,-0.16603,-0.12845,0.0029523,0.0083497,-0.19748,-0.14618,-0.30974,-0.19593,-0.12686,-0.14963,-0.31847,-0.47678,-0.12575,-0.30881,-0.38607,-0.60733,-0.14791,-0.23761,0.079778,0.0079995,-0.12958,-0.054028,-0.59605,-0.49955,-0.25656,-0.34426,-0.52877,-0.43593
0.42325,-0.089758,-0.5532,-0.60944,0.28554,0.044846,0.21485,-0.38697,-0.32626,-0.36845,-0.55229,-0.658,-0.169,-0.33446,-0.23776,-0.37956,0.29156,0.13778,-0.5165,-0.11667,0.40508,0.085048,0.3188,0.093344,-0.28584,-0.28152,0.20407,0.016144,0.64434,0.34854,-0.1229,0.097582,-0.14744,0.0092493,0.15789,0.061901,-0.61604,-0.43408,0.13267,-0.40217,0,0.41437,-0.14362,0.11824,-0.4662,-0.24813,-0.19366,-0.11429,-0.076542,-0.49659,-0.61459,0.0059891,0.066043,0.0057657,-0.05424,0.19635,0.33906,0.27539,0.099055,-0.26832,-0.37327,-0.061986,-0.21138,0.079132,-0.057856,-0.1594,-0.18251,-0.16915,-0.26668,0.12211,0.17737,-0.30937,-0.35378,-0.20212,-0.29803,-0.76278,-0.81218,-0.40442,-0.3651,-0.55437,-0.70024,-0.26529,-0.31948,-0.17929,-0.18866,-0.56638,-0.43951,-0.0072328,0.19759,-0.32327,-0.36448,0.0045582,-0.014019,-0.17641,-0.25047,-0.49075,-0.57076,-0.3634,-0.60077,0.058019,-0.07394,-0.15478,-0.28112,0.032807,-0.10279
0.25772,0.18193,-0.4523,-0.4713,0.20455,0.36194,0.025991,-0.20819,-0.34633,-0.20979,-0.682,-0.37808,-0.319,-0.45433,-0.31906,-0.29799,0.14627,0.11169,-0.67503,-0.010734,0.25961,0.077254,0.4029,0.38389,-0.44845,-0.19906,0.1395,0.058822,0.418,0.43689,-0.17162,0.034709,-0.25513,-0.15977,0.07982,0.057271,-0.66197,-0.5743,0.0015697,-0.35243,0.41437,0,-0.11504,0.30575,-0.40579,-0.32868,-0.073034,0.081197,-0.18014,-0.60208,-0.66107,-0.16522,0.0053914,0.11074,-0.036291,0.15689,0.24417,0.13756,0.11129,-0.2055,-0.1448,-0.23746,-0.32121,0.021529,-0.088508,-0.04624,-0.011477,-0.13466,-0.14271,-0.026552,0.13481,-0.25608,-0.24215,-0.19277,-0.23962,-0.66364,-0.51143,-0.34397,-0.39076,-0.42323,-0.6342,-0.27093,-0.33963,0.081812,-0.0078244,-0.5318,-0.56105,0.024783,0.16849,-0.12286,-0.34974,-0.15327,0.03271,-0.1499,0.073879,-0.45301,-0.42778,-0.41295,-0.35608,-0.11214,-0.12592,-0.36338,-0.27896,-0.041785,0.020358
-0.11215,0.077453,-0.32768,-0.24282,-0.13459,-0.13058,0.055103,0.059239,-0.12834,-0.1222,-0.20134,-0.12863,-0.48044,-0.46621,-0.1435,-0.14775,-0.26712,-0.24786,-0.51638,-0.19889,-0.18833,-0.32942,-0.2053,-0.28913,0.016059,0.098168,-0.13436,-0.35451,-0.15504,-0.23067,0.23452,0.18861,-0.51589,-0.44394,-0.21687,-0.24941,-0.18516,-0.13991,-0.17685,-0.07973,-0.14362,-0.11504,0,0.21131,0.26303,0.089395,0.39577,0.2648,-0.42654,-0.46339,-0.49915,-0.23762,-0.36862,-0.29666,-0.36273,-0.25451,0.066103,-0.050014,-0.16116,-0.1783,-0.15778,-0.36961,-0.32543,0.00056751,0.01103,0.34524,0.41208,-0.087143,-0.1795,0.23761,0.1158,0.33675,0.25406,0.029559,0.17031,-0.23861,-0.1545,-0.58262,-0.53032,-0.28769,-0.27342,-0.23437,-0.21273,-0.42965,-0.38802,-0.49818,-0.35275,0.25795,-0.048915,0.402,-0.093929,-0.48065,-0.52354,-0.43045,-0.32118,-0.22825,-0.30375,-0.50398,-0.3832,-0.30942,-0.33035,-0.34333,-0.30012,-0.37286,-0.45859
