,,,,,,,,,,,,,,,,,,,,,,,,,,,,,,,,,,,,,,,,,,,,,,,,,,,,,,,,,,,,,,,,,,,,,,,,,,,,,,,,,,,,,,,,,,,,,,,,,,,,,,,,
0,-0.0078625,-0.54776,-0.52641,0.36681,-0.083719,0.23053,-0.28772,-0.28143,-0.29004,-0.45297,-0.51942,-0.42949,-0.6013,-0.17419,-0.40815,0.059941,-0.07435,-0.53338,-0.30328,0.079675,-0.25198,0.16323,-0.15561,-0.14382,-0.11229,0.13407,-0.16625,0.74121,0.45685,0.046705,0.14502,-0.47241,-0.29734,-0.06766,-0.063691,-0.57732,-0.27885,0.19,-0.26602,0.48379,0.24655,0.061659,0.19517,-0.23762,0.023956,-0.19765,-0.19285,-0.17079,-0.61193,-0.74858,-0.18961,-0.04918,-0.17267,-0.19586,0.094303,0.18924,0.17643,0.12422,-0.075202,-0.24505,-0.32874,-0.34888,-0.038501,-0.053878,-0.061755,-0.094616,-0.17129,-0.23834,0.22482,0.17227,-0.1751,-0.19699,-0.17229,-0.21334,-0.41133,-0.51644,-0.76507,-0.6547,-0.70272,-0.8386,-0.14547,-0.19493,-0.46653,-0.51001,-0.60126,-0.75529,-0.089884,0.111,-0.19182,-0.24445,-0.071104,-0.17764,-0.059081,-0.29679,-0.58037,-0.6325,-0.42615,-0.72691,-0.13804,-0.2899,-0.29193,-0.48525,0.090695,-0.075045
-0.0078625,0,-0.35175,-0.21463,-0.092864,0.24082,0.061509,0.4247,-0.18667,0.11327,-0.28486,0.056654,-0.63933,-0.61466,-0.55471,-0.47239,-0.47701,-0.65361,-0.51278,-0.2544,-0.38719,-0.54637,0.092325,-0.11491,-0.26297,0.079566,-0.35428,-0.51704,-0.069488,0.14816,-0.012486,0.047032,-0.77031,-0.7595,-0.36606,-0.091977,-0.36468,-0.24415,0.022585,-0.0044597,-0.19003,0.12549,0.12258,0.34586,0.098558,0.011647,0.12477,0.021678,-0.51554,-0.74359,-0.72553,-0.47911,-0.415,-0.27999,-0.42807,-0.38284,-0.30328,-0.30727,-0.3419,-0.22955,-0.11589,-0.65876,-0.58064,-0.46521,-0.22771,-0.052774,0.090429,-0.18328,-0.33083,-0.27017,-0.30609,0.040165,0.062893,-0.14509,0.1233,-0.10144,-0.0077534,-0.61815,-0.80781,-0.44304,-0.57905,-0.29574,-0.32341,-0.17423,-0.31897,-0.53027,-0.74987,-0.14082,-0.26576,0.27379,-0.173,-0.44808,-0.33639,0.038324,0.13889,-0.27922,-0.28632,-0.27858,-0.25904,-0.63531,-0.40741,-0.67606,-0.48661,-0.23317,-0.20309
-0.54776,-0.35175,0,0.66306,-0.57073,-0.36509,-0.46225,-0.19805,-0.16057,-0.12768,-0.11412,-0.11814,-0.37401,-0.25786,-0.062123,0.051533,-0.39629,-0.45159,0.030359,-0.085056,-0.63605,-0.33919,-0.70905,-0.36395,-0.049535,-0.19033,-0.63684,-0.51682,-0.63586,-0.53857,-0.29476,-0.38548,-0.45236,-0.41988,-0.66145,-0.58672,-0.06273,-0.23826,-0.4881,-0.15771,-0.75277,-0.638,-0.23256,-0.50941,-0.089359,-0.25776,-0.2489,-0.30371,-0.23562,-0.20756,-0.18145,-0.1312,-0.24651,-0.14991,-0.23303,-0.35222,-0.41344,-0.46737,-0.3551,0.026636,0.17773,-0.36515,-0.29836,-0.34583,-0.22602,-0.19404,-0.14309,-0.29048,-0.40042,-0.56421,-0.44437,-0.095414,-0.10849,-0.10819,-0.1944,0.11603,0.21429,-0.18332,-0.20528,-0.25124,-0.088349,0.31211,0.3184,-0.24974,0.025211,-0.13883,-0.11925,-0.49983,-0.62867,-0.14338,-0.28589,-0.31557,-0.33342,-0.36956,-0.30797,-0.1934,-0.052733,-0.15043,-0.057083,-0.30933,-0.26973,-0.20273,-0.18135,-0.46361,-0.35995
-0.52641,-0.21463,0.66306,0,-0.602,-0.44426,-0.39801,-0.045791,-0.024222,0.0093218,0.0062737,0.029718,-0.53261,-0.36837,-0.089018,-0.090709,-0.48033,-0.55958,-0.062416,-0.19262,-0.76517,-0.53334,-0.57844,-0.54012,0.036633,-0.044441,-0.67206,-0.65442,-0.61294,-0.48117,-0.11134,-0.23031,-0.55589,-0.60029,-0.69347,-0.54156,0.0017525,-0.050332,-0.37266,0.014007,-0.85817,-0.6981,-0.14594,-0.455,0.12673,-0.054294,-0.33969,-0.47418,-0.33079,-0.36961,-0.28003,-0.18087,-0.50597,-0.36402,-0.44176,-0.63759,-0.62364,-0.79112,-0.66222,0.039108,0.13094,-0.41596,-0.33684,-0.49896,-0.17377,-0.38701,-0.28487,-0.13471,-0.41645,-0.5549,-0.51989,-0.024324,-0.064782,-0.12933,-0.22248,0.23814,0.44649,-0.35587,-0.36753,-0.34626,-0.049255,0.23219,0.27305,-0.33966,0.018916,-0.25044,-0.2453,-0.70598,-0.92553,-0.1184,-0.17848,-0.39815,-0.4666,-0.2621,-0.23768,-0.12318,0.017416,-0.11037,-0.018848,-0.45714,-0.308,-0.29179,-0.18403,-0.48907,-0.36929
0.36681,-0.092864,-0.57073,-0.602,0,0.090293,0.1245,-0.22432,-0.07021,-0.29859,-0.38072,-0.36921,-0.2813,-0.37887,-0.10171,-0.24383,0.22614,-0.046541,-0.35153,-0.15259,0.1828,-0.14148,0.1637,-0.1691,-0.20307,-0.22377,0.30427,-0.092809,0.25498,0.06348,-0.23642,-0.14391,-0.35073,-0.20782,-0.18615,-0.22452,-0.50164,-0.37344,-0.085226,-0.26448,0.30774,0.12731,-0.10825,0.093505,-0.45044,-0.23009,-0.0089468,-0.0069897,-0.16342,-0.36453,-0.50683,-0.25026,0.12817,-0.022619,-0.010645,0.13377,0.3381,0.28049,0.17201,-0.072747,-0.20385,-0.23558,-0.26473,0.062423,-0.20389,0.13212,0.028845,-0.11042,-0.15461,0.23305,0.31197,-0.19053,-0.19714,-0.26574,-0.0638,-0.42461,-0.42964,-0.5251,-0.44835,-0.49974,-0.60993,-0.26719,-0.35518,-0.29675,-0.34371,-0.46861,-0.42986,0.076716,0.25947,-0.1233,-0.32523,-0.10402,-0.13858,-0.15422,-0.30577,-0.34463,-0.44638,-0.37375,-0.49383,-0.063275,-0.27661,-0.12823,-0.32713,-0.1042,-0.20609
-0.083719,0.24082,-0.36509,-0.44426,0.090293,0,-0.20547,-0.047973,-0.36134,-0.29242,-0.6455,-0.19854,-0.39821,-0.43101,-0.38431,-0.15227,-0.10979,-0.21941,-0.46344,0.019939,-0.064728,-0.047516,0.00030004,0.2496,-0.5376,-0.31171,-0.10821,-0.12085,-0.1433,-0.077786,-0.44422,-0.37435,-0.48129,-0.3632,-0.45307,-0.27789,-0.58267,-0.75843,-0.34556,-0.38616,-0.074316,0.23985,-0.28983,0.11644,-0.41725,-0.44257,0.16257,0.24077,-0.19469,-0.36913,-0.46039,-0.22304,0.12931,0.29048,0.056981,0.070913,0.014048,0.010386,0.048464,-0.15264,0.033155,-0.33199,-0.32888,-0.099697,-0.24148,0.19532,0.23215,-0.32275,-0.13329,-0.2724,-0.15834,-0.24746,-0.16556,-0.25837,0.002339,-0.42662,-0.28999,-0.3009,-0.42889,-0.34256,-0.67477,-0.26494,-0.35658,0.043186,-0.20674,-0.43583,-0.48943,0.037431,0.08076,0.057465,-0.41048,-0.21998,0.03027,-0.10802,0.091384,-0.24685,-0.164,-0.21623,-0.12827,-0.20418,-0.16064,-0.3177,-0.18074,-0.1289,-0.039033
0.23053,0.061509,-0.46225,-0.39801,0.1245,-0.20547,0,0.18202,0.021624,0.092802,0.006485,-0.10484,-0.19801,-0.26964,-0.27923,-0.53132,-0.22509,-0.40349,-0.26929,-0.49561,-0.24758,-0.56007,0.13949,-0.39836,0.06496,0.16373,-0.16562,-0.48092,0.23953,0.17236,0.076791,0.19935,-0.38721,-0.27628,-0.0031573,0.18036,-0.2244,0.080794,0.61806,0.19519,0.18353,0.057615,0.26294,0.16387,-0.092257,-0.029909,0.024338,-0.071411,-0.65131,-0.48471,-0.57776,-0.62003,-0.41317,-0.53174,-0.49931,-0.29303,-0.056122,-0.0041597,-0.22421,-0.31683,-0.45031,-0.48652,-0.54661,-0.30107,-0.23618,-0.048034,-0.028566,-0.0441,-0.34551,0.081912,0.032275,0.016496,-0.031457,-0.12358,0.078973,-0.077739,-0.18547,-0.55818,-0.4593,-0.36475,-0.44513,-0.37691,-0.36846,-0.50559,-0.53066,-0.41086,-0.58399,0.035576,-0.11847,0.043002,-0.22196,-0.4164,-0.63288,-0.19635,-0.30799,-0.38666,-0.6247,-0.37671,-0.69002,-0.53533,-0.56288,-0.44754,-0.64724,-0.28507,-0.46489
-0.28772,0.4247,-0.19805,-0.045791,-0.22432,-0.047973,0.18202,0,0.15494,0.5069,0.15463,0.50009,-0.38623,-0.32134,-0.45492,-0.4547,-0.57989,-0.94579,-0.15579,-0.3846,-0.63586,-0.79057,-0.039333,-0.39028,-0.0049712,0.30677,-0.52746,-0.80022,-0.28622,-0.12837,-0.03426,-0.0040506,-0.58021,-0.65782,-0.38204,-0.10212,-0.022694,0.049801,0.093525,0.43962,-0.38365,-0.14342,0.16382,0.092911,0.11542,-0.067442,0.15705,-0.01876,-0.82394,-0.49421,-0.48642,-0.76901,-0.66606,-0.52808,-0.58443,-0.66791,-0.44216,-0.42187,-0.58314,-0.29879,-0.22835,-0.67444,-0.66262,-0.63964,-0.36097,-0.10759,0.018214,-0.019251,-0.3671,-0.32967,-0.34101,0.16757,0.16161,-0.19981,0.26411,0.24081,0.35163,-0.41347,-0.48999,-0.19507,-0.20727,-0.38215,-0.38962,-0.22839,-0.28139,-0.27918,-0.46743,-0.13467,-0.44415,0.29033,-0.19222,-0.63239,-0.65526,-0.072086,0.053769,-0.088015,-0.19814,-0.20069,-0.20704,-0.93897,-0.56121,-0.64462,-0.49154,-0.47753,-0.48286
-0.28143,-0.18667,-0.16057,-0.024222,-0.07021,-0.36134,0.021624,0.15494,0,0.31815,0.34942,0.36618,-0.31616,-0.28675,0.056429,-0.22368,-0.15179,-0.51739,0.16342,-0.28986,-0.31715,-0.57902,-0.094984,-0.53331,0.3787,0.28619,-0.14952,-0.51658,-0.22604,-0.21874,-0.086372,-0.10822,-0.39697,-0.47747,-0.42749,-0.4025,0.091534,0.16009,-0.011811,0.53848,-0.31841,-0.269,0.024338,-0.1359,-0.14356,-0.15764,-0.076511,-0.24404,-0.46672,-0.38855,-0.3872,-0.56051,-0.45613,-0.45413,-0.32506,-0.51815,-0.27651,-0.3606,-0.5207,-0.014907,-0.19287,-0.36083,-0.40235,-0.38541,-0.31748,-0.20498,-0.20304,0.49374,-0.080071,-0.1467,-0.018644,0.041072,-0.0060486,-0.45459,-0.070735,0.24913,0.3218,-0.36198,-0.2854,-0.14712,0.038951,-0.26322,-0.32661,-0.28559,-0.17713,-0.13467,-0.13797,-0.13123,-0.34196,-0.1462,-0.30987,-0.42698,-0.57208,-0.012261,-0.091623,0.021276,-0.1225,-0.22659,-0.16382,-0.5236,-0.48637,-0.37988,-0.39474,-0.34712,-0.46396
-0.29004,0.11327,-0.12768,0.0093218,-0.29859,-0.29242,0.092802,0.5069,0.31815,0,0.29873,0.47342,-0.41629,-0.40297,-0.38594,-0.48877,-0.54644,-0.89985,-0.011954,-0.43433,-0.61894,-0.8062,-0.09761,-0.44959,0.27994,0.63701,-0.49314,-0.78781,-0.21239,-0.046302,0.095005,0.15604,-0.55529,-0.68158,-0.37684,-0.22981,0.14828,0.22171,0.18978,0.58151,-0.40019,-0.18865,0.30652,0.03638,0.044857,-0.097508,-0.0059872,-0.18543,-0.71943,-0.57296,-0.56859,-0.68838,-0.74579,-0.61127,-0.51719,-0.64072,-0.40432,-0.41102,-0.55792,-0.24276,-0.27551,-0.55603,-0.69497,-0.79521,-0.50313,-0.23726,-0.15756,0.17862,-0.29801,-0.2243,-0.21127,0.069528,0.04382,-0.38151,-0.02579,0.31331,0.37233,-0.37906,-0.43442,-0.16132,-0.094944,-0.4213,-0.44185,-0.17297,-0.18892,-0.17926,-0.35314,-0.1937,-0.50063,0.019898,-0.31835,-0.54834,-0.71283,0.093757,0.09568,-0.056354,-0.19494,-0.2657,-0.24471,-0.86387,-0.55754,-0.57585,-0.49408,-0.31514,-0.40265
-0.45297,-0.28486,-0.11412,0.0062737,-0.38072,-0.6455,0.006485,0.15463,0.34942,0.29873,0,0.26681,-0.12202,-0.08123,-0.20132,-0.38757,-0.46806,-0.66182,0.28029,-0.56549,-0.59601,-0.74766,-0.28465,-0.80475,0.36098,0.28103,-0.47347,-0.73415,-0.38876,-0.40102,0.02459,-0.034696,-0.2282,-0.39329,-0.20106,-0.24616,0.5991,0.51843,0.027413,0.45781,-0.4739,-0.50216,0.076416,-0.24874,-0.007392,-0.033925,-0.22035,-0.34592,-0.57939,-0.14317,-0.14496,-0.64529,-0.72868,-0.84162,-0.56502,-0.66919,-0.44586,-0.39495,-0.58749,-0.28761,-0.44952,-0.39695,-0.46225,-0.54174,-0.37835,-0.33699,-0.34336,0.037751,-0.3717,-0.17805,-0.28236,0.12189,0.043322,-0.34109,-0.027045,0.37696,0.2242,-0.19688,-0.1431,0.07139,0.35994,-0.3754,-0.3466,-0.4478,-0.38196,0.1358,-0.10129,-0.26066,-0.48179,-0.19754,-0.14406,-0.36307,-0.6469,-0.14112,-0.23315,0.029786,-0.18127,-0.15261,-0.26466,-0.60444,-0.51234,-0.3478,-0.4191,-0.45197,-0.60154
-0.51942,0.056654,-0.11814,0.029718,-0.36921,-0.19854,-0.10484,0.50009,0.36618,0.47342,0.26681,0,-0.32278,-0.21822,-0.20229,-0.21491,-0.49693,-0.87693,0.12076,-0.26406,-0.58677,-0.60867,-0.15742,-0.36918,0.034539,0.23283,-0.47305,-0.56901,-0.48613,-0.27625,-0.14361,-0.16189,-0.37973,-0.58378,-0.44117,-0.26094,0.11625,0.10675,-0.086331,0.54898,-0.5852,-0.26295,-0.047196,-0.14301,-0.0028504,-0.19248,-0.060282,-0.20578,-0.58011,-0.3562,-0.29456,-0.74155,-0.59336,-0.44,-0.36521,-0.72476,-0.59306,-0.57521,-0.70364,-0.14885,-0.12356,-0.44499,-0.42145,-0.59081,-0.37412,-0.28651,-0.21725,0.19275,-0.060868,-0.45376,-0.3796,0.012459,0.036783,-0.40605,-0.042354,0.4141,0.61001,-0.20182,-0.25424,-0.0063078,0.069767,-0.39924,-0.41605,-0.15473,-0.18867,-0.060138,-0.19285,-0.21295,-0.54118,-0.046521,-0.25454,-0.62782,-0.56775,0.043752,0.17797,0.13457,0.04279,-0.14326,-0.0038187,-0.76846,-0.45652,-0.54752,-0.37458,-0.38816,-0.36503
-0.42949,-0.63933,-0.37401,-0.53261,-0.2813,-0.39821,-0.19801,-0.38623,-0.31616,-0.41629,-0.12202,-0.32278,0,0.82175,-0.28254,-0.30512,-0.21166,-0.083603,0.069794,-0.376,-0.21402,-0.10323,-0.31301,-0.28911,-0.38855,-0.55025,-0.24964,-0.08061,-0.37905,-0.48103,-0.69352,-0.59409,0.57844,0.57189,0.09984,0.085881,-0.22794,-0.24848,-0.21591,-0.29361,-0.19971,-0.39253,-0.60232,-0.63152,-0.54218,-0.5664,-0.22952,-0.11447,-0.26568,0.57366,0.4295,-0.42376,-0.14708,-0.28219,-0.17202,-0.1785,-0.26551,-0.059511,-0.11749,-0.63429,-0.67494,-0.066098,-0.091166,-0.22753,-0.48683,-0.28659,-0.35117,-0.40704,-0.1661,-0.33962,-0.33417,-0.52354,-0.49061,-0.12337,-0.19224,-0.22879,-0.42895,0.45828,0.56466,0.16079,0.03636,-0.49573,-0.5006,-0.090457,-0.22892,0.13053,0.15484,0.018971,-0.081271,-0.36119,-0.092925,-0.3024,-0.33409,-0.59106,-0.45552,-0.22871,-0.35383,-0.16134,-0.39068,-0.14426,-0.2748,-0.11569,-0.22758,-0.30556,-0.40528
-0.6013,-0.61466,-0.25786,-0.36837,-0.37887,-0.43101,-0.26964,-0.32134,-0.28675,-0.40297,-0.08123,-0.21822,0.82175,0,-0.22829,-0.1565,-0.32647,-0.14582,0.058625,-0.23877,-0.27768,-0.087156,-0.38445,-0.30896,-0.46875,-0.60636,-0.31266,-0.06721,-0.57364,-0.61668,-0.67941,-0.64425,0.544,0.43888,0.018794,0.059832,-0.17587,-0.19866,-0.35016,-0.27372,-0.35527,-0.53067,-0.64293,-0.73381,-0.40194,-0.54408,-0.23643,-0.1587,-0.27258,0.58533,0.6557,-0.39667,-0.21278,-0.3089,-0.22077,-0.32214,-0.41287,-0.23689,-0.27904,-0.56634,-0.50459,-0.024651,0.018357,-0.22644,-0.42856,-0.32965,-0.37786,-0.44441,-0.14292,-0.43609,-0.45146,-0.48039,-0.45511,-0.036646,-0.19409,-0.16516,-0.30659,0.4666,0.60258,0.20352,0.11591,-0.46319,-0.3915,-0.16555,-0.20155,0.10568,0.24895,-0.088738,-0.23408,-0.28097,-0.0079512,-0.40529,-0.37109,-0.71401,-0.53051,-0.1417,-0.26763,-0.12543,-0.26405,-0.1798,-0.23266,-0.084374,-0.16592,-0.48952,-0.50671
-0.17419,-0.55471,-0.062123,-0.089018,-0.10171,-0.38431,-0.27923,-0.45492,0.056429,-0.38594,-0.20132,-0.20229,-0.28254,-0.22829,0,0.36582,0.28089,-0.029377,-0.035419,0.049432,0.016823,-0.050387,-0.25936,-0.24745,-0.048198,-0.26304,0.12095,-0.021876,-0.19936,-0.27944,-0.2451,-0.31488,-0.16011,-0.14491,-0.31363,-0.43929,-0.25973,-0.17959,-0.33385,-0.14125,-0.14979,-0.26308,-0.35189,-0.38841,-0.35403,-0.25974,-0.44357,-0.45153,0.011409,-0.20666,-0.1777,-0.097337,0.037826,-0.013427,0.072045,-0.10091,-0.10545,-0.22914,-0.20573,0.41822,0.13885,-0.003846,0.10349,0.20266,0.12787,-0.23396,-0.31221,0.058686,0.12547,-0.17816,0.029166,-0.2133,-0.2183,-0.36179,-0.46227,-0.16199,-0.13278,-0.2812,-0.12091,-0.28773,-0.14077,0.095557,0.072665,-0.47289,-0.20361,-0.21732,-0.065314,-0.29928,-0.18528,-0.50937,-0.38971,-0.090116,-0.10629,-0.17871,-0.33471,-0.19876,-0.084108,-0.2923,-0.14815,0.038433,-0.11311,-0.015214,-0.15539,-0.18661,-0.15062
-0.40815,-0.47239,0.051533,-0.090709,-0.24383,-0.15227,-0.53132,-0.4547,-0.22368,-0.48877,-0.38757,-0.21491,-0.30512,-0.1565,0.36582,0,0.023226,-0.020035,-0.13325,0.45097,-0.012834,0.26839,-0.35823,0.026083,-0.37416,-0.47612,-0.046902,0.13542,-0.48376,-0.47116,-0.37244,-0.47505,-0.14331,-0.15579,-0.41592,-0.513,-0.26796,-0.41345,-0.73373,-0.4049,-0.32107,-0.30048,-0.46152,-0.39302,-0.35209,-0.4151,-0.35666,-0.32065,0.16131,-0.098783,-0.054117,0.085772,0.18745,0.23136,0.20509,-0.029718,-0.13107,-0.22294,-0.13707,0.26641,0.41547,0.1338,0.30598,0.28899,0.0799,-0.11921,-0.20186,-0.24447,0.064864,-0.33478,-0.14021,-0.22906,-0.19083,-0.34335,-0.41705,-0.31985,-0.18943,-0.12787,-0.075386,-0.20615,-0.21322,0.018998,0.057868,-0.33245,-0.17921,-0.19693,0.037771,-0.32727,-0.23198,-0.40138,-0.44113,-0.098074,0.10746,-0.30077,-0.30656,-0.043854,0.099008,-0.1686,0.11849,0.1564,0.12517,0.14373,0.10105,-0.2848,-0.10087
0.059941,-0.47701,-0.39629,-0.48033,0.22614,-0.10979,-0.22509,-0.57989,-0.15179,-0.54644,-0.46806,-0.49693,-0.21166,-0.32647,0.28089,0.023226,0,0.31008,-0.25245,-0.091814,0.36429,0.12097,0.0077875,-0.043036,-0.1902,-0.34114,0.46688,0.13263,0.12211,-0.096935,-0.34021,-0.30908,-0.12549,-0.0053462,-0.19845,-0.40177,-0.48965,-0.47856,-0.28363,-0.40509,0.24474,0.048287,-0.41944,-0.16773,-0.76558,-0.43023,-0.32319,-0.2249,0.054431,-0.19735,-0.28358,0.019748,0.309,0.16894,0.18166,0.32116,0.34504,0.14298,0.18348,0.1211,-0.083406,0.030454,-0.022326,0.39276,0.053162,-0.019564,-0.13619,-0.087327,-0.015391,0.032214,0.41191,-0.30977,-0.25463,-0.50352,-0.37179,-0.54586,-0.50622,-0.27822,-0.15485,-0.35226,-0.37356,-0.082976,-0.19622,-0.24342,-0.1729,-0.27995,-0.17636,-0.10525,0.265,-0.51633,-0.59164,0.20154,0.13364,-0.1484,-0.26748,-0.32918,-0.20889,-0.32958,-0.2364,0.296,0.007167,0.10641,-0.039408,-0.013154,-0.0064782
-0.07435,-0.65361,-0.45159,-0.55958,-0.046541,-0.21941,-0.40349,-0.94579,-0.51739,-0.89985,-0.66182,-0.87693,-0.083603,-0.14582,-0.029377,-0.020035,0.31008,0,-0.47455,-0.051471,0.4327,0.48815,-0.14229,0.039974,-0.52871,-0.68049,0.31743,0.51809,-0.039749,-0.24053,-0.38442,-0.39091,0.082976,0.2771,-0.067667,-0.23949,-0.52196,-0.55565,-0.45406,-0.82707,0.16027,-0.11112,-0.59984,-0.34114,-0.67451,-0.48439,-0.44905,-0.31125,0.20244,-0.055147,-0.082199,0.39412,0.19431,0.049494,0.032575,0.24024,0.1485,0.044945,0.11446,-0.16682,-0.23139,0.29048,0.18642,0.32405,0.015718,-0.21753,-0.33076,-0.40997,-0.083024,-0.011245,0.052965,-0.56712,-0.5446,-0.28596,-0.56304,-0.9376,-0.95949,-0.1513,-0.037008,-0.29354,-0.39107,-0.19144,-0.16608,-0.25247,-0.20502,-0.33076,-0.12426,-0.20829,0.13203,-0.53206,-0.33103,0.13953,0.16163,-0.45537,-0.54411,-0.35758,-0.30704,-0.22826,-0.25269,0.46176,0.18893,0.26536,0.16257,-0.080132,-0.076907
-0.53338,-0.51278,0.030359,-0.062416,-0.35153,-0.46344,-0.26929,-0.15579,0.16342,-0.011954,0.28029,0.12076,0.069794,0.058625,-0.035419,-0.13325,-0.25245,-0.47455,0,-0.33439,-0.44824,-0.37705,-0.35789,-0.43302,0.1042,-0.086256,-0.41571,-0.41135,-0.52451,-0.50357,-0.39894,-0.45331,-0.090675,-0.21997,-0.34629,-0.4431,0.14093,-0.07705,-0.24729,0.081332,-0.55469,-0.50104,-0.30557,-0.49548,-0.37052,-0.36485,-0.26736,-0.28573,-0.24484,0.091998,0.035712,-0.50559,-0.23095,-0.29259,-0.13997,-0.31201,-0.37894,-0.24585,-0.27486,-0.14811,-0.23709,-0.25336,-0.29711,-0.37319,-0.47348,-0.26777,-0.3385,-0.036039,-0.093409,-0.43081,-0.28157,-0.16382,-0.11151,-0.46524,-0.13724,0.33227,0.1384,0.14,0.16346,0.13688,0.29874,-0.22599,-0.32088,-0.18181,-0.22364,0.48276,0.16291,-0.19,-0.34358,-0.3995,-0.26867,-0.3016,-0.40449,-0.17218,-0.17321,0.11133,-0.038031,0.0076852,-0.13269,-0.33197,-0.33531,-0.23707,-0.28471,-0.24409,-0.35294
-0.30328,-0.2544,-0.085056,-0.19262,-0.15259,0.019939,-0.49561,-0.3846,-0.28986,-0.43433,-0.56549,-0.26406,-0.376,-0.23877,0.049432,0.45097,-0.091814,-0.051471,-0.33439,0,0.12232,0.33025,-0.2128,0.23804,-0.53572,-0.54875,0.055679,0.17664,-0.36933,-0.26985,-0.39485,-0.45404,-0.28474,-0.23941,-0.57361,-0.48727,-0.49403,-0.58528,-0.69155,-0.48186,-0.23275,-0.18807,-0.43633,-0.26504,-0.29032,-0.40358,-0.16697,-0.13288,0.26012,-0.24315,-0.19654,0.113,0.18965,0.3209,0.1832,-0.023301,-0.1349,-0.21212,-0.13737,0.11573,0.34787,0.18492,0.2991,0.091316,-0.16439,-0.11469,-0.13973,-0.29083,0.09208,-0.35431,-0.1531,-0.33855,-0.3105,-0.21878,-0.35334,-0.39164,-0.24655,-0.17435,-0.20187,-0.33132,-0.45127,-0.11754,-0.11576,-0.17648,-0.14317,-0.4077,-0.036871,-0.17387,-0.15081,-0.2241,-0.2962,-0.1525,0.14204,-0.24628,-0.20227,-0.03769,0.036878,-0.1168,0.079689,0.13428,0.19553,-0.0087763,0.059838,-0.17485,-0.043704
0.079675,-0.38719,-0.63605,-0.76517,0.1828,-0.064728,-0.24758,-0.63586,-0.31715,-0.61894,-0.59601,-0.58677,-0.21402,-0.27768,0.016823,-0.012834,0.36429,0.4327,-0.44824,0.12232,0,0.39177,0.10586,0.22883,-0.44145,-0.47132,0.9584,0.50377,0.15834,0.0083876,-0.28363,-0.27672,-0.09924,0.0054554,-0.12268,-0.28509,-0.55313,-0.536,-0.337,-0.58971,0.39673,0.17366,-0.38751,-0.041167,-0.60149,-0.4049,-0.21244,-0.11333,0.22016,-0.23657,-0.26233,0.10885,0.26525,0.12446,0.12849,0.31286,0.2948,0.17927,0.15242,-0.08747,-0.18443,0.23082,0.13832,0.39999,-0.057022,-0.054117,-0.1762,-0.23326,0.11782,0.1142,0.31321,-0.40505,-0.37551,-0.38312,-0.39986,-0.79115,-0.79646,-0.25082,-0.15872,-0.26589,-0.47586,-0.32138,-0.34623,-0.25874,-0.38045,-0.34133,-0.1194,0.075045,0.42973,-0.415,-0.358,0.12716,0.24846,-0.19269,-0.31473,-0.26057,-0.314,-0.27153,-0.22581,0.32441,0.13865,0.017307,-0.064625,0.034137,-0.036728
-0.25198,-0.54637,-0.33919,-0.53334,-0.14148,-0.047516,-0.56007,-0.79057,-0.57902,-0.8062,-0.74766,-0.60867,-0.10323,-0.087156,-0.050387,0.26839,0.12097,0.48815,-0.37705,0.33025,0.39177,0,-0.18148,0.34679,-0.71795,-0.81231,0.18247,0.77217,-0.24909,-0.30597,-0.49067,-0.51317,0.064025,0.14946,-0.22327,-0.34168,-0.521,-0.71874,-0.68819,-0.90424,-0.021869,-0.11569,-0.67532,-0.34567,-0.66339,-0.61375,-0.37388,-0.21854,0.42123,-0.0022844,-0.017109,0.33907,0.40563,0.34482,0.29279,0.29498,0.059156,0.027815,0.13625,-0.11228,-0.017178,0.53132,0.42837,0.3341,-0.11653,-0.16862,-0.28392,-0.463,0.068437,-0.20154,-0.051437,-0.58073,-0.49385,-0.35212,-0.54927,-0.81632,-0.72957,0.019476,0.036067,-0.21177,-0.41091,-0.27487,-0.2589,-0.14617,-0.20851,-0.25739,0.013257,-0.17207,0.076034,-0.51143,-0.406,0.08809,0.3702,-0.3605,-0.34214,-0.13106,-0.072427,-0.113,-0.032268,0.56875,0.44201,0.29832,0.30175,-0.043841,0.069358
0.16323,0.092325,-0.70905,-0.57844,0.1637,0.00030004,0.13949,-0.039333,-0.094984,-0.09761,-0.28465,-0.15742,-0.31301,-0.38445,-0.25936,-0.35823,0.0077875,-0.14229,-0.35789,-0.2128,0.10586,-0.18148,0,0.05486,-0.26044,-0.046411,0.14474,-0.092891,0.24758,0.34779,-0.033721,0.03383,-0.3262,-0.30944,-0.14282,-0.086658,-0.45298,-0.30118,0.074766,-0.14165,0.22917,0.32352,-0.11959,0.29143,-0.33829,-0.19806,-0.12592,-0.11555,-0.21643,-0.48752,-0.51236,-0.25034,-0.17983,-0.23424,-0.26757,-0.083978,-0.020703,-0.040295,-0.10975,-0.13604,-0.22209,-0.14715,-0.23413,-0.13367,-0.13248,-0.089052,-0.11437,-0.12178,-0.090709,-0.064278,0.15542,-0.12322,-0.0092536,-0.47454,-0.092114,-0.29797,-0.33323,-0.40734,-0.3781,-0.33632,-0.50695,-0.47267,-0.55958,-0.23027,-0.37931,-0.31799,-0.38112,-0.032998,0.063282,-0.18054,-0.31043,-0.13274,-0.15981,0.023213,-0.073293,-0.14692,-0.29775,-0.13897,-0.2753,-0.17681,-0.036599,-0.23437,-0.21066,-0.033073,-0.11008
-0.15561,-0.11491,-0.36395,-0.54012,-0.1691,0.2496,-0.39836,-0.39028,-0.53331,-0.44959,-0.80475,-0.36918,-0.28911,-0.30896,-0.24745,0.026083,-0.043036,0.039974,-0.43302,0.23804,0.22883,0.34679,0.05486,0,-0.68559,-0.46513,0.060568,0.28218,-0.1109,0.015882,-0.41991,-0.39079,-0.22884,-0.16098,-0.30296,-0.26451,-0.65126,-0.87174,-0.43317,-0.61162,0.007092,0.27243,-0.4513,-0.0064714,-0.51291,-0.56541,-0.075059,0.063405,0.090763,-0.28779,-0.28198,0.031546,0.22337,0.34478,0.13374,0.22256,0.0026458,0.0027686,0.10687,-0.13531,0.033046,0.0091241,-0.008674,0.075216,-0.13462,0.025429,-0.0013229,-0.42149,0.093307,-0.33463,-0.076354,-0.39229,-0.25735,-0.36215,-0.28275,-0.57814,-0.51485,-0.082574,-0.15724,-0.18311,-0.56237,-0.28488,-0.33314,0.059013,-0.22067,-0.26952,-0.15749,0.035037,0.14083,-0.23649,-0.42169,-0.08299,0.25706,-0.15269,-0.026683,-0.22268,-0.17293,-0.171,-0.018978,0.060779,0.17973,-0.18246,-0.049535,0.0041188,0.08046
-0.14382,-0.26297,-0.049535,0.036633,-0.20307,-0.5376,0.06496,-0.0049712,0.3787,0.27994,0.36098,0.034539,-0.38855,-0.46875,-0.048198,-0.37416,-0.1902,-0.52871,0.1042,-0.53572,-0.44145,-0.71795,-0.26044,-0.68559,0,0.52041,-0.31813,-0.75635,-0.087442,-0.16622,0.16858,0.12723,-0.49767,-0.53977,-0.32361,-0.42558,0.22653,0.28171,0.16013,0.37697,-0.25199,-0.30285,0.2937,-0.101,-0.072672,0.038999,-0.24234,-0.38181,-0.46533,-0.45766,-0.53521,-0.46221,-0.50783,-0.55329,-0.40982,-0.39902,-0.17372,-0.23836,-0.37452,-0.07021,-0.29914,-0.46016,-0.57656,-0.40865,-0.26583,-0.23495,-0.23392,0.31631,-0.36331,-0.023731,0.0064373,0.15349,0.050864,-0.46396,-0.14689,0.16865,0.14593,-0.48955,-0.41744,-0.27481,-0.036571,-0.11708,-0.18606,-0.44246,-0.30595,-0.14299,-0.30229,-0.27138,-0.379,-0.28486,-0.41605,-0.22881,-0.53687,0.047475,-0.13803,-0.15452,-0.21945,-0.28776,-0.32474,-0.48561,-0.53207,-0.36783,-0.46921,-0.20338,-0.34797
-0.11229,0.079566,-0.19033,-0.044441,-0.22377,-0.31171,0.16373,0.30677,0.28619,0.63701,0.28103,0.23283,-0.55025,-0.60636,-0.26304,-0.47612,-0.34114,-0.68049,-0.086256,-0.54875,-0.47132,-0.81231,-0.046411,-0.46513,0.52041,0,-0.35139,-0.77382,-0.019796,0.040949,0.33945,0.365,-0.64128,-0.74779,-0.281,-0.27232,0.19628,0.26912,0.29211,0.49565,-0.2229,-0.05304,0.52163,0.2275,0.01655,0.031068,-0.093232,-0.25441,-0.6543,-0.67406,-0.71122,-0.5555,-0.66389,-0.61214,-0.51979,-0.46953,-0.22033,-0.28519,-0.4319,-0.11912,-0.27085,-0.60734,-0.76959,-0.52106,-0.23629,-0.1548,-0.11178,0.20824,-0.35865,-0.022831,-0.045157,0.25365,0.19377,-0.47893,-0.051253,0.15005,0.17555,-0.57618,-0.55887,-0.21132,-0.12554,-0.2895,-0.31206,-0.35989,-0.36131,-0.18363,-0.48847,-0.21234,-0.35396,-0.086235,-0.41953,-0.31451,-0.53306,0.20479,0.057636,-0.17583,-0.27088,-0.34395,-0.31461,-0.70938,-0.53925,-0.5409,-0.53404,-0.23322,-0.35182
0.13407,-0.35428,-0.63684,-0.67206,0.30427,-0.10821,-0.16562,-0.52746,-0.14952,-0.49314,-0.47347,-0.47305,-0.24964,-0.31266,0.12095,-0.046902,0.46688,0.31743,-0.41571,0.055679,0.9584,0.18247,0.14474,0.060568,-0.31813,-0.35139,0,0.31713,0.22343,0.0492,-0.24154,-0.20798,-0.13274,-0.03681,-0.12961,-0.27146,-0.50572,-0.40413,-0.24286,-0.4121,0.40954,0.17469,-0.31889,-0.021705,-0.55581,-0.35641,-0.1922,-0.13573,0.087511,-0.28616,-0.31185,0.00047052,0.16459,0.039476,0.090409,0.19231,0.28906,0.12583,0.075086,-0.001357,-0.18484,0.1188,0.060841,0.31147,-0.039408,-0.056183,-0.16771,-0.10776,0.12118,0.19528,0.39625,-0.35092,-0.35129,-0.37748,-0.37716,-0.63686,-0.62944,-0.33287,-0.20825,-0.29173,-0.42328,-0.30193,-0.33338,-0.27875,-0.32551,-0.37452,-0.17052,0.073702,0.38978,-0.3738,-0.351,0.078782,0.12129,-0.13577,-0.29705,-0.30802,-0.34764,-0.3735,-0.30402,0.20346,0.0012684,-0.025354,-0.14898,-0.0098401,-0.10165
-0.16625,-0.51704,-0.51682,-0.65442,-0.092809,-0.12085,-0.48092,-0.80022,-0.51658,-0.78781,-0.73415,-0.56901,-0.08061,-0.06721,-0.021876,0.13542,0.13263,0.51809,-0.41135,0.17664,0.50377,0.77217,-0.092891,0.28218,-0.75635,-0.77382,0.31713,0,-0.14399,-0.18212,-0.46866,-0.45989,0.15334,0.21126,-0.069692,-0.18911,-0.58627,-0.5944,-0.53345,-0.77433,0.049187,-0.039647,-0.68842,-0.33089,-0.63439,-0.57146,-0.39536,-0.26221,0.27651,-0.066037,-0.019039,0.17113,0.25258,0.17466,0.19369,0.16709,-0.023192,-0.044297,0.044938,-0.15571,-0.12716,0.40697,0.38619,0.2854,-0.082301,-0.25834,-0.37437,-0.37358,0.2518,-0.14787,-0.045866,-0.68286,-0.58161,-0.31572,-0.62799,-0.79324,-0.79341,-0.021378,0.048907,-0.17889,-0.37158,-0.3538,-0.30738,-0.16144,-0.23393,-0.26426,-0.016577,-0.13705,0.10038,-0.5148,-0.29423,-0.035344,0.20318,-0.34172,-0.36492,-0.22123,-0.20724,-0.21809,-0.1303,0.35366,0.24744,0.12566,0.10548,-0.041836,0.017212
0.74121,-0.069488,-0.63586,-0.61294,0.25498,-0.1433,0.23953,-0.28622,-0.22604,-0.21239,-0.38876,-0.48613,-0.37905,-0.57364,-0.19936,-0.48376,0.12211,-0.039749,-0.52451,-0.36933,0.15834,-0.24909,0.24758,-0.1109,-0.087442,-0.019796,0.22343,-0.14399,0,0.65693,0.067346,0.22309,-0.39128,-0.23617,0.024283,-0.04678,-0.48049,-0.22372,0.28227,-0.22361,0.72191,0.40984,0.063889,0.2901,-0.35733,-0.12813,-0.1513,-0.13679,-0.27178,-0.61711,-0.72943,-0.22566,-0.12379,-0.22403,-0.21192,0.097971,0.27205,0.18767,0.0918,-0.15973,-0.36283,-0.29001,-0.40734,-0.065921,-0.11029,-0.048491,-0.084919,-0.11407,-0.21295,0.33005,0.35797,-0.21353,-0.21735,-0.2882,-0.25393,-0.46167,-0.56258,-0.61536,-0.50553,-0.48351,-0.64096,-0.29469,-0.33226,-0.35801,-0.42132,-0.48824,-0.60244,0.005769,0.22429,-0.22987,-0.38064,-0.025749,-0.17729,-0.0044188,-0.23122,-0.59537,-0.66482,-0.52668,-0.67123,-0.1597,-0.28413,-0.29862,-0.47294,0.064912,-0.11126
0.45685,0.14816,-0.53857,-0.48117,0.06348,-0.077786,0.17236,-0.12837,-0.21874,-0.046302,-0.40102,-0.27625,-0.48103,-0.61668,-0.27944,-0.47116,-0.096935,-0.24053,-0.50357,-0.26985,0.0083876,-0.30597,0.34779,0.015882,-0.16622,0.040949,0.0492,-0.18212,0.65693,0,0.074015,0.24348,-0.49185,-0.38923,-0.099096,-0.019898,-0.53121,-0.24043,0.28474,-0.13513,0.30703,0.47683,0.066964,0.34283,-0.235,-0.13096,-0.10403,-0.11537,-0.31028,-0.79309,-0.80664,-0.311,-0.21753,-0.22067,-0.24573,-0.057561,-0.0048007,-0.031641,-0.060254,-0.13012,-0.23095,-0.34221,-0.42566,-0.24195,-0.18803,-0.11656,-0.092666,-0.10766,-0.11173,0.032609,0.1205,-0.22325,-0.17646,-0.27311,-0.24632,-0.29304,-0.36131,-0.56263,-0.53864,-0.45749,-0.66632,-0.33732,-0.37195,-0.24154,-0.34845,-0.48065,-0.61601,-0.035562,0.034205,-0.13009,-0.32073,-0.19355,-0.23688,0.11751,-0.050864,-0.49711,-0.54852,-0.46302,-0.53612,-0.30118,-0.26497,-0.45612,-0.51445,0.070122,-0.058891
0.046705,-0.012486,-0.29476,-0.11134,-0.23642,-0.44422,0.076791,-0.03426,-0.086372,0.095005,0.02459,-0.14361,-0.69352,-0.67941,-0.2451,-0.37244,-0.34021,-0.38442,-0.39894,-0.39485,-0.28363,-0.49067,-0.033721,-0.41991,0.16858,0.33945,-0.24154,-0.46866,0.067346,0.074015,0,0.85407,-0.56836,-0.65565,-0.1409,-0.21831,0.056872,0.26796,0.14383,0.026363,-0.090845,-0.13221,0.50745,0.19598,0.19699,0.37267,-0.39493,-0.5316,-0.33157,-0.7357,-0.69533,-0.19409,-0.60236,-0.64072,-0.5698,-0.39187,-0.19398,-0.29514,-0.40228,-0.09405,-0.23276,-0.29267,-0.36136,-0.2956,-0.01134,-0.333,-0.32309,-0.034526,-0.44432,0.13054,-0.046261,0.1925,0.093914,-0.37959,-0.27812,-0.16548,-0.14884,-0.82599,-0.73859,-0.45811,-0.31466,-0.2548,-0.17688,-0.72834,-0.56369,-0.40488,-0.56916,-0.46382,-0.39881,-0.25247,-0.29061,-0.11412,-0.32297,0.087047,-0.19889,-0.18586,-0.27057,-0.28138,-0.32795,-0.36043,-0.2306,-0.26618,-0.3188,-0.15211,-0.1962
0.14502,0.047032,-0.38548,-0.23031,-0.14391,-0.37435,0.19935,-0.0040506,-0.10822,0.15604,-0.034696,-0.16189,-0.59409,-0.64425,-0.31488,-0.47505,-0.30908,-0.39091,-0.45331,-0.45404,-0.27672,-0.51317,0.03383,-0.39079,0.12723,0.365,-0.20798,-0.45989,0.22309,0.24348,0.85407,0,-0.49889,-0.53306,-0.018657,-0.074268,-0.030366,0.25933,0.32885,0.049876,0.031941,-0.0029391,0.57196,0.27723,0.0739,0.19369,-0.31074,-0.42397,-0.44873,-0.74798,-0.75878,-0.29426,-0.56867,-0.59965,-0.49595,-0.32503,-0.10467,-0.19078,-0.29987,-0.15494,-0.31524,-0.35216,-0.44797,-0.34757,-0.1122,-0.27209,-0.26014,-0.045457,-0.45343,0.2267,0.017137,0.075202,-0.0048689,-0.35543,-0.28298,-0.20845,-0.20769,-0.77154,-0.70766,-0.45498,-0.37885,-0.36765,-0.29349,-0.54794,-0.45396,-0.44321,-0.65116,-0.35401,-0.29826,-0.21497,-0.36916,-0.14618,-0.35995,0.12387,-0.15257,-0.32707,-0.39855,-0.46469,-0.49896,-0.39591,-0.32641,-0.28843,-0.40932,-0.11963,-0.18446
-0.47241,-0.77031,-0.45236,-0.55589,-0.35073,-0.48129,-0.38721,-0.58021,-0.39697,-0.55529,-0.2282,-0.37973,0.57844,0.544,-0.16011,-0.14331,-0.12549,0.082976,-0.090675,-0.28474,-0.09924,0.064025,-0.3262,-0.22884,-0.49767,-0.64128,-0.13274,0.15334,-0.39128,-0.49185,-0.56836,-0.49889,0,0.70111,0.25796,0.063623,-0.21783,-0.20641,-0.33753,-0.41283,-0.19015,-0.38406,-0.68675,-0.66432,-0.53047,-0.53312,-0.46176,-0.32979,-0.14176,0.48952,0.54182,-0.24377,-0.13738,-0.24614,-0.087088,-0.16904,-0.27151,-0.16287,-0.15775,-0.49547,-0.56325,0.13025,0.16153,-0.079634,-0.27184,-0.42446,-0.52798,-0.38631,-0.069822,-0.27227,-0.30632,-0.58783,-0.55703,-0.24576,-0.46557,-0.4138,-0.54603,0.38121,0.53084,0.14045,0.0912,-0.52034,-0.45187,-0.12287,-0.1744,0.073518,0.22151,-0.1694,-0.11905,-0.58978,-0.17901,-0.18176,-0.15692,-0.49406,-0.43523,-0.22594,-0.24743,-0.27187,-0.27481,0.023806,-0.11823,0.05769,-0.06841,-0.25852,-0.24343
-0.29734,-0.7595,-0.41988,-0.60029,-0.20782,-0.3632,-0.27628,-0.65782,-0.47747,-0.68158,-0.39329,-0.58378,0.57189,0.43888,-0.14491,-0.15579,-0.0053462,0.2771,-0.21997,-0.23941,0.0054554,0.14946,-0.30944,-0.16098,-0.53977,-0.74779,-0.03681,0.21126,-0.23617,-0.38923,-0.65565,-0.53306,0.70111,0,0.20656,0.11413,-0.4092,-0.34963,-0.29786,-0.51634,-0.013311,-0.27979,-0.69629,-0.61317,-0.65087,-0.64916,-0.33933,-0.20179,-0.14808,0.34395,0.29762,-0.15553,0.00034096,-0.13115,-0.048293,-0.015977,-0.099894,-0.012186,-0.012997,-0.47644,-0.52353,0.090266,0.082921,0.0037642,-0.25795,-0.28024,-0.36448,-0.45836,-0.11495,-0.20254,-0.20104,-0.69509,-0.67787,-0.098926,-0.4271,-0.53906,-0.70276,0.23323,0.40125,-0.024154,-0.14537,-0.39108,-0.33635,-0.12826,-0.13514,-0.11745,0.05649,-0.067121,0.0094446,-0.45485,-0.21612,-0.18572,-0.1739,-0.66671,-0.58366,-0.41648,-0.42121,-0.33651,-0.4219,0.073531,-0.14828,0.067121,-0.10258,-0.26555,-0.2911
-0.06766,-0.36606,-0.66145,-0.69347,-0.18615,-0.45307,-0.0031573,-0.38204,-0.42749,-0.37684,-0.20106,-0.44117,0.09984,0.018794,-0.31363,-0.41592,-0.19845,-0.067667,-0.34629,-0.57361,-0.12268,-0.22327,-0.14282,-0.30296,-0.32361,-0.281,-0.12961,-0.069692,0.024283,-0.099096,-0.1409,-0.018657,0.25796,0.20656,0,0.40863,-0.19409,0.0040779,0.062839,-0.28504,0.11578,-0.086174,-0.17151,-0.18145,-0.29656,-0.2168,-0.34406,-0.29357,-0.40792,-0.059668,-0.054806,-0.37208,-0.30869,-0.47077,-0.31664,-0.159,-0.099969,-0.015439,-0.094003,-0.54034,-0.74342,-0.22589,-0.20153,-0.10519,-0.10596,-0.2662,-0.34073,-0.37369,-0.2957,0.08316,-0.14088,-0.3033,-0.32917,-0.18206,-0.33143,-0.4657,-0.66171,-0.16288,-0.06052,-0.058836,-0.14614,-0.53355,-0.40087,-0.35597,-0.43402,-0.12514,-0.22503,-0.11957,-0.035828,-0.39585,-0.21406,-0.18953,-0.2743,-0.34864,-0.46476,-0.53719,-0.66257,-0.58445,-0.62731,-0.20758,-0.36951,-0.17349,-0.42288,-0.24269,-0.31544
-0.063691,-0.091977,-0.58672,-0.54156,-0.22452,-0.27789,0.18036,-0.10212,-0.4025,-0.22981,-0.24616,-0.26094,0.085881,0.059832,-0.43929,-0.513,-0.40177,-0.23949,-0.4431,-0.48727,-0.28509,-0.34168,-0.086658,-0.26451,-0.42558,-0.27232,-0.27146,-0.18911,-0.04678,-0.019898,-0.21831,-0.074268,0.063623,0.11413,0.40863,0,-0.38028,-0.04279,0.21229,-0.13056,0.022967,-0.05737,-0.17907,-0.1882,-0.11807,-0.20723,-0.15702,-0.1516,-0.59322,-0.18791,-0.15294,-0.53894,-0.44302,-0.50668,-0.46928,-0.36844,-0.31943,-0.1932,-0.28818,-0.61804,-0.63944,-0.3594,-0.28294,-0.32929,-0.21138,-0.29908,-0.25403,-0.35731,-0.25543,-0.17618,-0.35503,-0.35043,-0.37724,0.096717,-0.19126,-0.28491,-0.42516,-0.20458,-0.15913,-0.17657,-0.32708,-0.51988,-0.39096,-0.27776,-0.36468,-0.3505,-0.41367,-0.059156,-0.19137,-0.086024,-0.024692,-0.53524,-0.52375,-0.42945,-0.373,-0.57123,-0.69156,-0.48837,-0.68047,-0.45829,-0.48667,-0.42346,-0.53521,-0.33003,-0.39838
-0.57732,-0.36468,-0.06273,0.0017525,-0.50164,-0.58267,-0.2244,-0.022694,0.091534,0.14828,0.5991,0.11625,-0.22794,-0.17587,-0.25973,-0.26796,-0.48965,-0.52196,0.14093,-0.49403,-0.55313,-0.521,-0.45298,-0.65126,0.22653,0.19628,-0.50572,-0.58627,-0.48049,-0.53121,0.056872,-0.030366,-0.21783,-0.4092,-0.19409,-0.38028,0,0.37137,-0.17855,0.12212,-0.53705,-0.50747,0.070626,-0.2352,-0.068785,-0.11003,-0.30159,-0.40617,-0.45785,-0.12261,-0.13045,-0.40841,-0.62376,-0.65906,-0.42676,-0.52283,-0.35132,-0.35303,-0.48347,-0.28103,-0.38356,-0.31132,-0.41352,-0.43901,-0.32428,-0.31964,-0.36294,-0.071786,-0.41822,-0.10266,-0.29155,0.080753,-0.0091582,-0.45966,-0.18263,0.069447,0.058406,-0.17218,-0.15698,0.14007,0.41002,-0.38599,-0.30606,-0.40725,-0.36599,0.17231,-0.084135,-0.36027,-0.47604,-0.30208,-0.30395,-0.21708,-0.40767,-0.11539,-0.20501,0.054322,-0.089918,-0.19765,-0.14556,-0.46635,-0.39177,-0.21027,-0.25539,-0.41481,-0.46889
-0.27885,-0.24415,-0.23826,-0.050332,-0.37344,-0.75843,0.080794,0.049801,0.16009,0.22171,0.51843,0.10675,-0.24848,-0.19866,-0.17959,-0.41345,-0.47856,-0.55565,-0.07705,-0.58528,-0.536,-0.71874,-0.30118,-0.87174,0.28171,0.26912,-0.40413,-0.5944,-0.22372,-0.24043,0.26796,0.25933,-0.20641,-0.34963,0.0040779,-0.04279,0.37137,0,0.19343,0.39551,-0.32024,-0.42057,0.22328,-0.21019,0.15098,0.11616,-0.37439,-0.55158,-0.62085,-0.33293,-0.28343,-0.56775,-0.89254,-1,-0.60401,-0.73741,-0.44185,-0.45961,-0.66959,-0.28433,-0.48671,-0.36234,-0.3853,-0.51241,-0.25086,-0.5105,-0.49565,0.10485,-0.35317,-0.018807,-0.26603,0.0048553,-0.12682,-0.26521,-0.28481,0.11149,0.051355,-0.39988,-0.31104,-0.14169,0.12039,-0.41346,-0.29105,-0.58314,-0.38795,-0.16699,-0.29796,-0.39294,-0.56709,-0.27123,-0.16926,-0.40552,-0.69276,-0.10061,-0.27198,-0.16323,-0.29018,-0.38296,-0.41307,-0.6064,-0.56126,-0.34401,-0.47147,-0.37513,-0.46718
0.19,0.022585,-0.4881,-0.37266,-0.085226,-0.34556,0.61806,0.093525,-0.011811,0.18978,0.027413,-0.086331,-0.21591,-0.35016,-0.33385,-0.73373,-0.28363,-0.45406,-0.24729,-0.69155,-0.337,-0.68819,0.074766,-0.43317,0.16013,0.29211,-0.24286,-0.53345,0.28227,0.28474,0.14383,0.32885,-0.33753,-0.29786,0.062839,0.21229,-0.17855,0.19343,0,0.27899,0.10779,0.0584,0.26446,0.092932,-0.069938,0.011722,-0.14495,-0.22844,-0.6735,-0.53833,-0.60745,-0.66506,-0.55926,-0.6386,-0.51385,-0.35996,-0.18053,-0.12268,-0.29154,-0.34611,-0.57193,-0.52787,-0.62209,-0.4878,-0.29072,-0.26549,-0.2195,0.05842,-0.30236,0.011579,-0.072358,-0.094187,-0.14295,-0.22882,-0.1313,-0.026145,-0.17007,-0.49771,-0.4455,-0.33211,-0.34161,-0.42038,-0.43631,-0.3606,-0.42248,-0.3436,-0.60338,-0.070606,-0.20339,-0.14573,-0.23998,-0.39797,-0.65103,-0.006485,-0.13092,-0.44012,-0.59025,-0.44121,-0.73711,-0.61623,-0.62693,-0.57266,-0.72862,-0.096205,-0.29949
-0.26602,-0.0044597,-0.15771,0.014007,-0.26448,-0.38616,0.19519,0.43962,0.53848,0.58151,0.45781,0.54898,-0.29361,-0.27372,-0.14125,-0.4049,-0.40509,-0.82707,0.081332,-0.48186,-0.58971,-0.90424,-0.14165,-0.61162,0.37697,0.49565,-0.4121,-0.77433,-0.22361,-0.13513,0.026363,0.049876,-0.41283,-0.51634,-0.28504,-0.13056,0.12212,0.39551,0.27899,0,-0.35482,-0.24115,0.17506,-0.10227,0.063548,-0.031225,-0.093982,-0.27104,-0.74825,-0.4489,-0.4323,-0.85588,-0.72283,-0.65198,-0.50386,-0.71818,-0.4565,-0.45697,-0.6625,-0.16255,-0.30193,-0.57126,-0.57264,-0.6249,-0.33479,-0.30517,-0.23182,0.34659,-0.20243,-0.25081,-0.24604,0.073354,0.011204,-0.31599,-0.044359,0.47895,0.45169,-0.38155,-0.35223,-0.15415,0.0024685,-0.31894,-0.33977,-0.3211,-0.25935,-0.16826,-0.33662,-0.18473,-0.49705,-0.075584,-0.24155,-0.59484,-0.80611,0.028027,0.00626,-0.10934,-0.21093,-0.29135,-0.31066,-0.87522,-0.69006,-0.61881,-0.60417,-0.33819,-0.45106
0.48379,-0.19003,-0.75277,-0.85817,0.30774,-0.074316,0.18353,-0.38365,-0.31841,-0.40019,-0.4739,-0.5852,-0.19971,-0.35527,-0.14979,-0.32107,0.24474,0.16027,-0.55469,-0.23275,0.39673,-0.021869,0.22917,0.007092,-0.25199,-0.2229,0.40954,0.049187,0.72191,0.30703,-0.090845,0.031941,-0.19015,-0.013311,0.11578,0.022967,-0.53705,-0.32024,0.10779,-0.35482,0,0.41152,-0.096648,0.17994,-0.47233,-0.25374,-0.13731,-0.065703,-0.17067,-0.38266,-0.48968,-0.15126,0.032705,-0.10845,-0.09388,0.24765,0.45145,0.37493,0.20415,-0.21338,-0.38511,-0.10907,-0.19801,0.15195,-0.060889,0.018589,-0.060166,-0.2136,-0.1625,0.32187,0.39192,-0.27432,-0.28144,-0.27734,-0.25688,-0.6633,-0.77828,-0.4442,-0.3398,-0.39725,-0.64897,-0.3642,-0.38498,-0.34988,-0.46536,-0.47387,-0.44499,0.12702,0.43142,-0.28516,-0.40998,0.032323,-0.04708,-0.1536,-0.31369,-0.53415,-0.60659,-0.48197,-0.59819,0.012956,-0.16723,-0.14579,-0.33421,0.028538,-0.10868
0.24655,0.12549,-0.638,-0.6981,0.12731,0.23985,0.057615,-0.14342,-0.269,-0.18865,-0.50216,-0.26295,-0.39253,-0.53067,-0.26308,-0.30048,0.048287,-0.11112,-0.50104,-0.18807,0.17366,-0.11569,0.32352,0.27243,-0.30285,-0.05304,0.17469,-0.039647,0.40984,0.47683,-0.13221,-0.0029391,-0.38406,-0.27979,-0.086174,-0.05737,-0.50747,-0.42057,0.0584,-0.24115,0.41152,0,-0.066964,0.49408,-0.43698,-0.35244,0.055024,0.10373,-0.2849,-0.55638,-0.6319,-0.28332,-0.022892,-0.0059463,-0.055679,0.1447,0.21371,0.17062,0.10591,-0.14185,-0.20039,-0.31574,-0.38939,-0.031518,-0.093123,0.14017,0.11743,-0.16582,-0.029582,0.050066,0.18316,-0.20862,-0.14401,-0.38936,-0.1629,-0.47575,-0.47497,-0.41163,-0.41144,-0.25612,-0.61363,-0.3909,-0.44284,-0.1167,-0.38593,-0.37273,-0.52743,0.19864,0.33358,-0.12043,-0.50028,-0.11837,-0.029623,0.074077,0.048096,-0.45968,-0.4697,-0.47962,-0.39065,-0.22281,-0.22649,-0.4029,-0.4109,0.035098,-0.050312
0.061659,0.12258,-0.23256,-0.14594,-0.10825,-0.28983,0.26294,0.16382,0.024338,0.30652,0.076416,-0.047196,-0.60232,-0.64293,-0.35189,-0.46152,-0.41944,-0.59984,-0.30557,-0.43633,-0.38751,-0.67532,-0.11959,-0.4513,0.2937,0.52163,-0.31889,-0.68842,0.063889,0.066964,0.50745,0.57196,-0.68675,-0.69629,-0.17151,-0.17907,0.070626,0.22328,0.26446,0.17506,-0.096648,-0.066964,0,0.32579,0.20265,0.2317,-0.045245,-0.2132,-0.54928,-0.73451,-0.81532,-0.4429,-0.56417,-0.58476,-0.52878,-0.37501,-0.090388,-0.13936,-0.30285,-0.20578,-0.30933,-0.58426,-0.63371,-0.39384,-0.2015,-0.070579,-0.038106,0.0099151,-0.51533,0.15859,-0.019687,0.32083,0.14569,-0.27463,-0.022081,-0.076498,-0.051839,-0.81508,-0.8019,-0.40175,-0.35247,-0.2544,-0.22355,-0.50549,-0.50755,-0.40035,-0.58072,-0.17958,-0.31291,-0.011027,-0.33111,-0.30358,-0.47601,0.028184,-0.1532,-0.29708,-0.4401,-0.44767,-0.45928,-0.58366,-0.55972,-0.47335,-0.61414,-0.24635,-0.36895
