,,,,,,,,,,,,,,,,,,,,,,,,,,,,,,,,,,,,,,,,,,,,,,,,,,,,,,,,,,,,,,,,,,,,,,,,,,,,,,,,,,,,,,,,,,,,,,,,,,,,,,,,
0,-0.033331,-0.53684,-0.45192,0.3391,-0.14281,0.2077,-0.21376,-0.095918,-0.22501,-0.36727,-0.3702,-0.57655,-0.71481,-0.19113,-0.41888,-0.066149,-0.16651,-0.47914,-0.38148,-0.01762,-0.37963,0.14993,-0.23894,-0.12674,-0.12787,0.080597,-0.26985,0.52741,0.32451,-0.15361,-0.11748,-0.83695,-0.61415,-0.42128,-0.33187,-0.5738,-0.39237,0.15376,-0.23039,0.33385,0.084117,-0.064034,0.0089663,-0.26298,-0.10951,-0.21209,-0.31441,-0.29421,-0.6574,-0.76496,-0.27643,-0.14996,-0.31616,-0.28338,-0.13363,-0.044058,-0.058175,-0.17841,-0.088884,-0.24125,-0.41885,-0.46849,-0.26139,-0.17974,-0.26489,-0.25143,-0.23769,-0.2901,-0.10856,-0.11492,-0.24279,-0.2391,-0.4057,-0.27544,-0.22688,-0.35837,-0.83419,-0.8909,-0.59722,-0.73289,-0.16576,-0.17151,-0.3247,-0.37512,-0.48774,-0.62303,-0.21624,-0.14058,-0.17409,-0.37924,-0.20852,-0.42521,-0.046586,-0.37791,-0.64996,-0.69566,-0.51346,-0.66696,-0.32052,-0.50739,-0.37393,-0.59638,-0.14932,-0.36545
-0.033331,0,-0.45688,-0.36141,-0.24943,-0.032877,-0.014265,0.3466,-0.16467,0.10442,-0.1174,0.0017366,-0.44054,-0.44868,-0.53972,-0.6095,-0.52589,-0.7009,-0.4448,-0.43964,-0.40706,-0.65226,-0.063414,-0.3299,-0.1762,0.072132,-0.30753,-0.62955,-0.038931,0.059539,-0.047312,0.097998,-0.46589,-0.59008,-0.10669,0.069734,-0.13767,0.050786,0.075499,0.081146,-0.16682,0.0018488,0.12727,0.19131,-0.043379,-0.039474,-0.079108,-0.17832,-0.70043,-0.55286,-0.52322,-0.52449,-0.47891,-0.40808,-0.37394,-0.41518,-0.23412,-0.25164,-0.32961,-0.31899,-0.38875,-0.57432,-0.6186,-0.46403,-0.34733,-0.18623,-0.12568,-0.10822,-0.41408,-0.043774,-0.19538,-0.071045,-0.1314,-0.12181,-0.057968,-0.20431,-0.087968,-0.59631,-0.59155,-0.39366,-0.43569,-0.61364,-0.54878,-0.38239,-0.38636,-0.49566,-0.58582,-0.19413,-0.27289,0.040656,-0.19213,-0.39238,-0.29111,-0.044011,-0.0013526,-0.26669,-0.35405,-0.37231,-0.31984,-0.74287,-0.538,-0.57548,-0.51421,-0.21837,-0.27209
-0.53684,-0.45688,0,0.471,-0.54458,-0.465,-0.57521,-0.3739,-0.24611,-0.29135,-0.18671,-0.26195,-0.3647,-0.29175,-0.090366,-0.073875,-0.29125,-0.40609,-0.017466,-0.14952,-0.54269,-0.31493,-0.601,-0.40375,-0.098382,-0.32304,-0.52406,-0.48243,-0.59034,-0.57054,-0.323,-0.41067,-0.3293,-0.37939,-0.50017,-0.63372,-0.10484,-0.26006,-0.55667,-0.27184,-0.6857,-0.68136,-0.39493,-0.53889,-0.30978,-0.26925,-0.45012,-0.41014,-0.21976,-0.20217,-0.19006,-0.11122,-0.18469,-0.084341,-0.1194,-0.24864,-0.36882,-0.46079,-0.28522,-0.0023804,0.10529,-0.23214,-0.24161,-0.27129,-0.27722,-0.31232,-0.31181,-0.26151,-0.37383,-0.51447,-0.36133,-0.23732,-0.23287,-0.21647,-0.31198,-0.062522,0.070006,-0.16718,-0.15087,-0.32178,-0.076356,0.051164,0.023131,-0.32694,-0.028854,-0.18394,-0.07101,-0.55056,-0.51133,-0.40934,-0.25794,-0.14288,-0.15088,-0.31343,-0.2885,-0.083449,0.084028,-0.058878,0.063479,-0.17673,-0.1356,-0.094123,-0.074318,-0.28882,-0.12804
-0.45192,-0.36141,0.471,0,-0.5525,-0.60423,-0.4565,-0.27928,-0.16531,-0.17504,-0.10959,-0.17331,-0.48211,-0.37418,-0.064406,-0.16332,-0.35128,-0.43,-0.13288,-0.24359,-0.61186,-0.45058,-0.49565,-0.57212,-0.018346,-0.19705,-0.54613,-0.5336,-0.48098,-0.412,-0.14292,-0.22132,-0.38035,-0.47861,-0.42465,-0.47207,-0.11222,-0.079474,-0.38166,-0.12591,-0.65849,-0.67619,-0.29326,-0.49553,-0.13234,-0.13217,-0.54839,-0.57075,-0.30208,-0.37636,-0.29299,-0.15968,-0.41543,-0.31086,-0.31191,-0.48622,-0.52408,-0.70864,-0.54412,0.0096751,0.065487,-0.26264,-0.25952,-0.3997,-0.21673,-0.47308,-0.44139,-0.13053,-0.35122,-0.47271,-0.40064,-0.23256,-0.25306,-0.21598,-0.41976,0.0012699,0.19866,-0.33165,-0.29277,-0.45272,-0.11705,0.02788,0.056515,-0.43383,-0.049025,-0.31239,-0.2533,-0.70747,-0.74702,-0.40959,-0.23414,-0.27177,-0.32439,-0.25532,-0.27971,-0.12272,0.016361,-0.10811,-0.069911,-0.31445,-0.19202,-0.18499,-0.11919,-0.30128,-0.15476
0.3391,-0.24943,-0.54458,-0.5525,0,-0.013408,0.18895,-0.28094,-0.022481,-0.31851,-0.43201,-0.39557,-0.39012,-0.49457,-0.11102,-0.28651,0.20177,0.023904,-0.41164,-0.28337,0.11546,-0.22636,0.10127,-0.18794,-0.21728,-0.25764,0.2349,-0.12605,0.30163,0.073278,-0.38114,-0.32957,-0.64477,-0.34807,-0.5082,-0.42267,-0.7173,-0.61517,-0.025889,-0.32055,0.42239,0.098004,-0.23778,-0.10512,-0.51176,-0.40941,-0.059362,-0.1326,-0.28882,-0.45252,-0.59491,-0.30326,0.0097755,-0.18742,-0.19288,-0.015092,0.1081,0.092971,-0.074176,-0.13482,-0.23269,-0.37998,-0.42729,-0.15456,-0.23157,-0.11077,-0.12299,-0.30466,-0.23764,-0.12241,-0.032882,-0.32332,-0.2897,-0.45637,-0.19878,-0.29552,-0.43533,-0.54396,-0.57173,-0.41994,-0.64255,-0.13098,-0.18258,-0.14373,-0.25116,-0.39976,-0.47017,-0.052888,0.056249,-0.11331,-0.51108,-0.24502,-0.47778,-0.22377,-0.48182,-0.76527,-0.75335,-0.63361,-0.7222,-0.20393,-0.50641,-0.25626,-0.51725,-0.34587,-0.53732
-0.14281,-0.032877,-0.465,-0.60423,-0.013408,0,-0.13133,-0.099776,-0.27892,-0.32279,-0.50742,-0.2848,-0.29197,-0.33778,-0.3693,-0.22395,-0.094991,-0.22119,-0.46048,-0.11597,-0.085009,-0.1278,-0.19247,-0.031943,-0.42592,-0.28128,-0.065227,-0.21093,-0.14216,-0.24386,-0.42612,-0.33918,-0.37272,-0.22424,-0.35196,-0.24713,-0.38894,-0.46963,-0.29486,-0.32144,-0.021376,0.14225,-0.21774,0.010337,-0.48727,-0.50621,0.11351,0.12359,-0.32917,-0.3044,-0.41615,-0.29072,0.011388,0.086728,-0.045842,0.056651,0.18121,0.15705,0.069214,-0.25535,-0.21468,-0.39232,-0.41524,-0.082623,-0.28697,0.15564,0.14443,-0.27944,-0.27424,-0.03352,-0.032174,-0.25369,-0.25782,-0.23963,-0.035735,-0.51473,-0.41604,-0.35891,-0.36475,-0.29558,-0.58991,-0.40503,-0.45159,-0.17836,-0.3214,-0.45779,-0.48682,0.066196,0.16502,0.018766,-0.43086,-0.26599,-0.12242,-0.28582,-0.15616,-0.33736,-0.31124,-0.37609,-0.288,-0.27512,-0.3393,-0.28097,-0.28626,-0.27183,-0.27887
0.2077,-0.014265,-0.57521,-0.4565,0.18895,-0.13133,0,0.12563,0.071329,0.00041937,-0.093975,-0.14829,-0.37986,-0.45783,-0.28081,-0.4951,-0.15236,-0.26095,-0.39082,-0.53354,-0.19431,-0.51912,0.1851,-0.34861,-0.032398,0.0529,-0.11547,-0.42767,0.31325,0.24747,-0.11839,-0.044873,-0.65484,-0.48929,-0.36877,-0.15996,-0.4362,-0.23015,0.42534,0.025558,0.24835,0.12087,0.058571,0.10803,-0.18582,-0.19606,0.015558,-0.075883,-0.53275,-0.6169,-0.72389,-0.5294,-0.38324,-0.53478,-0.54175,-0.31677,-0.080703,-0.049947,-0.29641,-0.2957,-0.40382,-0.57789,-0.59989,-0.34346,-0.24081,-0.10783,-0.063822,-0.15108,-0.34698,-0.11054,-0.040053,-0.074324,-0.049911,-0.3233,0.020455,-0.11102,-0.21888,-0.62706,-0.63031,-0.42048,-0.62364,-0.29977,-0.35131,-0.33585,-0.4209,-0.45217,-0.64603,-0.01205,-0.11007,0.059262,-0.35597,-0.46012,-0.72058,-0.21447,-0.3683,-0.54039,-0.66604,-0.45021,-0.66068,-0.52663,-0.58165,-0.48499,-0.64916,-0.40117,-0.57674
-0.21376,0.3466,-0.3739,-0.27928,-0.28094,-0.099776,0.12563,0,0.024489,0.36361,0.15469,0.25071,-0.32693,-0.32184,-0.49689,-0.59256,-0.4966,-0.71777,-0.27896,-0.56684,-0.55709,-0.77831,-0.088317,-0.45161,-0.027372,0.23168,-0.43814,-0.78646,-0.12718,-0.026137,-0.056013,0.07306,-0.4082,-0.50495,-0.17429,0.048092,-0.055393,0.14797,0.15034,0.39297,-0.24038,-0.04762,0.14172,0.12502,-0.060254,-0.15053,0.026161,-0.052144,-0.96698,-0.51586,-0.51082,-0.72434,-0.62341,-0.53431,-0.50894,-0.52676,-0.26267,-0.26139,-0.40775,-0.3764,-0.42011,-0.68708,-0.72925,-0.52369,-0.38859,-0.094513,-0.027289,-0.010177,-0.41539,-0.10492,-0.15323,0.040112,0.0022209,-0.14695,0.14612,-0.041636,0.091483,-0.44602,-0.42781,-0.27639,-0.32544,-0.58543,-0.60538,-0.35431,-0.3461,-0.40065,-0.54486,-0.1042,-0.27865,0.12649,-0.22072,-0.57689,-0.5132,-0.16471,-0.035003,-0.1978,-0.29565,-0.31156,-0.30369,-0.92144,-0.57167,-0.58335,-0.50408,-0.38874,-0.3911
-0.095918,-0.16467,-0.24611,-0.16531,-0.022481,-0.27892,0.071329,0.024489,0,0.18742,0.048299,0.1696,-0.44128,-0.48955,-0.037513,-0.36393,-0.07671,-0.35884,-0.091831,-0.43172,-0.27236,-0.59434,0.0097637,-0.35724,0.24703,0.14428,-0.11193,-0.47277,0.030124,0.084584,-0.23807,-0.19285,-0.59781,-0.54772,-0.4924,-0.39228,-0.27951,-0.17956,0.13346,0.27894,-0.11244,-0.026214,-0.12133,-0.11549,-0.35371,-0.34576,-0.095848,-0.21055,-0.62796,-0.59441,-0.61836,-0.54125,-0.35048,-0.37387,-0.27223,-0.37527,-0.20285,-0.28576,-0.41562,-0.03225,-0.19558,-0.53512,-0.63171,-0.44978,-0.32657,-0.22187,-0.19158,0.17815,-0.079025,-0.26866,-0.083698,-0.19339,-0.18517,-0.48413,-0.18031,0.15476,0.16687,-0.43324,-0.41992,-0.24948,-0.23128,-0.21928,-0.2965,-0.10432,-0.067561,-0.26668,-0.32367,-0.13484,-0.24576,-0.16256,-0.43804,-0.47747,-0.65094,-0.030738,-0.1539,-0.39388,-0.41066,-0.48849,-0.38866,-0.60123,-0.6596,-0.48966,-0.57626,-0.31389,-0.45618
-0.22501,0.10442,-0.29135,-0.17504,-0.31851,-0.32279,0.00041937,0.36361,0.18742,0,0.33024,0.28738,-0.42036,-0.46495,-0.44807,-0.65874,-0.48083,-0.7003,-0.15018,-0.65527,-0.55269,-0.85167,-0.085865,-0.48054,0.27675,0.53544,-0.43125,-0.81901,-0.082274,0.059758,0.029746,0.15923,-0.4791,-0.68023,-0.23691,-0.16786,0.071429,0.20402,0.21076,0.47171,-0.2909,-0.11503,0.18956,0.058535,-0.11474,-0.14782,-0.12484,-0.22353,-0.81586,-0.60963,-0.59174,-0.63503,-0.70077,-0.61819,-0.47213,-0.54584,-0.30287,-0.33121,-0.4581,-0.31274,-0.42872,-0.58308,-0.80295,-0.70894,-0.49919,-0.25227,-0.20724,0.15525,-0.3551,-0.1208,-0.12748,-0.037838,-0.070644,-0.36685,-0.10387,0.054702,0.1888,-0.432,-0.44805,-0.25372,-0.19804,-0.55879,-0.60942,-0.2412,-0.23601,-0.28435,-0.42213,-0.2133,-0.38462,-0.11705,-0.32862,-0.47393,-0.54762,0.039084,0.060986,-0.14686,-0.27426,-0.32677,-0.2966,-0.87602,-0.56501,-0.56327,-0.49046,-0.23622,-0.31921
-0.36727,-0.1174,-0.18671,-0.10959,-0.43201,-0.50742,-0.093975,0.15469,0.048299,0.33024,0,0.25242,-0.21994,-0.23043,-0.35369,-0.5313,-0.53886,-0.72483,0.10114,-0.73147,-0.66824,-0.849,-0.20494,-0.5806,0.17478,0.22991,-0.57696,-0.80005,-0.27111,-0.15069,-0.058576,-0.019014,-0.30189,-0.51282,-0.14255,-0.1481,0.18356,0.20679,0.05762,0.33733,-0.43473,-0.29997,-0.013266,-0.151,-0.13432,-0.14922,-0.23468,-0.2743,-0.67969,-0.31841,-0.30524,-0.73283,-0.66335,-0.6751,-0.48758,-0.55936,-0.45595,-0.37183,-0.45812,-0.33091,-0.44357,-0.55698,-0.64504,-0.63563,-0.44693,-0.30485,-0.29073,-0.07749,-0.34771,-0.27787,-0.30795,-0.032445,-0.020224,-0.32342,-0.087561,0.2776,0.20789,-0.22027,-0.21783,-0.054341,0.06883,-0.45543,-0.47976,-0.34852,-0.35073,-0.0011223,-0.28321,-0.26407,-0.4194,-0.22633,-0.2259,-0.40796,-0.52776,-0.077253,-0.08557,-0.12933,-0.27521,-0.24013,-0.34158,-0.74351,-0.51833,-0.52914,-0.51318,-0.31516,-0.39025
-0.3702,0.0017366,-0.26195,-0.17331,-0.39557,-0.2848,-0.14829,0.25071,0.1696,0.28738,0.25242,0,-0.2793,-0.24699,-0.26136,-0.40807,-0.4351,-0.70282,-0.00081512,-0.47288,-0.55087,-0.68029,-0.14136,-0.40491,0.043656,0.13369,-0.44094,-0.59865,-0.29476,-0.1376,-0.12864,-0.10443,-0.26438,-0.44952,-0.18168,-0.090543,-0.0034082,0.12507,-0.0066391,0.51837,-0.41662,-0.16898,-0.13148,-0.15711,-0.17884,-0.20107,-0.22303,-0.28701,-0.85276,-0.3966,-0.34168,-0.78311,-0.57462,-0.46206,-0.3297,-0.60797,-0.47656,-0.473,-0.57054,-0.23403,-0.27958,-0.45313,-0.51694,-0.53123,-0.38434,-0.3165,-0.29369,0.14126,-0.1195,-0.30527,-0.3118,-0.095464,-0.11606,-0.36061,-0.14462,0.13829,0.30757,-0.24759,-0.23562,-0.10215,-0.0077673,-0.49858,-0.51637,-0.27406,-0.25487,-0.16844,-0.29475,-0.26407,-0.43011,-0.23583,-0.2773,-0.56048,-0.48774,-0.01977,0.13398,-0.036503,-0.12165,-0.27034,-0.18347,-0.78786,-0.50071,-0.53272,-0.41174,-0.27345,-0.26225
-0.57655,-0.44054,-0.3647,-0.48211,-0.39012,-0.29197,-0.37986,-0.32693,-0.44128,-0.42036,-0.21994,-0.2793,0,0.6557,-0.42391,-0.34855,-0.37923,-0.30927,0.01648,-0.36542,-0.35178,-0.2144,-0.35984,-0.26391,-0.5506,-0.54885,-0.41565,-0.20868,-0.59644,-0.59196,-0.71836,-0.65913,0.25872,0.33727,-0.070727,-0.0344,-0.30976,-0.40497,-0.38035,-0.35793,-0.42725,-0.46146,-0.61685,-0.57821,-0.48561,-0.55597,-0.21493,-0.14807,-0.25538,0.45871,0.33562,-0.48591,-0.23472,-0.272,-0.27696,-0.31488,-0.46893,-0.25312,-0.24174,-0.6734,-0.62837,-0.22006,-0.19075,-0.3668,-0.53083,-0.31073,-0.31749,-0.4883,-0.2253,-0.59614,-0.50817,-0.49042,-0.40871,-0.19444,-0.17843,-0.23559,-0.35063,0.38966,0.34158,0.097608,-0.0021796,-0.46384,-0.51018,-0.073006,-0.29403,0.089905,0.049663,-0.12072,-0.22653,-0.30099,-0.1776,-0.3796,-0.30008,-0.5135,-0.29509,-0.20216,-0.31767,-0.1317,-0.33428,-0.28041,-0.30023,-0.33826,-0.27649,-0.36736,-0.43327
-0.71481,-0.44868,-0.29175,-0.37418,-0.49457,-0.33778,-0.45783,-0.32184,-0.48955,-0.46495,-0.23043,-0.24699,0.6557,0,-0.38714,-0.25338,-0.44494,-0.321,-0.050065,-0.27037,-0.40088,-0.18816,-0.41901,-0.28888,-0.64416,-0.61975,-0.48131,-0.18131,-0.75635,-0.69608,-0.62063,-0.63266,0.40768,0.40307,-0.026332,0.01508,-0.28097,-0.33809,-0.50063,-0.37455,-0.54543,-0.55882,-0.66616,-0.63549,-0.38033,-0.48115,-0.26851,-0.18806,-0.29637,0.43845,0.52422,-0.448,-0.29711,-0.29544,-0.32834,-0.41316,-0.57333,-0.38747,-0.34601,-0.64313,-0.49965,-0.16025,-0.078789,-0.29481,-0.41898,-0.3242,-0.33353,-0.52643,-0.22983,-0.59234,-0.57297,-0.42767,-0.37143,-0.085546,-0.16969,-0.26171,-0.32601,0.38086,0.43314,0.090791,0.053455,-0.42877,-0.40903,-0.20635,-0.29907,0.019604,0.072398,-0.21881,-0.31428,-0.28054,-0.07762,-0.4333,-0.28589,-0.64676,-0.36578,-0.13259,-0.22314,-0.087389,-0.22163,-0.26123,-0.20532,-0.26776,-0.17507,-0.50564,-0.43246
-0.19113,-0.53972,-0.090366,-0.064406,-0.11102,-0.3693,-0.28081,-0.49689,-0.037513,-0.44807,-0.35369,-0.26136,-0.42391,-0.38714,0,0.27456,0.25628,-0.041034,-0.15214,0.0023095,-0.040656,-0.12255,-0.22459,-0.19679,-0.14359,-0.32352,-0.0071057,-0.05834,-0.22658,-0.2737,-0.34548,-0.43364,-0.39242,-0.31685,-0.46596,-0.56518,-0.46859,-0.44259,-0.33605,-0.26699,-0.17054,-0.26529,-0.44705,-0.42168,-0.41591,-0.35284,-0.44258,-0.47288,-0.070904,-0.32535,-0.30453,-0.15714,-0.033196,-0.082233,-0.084708,-0.17311,-0.25388,-0.3589,-0.34475,0.25262,0.19724,-0.14135,-0.049829,0.022493,0.095546,-0.35103,-0.37367,-0.13506,0.079616,-0.45188,-0.20555,-0.31165,-0.26005,-0.52133,-0.52026,-0.16387,-0.14944,-0.35193,-0.29845,-0.34066,-0.24626,0.24861,0.22567,-0.33257,-0.18784,-0.23211,-0.19008,-0.38488,-0.31317,-0.50959,-0.52536,-0.17113,-0.28394,-0.20151,-0.37868,-0.40375,-0.26937,-0.38696,-0.28862,-0.061134,-0.23216,-0.1719,-0.27049,-0.29987,-0.2823
-0.41888,-0.6095,-0.073875,-0.16332,-0.28651,-0.22395,-0.4951,-0.59256,-0.36393,-0.65874,-0.5313,-0.40807,-0.34855,-0.25338,0.27456,0,0.11671,0.01775,-0.25758,0.29346,-0.032859,0.21687,-0.39509,-0.043101,-0.3908,-0.49086,-0.13245,0.099758,-0.45632,-0.54755,-0.33836,-0.45325,-0.17623,-0.13933,-0.32767,-0.51324,-0.34897,-0.48587,-0.69947,-0.5243,-0.29205,-0.32533,-0.48195,-0.40047,-0.41529,-0.4065,-0.42845,-0.36421,0.089669,-0.16399,-0.14035,0.025487,0.042227,0.081872,-0.048411,-0.032546,-0.15982,-0.25709,-0.17769,0.026403,0.23771,0.033969,0.20379,0.43018,0.19486,-0.19208,-0.25504,-0.31534,-0.068789,-0.33112,-0.15945,-0.23182,-0.18558,-0.4152,-0.44112,-0.48981,-0.37229,-0.22507,-0.16148,-0.28265,-0.27052,0.084371,0.11457,-0.43021,-0.30002,-0.24695,-0.1289,-0.38058,-0.24251,-0.49821,-0.50781,-0.071559,-0.006521,-0.40398,-0.40878,-0.20067,-0.066923,-0.23355,-0.058133,0.20923,0.091276,0.062912,0.036615,-0.37324,-0.17113
-0.066149,-0.52589,-0.29125,-0.35128,0.20177,-0.094991,-0.15236,-0.4966,-0.07671,-0.48083,-0.53886,-0.4351,-0.37923,-0.44494,0.25628,0.11671,0,0.1963,-0.29534,-0.020744,0.21011,0.034702,-0.097714,-0.029864,-0.24152,-0.34171,0.27008,0.06075,-0.035115,-0.18314,-0.47485,-0.4692,-0.46006,-0.22584,-0.58078,-0.64411,-0.64777,-0.72846,-0.30248,-0.41559,0.12048,-0.026751,-0.41134,-0.263,-0.67047,-0.60162,-0.20801,-0.21985,-0.013627,-0.33145,-0.41942,-0.078323,0.18943,0.06205,-0.028299,0.12326,0.11304,-0.021424,-0.05694,0.092617,0.029232,-0.189,-0.17266,0.089149,-0.024814,-0.10825,-0.14177,-0.24341,-0.075558,-0.2838,0.052445,-0.35471,-0.26535,-0.61276,-0.38382,-0.3719,-0.38767,-0.3653,-0.33965,-0.34993,-0.47344,0.085505,-0.019852,-0.11972,-0.14303,-0.29344,-0.26008,-0.1448,0.0098346,-0.34425,-0.75338,-0.091577,-0.2515,-0.24628,-0.40674,-0.56416,-0.41766,-0.50568,-0.39817,0.061299,-0.23021,-0.0914,-0.26412,-0.30192,-0.35752
-0.16651,-0.7009,-0.40609,-0.43,0.023904,-0.22119,-0.26095,-0.71777,-0.35884,-0.7003,-0.72483,-0.70282,-0.30927,-0.321,-0.041034,0.01775,0.1963,0,-0.48806,-0.011435,0.2517,0.32209,-0.14073,0.030413,-0.51154,-0.58783,0.11934,0.39776,-0.16685,-0.2985,-0.4142,-0.49382,-0.30682,-0.034613,-0.50234,-0.51159,-0.70844,-0.81309,-0.42179,-0.72602,0.040289,-0.17891,-0.53769,-0.3805,-0.52056,-0.50782,-0.34216,-0.29573,0.12292,-0.25894,-0.31336,0.17488,0.016828,-0.12525,-0.19702,0.01518,-0.065233,-0.12341,-0.14562,-0.15406,-0.12405,0.041022,0.046704,0.046178,-0.025594,-0.27439,-0.31946,-0.48474,-0.12952,-0.30871,-0.20352,-0.48415,-0.44334,-0.46133,-0.46569,-0.57066,-0.75794,-0.28029,-0.29329,-0.34978,-0.50921,-0.0083639,-0.021802,-0.15562,-0.19507,-0.35898,-0.25858,-0.24981,-0.091205,-0.39881,-0.41984,-0.14171,-0.2692,-0.48168,-0.67361,-0.48869,-0.41643,-0.30199,-0.38356,0.24433,-0.019427,0.065027,-0.067336,-0.32191,-0.33932
-0.47914,-0.4448,-0.017466,-0.13288,-0.41164,-0.46048,-0.39082,-0.27896,-0.091831,-0.15018,0.10114,-0.00081512,0.01648,-0.050065,-0.15214,-0.25758,-0.29534,-0.48806,0,-0.45355,-0.48084,-0.42015,-0.33845,-0.36605,-0.036852,-0.20363,-0.4827,-0.4319,-0.49923,-0.44018,-0.44483,-0.48112,-0.14199,-0.25606,-0.25653,-0.38651,-0.056533,-0.25053,-0.28749,-0.091867,-0.55385,-0.46449,-0.42916,-0.50243,-0.50343,-0.40302,-0.38099,-0.37447,-0.31902,0.0085647,-0.03775,-0.51464,-0.22461,-0.25188,-0.14018,-0.2859,-0.46605,-0.32236,-0.26909,-0.23154,-0.27612,-0.30155,-0.3862,-0.42593,-0.48536,-0.37216,-0.41475,-0.18321,-0.12303,-0.58172,-0.39833,-0.30693,-0.22147,-0.48169,-0.27323,0.16797,0.055924,0.094093,0.082044,0.040372,0.22869,-0.25042,-0.33275,-0.17558,-0.24385,0.39321,0.046804,-0.32301,-0.39273,-0.50998,-0.34574,-0.26604,-0.33055,-0.15563,-0.12337,-0.035222,-0.15667,-0.084737,-0.2192,-0.37158,-0.36103,-0.34442,-0.32717,-0.1837,-0.27767
-0.38148,-0.43964,-0.14952,-0.24359,-0.28337,-0.11597,-0.53354,-0.56684,-0.43172,-0.65527,-0.73147,-0.47288,-0.36542,-0.27037,0.0023095,0.29346,-0.020744,-0.011435,-0.45355,0,0.11007,0.28028,-0.36401,0.1404,-0.54069,-0.58133,0.0023863,0.13895,-0.38265,-0.43864,-0.41541,-0.50123,-0.24972,-0.14071,-0.40311,-0.47688,-0.46523,-0.59364,-0.71494,-0.61657,-0.22323,-0.26235,-0.52472,-0.36548,-0.43158,-0.47434,-0.29185,-0.26726,0.028133,-0.21238,-0.16235,0.08469,0.048133,0.17475,-0.026143,-0.067307,-0.15947,-0.29931,-0.24013,-0.098588,0.1046,0.12803,0.15159,0.18157,-0.052835,-0.21426,-0.2272,-0.3837,-0.097112,-0.33085,-0.19076,-0.38068,-0.36975,-0.2982,-0.45278,-0.61092,-0.44934,-0.22985,-0.19234,-0.27954,-0.35676,-0.092587,-0.014944,-0.30194,-0.22535,-0.38395,-0.092374,-0.29291,-0.18653,-0.3365,-0.44332,-0.081376,0.064176,-0.39292,-0.34594,-0.25145,-0.13926,-0.28769,-0.036102,0.1273,0.073662,-0.049031,0.01267,-0.35629,-0.22038
-0.01762,-0.40706,-0.54269,-0.61186,0.11546,-0.085009,-0.19431,-0.55709,-0.27236,-0.55269,-0.66824,-0.55087,-0.35178,-0.40088,-0.040656,-0.032859,0.21011,0.2517,-0.48084,0.11007,0,0.19156,-0.011234,0.29118,-0.45841,-0.41719,0.63733,0.34891,0.040667,-0.079982,-0.41809,-0.42875,-0.41509,-0.20598,-0.41357,-0.45624,-0.65347,-0.764,-0.31819,-0.58492,0.28148,0.099203,-0.39563,-0.1532,-0.56608,-0.54649,-0.14891,-0.17837,0.047525,-0.32825,-0.35371,-0.026415,0.084513,-0.048429,-0.12457,0.074288,0.045877,-0.023916,-0.11021,-0.16086,-0.18725,-0.050721,-0.10438,0.079209,-0.093349,-0.17168,-0.2004,-0.39087,-0.0064442,-0.19175,-0.019338,-0.4338,-0.37113,-0.50597,-0.42696,-0.57799,-0.69341,-0.35423,-0.33816,-0.22551,-0.49667,-0.17741,-0.15494,-0.16172,-0.33956,-0.30181,-0.21294,-0.04518,0.10733,-0.27059,-0.54324,-0.073308,-0.15318,-0.2657,-0.43456,-0.55514,-0.58643,-0.49286,-0.42121,0.033538,-0.17216,-0.21398,-0.30517,-0.28047,-0.43859
-0.37963,-0.65226,-0.31493,-0.45058,-0.22636,-0.1278,-0.51912,-0.77831,-0.59434,-0.85167,-0.849,-0.68029,-0.2144,-0.18816,-0.12255,0.21687,0.034702,0.32209,-0.42015,0.28028,0.19156,0,-0.30866,0.24597,-0.69387,-0.72875,-0.020579,0.51335,-0.40138,-0.51295,-0.47057,-0.56673,-0.12087,0.05593,-0.36824,-0.47751,-0.49907,-0.77562,-0.72973,-0.94926,-0.16222,-0.25978,-0.62206,-0.41133,-0.56581,-0.55834,-0.37613,-0.28223,0.27519,-0.075475,-0.10748,0.23741,0.12691,0.098972,-0.044808,0.10972,-0.094247,-0.12781,-0.057714,-0.22406,-0.07668,0.28521,0.26322,0.22442,-0.073562,-0.23576,-0.29876,-0.54502,-0.11548,-0.32852,-0.21407,-0.4706,-0.41278,-0.40868,-0.487,-0.7809,-0.79139,-0.10815,-0.11397,-0.236,-0.39517,-0.16038,-0.13802,-0.2198,-0.28077,-0.27127,-0.094814,-0.27973,-0.10142,-0.46339,-0.43613,-0.0087773,0.056226,-0.48225,-0.46836,-0.23124,-0.17787,-0.166,-0.11905,0.47685,0.26266,0.15171,0.1577,-0.27596,-0.17454
0.14993,-0.063414,-0.601,-0.49565,0.10127,-0.19247,0.1851,-0.088317,0.0097637,-0.085865,-0.20494,-0.14136,-0.35984,-0.41901,-0.22459,-0.39509,-0.097714,-0.14073,-0.33845,-0.36401,-0.011234,-0.30866,0,-0.042534,-0.18881,-0.077017,0.046728,-0.1977,0.22987,0.30011,-0.15651,-0.12576,-0.50776,-0.40131,-0.30211,-0.18958,-0.46551,-0.36154,0.174,-0.13075,0.23879,0.1603,-0.18936,0.01192,-0.37488,-0.28726,-0.21837,-0.3078,-0.43742,-0.5015,-0.53368,-0.31816,-0.28385,-0.43504,-0.37004,-0.24378,-0.16109,-0.16747,-0.31833,-0.17073,-0.28004,-0.23493,-0.37596,-0.31385,-0.18921,-0.29712,-0.29441,-0.25542,-0.20877,-0.2532,-0.13188,-0.21862,-0.15201,-0.58267,-0.23302,-0.17514,-0.29818,-0.472,-0.49122,-0.30021,-0.4526,-0.36954,-0.36002,-0.19838,-0.29192,-0.2828,-0.37499,-0.2039,-0.18764,-0.22319,-0.44086,-0.2685,-0.47494,-0.096663,-0.31021,-0.38958,-0.56869,-0.35975,-0.50226,-0.34672,-0.32618,-0.28787,-0.38705,-0.263,-0.44664
-0.23894,-0.3299,-0.40375,-0.57212,-0.18794,-0.031943,-0.34861,-0.45161,-0.35724,-0.48054,-0.5806,-0.40491,-0.26391,-0.28888,-0.19679,-0.043101,-0.029864,0.030413,-0.36605,0.1404,0.29118,0.24597,-0.042534,0,-0.51325,-0.43383,0.13817,0.16496,-0.19562,-0.2223,-0.42558,-0.46409,-0.27083,-0.15057,-0.37847,-0.40174,-0.43418,-0.66757,-0.41216,-0.54237,-0.00033668,0.043255,-0.45563,-0.1604,-0.57578,-0.53416,-0.19982,-0.16784,-0.046982,-0.21598,-0.2482,0.014873,0.07404,0.049398,-0.019935,0.11245,-0.019616,-0.055003,-0.060284,-0.18099,-0.14968,0.057614,-0.054265,0.041364,-0.14405,-0.15942,-0.19207,-0.4174,-0.049084,-0.32143,-0.12698,-0.36156,-0.30283,-0.47776,-0.33129,-0.53869,-0.57804,-0.16529,-0.18276,-0.10429,-0.37129,-0.32585,-0.31862,-0.099403,-0.28216,-0.21268,-0.050041,-0.098801,0.032079,-0.33612,-0.43182,-0.030986,0.055304,-0.25459,-0.25791,-0.23622,-0.27856,-0.22296,-0.10066,0.02433,0.0097755,-0.13413,-0.11667,-0.17103,-0.22442
-0.12674,-0.1762,-0.098382,-0.018346,-0.21728,-0.42592,-0.032398,-0.027372,0.24703,0.27675,0.17478,0.043656,-0.5506,-0.64416,-0.14359,-0.3908,-0.24152,-0.51154,-0.036852,-0.54069,-0.45841,-0.69387,-0.18881,-0.51325,0,0.35995,-0.37271,-0.71434,-0.05228,-0.014022,0.01316,0.021996,-0.6579,-0.85394,-0.41201,-0.46536,-0.049982,-0.013869,0.10548,0.22732,-0.25311,-0.20415,0.12148,-0.086675,-0.16317,-0.098033,-0.26452,-0.3525,-0.47986,-0.63889,-0.68184,-0.483,-0.45155,-0.45867,-0.35208,-0.37122,-0.23391,-0.27635,-0.36928,-0.087454,-0.2152,-0.53021,-0.64706,-0.48255,-0.33354,-0.27904,-0.26098,0.19858,-0.30311,-0.20137,-0.090762,-0.0087242,-0.025411,-0.52859,-0.22937,0.12148,0.19762,-0.51776,-0.5427,-0.3889,-0.24951,-0.16755,-0.26149,-0.31633,-0.25492,-0.25001,-0.40564,-0.30696,-0.41039,-0.31394,-0.48272,-0.31855,-0.52916,0.089084,-0.072776,-0.2352,-0.26407,-0.33922,-0.33842,-0.54624,-0.52852,-0.45641,-0.49997,-0.15837,-0.2538
-0.12787,0.072132,-0.32304,-0.19705,-0.25764,-0.28128,0.0529,0.23168,0.14428,0.53544,0.22991,0.13369,-0.54885,-0.61975,-0.32352,-0.49086,-0.34171,-0.58783,-0.20363,-0.58133,-0.41719,-0.72875,-0.077017,-0.43383,0.35995,0,-0.32745,-0.69563,0.043237,0.14131,0.1567,0.31807,-0.57048,-0.82509,-0.21825,-0.22754,0.068925,0.17187,0.20927,0.3495,-0.18238,0.018919,0.41028,0.25053,-0.097513,-0.12812,-0.11726,-0.22248,-0.57967,-0.71022,-0.69093,-0.53786,-0.61115,-0.56442,-0.47503,-0.41798,-0.17559,-0.23031,-0.36992,-0.2035,-0.34449,-0.63444,-0.77581,-0.49703,-0.30294,-0.15791,-0.13238,0.16867,-0.33969,0.021937,0.033514,0.082634,0.069492,-0.45318,-0.14371,-0.046846,0.070041,-0.57727,-0.54739,-0.29339,-0.27798,-0.42535,-0.46859,-0.3722,-0.39125,-0.28702,-0.54867,-0.17672,-0.28873,-0.14298,-0.46333,-0.35457,-0.4594,0.11165,0.039616,-0.23148,-0.3401,-0.39981,-0.37497,-0.72783,-0.52252,-0.57688,-0.53959,-0.20216,-0.32003
0.080597,-0.30753,-0.52406,-0.54613,0.2349,-0.065227,-0.11547,-0.43814,-0.11193,-0.43125,-0.57696,-0.44094,-0.41565,-0.48131,-0.0071057,-0.13245,0.27008,0.11934,-0.4827,0.0023863,0.63733,-0.020579,0.046728,0.13817,-0.37271,-0.32745,0,0.13428,0.17835,0.053361,-0.45136,-0.40312,-0.51524,-0.28037,-0.49068,-0.46234,-0.68762,-0.6746,-0.20379,-0.42317,0.35676,0.19805,-0.36015,-0.11809,-0.58437,-0.55919,-0.083839,-0.1495,-0.10464,-0.41071,-0.44409,-0.11488,0.06977,-0.044832,-0.079102,0.027159,0.073077,-0.051849,-0.13382,-0.051305,-0.17024,-0.20587,-0.24362,-0.050325,-0.13543,-0.15594,-0.1578,-0.30562,-0.0088246,-0.18763,0.00090372,-0.45514,-0.40084,-0.47521,-0.39701,-0.42779,-0.51017,-0.4216,-0.39846,-0.249,-0.48525,-0.18015,-0.17391,-0.067047,-0.20516,-0.34282,-0.26305,-0.0098464,0.14459,-0.1949,-0.52809,-0.11802,-0.21586,-0.16778,-0.36927,-0.71954,-0.65706,-0.66383,-0.48063,-0.10391,-0.33044,-0.28927,-0.43481,-0.26929,-0.46595
-0.26985,-0.62955,-0.48243,-0.5336,-0.12605,-0.21093,-0.42767,-0.78646,-0.47277,-0.81901,-0.80005,-0.59865,-0.20868,-0.18131,-0.05834,0.099758,0.06075,0.39776,-0.4319,0.13895,0.34891,0.51335,-0.1977,0.16496,-0.71434,-0.69563,0.13428,0,-0.28563,-0.35835,-0.474,-0.55956,-0.1208,0.063125,-0.3129,-0.37877,-0.63028,-0.73338,-0.564,-0.79229,-0.083993,-0.19398,-0.65079,-0.42041,-0.52945,-0.53133,-0.37283,-0.32811,0.17,-0.13848,-0.11598,0.065948,0.024235,-0.060981,-0.13536,-0.053816,-0.1961,-0.2192,-0.1977,-0.23581,-0.15971,0.18131,0.21768,0.12675,-0.049817,-0.32245,-0.38129,-0.48666,0.051471,-0.32256,-0.24854,-0.54777,-0.48201,-0.42315,-0.55383,-0.67263,-0.80797,-0.16437,-0.13794,-0.20084,-0.35705,-0.17112,-0.11947,-0.21161,-0.3081,-0.25508,-0.11899,-0.24983,-0.10665,-0.4442,-0.38035,-0.14934,-0.12037,-0.45123,-0.51879,-0.36448,-0.35168,-0.29574,-0.2718,0.21597,0.044105,-0.030372,-0.05241,-0.31012,-0.30312
0.52741,-0.038931,-0.59034,-0.48098,0.30163,-0.14216,0.31325,-0.12718,0.030124,-0.082274,-0.27111,-0.29476,-0.59644,-0.75635,-0.22658,-0.45632,-0.035115,-0.16685,-0.49923,-0.38265,0.040667,-0.40138,0.22987,-0.19562,-0.05228,0.043237,0.17835,-0.28563,0,0.68157,-0.11006,-0.022936,-0.86454,-0.6367,-0.43637,-0.34633,-0.48646,-0.33937,0.2507,-0.14526,0.4834,0.29912,0.046379,0.18758,-0.288,-0.23483,-0.04977,-0.17335,-0.34915,-0.76207,-0.86502,-0.31393,-0.24811,-0.37901,-0.36203,-0.1654,0.052215,-0.025115,-0.21038,-0.13637,-0.31103,-0.47228,-0.57292,-0.30135,-0.2155,-0.15111,-0.12391,-0.16651,-0.28743,0.0015594,0.075611,-0.19041,-0.17159,-0.47011,-0.22166,-0.23977,-0.33694,-0.77465,-0.77847,-0.44274,-0.64918,-0.25788,-0.2798,-0.24654,-0.35132,-0.45225,-0.58711,-0.058021,-0.023119,-0.07104,-0.48387,-0.2325,-0.4668,-0.012203,-0.30525,-0.68018,-0.76891,-0.63486,-0.67323,-0.38723,-0.51749,-0.44551,-0.64689,-0.22112,-0.47504
0.32451,0.059539,-0.57054,-0.412,0.073278,-0.24386,0.24747,-0.026137,0.084584,0.059758,-0.15069,-0.1376,-0.59196,-0.69608,-0.2737,-0.54755,-0.18314,-0.2985,-0.44018,-0.43864,-0.079982,-0.51295,0.30011,-0.2223,-0.014022,0.14131,0.053361,-0.35835,0.68157,0,-0.031146,0.055676,-0.77375,-0.70341,-0.37966,-0.2605,-0.39425,-0.20418,0.36497,-0.011571,0.22581,0.22989,0.052965,0.16868,-0.20754,-0.16378,-0.1155,-0.24861,-0.46838,-0.81305,-0.79703,-0.39171,-0.3914,-0.49172,-0.42859,-0.32544,-0.13199,-0.19846,-0.36506,-0.15815,-0.33379,-0.45391,-0.58999,-0.42284,-0.26059,-0.25576,-0.21457,-0.10516,-0.25569,-0.070691,-0.028417,-0.17442,-0.1582,-0.45427,-0.24067,-0.13164,-0.21623,-0.70969,-0.70037,-0.3818,-0.50251,-0.35843,-0.35114,-0.26928,-0.34192,-0.40832,-0.53213,-0.13589,-0.15673,-0.094838,-0.39821,-0.29856,-0.505,0.071465,-0.20702,-0.53167,-0.64578,-0.55656,-0.56141,-0.51328,-0.50825,-0.51697,-0.64108,-0.20309,-0.43778
-0.15361,-0.047312,-0.323,-0.14292,-0.38114,-0.42612,-0.11839,-0.056013,-0.23807,0.029746,-0.058576,-0.12864,-0.71836,-0.62063,-0.34548,-0.33836,-0.47485,-0.4142,-0.44483,-0.41541,-0.41809,-0.47057,-0.15651,-0.42558,0.01316,0.1567,-0.45136,-0.474,-0.11006,-0.031146,0,0.64406,-0.45459,-0.7289,-0.10374,-0.16949,0.0061666,0.188,-0.059705,-0.067259,-0.26432,-0.20047,0.28436,0.076745,0.25379,0.27189,-0.41804,-0.46946,-0.4138,-0.73288,-0.60547,-0.28106,-0.70916,-0.68361,-0.62447,-0.49207,-0.31439,-0.38517,-0.47261,-0.23968,-0.22466,-0.31972,-0.33519,-0.30547,-0.052197,-0.32592,-0.33045,-0.095257,-0.45738,0.052126,-0.16737,0.19873,0.089533,-0.36344,-0.27338,-0.28466,-0.19736,-0.7062,-0.68536,-0.5031,-0.39037,-0.31311,-0.24665,-0.7286,-0.5426,-0.46059,-0.6206,-0.49158,-0.51487,-0.30583,-0.29822,-0.29918,-0.37244,-0.10926,-0.21395,-0.11293,-0.19586,-0.23579,-0.26376,-0.41651,-0.19514,-0.28549,-0.24165,-0.2452,-0.1546
-0.11748,0.097998,-0.41067,-0.22132,-0.32957,-0.33918,-0.044873,0.07306,-0.19285,0.15923,-0.019014,-0.10443,-0.65913,-0.63266,-0.43364,-0.45325,-0.4692,-0.49382,-0.48112,-0.50123,-0.42875,-0.56673,-0.12576,-0.46409,0.021996,0.31807,-0.40312,-0.55956,-0.022936,0.055676,0.64406,0,-0.46001,-0.72861,-0.052504,-0.093656,0.036598,0.27966,0.048901,0.015818,-0.20358,-0.10789,0.51583,0.23295,0.17451,0.13275,-0.28936,-0.35851,-0.47968,-0.73985,-0.64291,-0.35898,-0.73692,-0.68323,-0.61102,-0.47592,-0.23112,-0.30564,-0.40603,-0.28941,-0.34475,-0.44973,-0.46871,-0.38769,-0.15188,-0.24937,-0.23341,-0.049279,-0.51402,0.16791,-0.069185,0.15374,0.066332,-0.33745,-0.22902,-0.29545,-0.17325,-0.73647,-0.70964,-0.48102,-0.40999,-0.4463,-0.3949,-0.58271,-0.48787,-0.47939,-0.68546,-0.36893,-0.41014,-0.19934,-0.34688,-0.30051,-0.36333,-0.039226,-0.1216,-0.20738,-0.28464,-0.36509,-0.34741,-0.51799,-0.31785,-0.37459,-0.34706,-0.2387,-0.20628
-0.83695,-0.46589,-0.3293,-0.38035,-0.64477,-0.37272,-0.65484,-0.4082,-0.59781,-0.4791,-0.30189,-0.26438,0.25872,0.40768,-0.39242,-0.17623,-0.46006,-0.30682,-0.14199,-0.24972,-0.41509,-0.12087,-0.50776,-0.27083,-0.6579,-0.57048,-0.51524,-0.1208,-0.86454,-0.77375,-0.45459,-0.46001,0,0.36249,0.15475,0.03632,-0.15702,-0.22194,-0.59681,-0.41445,-0.63732,-0.54672,-0.56043,-0.57216,-0.28696,-0.37771,-0.40236,-0.30294,-0.21471,0.29864,0.46078,-0.33851,-0.35158,-0.28513,-0.27813,-0.39977,-0.54522,-0.42178,-0.31978,-0.58222,-0.46607,-0.10512,0.05554,-0.22638,-0.28777,-0.35748,-0.3918,-0.42031,-0.20921,-0.44243,-0.52718,-0.36635,-0.35607,-0.17339,-0.31409,-0.42937,-0.39713,0.25513,0.28841,0.020732,0.084105,-0.46698,-0.4379,-0.22475,-0.29557,-0.042056,0.034542,-0.32098,-0.36558,-0.4522,-0.12807,-0.36444,-0.12895,-0.52656,-0.24119,-0.044052,-0.07407,-0.12563,-0.11117,-0.18775,-0.10493,-0.19173,-0.051618,-0.35385,-0.20333
-0.61415,-0.59008,-0.37939,-0.47861,-0.34807,-0.22424,-0.48929,-0.50495,-0.54772,-0.68023,-0.51282,-0.44952,0.33727,0.40307,-0.31685,-0.13933,-0.22584,-0.034613,-0.25606,-0.14071,-0.20598,0.05593,-0.40131,-0.15057,-0.85394,-0.82509,-0.28037,0.063125,-0.6367,-0.70341,-0.7289,-0.72861,0.36249,0,-0.14778,-0.10628,-0.47459,-0.54094,-0.59297,-0.57667,-0.37953,-0.44071,-0.78071,-0.63783,-0.48055,-0.60497,-0.26473,-0.16162,-0.12864,0.30229,0.27379,-0.22418,-0.14439,-0.14682,-0.22113,-0.24131,-0.36892,-0.27951,-0.22246,-0.52666,-0.41602,-0.078145,0.070886,-0.14717,-0.28638,-0.26835,-0.28828,-0.55409,-0.18561,-0.51904,-0.46604,-0.53467,-0.49009,-0.16089,-0.26904,-0.48676,-0.55068,0.23181,0.24058,-0.055192,-0.15209,-0.32174,-0.33448,-0.063656,-0.17607,-0.15416,0.0079622,-0.17813,-0.18359,-0.32803,-0.17689,-0.36892,-0.21345,-0.72499,-0.44248,-0.27214,-0.24718,-0.18633,-0.23795,-0.05417,-0.12146,-0.12012,-0.068376,-0.43986,-0.35493
-0.42128,-0.10669,-0.50017,-0.42465,-0.5082,-0.35196,-0.36877,-0.17429,-0.4924,-0.23691,-0.14255,-0.18168,-0.070727,-0.026332,-0.46596,-0.32767,-0.58078,-0.50234,-0.25653,-0.40311,-0.41357,-0.36824,-0.30211,-0.37847,-0.41201,-0.21825,-0.49068,-0.3129,-0.43637,-0.37966,-0.10374,-0.052504,0.15475,-0.14778,0,0.32369,0.00033668,0.053467,-0.29085,-0.22498,-0.43648,-0.34226,-0.13465,-0.18491,-0.039433,-0.096066,-0.33837,-0.34828,-0.35427,-0.10025,0.0064796,-0.47361,-0.55565,-0.53129,-0.47996,-0.48684,-0.46324,-0.3558,-0.35426,-0.59041,-0.56604,-0.30688,-0.18899,-0.27558,-0.20449,-0.31569,-0.34064,-0.29376,-0.33924,-0.13673,-0.3465,-0.1015,-0.12416,-0.21032,-0.2492,-0.42152,-0.34379,-0.22358,-0.18369,-0.15088,-0.088937,-0.57102,-0.46846,-0.47986,-0.57464,-0.15301,-0.26331,-0.32248,-0.40302,-0.32673,-0.2008,-0.35682,-0.19597,-0.31475,-0.18261,-0.122,-0.29848,-0.27404,-0.32418,-0.41458,-0.2907,-0.39167,-0.29046,-0.33529,-0.29683
-0.33187,0.069734,-0.63372,-0.47207,-0.42267,-0.24713,-0.15996,0.048092,-0.39228,-0.16786,-0.1481,-0.090543,-0.0344,0.01508,-0.56518,-0.51324,-0.64411,-0.51159,-0.38651,-0.47688,-0.45624,-0.47751,-0.18958,-0.40174,-0.46536,-0.22754,-0.46234,-0.37877,-0.34633,-0.2605,-0.16949,-0.093656,0.03632,-0.10628,0.32369,0,-0.19848,0.047702,-0.10564,-0.086001,-0.3311,-0.25354,-0.15953,-0.1725,0.040219,-0.095292,-0.20906,-0.23153,-0.54969,-0.20622,-0.11874,-0.59411,-0.66431,-0.6217,-0.60418,-0.65803,-0.52413,-0.41259,-0.49825,-0.67005,-0.65899,-0.4064,-0.27489,-0.41473,-0.27273,-0.32512,-0.28679,-0.25728,-0.3241,-0.23435,-0.43008,-0.17668,-0.21679,-0.028411,-0.11529,-0.31448,-0.27858,-0.272,-0.24327,-0.23054,-0.24774,-0.65587,-0.56072,-0.40714,-0.4853,-0.3497,-0.39851,-0.21789,-0.384,-0.11706,-0.028506,-0.61562,-0.39565,-0.38665,-0.19852,-0.211,-0.35488,-0.25359,-0.36836,-0.61101,-0.40991,-0.53044,-0.38446,-0.38875,-0.3706
-0.5738,-0.13767,-0.10484,-0.11222,-0.7173,-0.38894,-0.4362,-0.055393,-0.27951,0.071429,0.18356,-0.0034082,-0.30976,-0.28097,-0.46859,-0.34897,-0.64777,-0.70844,-0.056533,-0.46523,-0.65347,-0.49907,-0.46551,-0.43418,-0.049982,0.068925,-0.68762,-0.63028,-0.48646,-0.39425,0.0061666,0.036598,-0.15702,-0.47459,0.00033668,-0.19848,0,0.26706,-0.29988,-0.041294,-0.63959,-0.36885,0.020898,-0.10962,-0.1148,-0.13786,-0.31982,-0.29768,-0.42517,-0.25106,-0.22006,-0.40529,-0.55461,-0.4267,-0.31415,-0.37351,-0.34282,-0.3132,-0.26557,-0.343,-0.3605,-0.40008,-0.4512,-0.42267,-0.37823,-0.2376,-0.26472,-0.12673,-0.3932,-0.098234,-0.25627,-0.016751,-0.060815,-0.26989,-0.2082,-0.18066,-0.041831,-0.1925,-0.19119,-0.07974,0.061341,-0.54833,-0.52436,-0.41519,-0.38943,-0.070969,-0.25496,-0.35415,-0.40564,-0.33106,-0.23328,-0.2206,-0.12489,-0.10461,0.025493,0.11341,-0.017058,-0.13972,-0.069947,-0.4899,-0.26716,-0.34557,-0.23718,-0.19206,-0.11275
-0.39237,0.050786,-0.26006,-0.079474,-0.61517,-0.46963,-0.23015,0.14797,-0.17956,0.20402,0.20679,0.12507,-0.40497,-0.33809,-0.44259,-0.48587,-0.72846,-0.81309,-0.25053,-0.59364,-0.764,-0.77562,-0.36154,-0.66757,-0.013869,0.17187,-0.6746,-0.73338,-0.33937,-0.20418,0.188,0.27966,-0.22194,-0.54094,0.053467,0.047702,0.26706,0,-0.066509,0.22077,-0.53699,-0.34283,0.16376,-0.083136,0.25461,0.11711,-0.33003,-0.36865,-0.61712,-0.47273,-0.35781,-0.56397,-0.94997,-0.70952,-0.56475,-0.74098,-0.50849,-0.52683,-0.56001,-0.3733,-0.42259,-0.53359,-0.45909,-0.53563,-0.28583,-0.35154,-0.31784,0.046704,-0.37904,-0.096982,-0.30526,0.025611,-0.066432,-0.1361,-0.2081,-0.10361,0.077478,-0.42376,-0.38835,-0.30463,-0.1131,-0.52651,-0.47053,-0.53989,-0.3998,-0.33807,-0.46422,-0.39969,-0.56883,-0.22169,-0.11038,-0.48877,-0.38212,-0.11701,-0.017803,-0.067933,-0.12702,-0.26041,-0.19872,-0.74757,-0.42602,-0.51951,-0.38764,-0.27267,-0.17652
0.15376,0.075499,-0.55667,-0.38166,-0.025889,-0.29486,0.42534,0.15034,0.13346,0.21076,0.05762,-0.0066391,-0.38035,-0.50063,-0.33605,-0.69947,-0.30248,-0.42179,-0.28749,-0.71494,-0.31819,-0.72973,0.174,-0.41216,0.10548,0.20927,-0.20379,-0.564,0.2507,0.36497,-0.059705,0.048901,-0.59681,-0.59297,-0.29085,-0.10564,-0.29988,-0.066509,0,0.23372,0.061329,0.041211,0.087354,0.044666,-0.12814,-0.09583,-0.1478,-0.25786,-0.59781,-0.63225,-0.69245,-0.60683,-0.52479,-0.65303,-0.50193,-0.44604,-0.25705,-0.21677,-0.41822,-0.28256,-0.50111,-0.58037,-0.66887,-0.60306,-0.35768,-0.32815,-0.2703,-0.0093621,-0.29101,-0.20522,-0.19031,-0.15563,-0.16091,-0.40211,-0.15888,0.047531,-0.075753,-0.57366,-0.626,-0.38507,-0.42965,-0.41415,-0.47106,-0.24053,-0.33994,-0.36466,-0.57556,-0.14097,-0.27322,-0.13732,-0.31618,-0.44454,-0.68888,0.036574,-0.14486,-0.44839,-0.57416,-0.43204,-0.63364,-0.701,-0.68561,-0.6265,-0.72996,-0.16767,-0.40198
-0.23039,0.081146,-0.27184,-0.12591,-0.32055,-0.32144,0.025558,0.39297,0.27894,0.47171,0.33733,0.51837,-0.35793,-0.37455,-0.26699,-0.5243,-0.41559,-0.72602,-0.091867,-0.61657,-0.58492,-0.94926,-0.13075,-0.54237,0.22732,0.3495,-0.42317,-0.79229,-0.14526,-0.011571,-0.067259,0.015818,-0.41445,-0.57667,-0.22498,-0.086001,-0.041294,0.22077,0.23372,0,-0.31464,-0.13522,0.051376,-0.064678,-0.072753,-0.1244,-0.15471,-0.2508,-0.82761,-0.54203,-0.50259,-0.78757,-0.65575,-0.56654,-0.43913,-0.63105,-0.40414,-0.42021,-0.56019,-0.22425,-0.35532,-0.66754,-0.67955,-0.62209,-0.36544,-0.28598,-0.22771,0.26379,-0.21594,-0.25641,-0.23251,-0.054891,-0.087785,-0.30395,-0.10848,0.21777,0.40313,-0.41598,-0.39801,-0.25617,-0.15898,-0.42014,-0.47113,-0.29536,-0.25595,-0.28653,-0.44185,-0.20937,-0.41508,-0.14425,-0.27468,-0.59352,-0.60419,0.0057354,0.066663,-0.20852,-0.26405,-0.34685,-0.32446,-1,-0.67957,-0.6875,-0.59286,-0.25312,-0.32261
0.33385,-0.16682,-0.6857,-0.65849,0.42239,-0.021376,0.24835,-0.24038,-0.11244,-0.2909,-0.43473,-0.41662,-0.42725,-0.54543,-0.17054,-0.29205,0.12048,0.040289,-0.55385,-0.22323,0.28148,-0.16222,0.23879,-0.00033668,-0.25311,-0.18238,0.35676,-0.083993,0.4834,0.22581,-0.26432,-0.20358,-0.63732,-0.37953,-0.43648,-0.3311,-0.63959,-0.53699,0.061329,-0.31464,0,0.33839,-0.13779,0.080124,-0.40158,-0.36244,-0.035954,-0.10258,-0.22003,-0.52184,-0.64032,-0.22899,-0.08824,-0.24926,-0.27599,-0.015375,0.15561,0.11475,-0.10846,-0.18458,-0.30424,-0.31182,-0.35507,-0.11813,-0.1377,-0.10576,-0.093733,-0.3032,-0.22805,-0.096462,0.044749,-0.26022,-0.22179,-0.47429,-0.22231,-0.39131,-0.52284,-0.57919,-0.60942,-0.38567,-0.73046,-0.24369,-0.27165,-0.18767,-0.36395,-0.44266,-0.48011,0.028464,0.1209,-0.10929,-0.52229,-0.17146,-0.36416,-0.16267,-0.39399,-0.70731,-0.7508,-0.58698,-0.63733,-0.19587,-0.38665,-0.3191,-0.50905,-0.27263,-0.47823
0.084117,0.0018488,-0.68136,-0.67619,0.098004,0.14225,0.12087,-0.04762,-0.026214,-0.11503,-0.29997,-0.16898,-0.46146,-0.55882,-0.26529,-0.32533,-0.026751,-0.17891,-0.46449,-0.26235,0.099203,-0.25978,0.1603,0.043255,-0.20415,0.018919,0.19805,-0.19398,0.29912,0.22989,-0.20047,-0.10789,-0.54672,-0.44071,-0.34226,-0.25354,-0.36885,-0.34283,0.041211,-0.13522,0.33839,0,-0.02023,0.36137,-0.38028,-0.39368,0.10761,0.023325,-0.37396,-0.56972,-0.64712,-0.34555,-0.18591,-0.22236,-0.23007,-0.062877,0.1807,0.10204,-0.10442,-0.17004,-0.2992,-0.4514,-0.50832,-0.16505,-0.16768,0.049598,0.052203,-0.14296,-0.15398,0.052965,0.14118,-0.14396,-0.12552,-0.46633,-0.11759,-0.36198,-0.38412,-0.52212,-0.50738,-0.21628,-0.53096,-0.42002,-0.45865,-0.17612,-0.39636,-0.3725,-0.49715,0.16425,0.21911,-0.037047,-0.50411,-0.25498,-0.27723,-0.048647,-0.13,-0.48488,-0.54639,-0.56333,-0.44257,-0.38715,-0.43081,-0.45195,-0.52589,-0.21158,-0.39108
