,,,,,,,,,,,,,,,,,,,,,,,,,,,,,,,,,,,,,,,,,,,,,,,,,,,,,,,,,,,,,,,,,,,,,,,,,,,,,,,,,,,,,,,,,,,,,,,,,,,,,,,,
0,0.28814,-0.52301,-0.4836,0.33707,0.16817,0.14955,0.18702,-0.30081,-0.13898,-0.46985,-0.35912,-0.56729,-0.53729,-0.35147,-0.25983,-0.60504,-0.4939,-0.67748,-0.32886,-0.24255,-0.37229,-0.31959,0.0016707,-0.35683,-0.40189,-0.063611,-0.17838,0.13605,0.26331,-0.30687,-0.21595,-0.53975,-0.49032,-0.26651,0.06768,-0.70408,-0.61915,-0.3375,-0.22798,0.4412,0.12693,-0.11676,0.27219,-0.26777,-0.2872,-0.4896,-0.38728,0.0012947,-0.33924,-0.31313,-0.10212,0.06567,-0.031448,-0.25505,-0.11978,-0.043451,-0.37303,-0.37708,-0.11719,0.039536,-0.14719,-0.1346,-0.00024044,-0.079634,-0.40116,-0.30276,-0.20573,-0.17432,-0.042958,-0.25649,-0.35564,-0.37522,-0.35377,-0.35634,-0.49321,-0.48814,-0.52064,-0.51245,-0.49519,-0.55828,-0.35521,-0.46476,-0.26099,-0.47362,-0.62833,-0.58757,-0.40187,-0.40493,-0.38638,-0.30861,-0.2841,-0.024037,-0.038599,-0.051268,-0.26103,-0.17449,-0.22406,-0.028032,-0.30704,-0.065238,-0.28117,-0.090626,-0.29934,-0.25455
0.28814,0,-0.66887,-0.62554,0.12762,0.62381,-0.18082,0.62406,-0.28404,0.084671,-0.56659,-0.18654,-0.68315,-0.72027,-0.26449,-0.095768,-0.45589,-0.45177,-0.5571,-0.080152,-0.11277,-0.25141,-0.21538,0.24525,-0.33056,-0.39168,0.002651,-0.18647,0.1023,0.32003,-0.39222,-0.22762,-0.56535,-0.41165,-0.37831,0.015215,-0.77202,-0.70719,-0.39623,-0.0304,0.32199,0.38041,-0.19929,0.43115,-0.32453,-0.35249,-0.39195,-0.28215,0.10159,-0.34528,-0.21055,0.025073,0.049992,0.31555,-0.15905,0.05244,0.091236,-0.31143,-0.28655,-0.17557,0.27478,-0.23066,-0.16363,-0.23365,-0.069301,-0.36713,-0.2933,-0.24926,-0.30568,-0.27965,-0.37847,-0.43631,-0.38988,-0.28447,-0.31476,-0.689,-0.48768,-0.67169,-0.70344,-0.54437,-0.63561,-0.31521,-0.46864,-0.30798,-0.50228,-0.66418,-0.57019,-0.2962,-0.24327,-0.2776,-0.15236,-0.34103,0.12984,-0.096014,0.072895,-0.36166,-0.30784,-0.3637,-0.18665,-0.28741,0.031331,-0.40728,-0.21743,-0.13098,-0.21006
-0.52301,-0.66887,0,0.41136,-0.22358,-0.51032,-0.31832,-0.56118,-0.1839,-0.39564,0.050596,-0.31707,0.21032,0.13667,-0.14918,-0.26892,0.074239,0.21681,0.12297,-0.26707,-0.16094,-0.11272,-0.015758,-0.35122,-0.032539,-0.19478,-0.46462,-0.37751,-0.69402,-0.53648,-0.50071,-0.59436,0.025295,-0.17267,-0.38763,-0.58043,0.11246,-0.015635,0.033211,-0.37733,-0.42034,-0.51166,-0.57484,-0.79796,-0.53889,-0.53157,-0.19834,-0.19726,-0.4247,0.15078,-0.10259,-0.31419,-0.21633,-0.40822,-0.066687,-0.19192,-0.23033,-0.27397,-0.33295,-0.18708,-0.3754,-0.077642,-0.25882,-0.24267,-0.20398,-0.20857,-0.18974,-0.60871,-0.51169,-0.43671,-0.27903,-0.46107,-0.47696,-0.2954,-0.33946,0.35131,-0.13316,0.49194,0.30646,0.41525,0.25968,0.11142,0.093844,0.1006,0.24892,0.41679,0.066712,-0.24541,-0.32591,-0.42996,-0.33586,0.13311,-0.25443,-0.24575,-0.25949,-0.057298,-0.15681,0.0071329,-0.044857,-0.1441,-0.19302,-0.22534,-0.24322,-0.17399,-0.051201
-0.4836,-0.62554,0.41136,0,-0.26668,-0.55201,-0.14725,-0.45956,0.048673,-0.37453,0.36155,-0.23006,-0.022028,0.15725,-0.15916,-0.32671,-0.025838,0.073469,0.15489,-0.23428,-0.21294,-0.30254,0.057249,-0.45504,0.041879,-0.24331,-0.54583,-0.47702,-0.68828,-0.5757,-0.46256,-0.55008,-0.1137,-0.066755,-0.36103,-0.52146,0.046151,0.016633,0.15281,-0.44202,-0.45998,-0.68884,-0.52743,-0.76664,-0.53095,-0.47248,-0.16098,-0.11204,-0.3863,0.092771,-0.06993,-0.45139,-0.29032,-0.43777,-0.12812,-0.18679,-0.2583,-0.2256,-0.23831,-0.048235,-0.36316,-0.17059,-0.25668,-0.33028,-0.20409,-0.16985,-0.13599,-0.49357,-0.44268,-0.45117,-0.3929,-0.42915,-0.41216,-0.29252,-0.28957,0.44021,0.20098,0.18269,0.33374,0.23391,0.25589,-0.095521,0.068111,-0.042107,0.40477,0.30095,0.2556,-0.14783,-0.24556,-0.37318,-0.18611,0.10261,-0.30335,-0.16726,-0.28075,-0.17438,-0.25532,-0.15336,-0.15297,-0.33015,-0.31699,-0.35475,-0.36344,-0.18987,-0.10046
0.33707,0.12762,-0.22358,-0.26668,0,0.19728,-0.036164,0.039129,-0.24143,-0.18496,-0.33962,-0.38568,-0.38644,-0.44874,-0.18037,-0.16721,-0.33458,-0.19908,-0.40397,-0.30172,-0.018255,-0.17416,-0.048802,0.064462,-0.15791,-0.46397,-0.16938,-0.24379,-0.092463,0.20568,-0.65216,-0.52992,-0.46428,-0.45352,-0.5352,-0.23579,-0.53589,-0.55136,-0.22351,-0.27265,0.49989,0.10334,-0.43668,-0.058728,-0.57507,-0.64163,-0.34472,-0.32513,0.1298,0.038396,-0.097882,0.16488,0.44607,0.1244,0.073993,0.13576,0.16112,-0.4056,-0.43735,-0.078204,0.11784,-0.029315,-0.12954,0.038513,0.075213,-0.26168,-0.17113,-0.53421,-0.41386,-0.17397,-0.34229,-0.59207,-0.6668,-0.20503,-0.28212,-0.29891,-0.50307,-0.21689,-0.27162,-0.14815,-0.2414,-0.007435,-0.18046,0.071607,-0.26099,-0.28608,-0.37741,-0.32042,-0.4325,-0.40113,-0.25074,-0.026516,0.16036,-0.047138,0.072082,-0.21843,-0.17445,-0.1067,0.20066,-0.20165,0.16643,-0.45104,-0.18659,-0.043383,0.075004
0.16817,0.62381,-0.51032,-0.55201,0.19728,0,-0.31883,0.44496,-0.41665,-0.056644,-0.63823,-0.17479,-0.53902,-0.60145,-0.33546,-0.045837,-0.4387,-0.37935,-0.47888,-0.05551,-0.15515,-0.16723,-0.22176,0.3933,-0.41333,-0.35379,0.0027804,-0.029691,0.07874,0.388,-0.46756,-0.25438,-0.41998,-0.28888,-0.40346,-0.026935,-0.59962,-0.62187,-0.344,0.080725,0.25388,0.64717,-0.26576,0.28495,-0.36623,-0.40436,-0.40493,-0.32938,-0.011522,-0.25133,-0.084091,0.087932,0.11924,0.3679,-0.049142,0.070849,0.10105,-0.37109,-0.35526,-0.27722,0.24479,-0.2246,-0.16337,-0.25305,-0.1066,-0.39096,-0.33209,-0.31179,-0.37076,-0.38483,-0.33044,-0.49635,-0.45816,-0.29014,-0.36384,-0.61792,-0.55006,-0.49412,-0.51762,-0.43804,-0.52545,-0.22935,-0.41043,-0.17327,-0.51616,-0.52429,-0.52243,-0.34018,-0.28499,-0.36399,-0.29613,-0.22261,0.42462,-0.13799,0.11933,-0.29139,-0.24392,-0.22033,-0.055868,-0.26763,0.11989,-0.43542,-0.17775,-0.050103,-0.1108
0.14955,-0.18082,-0.31832,-0.14725,-0.036164,-0.31883,0,-0.12638,0.086699,-0.17065,-0.017447,-0.22116,-0.39394,-0.25467,-0.255,-0.42305,-0.44947,-0.42217,-0.44395,-0.34464,-0.26367,-0.50865,-0.23302,-0.30603,-0.11285,-0.25568,-0.25716,-0.4088,-0.20621,-0.26668,-0.20719,-0.30346,-0.46072,-0.38807,-0.14159,-0.11121,-0.47807,-0.35354,-0.27159,-0.46039,-0.060084,-0.36922,-0.12948,-0.17767,-0.26552,-0.2225,-0.42795,-0.27533,-0.12576,-0.3206,-0.34476,-0.3911,-0.26261,-0.40065,-0.42876,-0.32144,-0.28133,-0.30431,-0.27314,0.14852,-0.16919,-0.18098,-0.1852,-0.058124,-0.23326,-0.36404,-0.24097,-0.20739,-0.09316,0.066687,-0.32544,-0.25106,-0.25887,-0.41069,-0.31196,-0.21765,-0.054949,-0.39813,-0.32151,-0.37857,-0.35854,-0.4523,-0.41066,-0.30845,-0.2122,-0.42175,-0.29309,-0.3111,-0.33581,-0.34108,-0.12656,-0.26016,-0.36356,0.033667,-0.19294,-0.28571,-0.21171,-0.30003,-0.080367,-0.36767,-0.33173,-0.21081,-0.14633,-0.38971,-0.34342
0.18702,0.62406,-0.56118,-0.45956,0.039129,0.44496,-0.12638,0,-0.22843,0.15899,-0.4901,-0.038168,-0.62677,-0.56874,-0.24912,-0.072082,-0.37327,-0.39079,-0.4117,0.10965,-0.13941,-0.3186,-0.16496,0.19444,-0.34643,-0.25164,-0.076551,-0.19237,0.08345,0.24078,-0.31492,-0.1382,-0.42795,-0.2509,-0.25923,0.092556,-0.65176,-0.52989,-0.3245,0.0076755,0.12865,0.19517,-0.12066,0.38954,-0.28437,-0.28089,-0.43396,-0.24514,0.030135,-0.33523,-0.13705,-0.10632,-0.054197,0.16814,-0.20284,0.035529,0.065109,-0.2893,-0.22012,-0.1281,0.24048,-0.18099,-0.064351,-0.31351,-0.089331,-0.42925,-0.33452,-0.19957,-0.23223,-0.35358,-0.34571,-0.47241,-0.33575,-0.38539,-0.37704,-0.6012,-0.29912,-0.64845,-0.57608,-0.54694,-0.58077,-0.33708,-0.47069,-0.28494,-0.37925,-0.56429,-0.41412,-0.30365,-0.18704,-0.33944,-0.14584,-0.35819,0.12023,-0.063777,0.085225,-0.36602,-0.31406,-0.39645,-0.17008,-0.28445,-0.013434,-0.36321,-0.2084,-0.099929,-0.19442
-0.30081,-0.28404,-0.1839,0.048673,-0.24143,-0.41665,0.086699,-0.22843,0,-0.043994,0.38479,-0.086841,-0.42758,-0.3288,0.12095,-0.18513,-0.17215,-0.17429,-0.18328,-0.15102,0.047206,-0.25665,0.11924,-0.28687,0.41161,-0.33072,-0.29643,-0.58213,-0.58486,-0.50485,-0.49891,-0.6397,-0.59777,-0.41631,-0.47879,-0.51582,-0.42158,-0.38494,-0.17608,-0.55692,-0.22964,-0.51593,-0.49656,-0.48553,-0.57142,-0.47745,-0.24412,-0.18888,-0.023914,-0.1722,-0.34423,-0.33799,-0.23941,-0.2341,-0.17124,-0.10715,-0.18301,-0.27662,-0.25913,0.38498,-0.052649,-0.14018,-0.17517,-0.27544,-0.15062,-0.24506,-0.21208,-0.38566,-0.28481,-0.24285,-0.53445,-0.40959,-0.39647,-0.30681,-0.26438,-0.016498,0.23323,-0.33652,-0.30378,-0.12969,-0.20786,-0.2831,-0.19155,-0.27842,0.036848,-0.21059,-0.10085,-0.16975,-0.27461,-0.23832,0.19372,-0.15061,-0.4036,0.068302,-0.11596,-0.40234,-0.41904,-0.44389,-0.2672,-0.29211,-0.24939,-0.35553,-0.33947,-0.083462,-0.11723
-0.13898,0.084671,-0.39564,-0.37453,-0.18496,-0.056644,-0.17065,0.15899,-0.043994,0,-0.34972,-0.068241,-0.52287,-0.46652,0.0014919,-0.10585,-0.15994,-0.18893,-0.30658,0.071934,0.067495,-0.20896,-0.090706,0.029228,-0.14159,-0.20641,-0.21055,-0.40734,-0.12424,-0.13204,-0.31252,-0.24457,-0.39038,-0.3865,-0.29141,-0.15635,-0.54895,-0.41239,-0.42077,-0.15602,-0.10082,-0.12551,-0.21494,-0.02135,-0.36438,-0.32131,-0.4596,-0.28419,0.059055,-0.34662,-0.24902,-0.10717,-0.2133,-0.071484,-0.27861,-0.091582,-0.10323,-0.3067,-0.2365,0.0023057,0.18959,-0.10437,0.0074042,-0.3355,-0.12807,-0.45995,-0.35649,-0.28816,-0.21245,-0.29231,-0.37453,-0.49508,-0.39134,-0.46872,-0.42591,-0.50842,-0.26925,-0.56126,-0.57261,-0.43332,-0.45395,-0.19358,-0.33315,-0.33124,-0.21255,-0.44375,-0.37453,-0.36435,-0.29006,-0.37826,-0.075627,-0.37762,-0.18143,-0.063001,0.068697,-0.26261,-0.20546,-0.44687,-0.22673,-0.096464,-0.029685,-0.17554,-0.16707,-0.020517,-0.15834
-0.46985,-0.56659,0.050596,0.36155,-0.33962,-0.63823,-0.017447,-0.4901,0.38479,-0.34972,0,-0.24598,-0.17996,-0.053919,-0.10346,-0.33166,-0.14442,-0.14224,-0.054961,-0.34486,-0.19093,-0.30279,-0.015967,-0.50942,0.21479,-0.30067,-0.44167,-0.58453,-0.71874,-0.69505,-0.42228,-0.61771,-0.35238,-0.2514,-0.41895,-0.61679,-0.075922,-0.11015,-0.0084214,-0.55693,-0.45314,-0.74033,-0.51854,-0.78616,-0.51444,-0.46381,-0.068007,-0.099356,-0.30792,-0.053685,-0.24227,-0.51197,-0.36764,-0.45306,-0.2203,-0.26711,-0.32697,-0.16527,-0.21313,0.071064,-0.35772,-0.24452,-0.31168,-0.35822,-0.27584,-0.095342,-0.11435,-0.40905,-0.36154,-0.26377,-0.45652,-0.29485,-0.33226,-0.19153,-0.16091,0.30731,0.29199,-0.072353,-0.011923,0.04572,0.023298,-0.27748,-0.10404,-0.25089,0.19345,0.017416,0.10119,-0.036719,-0.20969,-0.1671,0.0093955,-0.051817,-0.48124,-0.09107,-0.30228,-0.28464,-0.35796,-0.22676,-0.24214,-0.44646,-0.45781,-0.39332,-0.40438,-0.25985,-0.21642
-0.35912,-0.18654,-0.31707,-0.23006,-0.38568,-0.17479,-0.22116,-0.038168,-0.086841,-0.068241,-0.24598,0,-0.2413,-0.2266,-0.25173,-0.14679,-0.21836,-0.2678,-0.15199,0.4375,-0.17895,-0.26333,-0.16392,-0.055467,-0.2067,0.11124,-0.08996,-0.14704,-0.43549,-0.45126,-0.21038,-0.20744,-0.22922,-0.059302,-0.060097,-0.066712,-0.41676,-0.36664,-0.32106,-0.050917,-0.36743,-0.24915,-0.13298,-0.18003,-0.12874,-0.059425,-0.43298,-0.22062,-0.2771,-0.42556,-0.21615,-0.29473,-0.40129,-0.20389,-0.26717,-0.22628,-0.24309,-0.26804,-0.14635,-0.11435,-0.092204,-0.30704,-0.32582,-0.29861,-0.45441,-0.48504,-0.45611,-0.16663,-0.24832,-0.41974,-0.33951,-0.19718,-0.090003,-0.49291,-0.46352,-0.34892,0.10782,-0.49727,-0.44939,-0.45274,-0.49982,-0.42248,-0.44369,-0.36303,-0.33156,-0.37917,-0.21789,-0.30701,-0.064992,-0.33527,-0.11265,-0.21355,-0.12786,-0.22753,-0.13984,-0.43032,-0.40054,-0.46658,-0.27415,-0.18068,-0.21455,-0.2784,-0.21684,-0.16996,-0.28098
-0.56729,-0.68315,0.21032,-0.022028,-0.38644,-0.53902,-0.39394,-0.62677,-0.42758,-0.52287,-0.17996,-0.2413,0,0.38738,-0.41029,-0.48878,-0.023908,-0.071724,0.036725,-0.32018,-0.38109,-0.28681,-0.28398,-0.45221,-0.28686,-0.035406,-0.49031,-0.34231,-0.58956,-0.59737,-0.19662,-0.31752,0.29973,-0.042095,-0.11993,-0.36418,0.17657,0.058525,-0.13059,-0.19295,-0.57654,-0.49383,-0.31404,-0.61152,-0.19354,-0.25528,-0.16213,-0.19854,-0.61877,-0.10159,-0.086847,-0.33255,-0.43549,-0.55069,-0.26997,-0.41729,-0.39242,-0.17834,-0.22477,-0.46405,-0.62914,-0.33228,-0.55578,-0.22422,-0.52656,-0.17236,-0.22876,-0.44543,-0.54436,-0.35892,-0.24709,-0.18351,-0.22989,-0.23315,-0.2784,-0.044592,-0.24055,0.18343,0.084677,-0.030634,-0.0052464,-0.13703,-0.12489,-0.17056,-0.10117,0.084541,-0.036022,-0.2128,-0.17028,-0.23179,-0.39973,-0.010974,-0.28262,-0.45367,-0.36155,-0.071465,-0.16078,-0.042755,-0.17916,-0.22655,-0.38077,-0.24734,-0.31816,-0.4587,-0.29998
-0.53729,-0.72027,0.13667,0.15725,-0.44874,-0.60145,-0.25467,-0.56874,-0.3288,-0.46652,-0.053919,-0.2266,0.38738,0,-0.53014,-0.61359,-0.15594,-0.14262,0.02479,-0.35184,-0.53265,-0.45733,-0.32177,-0.55061,-0.3335,-0.022095,-0.61847,-0.36803,-0.48902,-0.6297,-0.091243,-0.1903,0.30725,0.16998,0.0029284,-0.26209,0.33072,0.31608,-0.044456,-0.16497,-0.6924,-0.64679,-0.20548,-0.59686,-0.14941,-0.15274,-0.20458,-0.17406,-0.73185,-0.17157,-0.004445,-0.52263,-0.6045,-0.7413,-0.41853,-0.53435,-0.52087,-0.1623,-0.172,-0.39256,-0.6461,-0.4317,-0.5068,-0.39704,-0.6111,-0.21793,-0.22368,-0.33653,-0.44835,-0.38673,-0.26962,-0.15534,-0.17286,-0.32116,-0.30123,-9.8641e-05,-0.061681,0.11066,0.24179,-0.11507,0.04535,-0.27923,-0.14082,-0.26227,-0.038858,0.049789,0.060313,-0.20129,-0.18068,-0.29606,-0.40438,-0.015752,-0.31473,-0.38239,-0.39066,0.029531,-0.041361,-0.011954,-0.17437,-0.42703,-0.52765,-0.24261,-0.3016,-0.49918,-0.38916
-0.35147,-0.26449,-0.14918,-0.15916,-0.18037,-0.33546,-0.255,-0.24912,0.12095,0.0014919,-0.10346,-0.25173,-0.41029,-0.53014,0,0.11347,0.11042,0.15774,-0.11283,-0.14014,0.51284,0.064548,0.28627,-0.21252,0.34977,-0.30154,-0.26597,-0.54783,-0.51895,-0.31217,-0.66031,-0.69419,-0.53869,-0.60842,-0.68051,-0.63241,-0.47997,-0.46663,-0.29835,-0.5565,-0.12704,-0.34877,-0.58649,-0.39487,-0.69066,-0.6399,-0.1939,-0.23428,0.17827,-0.045245,-0.42448,-0.038217,0.024642,-0.056355,0.09488,0.16901,0.10494,-0.31839,-0.28436,0.17088,0.019808,0.11008,-0.062107,-0.11576,0.15307,-0.17135,-0.18386,-0.56635,-0.33409,-0.23366,-0.28375,-0.5857,-0.47641,-0.18004,-0.16741,-0.14066,-0.2008,-0.27077,-0.35793,-0.038667,-0.1726,0.0898,0.0098579,-0.093074,-0.01524,-0.12215,-0.18969,-0.22136,-0.33265,-0.2311,0.15007,-0.25777,-0.34336,-0.19529,-0.16372,-0.53942,-0.58616,-0.53207,-0.29613,0.0077125,0.0070836,-0.36852,-0.35456,0.2025,0.16148
-0.25983,-0.095768,-0.26892,-0.32671,-0.16721,-0.045837,-0.42305,-0.072082,-0.18513,-0.10585,-0.33166,-0.14679,-0.48878,-0.61359,0.11347,0,-0.18171,-0.005117,-0.23682,-0.025184,0.10168,0.3872,-0.029087,0.099756,-0.076459,-0.12455,0.044567,-0.070522,-0.35388,-0.13463,-0.56766,-0.43994,-0.50479,-0.43355,-0.56699,-0.37728,-0.45827,-0.54995,-0.25991,-0.21269,-0.083431,0.0014734,-0.40541,-0.15456,-0.48965,-0.44017,-0.25006,-0.3305,-0.091662,-0.21776,-0.42875,-0.07935,0.061404,0.10472,0.1671,0.14739,0.17676,-0.32006,-0.31525,-0.099479,0.09639,0.032502,-0.057366,-0.24966,0.0077926,-0.27643,-0.36675,-0.35159,-0.2162,-0.3151,-0.055251,-0.4439,-0.31172,-0.21899,-0.25474,-0.22124,-0.31495,-0.39736,-0.47722,-0.21245,-0.43646,-0.11939,-0.19343,-0.16309,-0.31082,-0.28573,-0.35339,-0.26763,-0.29507,-0.25375,-0.15688,-0.17577,-0.030924,-0.16479,-0.058814,-0.4872,-0.525,-0.2803,-0.14252,-0.18449,0.00052403,-0.38842,-0.17041,0.13604,0.052569
-0.60504,-0.45589,0.074239,-0.025838,-0.33458,-0.4387,-0.44947,-0.37327,-0.17215,-0.15994,-0.14442,-0.21836,-0.023908,-0.15594,0.11042,-0.18171,0,0.37154,0.48263,-0.077044,0.014223,-0.1607,0.23533,-0.42697,0.014821,-0.17481,-0.5826,-0.70005,-0.58365,-0.45296,-0.47767,-0.4969,-0.11872,-0.26396,-0.4633,-0.563,-0.11093,-0.066231,-0.083,-0.33858,-0.44267,-0.51535,-0.49991,-0.53304,-0.48029,-0.54652,0.051971,0.078321,-0.20607,0.18837,-0.080454,-0.12164,-0.21841,-0.26344,-0.056872,-0.019475,-0.041682,-0.029228,0.0026201,-0.2635,-0.34788,-0.193,-0.35123,-0.27771,-0.04474,0.041071,0.035696,-0.73155,-0.5659,-0.45355,-0.37636,-0.4754,-0.41776,-0.04347,-0.063506,-0.066459,-0.17126,-0.022811,-0.10202,0.065602,0.090392,0.28693,0.23412,-0.025776,0.26637,0.29021,0.19647,0.00089393,-0.028612,-0.12912,-0.014291,-0.24077,-0.37333,-0.49405,-0.34726,-0.41126,-0.4993,-0.43651,-0.34323,-0.1188,-0.23994,-0.47376,-0.6321,-0.13204,-0.092839
-0.4939,-0.45177,0.21681,0.073469,-0.19908,-0.37935,-0.42217,-0.39079,-0.17429,-0.18893,-0.14224,-0.2678,-0.071724,-0.14262,0.15774,-0.005117,0.37154,0,0.26077,-0.14641,0.12971,0.087463,0.29683,-0.284,0.11686,-0.13962,-0.44904,-0.45119,-0.6089,-0.38675,-0.63579,-0.59238,-0.18914,-0.29576,-0.54355,-0.54322,-0.14487,-0.17009,-0.045399,-0.33128,-0.30368,-0.42415,-0.55702,-0.50871,-0.59468,-0.59536,-0.078814,-0.10974,-0.19441,0.20041,-0.16434,-0.038525,-0.050973,-0.20795,0.14125,0.10116,0.074548,-0.20615,-0.18905,-0.16178,-0.21858,-0.028174,-0.26703,-0.20635,0.01336,-0.060343,-0.070325,-0.78302,-0.54334,-0.42042,-0.20809,-0.52888,-0.44971,-0.11188,-0.1478,0.070984,-0.23737,0.09226,-0.03744,0.23296,0.11312,0.44996,0.42548,0.10955,0.15665,0.29524,0.040005,-0.14412,-0.24038,-0.27994,-0.11455,0.028581,-0.19405,-0.37884,-0.25373,-0.28008,-0.36881,-0.24364,-0.14768,-0.094596,-0.073074,-0.43349,-0.38647,0.037878,0.099596
-0.67748,-0.5571,0.12297,0.15489,-0.40397,-0.47888,-0.44395,-0.4117,-0.18328,-0.30658,-0.054961,-0.15199,0.036725,0.02479,-0.11283,-0.23682,0.48263,0.26077,0,-0.075195,-0.19807,-0.27102,0.16302,-0.51289,-0.083906,-0.14016,-0.71708,-0.58358,-0.62515,-0.51121,-0.43557,-0.42812,-0.048026,-0.018366,-0.394,-0.52286,0.040048,0.092753,0.1395,-0.28061,-0.57949,-0.62345,-0.47998,-0.60658,-0.44097,-0.47695,0.072223,0.078968,-0.37939,0.17415,0.0062329,-0.24777,-0.313,-0.35501,-0.080349,-0.11374,-0.14651,-0.010542,0.034709,-0.35966,-0.46877,-0.30609,-0.41115,-0.38611,-0.176,0.05051,0.008292,-0.66638,-0.57893,-0.59565,-0.43285,-0.4235,-0.3836,-0.068235,-0.10707,0.061539,-0.011917,0.030628,0.080965,0.066256,0.18,0.094923,0.26947,-0.027854,0.31675,0.48349,0.62067,0.029346,0.0059061,-0.13844,-0.12395,-0.10789,-0.31512,-0.46669,-0.35478,-0.35125,-0.44885,-0.3516,-0.32596,-0.30605,-0.36944,-0.56501,-0.69555,-0.21552,-0.14519
-0.32886,-0.080152,-0.26707,-0.23428,-0.30172,-0.05551,-0.34464,0.10965,-0.15102,0.071934,-0.34486,0.4375,-0.32018,-0.35184,-0.14014,-0.025184,-0.077044,-0.14641,-0.075195,0,-0.039567,-0.2211,-0.051706,0.028359,-0.21898,-0.052816,-0.14534,-0.20946,-0.35932,-0.26777,-0.31258,-0.22864,-0.23846,-0.13454,-0.18999,-0.11352,-0.46405,-0.39181,-0.26284,-0.061256,-0.28134,-0.16811,-0.2225,-0.12572,-0.24763,-0.21465,-0.43231,-0.22346,-0.14395,-0.32235,-0.18846,-0.18827,-0.23499,-0.0075768,-0.15488,-0.030566,-0.087266,-0.26867,-0.17808,-0.16435,-0.016146,-0.12694,-0.14733,-0.35252,-0.24554,-0.48701,-0.46431,-0.24127,-0.28862,-0.58617,-0.38495,-0.4081,-0.26321,-0.49745,-0.53308,-0.35308,-0.016159,-0.46565,-0.45289,-0.36598,-0.44393,-0.23945,-0.35792,-0.26275,-0.19409,-0.30679,-0.1916,-0.33642,-0.10622,-0.4072,-0.15684,-0.26441,-0.059388,-0.21633,-0.058864,-0.3942,-0.39303,-0.51043,-0.31639,-0.024642,-0.031103,-0.26996,-0.266,-0.04265,-0.14507
-0.24255,-0.11277,-0.16094,-0.21294,-0.018255,-0.15515,-0.26367,-0.13941,0.047206,0.067495,-0.19093,-0.17895,-0.38109,-0.53265,0.51284,0.10168,0.014223,0.12971,-0.19807,-0.039567,0,0.12824,0.2402,-0.012848,0.28207,-0.31203,-0.15661,-0.4207,-0.44433,-0.2117,-0.70656,-0.6945,-0.52736,-0.58579,-0.63572,-0.48254,-0.57503,-0.58156,-0.36445,-0.4084,0.003736,-0.19388,-0.56178,-0.28382,-0.65336,-0.65045,-0.28276,-0.30943,0.37875,-0.05789,-0.34129,0.18682,0.18292,0.14808,0.2037,0.30104,0.18067,-0.38622,-0.37713,0.1416,0.15263,0.22724,-0.057884,-0.080041,0.053025,-0.26123,-0.28008,-0.55656,-0.40339,-0.25634,-0.32155,-0.59925,-0.52745,-0.21864,-0.27892,-0.22734,-0.27845,-0.28919,-0.43062,-0.069092,-0.2399,0.12686,-0.08501,-0.085182,-0.10891,-0.21697,-0.29116,-0.29464,-0.37055,-0.29985,0.073648,-0.12229,-0.13085,-0.14918,-0.005641,-0.39017,-0.41714,-0.42318,-0.18085,0.15414,0.28532,-0.37682,-0.25651,0.33849,0.30461
-0.37229,-0.25141,-0.11272,-0.30254,-0.17416,-0.16723,-0.50865,-0.3186,-0.25665,-0.20896,-0.30279,-0.26333,-0.28681,-0.45733,0.064548,0.3872,-0.1607,0.087463,-0.27102,-0.2211,0.12824,0,-0.092106,0.060812,-0.0177,-0.12351,0.049222,-0.059178,-0.46354,-0.28205,-0.62242,-0.57453,-0.38367,-0.47043,-0.59115,-0.48209,-0.31719,-0.49014,-0.35265,-0.21999,-0.13661,-0.04609,-0.49791,-0.32313,-0.52907,-0.50114,-0.22134,-0.3398,-0.17126,-0.16374,-0.4083,-0.015622,0.013847,-0.031177,0.16085,0.012891,0.037872,-0.36346,-0.39586,-0.12563,-5.5485e-05,-0.014932,-0.19945,-0.18454,-0.11238,-0.24692,-0.31345,-0.47727,-0.35963,-0.2434,0.0010049,-0.38445,-0.33015,-0.16833,-0.21179,-0.17252,-0.45768,-0.18033,-0.36694,-0.063315,-0.29428,0.0045436,-0.12762,-0.09324,-0.33631,-0.2044,-0.41125,-0.28017,-0.3635,-0.27273,-0.19517,-0.04895,-0.060078,-0.26337,-0.14319,-0.33188,-0.38249,-0.1099,-0.060917,-0.10643,0.02654,-0.31725,-0.068956,0.11096,0.031867
-0.31959,-0.21538,-0.015758,0.057249,-0.048802,-0.22176,-0.23302,-0.16496,0.11924,-0.090706,-0.015967,-0.16392,-0.28398,-0.32177,0.28627,-0.029087,0.23533,0.29683,0.16302,-0.051706,0.2402,-0.092106,0,-0.21721,0.38374,-0.32773,-0.43261,-0.61717,-0.59508,-0.28932,-0.8418,-0.76974,-0.45079,-0.36305,-0.72845,-0.57814,-0.36257,-0.35281,0.028877,-0.38968,-0.10766,-0.35643,-0.67656,-0.4242,-0.78363,-0.78146,-0.056305,-0.019568,0.041102,0.27875,-0.12384,0.010844,0.084208,0.0073487,0.24554,0.40409,0.2815,-0.19175,-0.15465,0.035615,-0.008366,-0.092735,-0.27254,-0.19998,0.16899,-0.016146,0.030461,-0.86706,-0.64814,-0.48549,-0.50778,-0.67349,-0.59937,-0.07382,-0.11538,0.007657,-0.092352,-0.10117,-0.15202,0.1426,0.03011,0.24663,0.29576,0.11015,0.20951,0.12516,0.084412,-0.04789,-0.18202,-0.2052,0.17802,-0.0073117,-0.15265,-0.20259,-0.11333,-0.42462,-0.51205,-0.41955,-0.21168,-0.18765,-0.014099,-0.59467,-0.52943,0.112,0.14881
0.0016707,0.24525,-0.35122,-0.45504,0.064462,0.3933,-0.30603,0.19444,-0.28687,0.029228,-0.50942,-0.055467,-0.45221,-0.55061,-0.21252,0.099756,-0.42697,-0.284,-0.51289,0.028359,-0.012848,0.060812,-0.21721,0,-0.25976,-0.23239,0.20483,0.12069,-0.14297,0.054647,-0.51068,-0.37673,-0.39445,-0.34318,-0.38382,-0.12162,-0.61791,-0.72579,-0.46913,-0.041133,0.18908,0.49502,-0.34144,0.05829,-0.42985,-0.38221,-0.59317,-0.47363,-0.0535,-0.3455,-0.22997,-0.020073,0.030412,0.20634,-0.062526,0.00068432,-0.0033784,-0.56559,-0.54053,-0.11488,0.45205,-0.074726,-0.065633,-0.22561,-0.16318,-0.60687,-0.50563,-0.28828,-0.26535,-0.34443,-0.2449,-0.51524,-0.42448,-0.49908,-0.54425,-0.50473,-0.46229,-0.40979,-0.51871,-0.32437,-0.53726,-0.24964,-0.46132,-0.14229,-0.5146,-0.5084,-0.63601,-0.52604,-0.43031,-0.54307,-0.32371,-0.11342,0.32548,0.045442,0.28094,-0.23087,-0.17292,-0.178,0.050818,-0.10122,0.26206,-0.20495,0.11204,0.051749,-0.048001
-0.35683,-0.33056,-0.032539,0.041879,-0.15791,-0.41333,-0.11285,-0.34643,0.41161,-0.14159,0.21479,-0.2067,-0.28686,-0.3335,0.34977,-0.076459,0.014821,0.11686,-0.083906,-0.21898,0.28207,-0.0177,0.38374,-0.25976,0,-0.33304,-0.2938,-0.59406,-0.78139,-0.49731,-0.73929,-0.93897,-0.57625,-0.53907,-0.68774,-0.67174,-0.39911,-0.44786,-0.13685,-0.57185,-0.14734,-0.461,-0.68418,-0.55801,-0.72908,-0.6633,-0.11979,-0.13923,0.0019173,0.020246,-0.35706,-0.14001,-0.053395,-0.1423,0.066644,0.097895,0.022854,-0.26963,-0.27661,0.25037,-0.051453,-0.068105,-0.29705,-0.14278,-0.0044018,-0.094522,-0.080238,-0.66309,-0.49539,-0.26956,-0.44018,-0.47412,-0.46569,-0.13969,-0.14096,0.089116,-0.037483,-0.13559,-0.24823,0.13187,-0.074455,-0.0012453,0.070442,-0.089892,0.073284,-0.038044,-0.10795,-0.11653,-0.28572,-0.19104,0.23703,0.0048704,-0.3312,-0.099707,-0.16585,-0.40177,-0.48119,-0.3832,-0.23228,-0.17851,-0.10903,-0.42714,-0.37331,0.0048087,0.021115
-0.40189,-0.39168,-0.19478,-0.24331,-0.46397,-0.35379,-0.25568,-0.25164,-0.33072,-0.20641,-0.30067,0.11124,-0.035406,-0.022095,-0.30154,-0.12455,-0.17481,-0.13962,-0.14016,-0.052816,-0.31203,-0.12351,-0.32773,-0.23239,-0.33304,0,-0.15643,-0.10502,-0.33718,-0.46708,0.026152,0.0014118,0.038088,-0.028045,0.1339,-0.010776,-0.10062,-0.071169,-0.3205,0.062797,-0.50659,-0.30619,0.12432,-0.18624,0.054092,0.088061,-0.28404,-0.18954,-0.50505,-0.4162,-0.2842,-0.38247,-0.50436,-0.47842,-0.3567,-0.38794,-0.28121,-0.11772,-0.031639,-0.24136,-0.33258,-0.26106,-0.34487,-0.2941,-0.52495,-0.33227,-0.37326,-0.14614,-0.17617,-0.18848,0.1488,-0.021269,0.19634,-0.34052,-0.25198,-0.27122,-0.12474,-0.33273,-0.31942,-0.44676,-0.41989,-0.35852,-0.37125,-0.37839,-0.3413,-0.29288,-0.21117,-0.2207,-0.043525,-0.19551,-0.22412,-0.26025,-0.22435,-0.42496,-0.34266,-0.29834,-0.31608,-0.1907,-0.15469,-0.28198,-0.38988,-0.18156,-0.086372,-0.31795,-0.38511
-0.063611,0.002651,-0.46462,-0.54583,-0.16938,0.0027804,-0.25716,-0.076551,-0.29643,-0.21055,-0.44167,-0.08996,-0.49031,-0.61847,-0.26597,0.044567,-0.5826,-0.44904,-0.71708,-0.14534,-0.15661,0.049222,-0.43261,0.20483,-0.2938,-0.15643,0,0.1865,-0.24332,-0.21454,-0.28076,-0.26586,-0.47726,-0.50277,-0.24126,-0.062896,-0.60204,-0.78006,-0.54287,-0.14152,-0.029987,0.15946,-0.14708,0.0016646,-0.15168,-0.10108,-0.48166,-0.39869,-0.20984,-0.56761,-0.52909,-0.24204,-0.13916,-0.025542,-0.206,-0.19872,-0.15562,-0.38009,-0.38988,-0.07263,0.068389,-0.18382,-0.22453,-0.092075,-0.27147,-0.52068,-0.51637,0.0049074,-0.082581,-0.083814,-0.004334,-0.090922,-0.063401,-0.41662,-0.40408,-0.43991,-0.38232,-0.57665,-0.73188,-0.49365,-0.82189,-0.47494,-0.65015,-0.44467,-0.70223,-0.72227,-0.83036,-0.40262,-0.2886,-0.36394,-0.26863,-0.30288,-0.094233,-0.1962,-0.20755,-0.44145,-0.39418,-0.24732,-0.18976,-0.16379,-0.08877,-0.14934,0.10852,-0.19398,-0.31959
-0.17838,-0.18647,-0.37751,-0.47702,-0.24379,-0.029691,-0.4088,-0.19237,-0.58213,-0.40734,-0.58453,-0.14704,-0.34231,-0.36803,-0.54783,-0.070522,-0.70005,-0.45119,-0.58358,-0.20946,-0.4207,-0.059178,-0.61717,0.12069,-0.59406,-0.10502,0.1865,0,-0.12814,-0.14086,-0.23278,-0.13675,-0.21602,-0.15317,-0.12601,-0.021602,-0.36937,-0.47686,-0.504,-0.062742,-0.19485,0.11857,-0.14807,-0.062476,-0.14734,-0.074418,-0.6348,-0.60634,-0.44295,-0.57763,-0.37225,-0.31483,-0.2664,-0.22177,-0.29098,-0.39294,-0.36267,-0.58953,-0.56121,-0.38841,-0.15981,-0.24381,-0.17757,-0.26056,-0.45335,-0.68156,-0.67212,-0.022959,-0.045597,-0.2596,0.037188,-0.19478,-0.13743,-0.55399,-0.56483,-0.45692,-0.45521,-0.37125,-0.38678,-0.45182,-0.57514,-0.5079,-0.61853,-0.28449,-0.78996,-0.54359,-0.65058,-0.62364,-0.45983,-0.57567,-0.66668,-0.1913,0.050344,-0.20358,-0.16689,-0.22998,-0.1549,-0.063346,-0.048759,-0.25505,-0.1588,-0.12507,0.20679,-0.24244,-0.30278
0.13605,0.1023,-0.69402,-0.68828,-0.092463,0.07874,-0.20621,0.08345,-0.58486,-0.12424,-0.71874,-0.43549,-0.58956,-0.48902,-0.51895,-0.35388,-0.58365,-0.6089,-0.62515,-0.35932,-0.44433,-0.46354,-0.59508,-0.14297,-0.78139,-0.33718,-0.24332,-0.12814,0,0.33677,-0.073635,0.11872,-0.27802,-0.23717,-0.11016,0.11949,-0.43347,-0.29637,-0.5484,-0.082722,-0.082673,0.061626,0.041657,0.31075,-0.12759,-0.17594,-0.47603,-0.43304,-0.15067,-0.46431,-0.19652,-0.19459,-0.25201,-0.21883,-0.494,-0.38867,-0.32556,-0.36389,-0.3295,-0.43652,-0.19629,-0.28794,-0.03167,-0.33794,-0.29422,-0.45128,-0.38484,-0.070528,-0.036269,-0.11399,-0.1731,-0.33282,-0.2984,-0.36398,-0.33406,-0.85178,-0.62998,-0.59273,-0.47388,-0.7421,-0.52556,-0.43195,-0.59834,-0.37811,-0.5868,-0.66468,-0.5363,-0.43595,-0.37808,-0.36741,-0.48126,-0.59465,-0.13369,-0.26338,-0.17832,-0.21847,-0.089177,-0.24599,-0.16409,-0.36382,-0.25565,-0.26059,-0.15636,-0.32235,-0.36911
0.26331,0.32003,-0.53648,-0.5757,0.20568,0.388,-0.26668,0.24078,-0.50485,-0.13204,-0.69505,-0.45126,-0.59737,-0.6297,-0.31217,-0.13463,-0.45296,-0.38675,-0.51121,-0.26777,-0.2117,-0.28205,-0.28932,0.054647,-0.49731,-0.46708,-0.21454,-0.14086,0.33677,0,-0.41301,-0.20041,-0.42061,-0.34484,-0.40941,-0.084073,-0.5731,-0.50647,-0.37522,-0.14275,0.26328,0.29371,-0.2553,0.27415,-0.40761,-0.46034,-0.42814,-0.44426,0.042927,-0.24184,-0.17963,0.036768,0.12976,0.12786,-0.14704,-0.022089,0.013662,-0.44907,-0.44185,-0.35543,0.019821,-0.10577,0.0057766,-0.25008,-0.028556,-0.37535,-0.33099,-0.32218,-0.25835,-0.29144,-0.26772,-0.61736,-0.53623,-0.28386,-0.33698,-0.63519,-0.68488,-0.44402,-0.4232,-0.42964,-0.42151,-0.20567,-0.37258,-0.12857,-0.4623,-0.48947,-0.49384,-0.42806,-0.44924,-0.39038,-0.39866,-0.35103,0.12816,-0.13918,0.03093,-0.24812,-0.19224,-0.24333,-0.091132,-0.26601,0.046719,-0.38591,-0.20722,-0.10746,-0.082612
-0.30687,-0.39222,-0.50071,-0.46256,-0.65216,-0.46756,-0.20719,-0.31492,-0.49891,-0.31252,-0.42228,-0.21038,-0.19662,-0.091243,-0.66031,-0.56766,-0.47767,-0.63579,-0.43557,-0.31258,-0.70656,-0.62242,-0.8418,-0.51068,-0.73929,0.026152,-0.28076,-0.23278,-0.073635,-0.41301,0,0.59286,-0.0067322,-0.11013,0.62812,0.1695,-0.14172,-0.024235,-0.43583,-0.079128,-0.63407,-0.41903,0.57307,-0.11763,0.65741,0.57104,-0.38145,-0.30396,-0.60818,-0.78744,-0.40641,-0.65911,-0.82669,-0.68197,-0.88286,-0.82084,-0.68127,-0.10109,-0.083999,-0.46801,-0.63402,-0.45826,-0.35382,-0.39437,-0.75242,-0.42234,-0.48624,0.32622,0.0060171,-0.11765,-0.05702,0.22915,0.30447,-0.44975,-0.36018,-0.49382,-0.21647,-0.56267,-0.43722,-0.85504,-0.59829,-0.76307,-0.72601,-0.85927,-0.47968,-0.59757,-0.37914,-0.31629,-0.11662,-0.1983,-0.43566,-0.64722,-0.51844,-0.48657,-0.55035,-0.22899,-0.20054,-0.3075,-0.48239,-0.39081,-0.68159,-0.028408,-0.19366,-0.75225,-0.81119
-0.21595,-0.22762,-0.59436,-0.55008,-0.52992,-0.25438,-0.30346,-0.1382,-0.6397,-0.24457,-0.61771,-0.20744,-0.31752,-0.1903,-0.69419,-0.43994,-0.4969,-0.59238,-0.42812,-0.22864,-0.6945,-0.57453,-0.76974,-0.37673,-0.93897,0.0014118,-0.26586,-0.13675,0.11872,-0.20041,0.59286,0,-0.030955,-0.046213,0.41654,0.34873,-0.2017,-0.0712,-0.39695,0.095108,-0.50601,-0.24948,0.6534,0.087457,0.50069,0.42523,-0.40135,-0.30988,-0.54257,-0.73188,-0.32004,-0.5101,-0.63558,-0.4877,-0.7155,-0.62069,-0.51209,-0.11921,-0.073654,-0.55289,-0.49536,-0.44917,-0.28914,-0.45247,-0.61141,-0.43563,-0.48549,0.25768,-0.030067,-0.23565,-0.034746,0.059523,0.17707,-0.4351,-0.37123,-0.61204,-0.32298,-0.63012,-0.4669,-0.9635,-0.64221,-0.65722,-0.66645,-0.72987,-0.53979,-0.62757,-0.40213,-0.33261,-0.12021,-0.24325,-0.48791,-0.64306,-0.32737,-0.50502,-0.46291,-0.22842,-0.19134,-0.29883,-0.44017,-0.41298,-0.54196,-0.12307,-0.20512,-0.60005,-0.6886
-0.53975,-0.56535,0.025295,-0.1137,-0.46428,-0.41998,-0.46072,-0.42795,-0.59777,-0.39038,-0.35238,-0.22922,0.29973,0.30725,-0.53869,-0.50479,-0.11872,-0.18914,-0.048026,-0.23846,-0.52736,-0.38367,-0.45079,-0.39445,-0.57625,0.038088,-0.47726,-0.21602,-0.27802,-0.42061,-0.0067322,-0.030955,0,0.2505,0.10008,-0.15131,0.26205,0.2722,-0.26608,-0.033704,-0.6653,-0.40075,-0.12107,-0.40252,-0.073352,-0.1036,-0.29008,-0.19715,-0.68617,-0.24143,0.043581,-0.4583,-0.58916,-0.6112,-0.46041,-0.5323,-0.50043,-0.2112,-0.18424,-0.5341,-0.58385,-0.37229,-0.34482,-0.41171,-0.5399,-0.33739,-0.30062,-0.24967,-0.34023,-0.39711,-0.12381,-0.21424,-0.14081,-0.38585,-0.34985,-0.27106,-0.27406,0.022354,0.084886,-0.23396,-0.070207,-0.24661,-0.28903,-0.2288,-0.18115,-0.051774,-0.093684,-0.29254,-0.14339,-0.37361,-0.51128,-0.25948,-0.24891,-0.49942,-0.39508,-0.070559,-0.095614,-0.088259,-0.20841,-0.26355,-0.42235,-0.15029,-0.22695,-0.43206,-0.40054
-0.49032,-0.41165,-0.17267,-0.066755,-0.45352,-0.28888,-0.38807,-0.2509,-0.41631,-0.3865,-0.2514,-0.059302,-0.042095,0.16998,-0.60842,-0.43355,-0.26396,-0.29576,-0.018366,-0.13454,-0.58579,-0.47043,-0.36305,-0.34318,-0.53907,-0.028045,-0.50277,-0.15317,-0.23717,-0.34484,-0.11013,-0.046213,0.2505,0,0.0060602,-0.11135,0.10301,0.1735,-0.1776,0.018458,-0.61641,-0.38356,-0.16233,-0.322,-0.1652,-0.14362,-0.26974,-0.16897,-0.60411,-0.26673,0.14978,-0.48391,-0.58891,-0.48606,-0.40904,-0.45133,-0.46475,-0.24262,-0.15416,-0.48375,-0.46598,-0.48711,-0.33931,-0.5953,-0.56283,-0.32546,-0.28587,-0.23117,-0.34199,-0.5423,-0.29834,-0.27333,-0.16194,-0.3586,-0.32113,-0.29875,-0.06956,-0.14299,0.068518,-0.3137,-0.098443,-0.40501,-0.31433,-0.23582,-0.21781,-0.11455,0.042212,-0.22531,-0.092488,-0.32624,-0.38949,-0.18038,-0.10915,-0.35673,-0.28068,-0.17308,-0.18305,-0.17984,-0.22545,-0.50256,-0.46831,-0.38162,-0.32768,-0.34711,-0.37169
-0.26651,-0.37831,-0.38763,-0.36103,-0.5352,-0.40346,-0.14159,-0.25923,-0.47879,-0.29141,-0.41895,-0.060097,-0.11993,0.0029284,-0.68051,-0.56699,-0.4633,-0.54355,-0.394,-0.18999,-0.63572,-0.59115,-0.72845,-0.38382,-0.68774,0.1339,-0.24126,-0.12601,-0.11016,-0.40941,0.62812,0.41654,0.10008,0.0060602,0,0.32339,-0.17672,-0.053765,-0.44922,-0.044641,-0.55792,-0.37884,0.50939,-0.10296,0.50378,0.56173,-0.51908,-0.3219,-0.58956,-0.72657,-0.31595,-0.60615,-0.75936,-0.66221,-0.81612,-0.74686,-0.64523,-0.21716,-0.15181,-0.39565,-0.52759,-0.39456,-0.32726,-0.32598,-0.74994,-0.55699,-0.52467,0.21382,-0.015869,-0.16434,-0.06006,0.11497,0.23968,-0.58977,-0.47717,-0.47185,-0.16072,-0.45751,-0.3543,-0.72887,-0.53244,-0.68705,-0.71418,-0.62078,-0.4632,-0.53505,-0.36154,-0.41649,-0.1558,-0.36776,-0.46436,-0.4869,-0.38123,-0.41855,-0.4597,-0.17667,-0.12019,-0.27876,-0.34225,-0.29272,-0.52794,0.029642,-0.072507,-0.64329,-0.70179
0.06768,0.015215,-0.58043,-0.52146,-0.23579,-0.026935,-0.11121,0.092556,-0.51582,-0.15635,-0.61679,-0.066712,-0.36418,-0.26209,-0.63241,-0.37728,-0.563,-0.54322,-0.52286,-0.11352,-0.48254,-0.48209,-0.57814,-0.12162,-0.67174,-0.010776,-0.062896,-0.021602,0.11949,-0.084073,0.1695,0.34873,-0.15131,-0.11135,0.32339,0,-0.43445,-0.31977,-0.43475,0.12246,-0.20273,-0.059425,0.48411,0.37172,0.28075,0.27853,-0.51903,-0.27999,-0.35442,-0.65465,-0.26423,-0.34046,-0.39359,-0.29323,-0.54696,-0.40044,-0.31322,-0.2202,-0.13982,-0.33674,-0.23543,-0.35905,-0.29511,-0.23313,-0.45098,-0.5163,-0.43502,0.12694,-0.084997,-0.16855,-0.074708,-0.018415,0.094041,-0.48667,-0.41983,-0.64935,-0.32754,-0.62867,-0.53905,-0.84142,-0.70446,-0.58466,-0.67778,-0.53673,-0.59276,-0.71566,-0.51609,-0.37789,-0.13207,-0.36214,-0.38382,-0.42861,-0.10047,-0.35623,-0.3053,-0.25197,-0.1745,-0.29763,-0.25664,-0.32153,-0.30579,-0.16053,-0.066163,-0.48895,-0.57345
-0.70408,-0.77202,0.11246,0.046151,-0.53589,-0.59962,-0.47807,-0.65176,-0.42158,-0.54895,-0.075922,-0.41676,0.17657,0.33072,-0.47997,-0.45827,-0.11093,-0.14487,0.040048,-0.46405,-0.57503,-0.31719,-0.36257,-0.61791,-0.39911,-0.10062,-0.60204,-0.36937,-0.43347,-0.5731,-0.14172,-0.2017,0.26205,0.10301,-0.17672,-0.43445,0,0.58238,-0.020437,-0.14659,-0.83192,-0.58837,-0.28219,-0.68268,-0.22695,-0.26935,0.011276,-0.097858,-0.79563,-0.092821,-0.027595,-0.54496,-0.58708,-0.67749,-0.36359,-0.52295,-0.49595,-0.036466,-0.11091,-0.51133,-0.72902,-0.45465,-0.43946,-0.5743,-0.52074,-0.062224,-0.14556,-0.35688,-0.45191,-0.4129,-0.18306,-0.17291,-0.1967,-0.13601,-0.12965,0.027138,-0.18705,0.13517,0.24763,-0.083715,0.0989,-0.21582,-0.10841,-0.2651,-0.027675,0.13056,0.097568,-0.045868,-0.12307,-0.15072,-0.4022,-0.18215,-0.38642,-0.50617,-0.5078,-0.055929,-0.16779,0.074726,-0.24651,-0.5243,-0.62684,-0.32068,-0.39067,-0.44032,-0.39431
-0.61915,-0.70719,-0.015635,0.016633,-0.55136,-0.62187,-0.35354,-0.52989,-0.38494,-0.41239,-0.11015,-0.36664,0.058525,0.31608,-0.46663,-0.54995,-0.066231,-0.17009,0.092753,-0.39181,-0.58156,-0.49014,-0.35281,-0.72579,-0.44786,-0.071169,-0.78006,-0.47686,-0.29637,-0.50647,-0.024235,-0.0712,0.2722,0.1735,-0.053765,-0.31977,0.58238,0,-0.077279,-0.17401,-0.86877,-0.69281,-0.15718,-0.55032,-0.16008,-0.20517,-0.054406,-0.075109,-0.65425,-0.13574,0.0041367,-0.5444,-0.66966,-0.77207,-0.49106,-0.56948,-0.53947,-0.01381,-0.019136,-0.4982,-0.76636,-0.43734,-0.3535,-0.58532,-0.51081,-0.10346,-0.13711,-0.31942,-0.34743,-0.3698,-0.22629,-0.20076,-0.18371,-0.1906,-0.14206,-0.097851,-0.12227,-0.015758,0.1767,-0.21678,0.076644,-0.24069,-0.14157,-0.29352,0.024642,0.069418,0.20766,-0.073438,-0.096914,-0.17035,-0.36163,-0.32117,-0.46359,-0.51863,-0.5197,-0.095077,-0.15392,-0.1033,-0.28772,-0.49987,-0.68108,-0.3177,-0.44863,-0.46241,-0.42991
-0.3375,-0.39623,0.033211,0.15281,-0.22351,-0.344,-0.27159,-0.3245,-0.17608,-0.42077,-0.0084214,-0.32106,-0.13059,-0.044456,-0.29835,-0.25991,-0.083,-0.045399,0.1395,-0.26284,-0.36445,-0.35265,0.028877,-0.46913,-0.13685,-0.3205,-0.54287,-0.504,-0.5484,-0.37522,-0.43583,-0.39695,-0.26608,-0.1776,-0.44922,-0.43475,-0.020437,-0.077279,0,-0.23101,-0.35971,-0.47147,-0.42575,-0.49753,-0.40803,-0.44336,0.050393,0.00084461,-0.46039,0.092537,-0.12177,-0.33763,-0.1745,-0.25824,-0.041182,-0.073555,-0.070053,0.059067,-0.03863,-0.31671,-0.39978,-0.34295,-0.45053,-0.36588,-0.14009,0.066872,-0.030967,-0.51295,-0.62094,-0.59479,-0.45226,-0.33487,-0.40687,-0.075306,-0.16954,0.2873,-0.055855,-0.051071,0.021146,0.0052896,-0.03183,-0.088283,0.14363,-0.16014,0.18155,0.13881,0.18996,0.054536,-0.087735,-0.13014,-0.22922,0.023174,-0.22637,-0.30139,-0.32184,-0.20392,-0.3433,-0.11968,-0.27837,-0.53283,-0.3856,-0.52959,-0.58437,-0.35236,-0.23112
-0.22798,-0.0304,-0.37733,-0.44202,-0.27265,0.080725,-0.46039,0.0076755,-0.55692,-0.15602,-0.55693,-0.050917,-0.19295,-0.16497,-0.5565,-0.21269,-0.33858,-0.33128,-0.28061,-0.061256,-0.4084,-0.21999,-0.38968,-0.041133,-0.57185,0.062797,-0.14152,-0.062742,-0.082722,-0.14275,-0.079128,0.095108,-0.033704,0.018458,-0.044641,0.12246,-0.14659,-0.17401,-0.23101,0,-0.31805,0.036688,0.060664,0.050134,0.010844,-0.060978,-0.24066,-0.16853,-0.44232,-0.37366,-0.052027,-0.18525,-0.33016,-0.14471,-0.26078,-0.25246,-0.16895,-0.057193,-0.050831,-0.46122,-0.20021,-0.43257,-0.41522,-0.46012,-0.50268,-0.28935,-0.33975,-0.17334,-0.45309,-0.45077,-0.14946,-0.13336,-0.082519,-0.24729,-0.28652,-0.48464,-0.38884,-0.41867,-0.39749,-0.55423,-0.49442,-0.32842,-0.41265,-0.42038,-0.4606,-0.42718,-0.32968,-0.16214,-0.010018,-0.1663,-0.32266,-0.23279,0.1285,-0.44759,-0.20076,-0.12893,-0.17186,-0.061885,-0.19698,-0.39618,-0.24704,-0.33666,-0.19457,-0.29659,-0.38825
0.4412,0.32199,-0.42034,-0.45998,0.49989,0.25388,-0.060084,0.12865,-0.22964,-0.10082,-0.45314,-0.36743,-0.57654,-0.6924,-0.12704,-0.083431,-0.44267,-0.30368,-0.57949,-0.28134,0.003736,-0.13661,-0.10766,0.18908,-0.14734,-0.50659,-0.029987,-0.19485,-0.082673,0.26328,-0.63407,-0.50601,-0.6653,-0.61641,-0.55792,-0.20273,-0.83192,-0.86877,-0.35971,-0.31805,0,0.24666,-0.41279,0.083635,-0.55443,-0.55559,-0.45651,-0.40344,0.18583,-0.19841,-0.32373,0.10095,0.3671,0.21765,-0.017373,0.13394,0.16919,-0.50352,-0.50361,-0.04228,0.3028,-0.052119,-0.12507,0.03077,0.12236,-0.36828,-0.25418,-0.44637,-0.33832,-0.17676,-0.33756,-0.58635,-0.57876,-0.29969,-0.33557,-0.44092,-0.56868,-0.38249,-0.48592,-0.26506,-0.42505,-0.15106,-0.2936,-0.048568,-0.4206,-0.47547,-0.59128,-0.42328,-0.4947,-0.42343,-0.21483,-0.16393,0.076317,0.018779,0.083333,-0.3177,-0.26558,-0.27554,-0.017404,-0.17388,0.21358,-0.33794,-0.11202,-0.071329,-0.038587
0.12693,0.38041,-0.51166,-0.68884,0.10334,0.64717,-0.36922,0.19517,-0.51593,-0.12551,-0.74033,-0.24915,-0.49383,-0.64679,-0.34877,0.0014734,-0.51535,-0.42415,-0.62345,-0.16811,-0.19388,-0.04609,-0.35643,0.49502,-0.461,-0.30619,0.15946,0.11857,0.061626,0.29371,-0.41903,-0.24948,-0.40075,-0.38356,-0.37884,-0.059425,-0.58837,-0.69281,-0.47147,0.036688,0.24666,0,-0.24814,0.24529,-0.32585,-0.34943,-0.47052,-0.43713,-0.10834,-0.35699,-0.23314,0.015604,0.056817,0.20886,-0.11458,-0.062378,0.0020345,-0.44955,-0.45775,-0.31147,0.19056,-0.20895,-0.16579,-0.20551,-0.15954,-0.46314,-0.41421,-0.25848,-0.28614,-0.28229,-0.18853,-0.42687,-0.38904,-0.33891,-0.39192,-0.65513,-0.71465,-0.47335,-0.57445,-0.45069,-0.61352,-0.28151,-0.49887,-0.20047,-0.67839,-0.59968,-0.72706,-0.4382,-0.37486,-0.39522,-0.39741,-0.2664,0.27474,-0.14009,0.069332,-0.278,-0.22182,-0.15228,-0.027323,-0.2285,0.091563,-0.28869,-0.020665,-0.11693,-0.17388
