,,,,,,,,,,,,,,,,,,,,,,,,,,,,,,,,,,,,,,,,,,,,,,,,,,,,,,,,,,,,,,,,,,,,,,,,,,,,,,,,,,,,,,,,,,,,,,,,,,,,,,,,
0,0.40781,-0.32725,-0.2716,0.60011,0.33802,0.38757,0.30014,-0.14383,-0.036389,-0.25734,-0.26441,-0.2927,-0.27244,-0.1863,-0.33689,-0.33788,-0.36391,-0.45005,-0.23852,-0.11145,-0.3433,-0.18479,0.016237,-0.20383,-0.27081,-0.077038,-0.14187,0.17924,0.30419,-0.090583,-0.075719,-0.32733,-0.40021,-0.10449,0.098384,-0.52788,-0.4333,-0.22041,-0.087803,0.4978,0.1851,0.051592,0.35424,-0.058175,-0.10064,-0.33262,-0.24339,0.095806,-0.21859,-0.18432,0.086306,0.19999,0.040459,-0.17639,-0.10569,-0.029777,-0.19139,-0.18472,0.06891,0.16,-0.024709,-0.15053,0.023521,-0.13318,-0.22093,-0.16737,-0.073776,-0.038789,0.20658,-0.20265,-0.17117,-0.33262,-0.19874,-0.22021,-0.30047,-0.30894,-0.34011,-0.27527,-0.36858,-0.35592,-0.16622,-0.27923,-0.22898,-0.21072,-0.42873,-0.32195,-0.24382,-0.24244,-0.18888,-0.14967,-0.15988,0.050065,0.10621,0.11707,-0.11759,-0.015239,-0.082913,0.0047113,-0.1593,0.016742,-0.18145,-0.10313,-0.20153,-0.11969
0.40781,0,-0.46931,-0.38828,0.20519,0.57337,0.073841,0.53452,-0.11466,0.20823,-0.3272,-0.18173,-0.39386,-0.38297,-0.085165,-0.3008,-0.14113,-0.35823,-0.30119,-0.11715,-0.013807,-0.33076,-0.10138,0.020913,-0.19011,-0.33816,-0.16939,-0.29619,0.16202,0.21585,-0.05707,-0.020877,-0.3949,-0.39956,-0.18019,0.023158,-0.57035,-0.38758,-0.26196,0.00075452,0.22026,0.17465,0.04157,0.44594,-0.033508,-0.10855,-0.21025,-0.14389,0.18614,-0.27861,-0.19877,0.16985,0.092508,0.30233,-0.12621,0.012316,0.044285,-0.028386,-0.050529,0.00044558,0.25023,-0.11614,-0.14039,-0.077305,-0.12803,-0.14709,-0.15775,-0.13836,-0.16647,-0.008062,-0.36993,-0.14403,-0.31207,-0.12157,-0.16999,-0.42068,-0.26817,-0.5011,-0.44442,-0.48087,-0.42007,-0.12742,-0.27511,-0.43134,-0.098889,-0.4727,-0.2334,-0.12074,-0.10247,0.033603,0.025998,-0.29336,0.018625,-0.0060896,0.18111,-0.16506,-0.089021,-0.18017,-0.22162,-0.08513,0.048883,-0.25295,-0.29625,-0.072523,-0.15534
-0.32725,-0.46931,0,0.50725,-0.13652,-0.31897,-0.16849,-0.25482,-0.16929,-0.37357,0.13437,-0.017716,0.4915,0.30631,-0.17511,0.0064223,0.031951,0.232,0.13743,0.0056678,-0.12938,0.16481,-0.0069392,-0.11409,-0.012559,0.13554,-0.11344,-0.0052875,-0.65178,-0.46838,-0.3979,-0.39373,0.21527,0.0047944,-0.14244,-0.31137,0.22029,0.010528,0.14215,-0.051949,-0.34483,-0.25138,-0.33292,-0.47265,-0.23779,-0.25193,0.022921,0.11205,-0.55443,0.25536,0.15282,-0.21055,-0.10034,-0.28555,-0.033579,-0.12125,-0.048937,-0.038623,-0.033686,-0.092467,-0.3026,-0.13757,-0.58604,-0.30443,-0.206,-0.011223,0.027881,-0.22863,-0.2835,-0.35108,0.066035,-0.25803,-0.10998,-0.069,-0.085569,0.45669,0.059405,0.52103,0.38928,0.41665,0.22947,0.20092,0.11676,0.33146,0.11757,0.5104,0.089371,0.04577,0.092728,-0.25876,-0.15394,0.20356,-0.012351,-0.14137,-0.2281,-0.16748,-0.30827,0.081464,-0.031197,-0.21746,-0.31119,-0.16737,-0.096596,-0.29974,-0.15418
-0.2716,-0.38828,0.50725,0,-0.059048,-0.36352,-0.062952,-0.26828,0.068833,-0.32044,0.39369,-0.059185,0.15231,0.15766,-0.013878,-0.057997,0.03324,0.18174,0.15875,-0.096019,0.017443,0.03766,0.15211,-0.24137,0.18012,-0.087304,-0.21264,-0.1895,-0.67593,-0.49173,-0.52621,-0.56855,-0.044118,-0.046655,-0.29136,-0.40664,0.034886,-0.069849,0.14434,-0.24455,-0.25664,-0.46576,-0.47386,-0.52479,-0.4011,-0.38279,0.060914,0.093893,-0.26708,0.27709,0.036787,-0.16386,0.012922,-0.15951,0.14652,0.064181,0.038314,-0.05341,-0.056488,0.07948,-0.19579,-0.024061,-0.36723,-0.14553,-0.08671,0.058216,0.059084,-0.30132,-0.32179,-0.25639,-0.11986,-0.24638,-0.21033,-0.013041,-0.034387,0.51978,0.2814,0.2706,0.33038,0.38054,0.31277,0.13587,0.16922,0.16276,0.32679,0.37207,0.21608,0.096257,0.032777,-0.13165,0.049721,0.26836,-0.042639,-0.072113,-0.1642,-0.25821,-0.37366,-0.034102,-0.081844,-0.19057,-0.17884,-0.34585,-0.24376,-0.084601,0.024495
0.60011,0.20519,-0.13652,-0.059048,0,0.245,0.33504,0.14297,-0.088813,-0.17841,-0.088748,-0.26593,-0.15955,-0.14784,-0.13457,-0.267,-0.19178,-0.15898,-0.26268,-0.24013,-0.021394,-0.2197,-0.0011288,-0.02036,-0.044178,-0.25118,-0.13857,-0.18237,-0.044784,0.15223,-0.31339,-0.28821,-0.31467,-0.39224,-0.2487,-0.087577,-0.38301,-0.3706,-0.060736,-0.097564,0.44011,0.082694,-0.14526,0.07765,-0.20236,-0.29145,-0.14394,-0.14495,0.055163,0.039906,-0.045509,0.17245,0.40583,0.083597,-0.0012892,0.033418,0.1128,-0.12721,-0.15996,0.085302,0.099792,-0.023224,-0.29838,-0.0050737,-0.10591,-0.03674,-0.033686,-0.25367,-0.19504,0.11685,-0.2129,-0.23256,-0.43096,-0.011442,-0.075749,-0.061347,-0.21868,-0.13303,-0.098966,-0.11063,-0.13191,0.0087987,-0.077584,-0.051164,-0.049228,-0.18449,-0.16131,-0.097802,-0.18448,-0.12211,-0.092081,0.043388,0.13714,0.077275,0.091504,-0.10812,-0.067443,0.020105,0.12788,-0.24563,0.013296,-0.36248,-0.20035,-0.13132,0.028297
0.33802,0.57337,-0.31897,-0.36352,0.245,0,-0.060343,0.38446,-0.35644,-0.055264,-0.43908,-0.17958,-0.18796,-0.19695,-0.28428,-0.29225,-0.15946,-0.32439,-0.27186,-0.1098,-0.16322,-0.24622,-0.21035,0.099994,-0.35235,-0.23826,-0.14055,-0.090922,0.13797,0.24337,-0.035438,0.049263,-0.21941,-0.27487,-0.10906,0.056208,-0.35769,-0.27688,-0.21247,0.19348,0.092734,0.43465,0.08867,0.39752,0.105,-0.037351,-0.18627,-0.17286,-0.077947,-0.21367,-0.049703,0.186,0.099358,0.23596,-0.10759,-0.083062,-0.0074679,-0.032313,-0.088296,-0.18213,0.039674,-0.19869,-0.31589,-0.16794,-0.2725,-0.1409,-0.20448,-0.12196,-0.19758,-0.10213,-0.22386,-0.084161,-0.25911,-0.082474,-0.19114,-0.33405,-0.37081,-0.30491,-0.26765,-0.38764,-0.36326,-0.070871,-0.26498,-0.32725,-0.18568,-0.36003,-0.24057,-0.13256,-0.088979,-0.018096,-0.1755,-0.18047,0.26018,-0.081393,0.15529,-0.041938,0.010118,0.047303,-0.08709,-0.15871,-0.028012,-0.25838,-0.24425,-0.16971,-0.16698
0.38757,0.073841,-0.16849,-0.062952,0.33504,-0.060343,0,0.14387,0.16567,0.0029527,0.075452,-0.06673,-0.18927,-0.17235,-0.050356,-0.2654,-0.28201,-0.24263,-0.37125,-0.13243,0.052436,-0.25335,-0.073051,-0.01777,0.047255,-0.096477,-0.0082462,-0.18965,-0.066968,-0.050808,-0.14158,-0.24143,-0.27784,-0.3519,-0.050392,0.001004,-0.44579,-0.38487,-0.24769,-0.18963,0.25544,-0.10485,-0.018833,0.041308,-0.15196,-0.14265,-0.31811,-0.1839,0.14065,-0.15409,-0.16307,-0.036199,0.034488,-0.15372,-0.23478,-0.16087,-0.10094,-0.22636,-0.17099,0.38222,0.15946,0.097196,-0.16428,-0.01856,-0.18344,-0.23802,-0.1384,-0.064567,0.024691,0.34067,-0.16852,-0.19991,-0.22221,-0.23368,-0.18345,-0.15817,0.0026794,-0.26464,-0.23714,-0.24243,-0.26003,-0.1932,-0.27822,-0.14081,-0.13065,-0.31719,-0.22405,-0.20188,-0.19667,-0.24002,0.0010397,-0.093156,-0.12523,0.22411,0.069243,-0.19006,-0.11353,-0.16914,0.066338,-0.12323,-0.074727,-0.13739,-0.003624,-0.15614,-0.077151
0.30014,0.53452,-0.25482,-0.26828,0.14297,0.38446,0.14387,0,-0.13361,0.21937,-0.26458,-0.0008674,-0.16419,-0.22646,-0.068197,-0.18405,-0.038962,-0.21817,-0.19699,0.14708,0.056381,-0.23703,-0.092805,0.079735,-0.19383,-0.065405,-0.11428,-0.17391,0.088457,0.16429,0.045978,0.077198,-0.15222,-0.27688,0.01673,0.1097,-0.42878,-0.26993,-0.2592,0.14682,0.045556,0.15737,0.19567,0.4899,0.11527,0.01089,-0.20526,-0.073069,0.076545,-0.21146,-0.058074,0.15632,0.039668,0.14993,-0.20946,-0.069463,0.021483,0.0062441,0.045063,0.048657,0.12123,0.022285,-0.25697,-0.22332,-0.23272,-0.16739,-0.16988,0.013676,-0.024614,-0.019101,-0.16958,-0.21415,-0.15809,-0.14439,-0.17947,-0.34127,-0.12573,-0.37685,-0.33902,-0.40917,-0.37685,-0.03289,-0.28027,-0.29924,-0.049727,-0.32454,-0.14321,-0.093168,0.047202,-0.062066,0.0065352,-0.2951,0.031232,0.012245,0.16555,-0.21101,-0.17212,-0.18684,-0.21536,-0.001913,-0.071602,-0.17801,-0.20796,-0.1434,-0.14686
-0.14383,-0.11466,-0.16929,0.068833,-0.088813,-0.35644,0.16567,-0.13361,0,0.10831,0.45348,-0.027258,-0.34492,-0.34127,0.35146,-0.036437,-0.087797,-0.08201,-0.13542,-0.096156,0.35167,-0.10337,0.22637,-0.16899,0.57034,-0.24229,-0.088962,-0.46555,-0.41418,-0.39285,-0.41623,-0.58152,-0.51868,-0.43408,-0.40487,-0.41233,-0.41156,-0.43098,-0.11321,-0.40378,-0.010652,-0.4565,-0.40976,-0.33755,-0.50245,-0.41589,-0.1192,-0.12362,0.2618,-0.11444,-0.37276,-0.11845,-0.025,-0.013433,0.011395,0.086751,-0.0013843,-0.14842,-0.14305,0.48907,0.22142,0.11513,-0.029236,-0.040322,-0.022374,-0.098883,-0.11253,-0.24527,-0.18157,-0.00047529,-0.417,-0.25596,-0.31957,-0.14174,-0.12134,0.014342,0.31302,-0.32895,-0.33909,-0.093489,-0.17978,-0.1758,-0.10112,-0.252,0.11655,-0.19457,-0.050992,-0.064686,-0.1715,-0.05265,0.2972,-0.064205,-0.34459,0.13345,0.006553,-0.34915,-0.35789,-0.382,-0.22366,-0.07765,-0.00029705,-0.27405,-0.23066,0.15205,0.088938
-0.036389,0.20823,-0.37357,-0.32044,-0.17841,-0.055264,0.0029527,0.21937,0.10831,0,-0.18422,0.0078719,-0.34946,-0.35953,0.1255,-0.11757,-0.051218,-0.16932,-0.18035,0.054289,0.13467,-0.20258,-0.040435,-0.019202,-0.025772,-0.13251,-0.11855,-0.37111,-0.041142,-0.131,-0.014181,-0.044083,-0.2811,-0.32303,-0.11135,-0.026741,-0.46393,-0.31329,-0.28306,-0.07939,-0.054693,-0.13992,0.0002317,0.12565,-0.10788,-0.055905,-0.24811,-0.10014,0.14089,-0.35466,-0.27978,0.0002317,-0.1829,-0.015429,-0.23951,-0.081606,-0.0696,-0.04517,0.028321,0.12546,0.26722,-0.093269,-0.036971,-0.11372,-0.086347,-0.21979,-0.16106,-0.059892,-0.05846,-0.012233,-0.31765,-0.17454,-0.16568,-0.26662,-0.22013,-0.43138,-0.10913,-0.58786,-0.58698,-0.46055,-0.44473,-0.16195,-0.22137,-0.45765,-0.068352,-0.39245,-0.20025,-0.14603,-0.04978,-0.083929,0.10166,-0.33288,-0.24955,-0.031446,0.075832,-0.28545,-0.21927,-0.44318,-0.35399,0.019564,-0.05865,-0.10744,-0.19193,-0.062744,-0.19576
-0.25734,-0.3272,0.13437,0.39369,-0.088748,-0.43908,0.075452,-0.26458,0.45348,-0.18422,0,-0.084078,-0.08526,-0.080383,0.082747,-0.020217,-0.10294,0.013641,-0.06111,-0.13809,0.13168,0.020295,0.13309,-0.2035,0.40788,-0.11627,-0.090993,-0.29529,-0.5493,-0.47976,-0.48151,-0.64953,-0.25065,-0.22256,-0.35889,-0.47963,-0.071055,-0.1849,0.02219,-0.30317,-0.17807,-0.47062,-0.47726,-0.55259,-0.50734,-0.48224,0.037607,-0.026604,-0.067152,0.10619,-0.12374,-0.22277,-0.065209,-0.16163,0.010896,-0.019023,-0.061668,-0.10252,-0.1368,0.25692,-0.06749,0.039253,-0.21552,-0.21495,-0.13281,0.01067,-0.026129,-0.24019,-0.23658,-0.092871,-0.22993,-0.25791,-0.25181,-0.018215,-0.017746,0.31608,0.35259,-0.012726,-0.027994,0.16809,0.06247,-0.092366,-0.03068,-0.055674,0.16483,0.053309,0.05884,0.066433,-0.083252,-0.085165,0.13359,0.11538,-0.23421,0.08043,-0.10522,-0.23061,-0.32666,-0.1259,-0.080109,-0.28612,-0.2171,-0.3197,-0.17426,-0.0067431,0.045544
-0.26441,-0.18173,-0.017716,-0.059185,-0.26593,-0.17958,-0.06673,-0.0008674,-0.027258,0.0078719,-0.084078,0,0.11508,0.026563,-0.070568,-0.048045,0.047742,-0.020342,0.018946,0.4984,0.094398,-0.014027,-0.059488,0.06575,-0.039716,0.2549,0.038451,-0.03444,-0.40921,-0.50716,-0.016962,-0.11087,-0.018809,-0.078606,0.14091,-0.022457,-0.24553,-0.21073,-0.2699,0.062607,-0.37665,-0.20523,0.057616,-0.12159,0.15734,0.17467,-0.26635,-0.1133,-0.17838,-0.25589,-0.12671,-0.031369,-0.2666,-0.1456,-0.16737,-0.1984,-0.17172,-0.098152,-0.018013,0.013201,-0.079836,-0.031589,-0.38221,-0.19745,-0.449,-0.30386,-0.33108,-0.040756,-0.092354,-0.18125,-0.099293,0.028838,0.17387,-0.29837,-0.32417,-0.12432,0.28817,-0.23013,-0.28246,-0.24797,-0.33966,-0.10866,-0.26331,-0.23187,-0.12946,-0.16257,-0.05871,-0.17309,0.060159,-0.18158,-0.024958,-0.074715,-0.065768,-0.14571,-0.030228,-0.25076,-0.24531,-0.22407,-0.16096,0.24816,-0.097267,-0.079301,-0.081018,-0.08507,-0.13321
-0.2927,-0.39386,0.4915,0.15231,-0.15955,-0.18796,-0.18927,-0.16419,-0.34492,-0.34946,-0.08526,0.11508,0,0.6692,-0.37448,-0.12016,-0.027792,0.10889,0.075654,0.096756,-0.22757,0.032551,-0.16155,-0.015976,-0.20425,0.35,-0.14371,0.095182,-0.4233,-0.34372,-0.13144,-0.1339,0.4874,0.19218,0.1157,-0.07178,0.25201,0.11538,-0.00016041,0.19112,-0.40279,-0.10978,-0.077929,-0.27429,0.020485,-0.047701,-0.093364,-0.023538,-0.62335,0.067485,0.29788,-0.14867,-0.23682,-0.34985,-0.18175,-0.27822,-0.17,-0.085201,-0.067954,-0.25784,-0.4004,-0.1936,-0.67426,-0.38173,-0.45487,-0.13024,-0.13196,-0.15025,-0.27808,-0.35551,0.096459,-0.17711,0.024762,-0.1435,-0.18712,0.098984,-0.050446,0.32856,0.23486,0.10512,0.040613,0.052947,-0.066825,0.15921,-0.099501,0.21815,0.0059173,-0.073847,0.068536,-0.27277,-0.28982,0.18122,0.16379,-0.18801,-0.13236,0.016296,-0.10864,0.14358,0.058436,-0.20105,-0.30875,-0.11294,-0.016683,-0.40188,-0.20163
-0.27244,-0.38297,0.30631,0.15766,-0.14784,-0.19695,-0.17235,-0.22646,-0.34127,-0.35953,-0.080383,0.026563,0.6692,0,-0.45617,-0.26804,-0.12338,0.02213,-0.017128,-0.077763,-0.27748,-0.051105,-0.23207,-0.06496,-0.23261,0.18814,-0.23124,0.063938,-0.3495,-0.35319,-0.11281,-0.12789,0.37407,0.26552,0.10916,-0.050606,0.25112,0.17675,-0.10017,0.11804,-0.41633,-0.17319,-0.078256,-0.27921,0.0080383,-0.032474,-0.13578,-0.098283,-0.59739,0.010551,0.362,-0.17572,-0.30922,-0.42155,-0.21517,-0.33467,-0.26491,-0.16745,-0.15817,-0.27312,-0.40253,-0.27152,-0.60139,-0.36648,-0.52147,-0.16439,-0.15915,-0.17376,-0.28433,-0.28547,0.06307,-0.10346,0.029004,-0.16229,-0.18298,0.027905,-0.077513,0.30869,0.29572,0.062494,0.08251,-0.041896,-0.097065,0.034827,-0.15348,0.11237,-0.055989,-0.1181,-0.044683,-0.25776,-0.29069,0.24449,0.20882,-0.15921,-0.094879,0.14131,0.04501,0.25233,0.15921,-0.29193,-0.3231,-0.15281,-0.017514,-0.3423,-0.19356
-0.1863,-0.085165,-0.17511,-0.013878,-0.13457,-0.28428,-0.050356,-0.068197,0.35146,0.1255,0.082747,-0.070568,-0.37448,-0.45617,0,0.23189,0.19839,0.14513,0.068649,-0.029676,0.50576,0.051301,0.4618,-0.20523,0.43352,-0.20761,-0.19303,-0.44643,-0.40053,-0.2727,-0.50096,-0.50617,-0.50551,-0.49506,-0.52676,-0.50396,-0.45806,-0.4121,-0.10297,-0.36993,-0.033145,-0.37329,-0.41615,-0.22048,-0.50561,-0.4248,-0.019005,-0.049887,0.23334,-0.049061,-0.43037,0.01831,0.11356,0.10175,0.17447,0.31529,0.26236,-0.075962,-0.02219,0.30621,0.23957,0.16106,-0.062375,-0.029117,0.14928,0.024251,-0.02658,-0.35583,-0.16074,-0.081981,-0.25491,-0.37164,-0.29851,-0.022511,0.017799,-0.0060005,0.12331,-0.30243,-0.30031,-0.060747,-0.12236,0.066789,0.11713,-0.12754,0.21642,-0.059898,0.04858,-0.012625,-0.09675,0.036841,0.35998,-0.18509,-0.33612,-0.057652,-0.063985,-0.61251,-0.62606,-0.47976,-0.34659,0.017003,0.027495,-0.35877,-0.38593,0.34657,0.187
-0.33689,-0.3008,0.0064223,-0.057997,-0.267,-0.29225,-0.2654,-0.18405,-0.036437,-0.11757,-0.020217,-0.048045,-0.12016,-0.26804,0.23189,0,0.056654,0.24237,0.040595,0.052804,0.13746,0.48556,0.067788,-0.046441,0.08927,0.10079,0.058656,-0.050951,-0.42742,-0.28878,-0.33666,-0.29894,-0.20639,-0.3225,-0.33619,-0.4217,-0.12698,-0.25252,-0.0096661,-0.096328,-0.25427,-0.15196,-0.2728,-0.26554,-0.2706,-0.2311,0.0023824,-0.13783,-0.20729,-0.074691,-0.35027,-0.10672,-0.0046697,-0.064859,0.088064,0.0097909,0.08302,-0.069392,-0.066445,-0.00093869,-0.045354,0.13051,-0.20148,-0.263,-0.10389,-0.028351,-0.18443,-0.14543,-0.041593,-0.15334,0.11618,-0.22991,-0.061924,-0.029379,-0.054842,0.12811,-0.035528,-0.16624,-0.22856,-0.0092205,-0.22225,0.029295,0.033175,-0.10365,-0.050737,0.015655,-0.059488,-0.052994,-0.073366,-0.079747,-0.086193,-0.078701,-0.18737,-0.12358,-0.13066,-0.38986,-0.49026,-0.18287,-0.19942,-0.14908,-0.20058,-0.23816,-0.15368,0.077834,0.09296
-0.33788,-0.14113,0.031951,0.03324,-0.19178,-0.15946,-0.28201,-0.038962,-0.087797,-0.051218,-0.10294,0.047742,-0.027792,-0.12338,0.19839,0.056654,0,0.35412,0.58739,0.1218,0.16188,0.013225,0.404,-0.24944,0.087369,-0.062767,-0.38922,-0.42456,-0.46499,-0.33395,-0.40977,-0.34382,-0.14379,-0.20412,-0.34016,-0.37131,-0.15454,-0.060474,-0.020503,-0.13255,-0.29872,-0.3147,-0.29389,-0.22449,-0.24832,-0.33361,0.24128,0.2708,-0.11536,0.2294,0.01736,0.071762,-0.03589,0.026729,0.11032,0.2617,0.30578,0.19831,0.21971,-0.12835,-0.1393,-0.15405,-0.41311,-0.19561,0.0033805,0.2204,0.15687,-0.52768,-0.38335,-0.35337,-0.1889,-0.27937,-0.15579,0.17565,0.18044,0.025838,0.055181,-0.031042,-0.082908,0.063427,0.07639,0.39812,0.25368,0.043037,0.36636,0.26467,0.29286,0.24183,0.25486,0.14344,0.24002,-0.17901,-0.18537,-0.37284,-0.21841,-0.48008,-0.56889,-0.28541,-0.27618,-0.041082,-0.17202,-0.47398,-0.59941,0.019142,-0.051271
-0.36391,-0.35823,0.232,0.18174,-0.15898,-0.32439,-0.24263,-0.21817,-0.08201,-0.16932,0.013641,-0.020342,0.10889,0.02213,0.14513,0.24237,0.35412,0,0.35592,0.068108,0.19607,0.28577,0.33739,-0.15635,0.21122,0.10894,-0.2319,-0.19547,-0.58789,-0.36268,-0.51567,-0.42402,-0.072344,-0.19359,-0.32468,-0.37561,-0.050755,-0.11206,0.087886,-0.084892,-0.25994,-0.3223,-0.35815,-0.33963,-0.32406,-0.34137,0.12826,0.063861,-0.23667,0.24496,-0.028048,0.051527,0.015328,-0.13025,0.10972,0.12941,0.19755,-0.018839,0.020354,-0.066178,-0.15177,-0.039698,-0.4901,-0.26873,-0.087845,0.13535,0.065322,-0.42809,-0.30936,-0.28553,0.012553,-0.33463,-0.14388,0.10153,0.085534,0.24722,-0.0079788,0.13584,0.023034,0.29773,0.14386,0.40754,0.4334,0.18882,0.15984,0.39174,0.13561,0.070538,0.033959,-0.1074,-0.0008971,0.12133,-0.090821,-0.2606,-0.21497,-0.28234,-0.4055,-0.16136,-0.13401,-0.14575,-0.15942,-0.39056,-0.29554,0.01474,0.089128
-0.45005,-0.30119,0.13743,0.15875,-0.26268,-0.27186,-0.37125,-0.19699,-0.13542,-0.18035,-0.06111,0.018946,0.075654,-0.017128,0.068649,0.040595,0.58739,0.35592,0,0.045116,-0.0060896,-0.014348,0.30932,-0.41393,0.015441,-0.045455,-0.45419,-0.38529,-0.53143,-0.4069,-0.39797,-0.3168,-0.037191,0.0051271,-0.31542,-0.35898,0.026426,0.095271,0.20044,-0.13005,-0.41929,-0.46086,-0.32763,-0.3395,-0.26632,-0.34483,0.36056,0.33717,-0.23513,0.30962,0.032515,0.041772,-0.051545,-0.053,0.22644,0.23865,0.26898,0.29368,0.31622,-0.22061,-0.3221,-0.21295,-0.38575,-0.12607,0.019671,0.33983,0.21134,-0.49973,-0.50117,-0.44633,-0.18745,-0.1975,-0.13692,0.23252,0.18069,0.11328,0.064853,0.027501,0.042669,0.080448,0.17487,0.36254,0.38053,0.099471,0.37499,0.45746,0.62999,0.3409,0.34872,0.17409,0.15835,-0.059969,-0.12629,-0.51339,-0.32409,-0.47469,-0.64289,-0.26189,-0.31721,-0.12484,-0.23571,-0.57271,-0.63105,-0.080311,-0.070241
-0.23852,-0.11715,0.0056678,-0.096019,-0.24013,-0.1098,-0.13243,0.14708,-0.096156,0.054289,-0.13809,0.4984,0.096756,-0.077763,-0.029676,0.052804,0.1218,0.068108,0.045116,0,0.17311,-0.0016576,-0.021679,0.096221,-0.066974,0.24551,0.02806,-0.04094,-0.33543,-0.29062,-0.041183,-0.058935,0.02765,-0.14769,0.090673,-0.029616,-0.2501,-0.23928,-0.18725,0.14987,-0.32694,-0.11823,0.028915,-0.050184,0.1225,0.077887,-0.21221,-0.079129,-0.13859,-0.19617,-0.088575,0.016356,-0.15408,-0.022457,-0.18685,-0.13317,-0.098485,-0.056066,0.018079,-0.026271,-0.094849,0.082622,-0.39351,-0.3483,-0.36725,-0.25163,-0.29769,0.036336,-0.056743,-0.27777,-0.093411,-0.192,0.031814,-0.24919,-0.32144,-0.12478,0.15877,-0.22076,-0.30157,-0.19278,-0.31761,0.0039152,-0.20897,-0.18435,-0.049156,-0.10695,-0.048325,-0.14831,0.1129,-0.24254,-0.09211,-0.15291,-0.079117,-0.14713,-0.048574,-0.26131,-0.30632,-0.30469,-0.31923,0.27793,-0.078481,-0.084708,-0.12834,-0.12091,-0.096293
-0.11145,-0.013807,-0.12938,0.017443,-0.021394,-0.16322,0.052436,0.056381,0.35167,0.13467,0.13168,0.094398,-0.22757,-0.27748,0.50576,0.13746,0.16188,0.19607,-0.0060896,0.17311,0,0.079794,0.40693,0.015215,0.50933,-0.087031,-0.083561,-0.30099,-0.40055,-0.25433,-0.41844,-0.45218,-0.42104,-0.48773,-0.35121,-0.34502,-0.49885,-0.48322,-0.17366,-0.16782,-0.018857,-0.25401,-0.29891,-0.14892,-0.32026,-0.30157,-0.11146,-0.14338,0.26058,-0.080644,-0.27606,0.14146,0.12592,0.16924,0.07626,0.19791,0.14802,-0.15217,-0.11427,0.37956,0.30222,0.27889,-0.23542,-0.19199,-0.13037,-0.084583,-0.16964,-0.2526,-0.13418,-0.071061,-0.24472,-0.34709,-0.25508,-0.075968,-0.10968,0.011811,0.22192,-0.26644,-0.32594,-0.038973,-0.17643,0.060813,0.0066837,-0.19018,0.13478,-0.12217,-0.039449,-0.092823,-0.12346,-0.077881,0.22199,-0.027079,-0.15015,0.07241,0.10769,-0.32471,-0.34252,-0.33802,-0.22602,0.089193,0.12975,-0.32315,-0.26469,0.38599,0.31185
-0.3433,-0.33076,0.16481,0.03766,-0.2197,-0.24622,-0.25335,-0.23703,-0.10337,-0.20258,0.020295,-0.014027,0.032551,-0.051105,0.051301,0.48556,0.013225,0.28577,-0.014348,-0.0016576,0.079794,0,0.007153,0.090619,0.091754,0.18256,0.10868,0.11628,-0.51021,-0.40801,-0.38869,-0.35913,-0.10826,-0.24681,-0.28022,-0.41173,-0.018275,-0.19855,-0.091778,0.038237,-0.29534,-0.077174,-0.27846,-0.31611,-0.23308,-0.18902,-0.023639,-0.1159,-0.37277,-0.050856,-0.19796,-0.093554,-0.077822,-0.15306,0.02585,-0.11373,-0.028375,-0.12726,-0.11918,0.013528,-0.025178,-0.045907,-0.44562,-0.37293,-0.27947,-0.066593,-0.16115,-0.19637,-0.11888,-0.17005,0.21571,-0.16485,-0.0093572,-0.035201,-0.044974,0.22117,-0.062536,0.050475,-0.054408,0.12394,-0.088676,0.10272,0.048788,-0.013884,-0.10473,0.083846,-0.11474,-0.058632,-0.086591,-0.14813,-0.11119,0.10021,-0.039092,-0.086353,-0.10241,-0.19655,-0.28566,0.065821,-0.041326,-0.216,-0.23945,-0.18021,-0.024032,0.062833,0.0046697
-0.18479,-0.10138,-0.0069392,0.15211,-0.0011288,-0.21035,-0.073051,-0.092805,0.22637,-0.040435,0.13309,-0.059488,-0.16155,-0.23207,0.4618,0.067788,0.404,0.33739,0.30932,-0.021679,0.40693,0.007153,0,-0.25898,0.53636,-0.20414,-0.3444,-0.53935,-0.55399,-0.30202,-0.7031,-0.64664,-0.40156,-0.3945,-0.57615,-0.51038,-0.31452,-0.30068,0.13188,-0.27374,-0.023075,-0.39496,-0.50401,-0.29862,-0.52633,-0.58356,0.1856,0.12219,0.11089,0.2611,-0.18197,0.17853,0.24015,0.16812,0.34589,0.6073,0.54806,0.070568,0.071376,0.12605,0.067401,0.0057985,-0.31453,-0.051224,0.11936,0.2625,0.16661,-0.62426,-0.47268,-0.25155,-0.35435,-0.38569,-0.40038,0.18677,0.14091,0.18252,0.12427,-0.085415,-0.12765,0.14615,0.087868,0.32914,0.40157,0.059001,0.46822,0.17832,0.26047,0.18014,0.030519,0.12629,0.39753,0.017431,-0.17286,-0.16448,-0.10466,-0.43555,-0.54632,-0.32563,-0.26002,-0.07437,0.042128,-0.55358,-0.54998,0.17455,0.18139
0.016237,0.020913,-0.11409,-0.24137,-0.02036,0.099994,-0.01777,0.079735,-0.16899,-0.019202,-0.2035,0.06575,-0.015976,-0.06496,-0.20523,-0.046441,-0.24944,-0.15635,-0.41393,0.096221,0.015215,0.090619,-0.25898,0,-0.1253,0.075547,0.33727,0.2121,-0.17188,-0.13131,-0.049453,-0.11046,-0.11263,-0.32581,0.026479,-0.0095651,-0.31764,-0.46026,-0.38474,0.16915,-0.021602,0.36804,0.0049014,0.025867,0.05164,0.092823,-0.48702,-0.41797,-0.22353,-0.40531,-0.19045,-0.12851,-0.14802,-0.082022,-0.29089,-0.30958,-0.25119,-0.37913,-0.3837,0.022861,0.18987,0.036288,-0.32365,-0.34245,-0.50856,-0.51077,-0.51995,0.055644,0.034434,-0.050624,-0.012441,-0.15469,-0.060082,-0.4433,-0.49383,-0.1852,-0.18079,-0.18694,-0.31489,-0.18873,-0.4629,-0.23741,-0.41461,-0.29308,-0.35242,-0.37399,-0.52801,-0.44025,-0.30178,-0.41121,-0.33452,0.0064639,0.12698,0.2616,0.30446,0.12758,0.16271,0.065108,0.078012,-0.0071055,0.038783,0.16374,0.29002,-0.11552,-0.094487
-0.20383,-0.19011,-0.012559,0.18012,-0.044178,-0.35235,0.047255,-0.19383,0.57034,-0.025772,0.40788,-0.039716,-0.20425,-0.23261,0.43352,0.08927,0.087369,0.21122,0.015441,-0.066974,0.50933,0.091754,0.53636,-0.1253,0,-0.16841,-0.13354,-0.41365,-0.62323,-0.42389,-0.67724,-0.81773,-0.46743,-0.47603,-0.52631,-0.53777,-0.33855,-0.42781,-0.0095413,-0.33752,-4.7529e-05,-0.41178,-0.54506,-0.41283,-0.59871,-0.53519,-0.011359,-0.067021,0.1123,0.062631,-0.29512,-0.022368,0.086841,0.015393,0.14558,0.23749,0.17111,-0.13778,-0.13974,0.35225,0.19118,0.10513,-0.23704,-0.11229,-0.013445,0.01717,-0.021358,-0.44817,-0.31714,-0.1238,-0.31371,-0.35615,-0.34475,-0.01995,-0.017645,0.22651,0.22589,-0.1097,-0.19754,0.16646,-0.014229,0.046905,0.13603,-0.043227,0.20491,0.01537,0.0074144,-0.0082284,-0.15558,-0.056036,0.27397,0.10065,-0.24346,0.055442,-0.032391,-0.2992,-0.37332,-0.27587,-0.15472,-0.10016,0.047927,-0.34115,-0.26523,0.22016,0.19743
-0.27081,-0.33816,0.13554,-0.087304,-0.25118,-0.23826,-0.096477,-0.065405,-0.24229,-0.13251,-0.11627,0.2549,0.35,0.18814,-0.20761,0.10079,-0.062767,0.10894,-0.045455,0.24551,-0.087031,0.18256,-0.20414,0.075547,-0.16841,0,0.069065,0.19359,-0.26123,-0.29668,0.049846,0.021281,0.30423,0.048889,0.25684,0.032949,0.06389,0.021744,-0.20252,0.27558,-0.40543,-0.062138,0.16334,-0.10018,0.15787,0.13912,-0.17417,-0.10684,-0.41987,-0.14648,0.031185,-0.11661,-0.3153,-0.41255,-0.31923,-0.39355,-0.22974,-0.11223,-0.021584,-0.11432,-0.25634,-0.060551,-0.47619,-0.42586,-0.51569,-0.21965,-0.23263,0.043738,0.023182,-0.09157,0.3495,-0.099174,0.29736,-0.18774,-0.16288,-0.087387,-0.04814,-0.032771,-0.10882,-0.14409,-0.21899,-0.05502,-0.20052,-0.029355,-0.26405,-0.029527,-0.11038,-0.14056,0.047742,-0.27783,-0.24005,-0.046216,-0.02522,-0.17125,-0.1393,-0.12045,-0.17503,-0.035706,0.011936,-0.14242,-0.39244,-0.041326,0.12805,-0.27595,-0.19898
-0.077038,-0.16939,-0.11344,-0.21264,-0.13857,-0.14055,-0.0082462,-0.11428,-0.088962,-0.11855,-0.090993,0.038451,-0.14371,-0.23124,-0.19303,0.058656,-0.38922,-0.2319,-0.45419,0.02806,-0.083561,0.10868,-0.3444,0.33727,-0.13354,0.069065,0,0.27424,-0.20153,-0.26821,-0.036478,-0.1332,-0.1553,-0.31733,0.024198,-0.024804,-0.26816,-0.45282,-0.30613,-0.021566,-0.1094,0.1003,-0.0080145,-0.11016,0.01891,0.11821,-0.44052,-0.33912,-0.24453,-0.4354,-0.36399,-0.2827,-0.18906,-0.20166,-0.3,-0.37988,-0.32707,-0.30327,-0.29467,0.072582,0.044065,0.037363,-0.15831,-0.19977,-0.35121,-0.48887,-0.45617,0.2225,0.20386,0.079379,0.061805,0.03873,0.066088,-0.44417,-0.44926,-0.12169,-0.10308,-0.27985,-0.38676,-0.24945,-0.54673,-0.34721,-0.47393,-0.29788,-0.40394,-0.38492,-0.48739,-0.37559,-0.24041,-0.44742,-0.33771,-0.10247,-0.13171,0.074483,-0.067972,-0.12454,-0.080032,-0.07175,-0.024602,-0.030418,-0.1354,0.15743,0.34276,-0.19896,-0.22169
-0.14187,-0.29619,-0.0052875,-0.1895,-0.18237,-0.090922,-0.18965,-0.17391,-0.46555,-0.37111,-0.29529,-0.03444,0.095182,0.063938,-0.44643,-0.050951,-0.42456,-0.19547,-0.38529,-0.04094,-0.30099,0.11628,-0.53935,0.2121,-0.41365,0.19359,0.27424,0,-0.12942,-0.16723,0.047933,0.054385,0.1338,-0.026046,0.18985,0.041296,-0.043316,-0.18066,-0.33957,0.17795,-0.29739,0.16834,0.092003,-0.069451,0.193,0.26777,-0.44962,-0.40933,-0.53297,-0.39111,-0.14999,-0.23486,-0.25078,-0.33743,-0.32978,-0.56837,-0.45269,-0.39461,-0.34491,-0.19786,-0.22955,-0.086377,-0.35158,-0.36892,-0.61683,-0.49238,-0.51358,0.24358,0.15279,-0.090476,0.36413,-0.012845,0.14632,-0.40291,-0.4409,-0.14593,-0.25478,-0.047154,-0.061609,-0.20579,-0.3199,-0.25257,-0.39764,-0.16136,-0.54433,-0.2474,-0.41908,-0.44253,-0.26814,-0.51486,-0.58391,-0.018298,0.12041,-0.069249,-0.10053,0.034821,0.050725,0.16709,0.035112,-0.12654,-0.24478,0.1211,0.36977,-0.2579,-0.20924
0.17924,0.16202,-0.65178,-0.67593,-0.044784,0.13797,-0.066968,0.088457,-0.41418,-0.041142,-0.5493,-0.40921,-0.4233,-0.3495,-0.40053,-0.42742,-0.46499,-0.58789,-0.53143,-0.33543,-0.40055,-0.51021,-0.55399,-0.17188,-0.62323,-0.26123,-0.20153,-0.12942,0,0.46406,0.2927,0.37025,-0.16915,-0.13333,0.048669,0.24807,-0.29656,-0.11764,-0.43891,-0.05281,-0.015471,0.1145,0.26239,0.40222,0.085706,0.031624,-0.34003,-0.32391,-0.030139,-0.44606,-0.16155,-0.13379,-0.234,-0.21075,-0.48413,-0.41466,-0.3558,-0.22022,-0.19471,-0.29705,-0.18378,-0.24804,0.05745,-0.15886,-0.22784,-0.2999,-0.26028,0.087435,0.080097,0.13295,-0.1469,-0.10684,-0.15447,-0.23814,-0.20678,-0.83418,-0.58653,-0.53098,-0.39074,-0.74738,-0.4461,-0.42229,-0.50195,-0.44224,-0.4847,-0.62419,-0.39913,-0.31391,-0.26638,-0.19134,-0.34974,-0.51915,-0.14684,-0.19846,-0.12923,-0.10468,0.036318,-0.21285,-0.16436,-0.29719,-0.27268,-0.14946,-0.11552,-0.32531,-0.33819
0.30419,0.21585,-0.46838,-0.49173,0.15223,0.24337,-0.050808,0.16429,-0.39285,-0.131,-0.47976,-0.50716,-0.34372,-0.35319,-0.2727,-0.28878,-0.33395,-0.36268,-0.4069,-0.29062,-0.25433,-0.40801,-0.30202,-0.13131,-0.42389,-0.29668,-0.26821,-0.16723,0.46406,0,-0.0061846,0.1102,-0.22993,-0.26661,-0.13817,0.051669,-0.34222,-0.24076,-0.22612,-0.054753,0.19351,0.19901,0.032058,0.34123,-0.088171,-0.18009,-0.25102,-0.32502,0.023004,-0.24674,-0.16431,-0.0051806,0.052923,-0.012839,-0.26294,-0.17156,-0.11129,-0.22552,-0.23392,-0.25785,-0.1228,-0.068887,-0.051871,-0.19062,-0.13827,-0.17735,-0.20883,-0.063979,-0.063664,-0.018239,-0.17617,-0.36771,-0.36917,-0.12878,-0.1718,-0.47707,-0.58466,-0.35543,-0.27724,-0.40871,-0.30842,-0.21992,-0.28143,-0.24493,-0.30361,-0.40629,-0.31191,-0.27594,-0.29833,-0.17784,-0.33325,-0.3373,-0.024572,-0.10053,-0.028042,-0.078315,-0.03068,-0.17823,-0.17241,-0.28503,-0.095134,-0.23291,-0.19417,-0.24521,-0.1153
-0.090583,-0.05707,-0.3979,-0.52621,-0.31339,-0.035438,-0.14158,0.045978,-0.41623,-0.014181,-0.48151,-0.016962,-0.13144,-0.11281,-0.50096,-0.33666,-0.40977,-0.51567,-0.39797,-0.041183,-0.41844,-0.38869,-0.7031,-0.049453,-0.67724,0.049846,-0.036478,0.047933,0.2927,-0.0061846,0,0.78048,0.11713,0.12174,0.57789,0.52163,-0.1469,-0.0040637,-0.4838,0.099281,-0.32776,0.027471,0.66368,0.2322,0.49917,0.49537,-0.45191,-0.30833,-0.25671,-0.60844,-0.11879,-0.2829,-0.53639,-0.37413,-0.63326,-0.6255,-0.5319,-0.20755,-0.14931,-0.32804,-0.30708,-0.21159,-0.036033,-0.24987,-0.4704,-0.49922,-0.45152,0.3522,0.15453,-0.014556,-0.016908,0.086223,0.24221,-0.45103,-0.40892,-0.71709,-0.29019,-0.47256,-0.39945,-0.79462,-0.59559,-0.53338,-0.73901,-0.50788,-0.54793,-0.56523,-0.36715,-0.3671,-0.12692,-0.28067,-0.3969,-0.43569,-0.11765,-0.21677,-0.12626,-0.066908,0.029289,-0.19602,-0.16996,-0.11359,-0.33979,0.075303,0.068156,-0.44401,-0.46712
-0.075719,-0.020877,-0.39373,-0.56855,-0.28821,0.049263,-0.24143,0.077198,-0.58152,-0.044083,-0.64953,-0.11087,-0.1339,-0.12789,-0.50617,-0.29894,-0.34382,-0.42402,-0.3168,-0.058935,-0.45218,-0.35913,-0.64664,-0.11046,-0.81773,0.021281,-0.1332,0.054385,0.37025,0.1102,0.78048,0,0.13487,0.11877,0.40364,0.4741,-0.12044,0.039918,-0.38179,0.1816,-0.32702,0.076444,0.6332,0.33711,0.50951,0.41343,-0.35272,-0.25587,-0.29144,-0.50456,-0.084779,-0.16817,-0.41462,-0.29767,-0.52236,-0.52234,-0.41621,-0.1339,-0.075178,-0.42997,-0.35295,-0.26554,-0.10759,-0.27658,-0.40901,-0.37183,-0.3649,0.26624,0.084339,-0.095467,0.01932,0.036597,0.15673,-0.3289,-0.32615,-0.70305,-0.42046,-0.43148,-0.34219,-0.75083,-0.51264,-0.36413,-0.51834,-0.43995,-0.50401,-0.46384,-0.30768,-0.30196,-0.082165,-0.23223,-0.4234,-0.44428,-0.058769,-0.32527,-0.17499,-0.08747,-0.016582,-0.17684,-0.23926,-0.15323,-0.35567,-0.02639,-0.044273,-0.44142,-0.44911
-0.32733,-0.3949,0.21527,-0.044118,-0.31467,-0.21941,-0.27784,-0.15222,-0.51868,-0.2811,-0.25065,-0.018809,0.4874,0.37407,-0.50551,-0.20639,-0.14379,-0.072344,-0.037191,0.02765,-0.42104,-0.10826,-0.40156,-0.11263,-0.46743,0.30423,-0.1553,0.1338,-0.16915,-0.22993,0.11713,0.13487,0,0.44493,0.33536,0.1043,0.34806,0.32251,-0.14313,0.17766,-0.52918,-0.10775,0.086668,-0.16242,0.14282,0.098622,-0.16296,-0.014163,-0.69231,-0.10165,0.28332,-0.29884,-0.43785,-0.52148,-0.40765,-0.47966,-0.35154,-0.089651,-0.025392,-0.37856,-0.55116,-0.28457,-0.41523,-0.40471,-0.40608,-0.22052,-0.1387,0.037952,-0.11522,-0.29644,0.18114,-0.13772,0.16085,-0.23767,-0.21118,-0.16919,-0.20057,0.14199,0.15205,-0.11014,-0.031161,-0.096103,-0.21818,0.040197,-0.21608,0.064752,-0.071275,-0.12804,0.096869,-0.34679,-0.39505,-0.11592,0.0032854,-0.31419,-0.28341,-0.054183,-0.12048,0.0022279,-0.088664,-0.22367,-0.49032,-0.012868,0.030068,-0.58657,-0.42716
-0.40021,-0.39956,0.0047944,-0.046655,-0.39224,-0.27487,-0.3519,-0.27688,-0.43408,-0.32303,-0.22256,-0.078606,0.19218,0.26552,-0.49506,-0.3225,-0.20412,-0.19359,0.0051271,-0.14769,-0.48773,-0.24681,-0.3945,-0.32581,-0.47603,0.048889,-0.31733,-0.026046,-0.13333,-0.26661,0.12174,0.11877,0.44493,0,0.18723,0.056814,0.33089,0.48301,-0.13268,0.02544,-0.60489,-0.29808,0.015346,-0.21439,0.042193,0.022837,-0.10282,-0.036252,-0.51626,-0.16022,0.12937,-0.29407,-0.47419,-0.4598,-0.26876,-0.38383,-0.35358,-0.066201,-0.015744,-0.42706,-0.64241,-0.34023,-0.22123,-0.24069,-0.34632,-0.15298,-0.1324,-0.055947,-0.25112,-0.30712,-0.024341,-0.011763,0.14464,-0.16897,-0.15545,-0.24237,-0.15176,-0.0056678,0.12698,-0.22649,0.0024299,-0.22307,-0.22356,-0.10575,-0.19768,-0.018768,0.059904,-0.07885,0.063807,-0.15009,-0.26904,-0.10823,0.0081155,-0.42935,-0.31565,-0.10306,-0.15794,-0.074109,-0.17998,-0.27043,-0.43184,-0.19759,-0.13527,-0.41954,-0.36876
-0.10449,-0.18019,-0.14244,-0.29136,-0.2487,-0.10906,-0.050392,0.01673,-0.40487,-0.11135,-0.35889,0.14091,0.1157,0.10916,-0.52676,-0.33619,-0.34016,-0.32468,-0.31542,0.090673,-0.35121,-0.28022,-0.57615,0.026479,-0.52631,0.25684,0.024198,0.18985,0.048669,-0.13817,0.57789,0.40364,0.33536,0.18723,0,0.57492,-0.08848,-0.0041766,-0.43259,0.15773,-0.34605,-0.014597,0.56197,0.11257,0.55341,0.57581,-0.48658,-0.24138,-0.36557,-0.44601,0.008668,-0.25884,-0.49974,-0.47447,-0.64156,-0.65875,-0.52346,-0.24826,-0.14759,-0.24663,-0.33285,-0.16866,-0.24584,-0.28536,-0.56826,-0.53036,-0.40015,0.30576,0.12808,-0.053345,0.096738,0.03365,0.32048,-0.49361,-0.4397,-0.45167,-0.17148,-0.22406,-0.21176,-0.4677,-0.40216,-0.36522,-0.58177,-0.25805,-0.47192,-0.35134,-0.31411,-0.37303,-0.077495,-0.44244,-0.4085,-0.25292,-0.044398,-0.18605,-0.15513,-0.028214,0.035545,-0.12452,-0.075143,-0.02642,-0.31859,0.15492,0.20087,-0.50444,-0.45096
0.098384,0.023158,-0.31137,-0.40664,-0.087577,0.056208,0.001004,0.1097,-0.41233,-0.026741,-0.47963,-0.022457,-0.07178,-0.050606,-0.50396,-0.4217,-0.37131,-0.37561,-0.35898,-0.029616,-0.34502,-0.41173,-0.51038,-0.0095651,-0.53777,0.032949,-0.024804,0.041296,0.24807,0.051669,0.52163,0.4741,0.1043,0.056814,0.57492,0,-0.23773,-0.106,-0.35984,0.11969,-0.12889,0.054099,0.62649,0.35249,0.46376,0.42728,-0.46154,-0.22687,-0.2099,-0.45366,-0.061585,-0.1289,-0.32075,-0.30787,-0.52827,-0.45347,-0.3623,-0.1842,-0.10604,-0.25017,-0.23228,-0.19372,-0.14848,-0.11591,-0.36674,-0.43698,-0.31155,0.18786,0.044023,0.033632,-0.045336,0.078986,0.13862,-0.41489,-0.39034,-0.58402,-0.32496,-0.36762,-0.33641,-0.60377,-0.48034,-0.35416,-0.51172,-0.33166,-0.45081,-0.46803,-0.34416,-0.34517,-0.099002,-0.35434,-0.37172,-0.27048,0.0010278,-0.22618,-0.14179,-0.035379,0.06878,-0.18156,-0.10206,-0.052073,-0.1944,0.016849,0.062167,-0.49574,-0.44638
-0.52788,-0.57035,0.22029,0.034886,-0.38301,-0.35769,-0.44579,-0.42878,-0.41156,-0.46393,-0.071055,-0.24553,0.25201,0.25112,-0.45806,-0.12698,-0.15454,-0.050755,0.026426,-0.2501,-0.49885,-0.018275,-0.31452,-0.31764,-0.33855,0.06389,-0.26816,-0.043316,-0.29656,-0.34222,-0.1469,-0.12044,0.34806,0.33089,-0.08848,-0.23773,0,0.54503,0.050493,0.0015328,-0.62695,-0.25125,-0.2094,-0.46,-0.16452,-0.22525,0.13544,0.044023,-0.78481,0.085949,0.22229,-0.37728,-0.4092,-0.50283,-0.21618,-0.35876,-0.2812,0.012013,-0.03766,-0.47211,-0.69558,-0.43678,-0.38076,-0.43733,-0.29382,0.034601,0.0036359,-0.18509,-0.31835,-0.37294,0.069576,-0.12116,-0.0046281,0.022594,0.026414,0.028998,-0.22234,0.24625,0.25953,0.053672,0.14505,-0.089009,-0.058424,0.04334,-0.13862,0.22115,0.035147,0.082824,0.056559,-0.11802,-0.31229,-0.039122,-0.094885,-0.38429,-0.39746,-0.051818,-0.18912,0.1313,-0.060985,-0.60362,-0.71498,-0.24117,-0.14534,-0.46587,-0.36065
-0.4333,-0.38758,0.010528,-0.069849,-0.3706,-0.27688,-0.38487,-0.26993,-0.43098,-0.31329,-0.1849,-0.21073,0.11538,0.17675,-0.4121,-0.25252,-0.060474,-0.11206,0.095271,-0.23928,-0.48322,-0.19855,-0.30068,-0.46026,-0.42781,0.021744,-0.45282,-0.18066,-0.11764,-0.24076,-0.0040637,0.039918,0.32251,0.48301,-0.0041766,-0.106,0.54503,0,-0.077062,-0.012191,-0.64963,-0.31404,-0.049453,-0.25532,-0.057313,-0.14739,0.16621,0.13935,-0.51722,0.052923,0.31334,-0.27268,-0.45396,-0.48212,-0.26228,-0.32665,-0.25124,0.11489,0.11691,-0.49238,-0.71661,-0.4847,-0.29868,-0.34595,-0.24787,0.085688,0.082337,-0.19958,-0.27928,-0.27754,0.016255,-0.066908,0.064781,0.082022,0.14278,-0.18333,-0.21581,0.048889,0.15655,-0.14679,0.11608,-0.083668,-0.086603,-0.047499,-0.10159,0.11676,0.14373,0.15778,0.17855,0.019843,-0.17596,-0.22332,-0.13783,-0.52587,-0.42164,-0.17725,-0.2444,-0.024994,-0.13076,-0.52105,-0.78773,-0.35361,-0.30109,-0.42265,-0.40632
-0.22041,-0.26196,0.14215,0.14434,-0.060736,-0.21247,-0.24769,-0.2592,-0.11321,-0.28306,0.02219,-0.2699,-0.00016041,-0.10017,-0.10297,-0.0096661,-0.020503,0.087886,0.20044,-0.18725,-0.17366,-0.091778,0.13188,-0.38474,-0.0095413,-0.20252,-0.30613,-0.33957,-0.43891,-0.22612,-0.4838,-0.38179,-0.14313,-0.13268,-0.43259,-0.35984,0.050493,-0.077062,0,-0.1596,-0.13898,-0.31113,-0.43713,-0.37927,-0.40891,-0.50696,0.26795,0.14493,-0.27139,0.31616,-0.085326,-0.020526,0.15949,-0.0038676,0.26715,0.20478,0.25578,0.2209,0.11182,-0.21075,-0.29178,-0.20373,-0.30188,-0.062714,0.106,0.32769,0.18315,-0.38562,-0.57329,-0.40496,-0.28218,-0.234,-0.40619,0.17976,0.030668,0.26423,-0.13651,0.011936,0.01755,0.10987,0.059357,0.16396,0.31937,0.079153,0.20716,0.26277,0.23442,0.23487,0.092449,0.037542,-0.071774,0.11939,-0.062185,-0.3003,-0.27174,-0.25277,-0.43265,-0.12314,-0.25248,-0.35702,-0.19346,-0.48755,-0.43794,-0.28731,-0.091492
-0.087803,0.00075452,-0.051949,-0.24455,-0.097564,0.19348,-0.18963,0.14682,-0.40378,-0.07939,-0.30317,0.062607,0.19112,0.11804,-0.36993,-0.096328,-0.13255,-0.084892,-0.13005,0.14987,-0.16782,0.038237,-0.27374,0.16915,-0.33752,0.27558,-0.021566,0.17795,-0.05281,-0.054753,0.099281,0.1816,0.17766,0.02544,0.15773,0.11969,0.0015328,-0.012191,-0.1596,0,-0.28623,0.24376,0.23146,0.13577,0.29092,0.12974,-0.12703,-0.11581,-0.36603,-0.19637,0.11404,0.11399,-0.17265,-0.10046,-0.23941,-0.32003,-0.17957,0.0026794,0.012999,-0.23478,-0.18103,-0.22433,-0.56785,-0.48214,-0.59788,-0.15228,-0.24071,0.044095,-0.15585,-0.20264,0.056321,-0.044707,0.039633,-0.085504,-0.18786,-0.22229,-0.26217,-0.13597,-0.16402,-0.28762,-0.28772,-0.017425,-0.22766,-0.2185,-0.27114,-0.16995,-0.14465,-0.08646,0.070776,-0.13362,-0.27171,-0.030519,0.30983,-0.18215,0.023705,0.074465,0.0086502,0.12922,-0.079628,-0.21669,-0.27718,-0.15991,-0.027192,-0.27015,-0.22726
0.4978,0.22026,-0.34483,-0.25664,0.44011,0.092734,0.25544,0.045556,-0.010652,-0.054693,-0.17807,-0.37665,-0.40279,-0.41633,-0.033145,-0.25427,-0.29872,-0.25994,-0.41929,-0.32694,-0.018857,-0.29534,-0.023075,-0.021602,-4.7529e-05,-0.40543,-0.1094,-0.29739,-0.015471,0.19351,-0.32776,-0.32702,-0.52918,-0.60489,-0.34605,-0.12889,-0.62695,-0.64963,-0.13898,-0.28623,0,0.053428,-0.23203,0.064104,-0.35405,-0.34865,-0.31598,-0.29074,0.19243,-0.18083,-0.36374,0.014128,0.2718,0.07279,-0.084524,0.041677,0.064764,-0.28782,-0.30036,0.10378,0.27594,0.018304,-0.064484,0.10179,0.043946,-0.19388,-0.12746,-0.28223,-0.19025,0.086823,-0.35481,-0.35469,-0.54573,-0.20539,-0.21326,-0.21471,-0.33454,-0.30353,-0.32255,-0.20067,-0.27766,-0.17063,-0.1563,-0.13652,-0.15834,-0.36499,-0.34859,-0.28938,-0.39213,-0.2217,-0.11838,-0.10766,-0.094011,0.13379,0.068631,-0.13939,-0.078802,-0.21688,-0.057783,-0.14892,0.21429,-0.17875,-0.13304,-0.11704,-0.023129
0.1851,0.17465,-0.25138,-0.46576,0.082694,0.43465,-0.10485,0.15737,-0.4565,-0.13992,-0.47062,-0.20523,-0.10978,-0.17319,-0.37329,-0.15196,-0.3147,-0.3223,-0.46086,-0.11823,-0.25401,-0.077174,-0.39496,0.36804,-0.41178,-0.062138,0.1003,0.16834,0.1145,0.19901,0.027471,0.076444,-0.10775,-0.29808,-0.014597,0.054099,-0.25125,-0.31404,-0.31113,0.24376,0.053428,0,0.11396,0.24635,0.11808,0.041582,-0.34603,-0.3462,-0.27052,-0.3396,-0.13149,-0.063819,-0.07156,-0.044463,-0.29952,-0.32676,-0.20008,-0.23549,-0.27621,-0.21948,0.0057925,-0.16307,-0.31183,-0.30813,-0.39835,-0.33543,-0.36282,0.0083115,-0.029052,-0.059559,-0.0035646,-0.14562,-0.15555,-0.25768,-0.31769,-0.3281,-0.51679,-0.22261,-0.27963,-0.32835,-0.46069,-0.20447,-0.40093,-0.2594,-0.43546,-0.40061,-0.49793,-0.33236,-0.25241,-0.265,-0.43328,-0.18172,0.15827,0.016552,0.12025,0.083935,0.13243,0.13806,0.043679,-0.21191,-0.11547,0.016415,0.082195,-0.28125,-0.23386
