,,,,,,,,,,,,,,,,,,,,,,,,,,,,,,,,,,,,,,,,,,,,,,,,,,,,,,,,,,,,,,,,,,,,,,,,,,,,,,,,,,,,,,,,,,,,,,,,,,,,,,,,
0,0.33518,0.031979,0.16356,0.41287,0.38372,0.12871,0.32798,-0.097792,0.13334,-0.094814,0.16386,-0.0045247,0.045903,0.30893,0.035128,0.21954,0.027675,0.20924,0.047266,0.22342,0.14425,0.41721,0.099286,0.1126,-0.036187,-0.046555,0.078565,-0.1233,0.1819,-0.18016,-0.0065723,-0.060843,-0.10166,-0.061353,-0.088437,-0.17477,-0.12934,-0.097196,0.11386,0.031497,0.17816,0.1032,0.66303,0.15967,0.23543,0.1516,0.11036,-0.028511,0.055675,0.026076,0.50644,0.59715,0.31855,0.19256,0.12568,0.32142,0.12476,0.10938,0.2879,0.38048,0.049348,-0.21912,-0.067158,-0.11942,0.16596,0.019646,-0.032598,-0.0044351,0.14052,0.052771,0.042549,0.06712,0.44328,0.22645,0.10467,0.26758,0.016552,0.20246,-0.061418,0.14142,0.2688,0.20761,-0.050908,0.30709,0.035655,0.12909,0.18854,0.12978,0.11518,0.24901,0.089309,0.43882,0.13957,0.31059,-0.15825,-0.13644,0.21823,-0.060084,0.36988,0.034878,-0.19897,-0.14183,0.17063,0.12156
0.33518,0,-0.081678,0.029365,0.26337,0.43561,0.0062904,0.16681,-0.081441,0.074947,-0.2189,0.059414,-0.11051,-0.056625,0.38375,-0.083081,0.25857,-0.075881,0.14097,-0.052618,0.14146,0.023143,0.59388,0.033871,0.059135,-0.14496,-0.16172,-0.035221,-0.052786,0.069784,-0.29104,-0.10873,-0.17485,-0.17755,-0.17184,-0.19567,-0.31793,-0.22568,-0.16947,-0.0043587,0.14071,0.10768,-0.010256,0.29623,0.055124,0.082818,0.1055,0.03833,0.094471,-0.039315,-0.049405,0.2285,0.26843,0.8032,0.28595,0.26216,0.37782,0.06688,0.030769,0.11685,0.53193,-0.057255,-0.13146,0.0066935,-0.058737,0.12862,-0.014035,-0.14834,-0.10833,0.13142,-0.056528,0.13324,-0.035728,0.33655,0.33465,-0.015851,0.13652,-0.068396,0.060245,-0.12466,0.028867,0.11173,0.094751,-0.15768,0.23164,-0.07512,0.059913,0.11095,0.031033,0.26013,0.37434,-0.017134,0.21686,0.050605,0.27032,-0.18616,-0.10709,0.13621,-0.038542,0.40006,0.15458,-0.34142,-0.27057,0.31916,0.13084
0.031979,-0.081678,0,0.28616,0.050199,-0.028292,0.40583,0.1423,-0.14443,0.033995,0.28171,0.23056,0.49211,0.36145,-0.071098,0.48035,-0.023267,0.38928,0.049875,0.42106,0.091391,0.28479,-0.040424,0.12159,0.050982,0.44288,0.38981,0.39827,-0.28086,0.18899,0.10819,0.27254,0.38983,0.072825,0.38733,0.2114,0.16382,0.13977,0.055722,0.41034,-0.31768,0.096595,0.43023,0.055775,0.23267,0.24966,0.042746,0.11124,-0.42762,0.36986,0.2377,0.097162,0.051775,-0.092426,-0.13576,-0.20822,-0.062555,0.054281,0.11359,0.17529,-0.063608,0.3302,-0.33821,-0.30594,-0.25854,0.0028803,0.017069,0.39724,0.42393,-0.081675,0.44254,-0.25671,0.40388,0.025172,-0.068908,0.38891,0.16239,0.26105,0.28593,0.13333,0.31541,0.21008,0.097125,0.40388,0.018539,0.62442,0.07442,0.075487,0.19278,-0.21886,-0.095797,0.17638,0.080009,0.13605,-0.0076159,-0.01018,-0.11957,0.075055,-0.082758,-0.014333,-0.31642,0.14516,0.2028,-0.15286,-0.052601
0.16356,0.029365,0.28616,0,0.13494,0.060519,0.39444,0.23757,-0.070278,0.17482,0.13241,0.21599,0.18575,0.19244,0.065578,0.30134,0.022452,0.18842,0.19127,0.21069,0.11608,0.27496,0.067091,0.083124,0.055393,0.16019,0.15745,0.26324,-0.18201,0.19539,0.027581,0.24482,0.16155,0.075856,0.14638,0.13329,0.045582,0.073553,0.071099,0.31391,-0.15628,0.1005,0.32975,0.18501,0.21111,0.40051,0.15644,0.22228,-0.24313,0.20913,0.10877,0.23138,0.20803,0.021472,0.0038264,-0.065487,0.07506,0.18137,0.24453,0.4408,0.051232,0.20284,-0.26943,-0.16168,-0.15961,0.13827,0.09557,0.21907,0.16967,0.045321,0.23557,-0.10138,0.22945,0.12862,0.023533,0.32087,0.23883,0.11776,0.41513,0.011614,0.30079,0.34029,0.30216,0.15211,0.16594,0.30168,0.21137,0.22012,0.32801,-0.077972,0.032358,0.21638,0.20005,0.13316,0.068163,-0.11349,-0.20169,0.10991,-0.14168,0.079782,-0.17137,-0.0024771,0.047701,-0.061288,-0.023551
0.41287,0.26337,0.050199,0.13494,0,0.43511,0.14307,0.37521,-0.18975,0.040008,-0.090576,0.23072,0.033499,0.10191,0.17726,0.047954,0.30216,0.07881,0.11141,0.089746,0.4043,0.20149,0.32835,0.20921,0.20779,-0.0022347,-0.016036,0.12235,-0.20481,0.28416,-0.20374,-0.034611,-0.046697,-0.16047,-0.038991,-0.11037,-0.17002,-0.15797,-0.15975,0.15211,-0.00065354,0.32819,0.12291,0.4199,0.23541,0.24953,0.071953,0.044762,-0.049696,0.09382,0.094408,0.43474,0.32891,0.24924,0.10303,0.062181,0.18328,0.040549,0.038156,0.22099,0.30087,0.099742,-0.30467,-0.13907,-0.20543,0.065431,-0.055485,-0.033806,0.040675,0.070388,0.097573,-0.023246,0.11441,0.37268,0.17608,0.13959,0.30182,0.086326,0.22207,0.01709,0.17192,0.28342,0.11397,-0.026345,0.1716,0.043964,0.046238,0.099776,0.079901,0.055973,0.14523,0.10238,0.46987,0.2392,0.44652,-0.075529,-0.058908,0.37956,0.021967,0.32292,0.020141,-0.15217,-0.1022,0.18406,0.20934
0.38372,0.43561,-0.028292,0.060519,0.43511,0,0.058753,0.24943,-0.15687,0.03492,-0.17003,0.13607,-0.044769,0.015833,0.24518,-0.033012,0.37202,-0.0049411,0.10947,0.012235,0.26297,0.094977,0.51409,0.12537,0.1392,-0.079368,-0.096445,0.031088,-0.13359,0.15884,-0.27771,-0.092848,-0.12137,-0.20365,-0.11294,-0.17643,-0.26027,-0.21833,-0.20013,0.059636,0.070633,0.2178,0.043442,0.35916,0.13535,0.14243,0.074312,0.024168,0.031644,0.021743,0.025736,0.3035,0.28498,0.40662,0.16857,0.14406,0.24737,0.033976,0.014107,0.14555,0.43508,0.011954,-0.21473,-0.073475,-0.14054,0.076826,-0.055517,-0.10749,-0.038764,0.084726,0.010815,0.043015,0.031594,0.40124,0.26474,0.046143,0.20758,0.0096793,0.11949,-0.043603,0.088542,0.17486,0.081053,-0.098754,0.1846,-0.028922,0.032551,0.08806,0.038253,0.14203,0.22539,0.026519,0.30366,0.13643,0.41489,-0.11488,-0.062242,0.24785,0.016673,0.43179,0.096137,-0.2387,-0.18615,0.29394,0.20384
0.12871,0.0062904,0.40583,0.39444,0.14307,0.058753,0,0.27654,-0.14784,0.083785,0.14959,0.36277,0.30274,0.31141,0.010905,0.32342,0.055928,0.29936,0.12558,0.39268,0.1695,0.35768,0.050022,0.15509,0.079959,0.25277,0.21649,0.37458,-0.25853,0.27338,0.033386,0.2157,0.21786,0.028645,0.22105,0.12769,0.061357,0.070809,0.014615,0.55562,-0.21725,0.16226,0.69402,0.16086,0.35225,0.44446,0.1081,0.16494,-0.27705,0.38491,0.23325,0.21238,0.14669,-0.0058239,-0.059563,-0.11991,0.01939,0.1069,0.16117,0.30058,0.019933,0.27884,-0.39273,-0.25447,-0.24735,0.064759,0.038264,0.23744,0.28005,-0.035676,0.36172,-0.17631,0.39711,0.12428,0.015862,0.40999,0.3035,0.22566,0.49108,0.088579,0.49806,0.3853,0.15956,0.23696,0.10316,0.41242,0.12696,0.14946,0.26864,-0.12632,-0.011861,0.17257,0.17258,0.17583,0.066469,-0.058332,-0.14295,0.13893,-0.082134,0.079572,-0.21314,0.044868,0.08996,-0.074003,-0.0075026
0.32798,0.16681,0.1423,0.23757,0.37521,0.24943,0.27654,0,-0.17137,0.088115,-0.012857,0.38572,0.11117,0.16328,0.13453,0.11757,0.23019,0.14059,0.17888,0.18815,0.32609,0.26405,0.23164,0.18911,0.12887,0.073223,0.047319,0.1901,-0.21468,0.3151,-0.10181,0.057528,0.038601,-0.08041,0.045458,-0.02006,-0.086149,-0.059726,-0.089332,0.25986,-0.083065,0.27565,0.25375,0.40488,0.36772,0.41735,0.1443,0.13651,-0.11646,0.20425,0.16039,0.4958,0.30361,0.14844,0.047956,0.0024297,0.14351,0.10776,0.12155,0.33165,0.17352,0.14438,-0.37039,-0.17528,-0.21702,0.10744,0.010628,0.049622,0.10916,0.019699,0.1694,-0.072095,0.20905,0.35919,0.16237,0.21385,0.65634,0.13447,0.36804,0.031222,0.32735,0.54054,0.16126,0.060055,0.20737,0.14701,0.11697,0.1789,0.19423,-3.9529e-05,0.11336,0.1065,0.34469,0.20325,0.21978,-0.1002,-0.12099,0.25554,-0.037648,0.27863,-0.069346,-0.088476,-0.048196,0.067318,0.090065
-0.097792,-0.081441,-0.14443,-0.070278,-0.18975,-0.15687,-0.14784,-0.17137,0,0.11745,-0.064005,-0.24075,-0.20176,-0.25519,0.0072022,-0.12122,-0.22838,-0.24219,0.027726,-0.22316,-0.29587,-0.21478,-0.10134,-0.40475,-0.29477,-0.1811,-0.1592,-0.20653,0.28848,-0.26197,0.02412,-0.0012017,-0.11078,0.14624,-0.13799,0.0071389,-0.041043,0.030118,0.17212,-0.1943,0.023707,-0.33734,-0.16061,-0.11013,-0.25597,-0.14788,0.035842,0.034683,0.0014916,-0.21431,-0.33868,-0.12808,-0.069239,-0.074596,0.049706,0.042383,0.0048067,0.084863,0.057836,-0.069942,-0.086062,-0.22645,0.2105,0.25335,0.35789,0.091362,0.16351,-0.068964,-0.22502,0.064909,-0.2175,0.13276,-0.23236,-0.1238,-0.071855,-0.18112,-0.17444,-0.33502,-0.15463,-0.4121,-0.18443,-0.15219,0.034398,-0.15034,0.0050781,-0.12153,0.076762,0.027061,-0.019459,0.035739,0.011094,-0.11408,-0.14281,-0.28646,-0.19091,-0.30277,-0.29187,-0.27441,-0.41044,-0.12042,-0.030624,-0.13949,-0.14723,-0.12746,-0.26615
0.13334,0.074947,0.033995,0.17482,0.040008,0.03492,0.083785,0.088115,0.11745,0,-0.00098031,0.019424,-0.031482,-0.042814,0.18507,0.039363,-0.023475,-0.045071,0.38169,-0.009645,-0.030464,0.014594,0.087762,-0.10132,-0.099412,-0.039306,-0.041343,-0.00040056,0.027878,-0.0090231,0.0019685,0.14028,-0.0024192,0.12568,-0.022202,0.065713,-0.043737,0.048349,0.13136,0.033823,-0.029275,-0.056826,0.064695,0.1353,0.0073629,0.10513,0.33404,0.33868,-0.075988,0.0030464,-0.083282,0.12454,0.17704,0.070598,0.14009,0.074499,0.19223,0.51709,0.41152,0.20876,0.073547,-0.035983,-0.066997,0.041695,0.042314,0.49145,0.33078,0.047877,-0.049637,0.13044,-0.015374,0.075118,-0.0084855,0.10651,0.091151,0.028521,0.085403,-0.095096,0.092242,-0.20134,0.058611,0.10854,0.3746,-0.022083,0.304,0.060803,0.53,0.39621,0.25876,0.065004,0.16688,0.026927,0.083124,-0.055106,-0.0032097,-0.36016,-0.45571,-0.037478,-0.33744,0.086125,-0.067205,-0.14107,-0.11119,-0.040652,-0.11839
-0.094814,-0.2189,0.28171,0.13241,-0.090576,-0.17003,0.14959,-0.012857,-0.064005,-0.00098031,0,0.049603,0.26392,0.16241,-0.17134,0.2825,-0.166,0.19004,-0.027127,0.1742,-0.052592,0.096806,-0.1753,-0.0047935,-0.049808,0.32308,0.3672,0.16762,-0.18245,0.029325,0.28629,0.30242,0.48244,0.18878,0.39935,0.40567,0.44328,0.29322,0.16648,0.14558,-0.41592,-0.043182,0.16025,-0.076359,0.050671,0.06824,-0.022394,0.054953,-0.63446,0.15294,0.095936,-0.041756,-0.065607,-0.22894,-0.21978,-0.31385,-0.1626,0.010949,0.067299,0.042802,-0.19211,0.16511,-0.17173,-0.23205,-0.16073,-0.049469,0.025056,0.4969,0.23733,-0.12067,0.18985,-0.28798,0.15624,-0.10915,-0.19168,0.15811,0.0036683,0.12214,0.089006,0.079635,0.10292,0.039705,0.028448,0.35347,-0.074149,0.27346,0.028693,0.0005903,0.098103,-0.33539,-0.19921,0.10335,-0.051436,0.009255,-0.13858,0.00090389,-0.12753,-0.057363,-0.13718,-0.14915,-0.49917,0.28345,0.33686,-0.31439,-0.16263
0.16386,0.059414,0.23056,0.21599,0.23072,0.13607,0.36277,0.38572,-0.24075,0.019424,0.049603,0,0.22415,0.28788,0.024176,0.17435,0.16872,0.25659,0.091807,0.34962,0.31244,0.33563,0.10815,0.26273,0.13509,0.17407,0.13081,0.28719,-0.30902,0.379,-0.048377,0.084476,0.11707,-0.072816,0.13465,0.02256,-0.019019,-0.017395,-0.08933,0.39165,-0.1718,0.30329,0.37363,0.20453,0.81016,0.3722,0.076586,0.095257,-0.18966,0.36854,0.32306,0.2543,0.15234,0.044017,-0.051482,-0.091881,0.031465,0.046979,0.077569,0.22342,0.064245,0.23098,-0.57333,-0.28778,-0.32076,0.026102,-0.027733,0.10685,0.22386,-0.06351,0.28313,-0.17154,0.36738,0.19246,0.071971,0.28732,0.43661,0.26729,0.37418,0.12563,0.47255,0.39977,0.083459,0.15433,0.092887,0.22558,0.058065,0.10185,0.16608,-0.091596,0.010349,0.10812,0.20692,0.23354,0.13601,-0.0305,-0.078785,0.22863,-0.0028909,0.15085,-0.14612,0.000224,0.034,-0.004617,0.06523
-0.0045247,-0.11051,0.49211,0.18575,0.033499,-0.044769,0.30274,0.11117,-0.20176,-0.031482,0.26392,0.22415,0,0.44921,-0.1196,0.36121,-0.022616,0.51124,-0.0091285,0.47896,0.097768,0.26516,-0.068409,0.15865,0.069476,0.6576,0.46407,0.38888,-0.35262,0.19107,0.096369,0.1875,0.38243,0.028126,0.43242,0.16803,0.16917,0.11157,0.010022,0.35687,-0.36791,0.11279,0.33747,0.019195,0.23243,0.19051,-0.01306,0.046597,-0.45005,0.38369,0.3214,0.059528,0.0065881,-0.1221,-0.19065,-0.2656,-0.11116,-0.0093393,0.043893,0.10774,-0.092629,0.36638,-0.37595,-0.41479,-0.33278,-0.0583,-0.040413,0.31241,0.73442,-0.13074,0.48394,-0.34351,0.43142,-0.0039687,-0.097307,0.3332,0.13117,0.36865,0.22047,0.21859,0.26729,0.16084,0.028102,0.46201,-0.035527,0.39579,0.0080612,0.013445,0.1162,-0.27457,-0.14328,0.14661,0.049519,0.1505,-0.016655,0.049817,-0.06181,0.079066,-0.029784,-0.039024,-0.3356,0.19992,0.26107,-0.16062,-0.036254
0.045903,-0.056625,0.36145,0.19244,0.10191,0.015833,0.31141,0.16328,-0.25519,-0.042814,0.16241,0.28788,0.44921,0,-0.080837,0.32746,0.029628,0.78691,-0.010546,0.43482,0.18425,0.40678,-0.018262,0.27072,0.16189,0.35832,0.32891,0.56827,-0.46425,0.31062,0.014831,0.11566,0.22848,-0.032727,0.25246,0.083126,0.084152,0.029902,-0.044541,0.43806,-0.26181,0.20607,0.32227,0.066271,0.31433,0.24402,-0.025517,0.019783,-0.34134,0.34456,0.36432,0.11136,0.051411,-0.065391,-0.14333,-0.2054,-0.073389,-0.027889,0.018357,0.13514,-0.032939,0.56547,-0.49743,-0.44064,-0.42072,-0.062773,-0.081022,0.20523,0.51883,-0.09007,0.68353,-0.29036,0.48786,0.038833,-0.067506,0.44006,0.17307,0.50333,0.27662,0.26252,0.29322,0.20895,0.036019,0.26803,-0.018571,0.2879,-0.010138,0.0064906,0.091059,-0.2159,-0.10907,0.2012,0.1164,0.26893,0.057367,0.073368,-0.022647,0.17174,0.022581,0.0035444,-0.23145,0.12606,0.18796,-0.086576,0.041827
0.30893,0.38375,-0.071098,0.065578,0.17726,0.24518,0.010905,0.13453,0.0072022,0.18507,-0.17134,0.024176,-0.1196,-0.080837,0,-0.063688,0.13131,-0.096079,0.23143,-0.070359,0.065697,0.0049385,0.35083,-0.031986,-0.00038211,-0.14792,-0.15565,-0.046083,0.0036604,0.027573,-0.20326,-0.051697,-0.15101,-0.083809,-0.16005,-0.12854,-0.24429,-0.15001,-0.0732,-0.013859,0.13591,0.033528,-0.010053,0.26877,0.01729,0.081954,0.18016,0.10537,0.069328,-0.056213,-0.096716,0.20826,0.30411,0.38912,0.43695,0.30595,1,0.15884,0.10834,0.15398,0.36132,-0.073885,-0.083775,0.064606,0.0073734,0.24958,0.071964,-0.109,-0.12451,0.21259,-0.069642,0.19642,-0.054645,0.2625,0.27256,-0.019224,0.10895,-0.11193,0.059802,-0.19303,0.018183,0.10399,0.18685,-0.15097,0.35302,-0.057767,0.14994,0.19243,0.08096,0.28535,0.55261,-0.0035919,0.18704,0.0030042,0.1667,-0.27802,-0.19553,0.067283,-0.13026,0.2747,0.11703,-0.34034,-0.26491,0.18614,0.043972
0.035128,-0.083081,0.48035,0.30134,0.047954,-0.033012,0.32342,0.11757,-0.12122,0.039363,0.2825,0.17435,0.36121,0.32746,-0.063688,0,-0.050588,0.35231,0.034909,0.28511,0.079419,0.29865,-0.047275,0.11349,0.07614,0.34385,0.39647,0.40965,-0.27376,0.1846,0.090513,0.25069,0.31273,0.081912,0.29201,0.19619,0.15915,0.11645,0.075089,0.34498,-0.26382,0.084368,0.30543,0.05032,0.18229,0.23593,0.018004,0.084217,-0.43948,0.24189,0.16868,0.093198,0.062213,-0.089082,-0.11363,-0.19158,-0.055655,0.0431,0.099889,0.18077,-0.052617,0.37115,-0.29407,-0.27068,-0.23737,-0.0018394,0.0037658,0.38079,0.34577,-0.033362,0.40043,-0.22512,0.29923,0.0074077,-0.096593,0.42333,0.12375,0.21841,0.26916,0.11899,0.23591,0.18547,0.1197,0.28753,0.011795,0.38691,0.066037,0.058866,0.15675,-0.21071,-0.099054,0.27462,0.095341,0.15579,0.0041189,0.0012544,-0.10812,0.083142,-0.082511,-0.033876,-0.27422,0.13295,0.21064,-0.14097,-0.034883
0.21954,0.25857,-0.023267,0.022452,0.30216,0.37202,0.055928,0.23019,-0.22838,-0.023475,-0.166,0.16872,-0.022616,0.029628,0.13131,-0.050588,0,0.009176,0.068343,0.042607,0.2757,0.078668,0.30377,0.15124,0.10978,-0.055728,-0.08801,0.026292,-0.16284,0.14947,-0.24755,-0.10557,-0.10174,-0.24422,-0.084918,-0.17735,-0.23582,-0.20133,-0.25974,0.06123,0.011334,0.24334,0.053875,0.23672,0.165,0.11356,0.053367,0.0058107,0.023325,0.059804,0.082333,0.211,0.15771,0.23343,0.067647,0.071294,0.13323,-0.0037342,-0.018268,0.086539,0.21767,0.0073972,-0.25321,-0.12211,-0.18503,0.024819,-0.08135,-0.11123,-0.016955,-0.022671,0.017556,-0.019598,0.055904,0.32034,0.2654,0.031731,0.21714,0.045875,0.097486,0.00026616,0.10612,0.15192,0.0077766,-0.067455,0.11569,-0.020969,-0.0080402,0.051543,0.022845,0.081645,0.14258,-0.031567,0.18313,0.1154,0.25417,-0.083025,-0.03338,0.2104,0.056194,0.3599,0.048971,-0.18672,-0.16308,0.20608,0.16631
0.027675,-0.075881,0.38928,0.18842,0.07881,-0.0049411,0.29936,0.14059,-0.24219,-0.045071,0.19004,0.25659,0.51124,0.78691,-0.096079,0.35231,0.009176,0,-0.01748,0.42992,0.15508,0.36393,-0.037239,0.23775,0.14134,0.40878,0.37884,0.53493,-0.44668,0.26924,0.034282,0.12967,0.25939,-0.01725,0.28482,0.10237,0.10831,0.048265,-0.029568,0.40683,-0.28557,0.17548,0.31338,0.047674,0.27802,0.22265,-0.03044,0.01915,-0.37726,0.33945,0.34532,0.091414,0.03551,-0.084636,-0.15888,-0.2257,-0.088315,-0.029752,0.018716,0.1231,-0.051738,0.55448,-0.44957,-0.44594,-0.40103,-0.068251,-0.076743,0.23056,0.61362,-0.098532,0.69505,-0.30943,0.46973,0.02031,-0.083959,0.42119,0.15179,0.47922,0.25562,0.26455,0.27557,0.18778,0.031504,0.30013,-0.029639,0.30553,-0.011571,0.0010409,0.089696,-0.23765,-0.12507,0.1983,0.095734,0.23757,0.035963,0.077044,-0.026421,0.14513,0.013013,-0.015319,-0.25513,0.15056,0.21783,-0.10685,0.023243
0.20924,0.14097,0.049875,0.19127,0.11141,0.10947,0.12558,0.17888,0.027726,0.38169,-0.027127,0.091807,-0.0091285,-0.010546,0.23143,0.034909,0.068343,-0.01748,0,0.034124,0.039107,0.050038,0.17135,-0.043166,-0.064357,-0.025918,-0.043869,0.024049,-0.018887,0.041012,-0.036911,0.11048,-0.0043745,0.048436,-0.015738,0.028759,-0.07846,0.014942,0.042836,0.07312,-0.036884,0.010264,0.11043,0.22874,0.076051,0.16088,0.57404,0.40098,-0.06061,0.057143,-0.023119,0.20594,0.24049,0.12763,0.14056,0.085646,0.2435,0.47495,0.37658,0.26086,0.12268,-0.017387,-0.12866,-0.0042243,-0.014549,0.50607,0.25198,0.030266,-0.025976,0.079411,0.011824,0.052615,0.038243,0.21833,0.19661,0.052497,0.18252,-0.049068,0.14346,-0.15295,0.12584,0.18452,0.31128,-0.0082721,0.49198,0.080802,0.4516,0.71703,0.31963,0.083804,0.22858,0.0090416,0.13363,-0.01675,0.048167,-0.33354,-0.36675,0.016694,-0.24171,0.18935,-0.057984,-0.15738,-0.12944,0.002883,-0.073822
0.047266,-0.052618,0.42106,0.21069,0.089746,0.012235,0.39268,0.18815,-0.22316,-0.009645,0.1742,0.34962,0.47896,0.43482,-0.070359,0.28511,0.042607,0.42992,0.034124,0,0.15827,0.3049,-0.0093631,0.19693,0.082531,0.38103,0.2864,0.38277,-0.34575,0.25016,0.051113,0.16405,0.27449,-0.0046117,0.30975,0.1211,0.096888,0.074554,-0.024819,0.45627,-0.30352,0.16935,0.46749,0.07687,0.35268,0.25781,0.030031,0.079398,-0.32611,0.63367,0.41542,0.11777,0.051496,-0.06619,-0.14537,-0.20137,-0.062425,0.01958,0.067773,0.15097,-0.043598,0.31931,-0.47585,-0.38717,-0.34498,-0.023282,-0.026321,0.23317,0.44844,-0.12186,0.45013,-0.28321,0.60131,0.060479,-0.031524,0.34235,0.21883,0.37916,0.2878,0.19021,0.3945,0.23725,0.047917,0.34337,0.012288,0.38678,0.034553,0.054054,0.15537,-0.20293,-0.086347,0.1212,0.093306,0.17381,0.026165,0.014096,-0.076612,0.11999,-0.024993,0.02601,-0.27103,0.11984,0.15783,-0.11043,-0.010947
0.22342,0.14146,0.091391,0.11608,0.4043,0.26297,0.1695,0.32609,-0.29587,-0.030464,-0.052592,0.31244,0.097768,0.18425,0.065697,0.079419,0.2757,0.15508,0.039107,0.15827,0,0.26582,0.18422,0.38361,0.28247,0.058793,0.039742,0.18424,-0.31414,0.41566,-0.17197,-0.033199,-0.0019158,-0.18263,0.013311,-0.093855,-0.12124,-0.14096,-0.18963,0.20647,-0.065424,0.69257,0.15929,0.24229,0.33536,0.24455,0.011247,0.0012465,-0.099439,0.15564,0.19583,0.27841,0.18463,0.13055,0.0059926,-0.023383,0.070438,-0.021008,-0.0094263,0.16036,0.16201,0.16912,-0.43953,-0.23617,-0.32366,-0.012436,-0.11113,-0.0060268,0.11187,-0.0093525,0.16495,-0.10837,0.1861,0.23145,0.097736,0.18593,0.28975,0.18799,0.2324,0.11472,0.21116,0.26503,0.044918,0.02737,0.075901,0.075598,-0.012944,0.035497,0.050254,-0.026318,0.044989,0.11021,0.30089,0.35115,0.31771,0.0028513,0.00039529,0.50779,0.088703,0.20251,-0.033494,-0.076862,-0.036222,0.11835,0.23019
0.14425,0.023143,0.28479,0.27496,0.20149,0.094977,0.35768,0.26405,-0.21478,0.014594,0.096806,0.33563,0.26516,0.40678,0.0049385,0.29865,0.078668,0.36393,0.050038,0.3049,0.26582,0,0.061483,0.28706,0.21728,0.21182,0.20687,0.51622,-0.36886,0.47045,-0.040032,0.1015,0.14232,-0.045443,0.14989,0.043189,0.016038,-0.013777,-0.050214,0.48201,-0.16694,0.27069,0.32198,0.16278,0.36994,0.3936,0.021807,0.054484,-0.25273,0.2675,0.24442,0.22178,0.15416,0.01618,-0.052716,-0.11172,0.012301,0.019785,0.057936,0.24044,0.053973,0.43131,-0.47585,-0.29853,-0.33249,-0.00052178,-0.054332,0.15362,0.28192,-0.0076818,0.42096,-0.17972,0.36691,0.11719,-0.0073708,0.55825,0.25306,0.29507,0.43345,0.15656,0.33115,0.32935,0.11223,0.16093,0.056914,0.24089,0.038148,0.06255,0.12719,-0.1239,-0.028795,0.27594,0.2412,0.36743,0.14442,0.01539,-0.0525,0.26837,0.0042849,0.074232,-0.15132,0.031976,0.091088,-0.017567,0.091704
0.41721,0.59388,-0.040424,0.067091,0.32835,0.51409,0.050022,0.23164,-0.10134,0.087762,-0.1753,0.10815,-0.068409,-0.018262,0.35083,-0.047275,0.30377,-0.037239,0.17135,-0.0093631,0.18422,0.061483,0,0.063847,0.073492,-0.10165,-0.12108,0.0025298,-0.082483,0.10935,-0.24813,-0.074583,-0.1299,-0.15999,-0.12606,-0.15828,-0.26315,-0.18832,-0.15709,0.03799,0.086692,0.14464,0.034127,0.3877,0.10241,0.13023,0.133,0.068208,0.050876,0.0053179,-0.009371,0.29802,0.31971,0.50737,0.22998,0.19687,0.35476,0.087556,0.057182,0.16025,0.46431,-0.022816,-0.17245,-0.028772,-0.088505,0.14195,-0.0017999,-0.10887,-0.067556,0.10697,-0.017285,0.088089,0.0072232,0.46489,0.36053,0.022123,0.19754,-0.030922,0.10586,-0.095267,0.076604,0.16542,0.11717,-0.11207,0.26613,-0.033073,0.082399,0.1422,0.068559,0.19648,0.33684,0.0026563,0.263,0.07843,0.28893,-0.1784,-0.11717,0.16738,-0.04026,0.54176,0.10039,-0.27965,-0.22323,0.25728,0.12713
0.099286,0.033871,0.12159,0.083124,0.20921,0.12537,0.15509,0.18911,-0.40475,-0.10132,-0.0047935,0.26273,0.15865,0.27072,-0.031986,0.11349,0.15124,0.23775,-0.043166,0.19693,0.38361,0.28706,0.063847,0,0.34922,0.12032,0.10617,0.23694,-0.49867,0.39365,-0.12964,-0.032334,0.042027,-0.17993,0.062366,-0.069792,-0.06104,-0.11684,-0.18843,0.21978,-0.12497,0.4788,0.1537,0.11162,0.29657,0.18172,-0.066832,-0.057665,-0.16074,0.17512,0.27502,0.14636,0.079037,0.027457,-0.080957,-0.10994,-0.027704,-0.09142,-0.065479,0.088877,0.057064,0.25222,-0.51011,-0.35647,-0.51058,-0.096179,-0.17658,0.024914,0.18634,-0.064972,0.22668,-0.19787,0.22616,0.098572,-0.0033968,0.21396,0.17787,0.31062,0.18727,0.25038,0.18293,0.17699,-0.016528,0.074662,-0.018492,0.090914,-0.078995,-0.040211,0.0012017,-0.11451,-0.054423,0.13339,0.1767,0.44528,0.19114,0.10421,0.069919,0.37067,0.15575,0.077205,-0.086086,0.0049991,0.044913,0.045113,0.21261
0.1126,0.059135,0.050982,0.055393,0.20779,0.1392,0.079959,0.12887,-0.29477,-0.099412,-0.049808,0.13509,0.069476,0.16189,-0.00038211,0.07614,0.10978,0.14134,-0.064357,0.082531,0.28247,0.21728,0.073492,0.34922,0,0.040857,0.051032,0.16221,-0.35666,0.27639,-0.19336,-0.079406,-0.02533,-0.20219,-0.013912,-0.12049,-0.10726,-0.18168,-0.19186,0.12954,-0.043652,0.31143,0.065786,0.10461,0.15793,0.12965,-0.10216,-0.10128,-0.11532,0.060487,0.11657,0.13178,0.097439,0.062023,-0.023288,-0.054776,0.0019896,-0.1132,-0.095831,0.07262,0.10399,0.18801,-0.30907,-0.2374,-0.33049,-0.09996,-0.21024,-0.024026,0.094358,0.020576,0.13816,-0.12195,0.11226,0.076277,-0.022621,0.15611,0.10119,0.1623,0.12976,0.15561,0.086987,0.11836,-0.0048752,-0.0074736,-0.022695,0.018718,-0.099257,-0.066598,-0.048105,-0.067664,-0.034988,0.18489,0.20592,0.44865,0.26026,0.10499,0.098714,0.40269,0.16854,0.05903,-0.013822,-0.047379,0.0030279,0.10494,0.35062
-0.036187,-0.14496,0.44288,0.16019,-0.0022347,-0.079368,0.25277,0.073223,-0.1811,-0.039306,0.32308,0.17407,0.6576,0.35832,-0.14792,0.34385,-0.055728,0.40878,-0.025918,0.38103,0.058793,0.21182,-0.10165,0.12032,0.040857,0,0.54668,0.31755,-0.31998,0.14474,0.13391,0.20289,0.46823,0.051377,0.54576,0.20291,0.2196,0.14404,0.031987,0.28603,-0.4237,0.073816,0.28245,-0.013058,0.17985,0.14896,-0.026368,0.038203,-0.52658,0.31997,0.27038,0.025717,-0.022605,-0.15702,-0.22014,-0.30583,-0.13911,-0.01754,0.037252,0.079719,-0.12609,0.31149,-0.32039,-0.39611,-0.30183,-0.071071,-0.03688,0.35241,0.56257,-0.14701,0.38285,-0.37442,0.33942,-0.036326,-0.12655,0.27552,0.09294,0.30975,0.17562,0.20629,0.2162,0.12096,0.013095,0.55902,-0.058035,0.37205,-0.00022663,-0.0017235,0.10238,-0.31678,-0.17226,0.12919,0.015933,0.1132,-0.050246,0.054299,-0.065033,0.042847,-0.043266,-0.07113,-0.39134,0.25161,0.31934,-0.1984,-0.064611
-0.046555,-0.16172,0.38981,0.15745,-0.016036,-0.096445,0.21649,0.047319,-0.1592,-0.041343,0.3672,0.13081,0.46407,0.32891,-0.15565,0.39647,-0.08801,0.37884,-0.043869,0.2864,0.039742,0.20687,-0.12108,0.10617,0.051032,0.54668,0,0.3141,-0.31179,0.13079,0.1349,0.19842,0.42085,0.065763,0.42739,0.20779,0.24323,0.13931,0.052755,0.25143,-0.3785,0.055101,0.22863,-0.028819,0.13955,0.13156,-0.049901,0.017506,-0.64898,0.23456,0.20389,0.011363,-0.027675,-0.1701,-0.2142,-0.30926,-0.14703,-0.030113,0.025122,0.072251,-0.13171,0.33349,-0.28053,-0.35929,-0.27987,-0.082005,-0.047454,0.37183,0.45706,-0.11668,0.35689,-0.35191,0.27399,-0.061096,-0.16292,0.27675,0.059818,0.26555,0.15769,0.1961,0.16986,0.097541,0.018523,0.40396,-0.07317,0.31465,-0.010599,-0.019403,0.078723,-0.33283,-0.19035,0.17419,0.013403,0.11681,-0.053966,0.070646,-0.055317,0.037573,-0.045157,-0.098785,-0.36996,0.26793,0.38733,-0.20444,-0.060639
0.078565,-0.035221,0.39827,0.26324,0.12235,0.031088,0.37458,0.1901,-0.20653,-0.00040056,0.16762,0.28719,0.38888,0.56827,-0.046083,0.40965,0.026292,0.53493,0.024049,0.38277,0.18424,0.51622,0.0025298,0.23694,0.16221,0.31755,0.3141,0,-0.38506,0.3307,0.014431,0.14511,0.2226,-0.0089915,0.23264,0.096624,0.078496,0.035845,-0.016976,0.52953,-0.23053,0.19609,0.35766,0.097346,0.31051,0.30806,0.0033968,0.050921,-0.33563,0.31328,0.27475,0.14725,0.091844,-0.042666,-0.10407,-0.16992,-0.038498,0.0083063,0.055359,0.19107,-0.0071758,0.60395,-0.44378,-0.34751,-0.34356,-0.024671,-0.050144,0.22771,0.41334,-0.045767,0.68501,-0.23654,0.44083,0.059051,-0.054141,0.67368,0.19397,0.35109,0.35012,0.19014,0.31576,0.25367,0.08685,0.24326,0.016955,0.31623,0.027971,0.041835,0.12623,-0.18343,-0.078514,0.26408,0.15486,0.27744,0.074106,0.036269,-0.054786,0.18109,-0.010204,0.01939,-0.2148,0.096087,0.16279,-0.07595,0.040414
-0.1233,-0.052786,-0.28086,-0.18201,-0.20481,-0.13359,-0.25853,-0.21468,0.28848,0.027878,-0.18245,-0.30902,-0.35262,-0.46425,0.0036604,-0.27376,-0.16284,-0.44668,-0.018887,-0.34575,-0.31414,-0.36886,-0.082483,-0.49867,-0.35666,-0.31998,-0.31179,-0.38506,0,-0.37165,-0.057279,-0.1131,-0.22525,0.013234,-0.24931,-0.099918,-0.13642,-0.059325,0.023575,-0.3307,0.093314,-0.35816,-0.26655,-0.13639,-0.33594,-0.2432,-0.0018236,-0.032669,0.13323,-0.3098,-0.43561,-0.17179,-0.11482,-0.047107,0.054389,0.093114,-0.0020133,0.013469,-0.027351,-0.15416,-0.077256,-0.43898,0.32572,0.41571,0.56373,0.037795,0.077975,-0.19378,-0.39748,0.0058424,-0.3999,0.19318,-0.37421,-0.12163,-0.026906,-0.3415,-0.21603,-0.57578,-0.26109,-0.58015,-0.27436,-0.22709,-0.061037,-0.26008,-0.027704,-0.23955,-0.003049,-0.029562,-0.096566,0.10088,0.030311,-0.25346,-0.19611,-0.41611,-0.19042,-0.30017,-0.20549,-0.31637,-0.2619,-0.097323,0.048826,-0.21891,-0.26306,-0.070342,-0.23019
0.1819,0.069784,0.18899,0.19539,0.28416,0.15884,0.27338,0.3151,-0.26197,-0.0090231,0.029325,0.379,0.19107,0.31062,0.027573,0.1846,0.14947,0.26924,0.041012,0.25016,0.41566,0.47045,0.10935,0.39365,0.27639,0.14474,0.13079,0.3307,-0.37165,0,-0.095641,0.038664,0.077002,-0.10715,0.09025,-0.017967,-0.043044,-0.071196,-0.11247,0.34619,-0.12417,0.42401,0.25269,0.20196,0.4248,0.34477,0.011487,0.026898,-0.18249,0.22637,0.24856,0.26142,0.17204,0.061438,-0.031838,-0.078598,0.033592,-0.0030753,0.024273,0.21003,0.098287,0.30224,-0.53604,-0.28899,-0.36182,-0.011479,-0.086605,0.078926,0.20847,-0.0098084,0.29104,-0.15665,0.28619,0.16295,0.031536,0.32922,0.28896,0.27075,0.34316,0.15404,0.28469,0.32458,0.079171,0.10213,0.061794,0.16013,0.01116,0.046992,0.090906,-0.086436,-0.0016497,0.2008,0.28608,0.45766,0.21675,0.019886,-0.022018,0.38641,0.048541,0.12528,-0.10047,-0.011195,0.038762,0.037658,0.15588
-0.18016,-0.29104,0.10819,0.027581,-0.20374,-0.27771,0.033386,-0.10181,0.02412,0.0019685,0.28629,-0.048377,0.096369,0.014831,-0.20326,0.090513,-0.24755,0.034282,-0.036911,0.051113,-0.17197,-0.040032,-0.24813,-0.12964,-0.19336,0.13391,0.1349,0.014431,-0.057279,-0.095641,0,0.22977,0.22871,0.29046,0.20291,0.39647,0.39748,0.53143,0.23997,0.01335,-0.36143,-0.16472,0.047274,-0.15656,-0.054333,-0.039101,-0.01271,0.056487,-0.31375,0.048884,-0.0047935,-0.13203,-0.14635,-0.30756,-0.23584,-0.28512,-0.19649,0.021219,0.0625,-0.041335,-0.29309,0.0071152,-0.05808,-0.12326,-0.0494,-0.04052,0.084911,0.22076,0.074293,-0.16957,0.033626,-0.21555,0.026545,-0.1759,-0.2001,0.0090547,-0.077346,-0.0044299,-0.025122,-0.026866,0.0020502,-0.056368,-0.022724,0.18346,-0.099663,0.12563,0.029373,-0.011292,0.062021,-0.28515,-0.20478,-0.033738,-0.16441,-0.12787,-0.28232,-0.070071,-0.18815,-0.19355,-0.22868,-0.20687,-0.46894,0.2066,0.17048,-0.53195,-0.33823
-0.0065723,-0.10873,0.27254,0.24482,-0.034611,-0.092848,0.2157,0.057528,-0.0012017,0.14028,0.30242,0.084476,0.1875,0.11566,-0.051697,0.25069,-0.10557,0.12967,0.11048,0.16405,-0.033199,0.1015,-0.074583,-0.032334,-0.079406,0.20289,0.19842,0.14511,-0.1131,0.038664,0.22977,0,0.30168,0.26276,0.25565,0.431,0.21124,0.30769,0.2289,0.16518,-0.27665,-0.038512,0.21699,0.013005,0.076325,0.13606,0.11681,0.22186,-0.33834,0.16437,0.062311,0.038303,0.026413,-0.11864,-0.099823,-0.16422,-0.044114,0.16281,0.24344,0.14744,-0.099692,0.11248,-0.16337,-0.14468,-0.097512,0.086518,0.16488,0.40591,0.15494,-0.052137,0.15236,-0.15847,0.14643,-0.016502,-0.073981,0.15838,0.075964,0.063172,0.14927,-0.015922,0.15603,0.11368,0.15259,0.24545,0.050563,0.32277,0.18596,0.14529,0.27328,-0.17262,-0.068131,0.089364,0.0067752,-0.0081034,-0.096255,-0.12209,-0.26397,-0.048279,-0.24011,-0.051251,-0.3332,0.099847,0.12578,-0.22696,-0.17812
-0.060843,-0.17485,0.38983,0.16155,-0.046697,-0.12137,0.21786,0.038601,-0.11078,-0.0024192,0.48244,0.11707,0.38243,0.22848,-0.15101,0.31273,-0.10174,0.25939,-0.0043745,0.27449,-0.0019158,0.14232,-0.1299,0.042027,-0.02533,0.46823,0.42085,0.2226,-0.22525,0.077002,0.22871,0.30168,0,0.1309,0.69895,0.33249,0.31657,0.25019,0.10486,0.21404,-0.47374,0.0074261,0.24258,-0.0372,0.11649,0.11517,0.0022215,0.077221,-0.57625,0.25146,0.17368,-0.0023612,-0.039583,-0.18828,-0.21802,-0.30535,-0.14197,0.020866,0.079179,0.071956,-0.15951,0.20747,-0.23684,-0.28838,-0.21019,-0.040144,0.020415,0.50987,0.33007,-0.14461,0.25939,-0.32208,0.24099,-0.061101,-0.13842,0.20624,0.060616,0.18816,0.13841,0.11783,0.17455,0.089694,0.031157,0.59733,-0.049589,0.38625,0.037747,0.023056,0.13315,-0.31557,-0.17121,0.096582,-0.020666,0.043039,-0.10202,0.0023875,-0.12169,-0.018289,-0.1101,-0.097254,-0.50668,0.26194,0.30411,-0.26355,-0.13204
-0.10166,-0.17755,0.072825,0.075856,-0.16047,-0.20365,0.028645,-0.08041,0.14624,0.12568,0.18878,-0.072816,0.028126,-0.032727,-0.083809,0.081912,-0.24422,-0.01725,0.048436,-0.0046117,-0.18263,-0.045443,-0.15999,-0.17993,-0.20219,0.051377,0.065763,-0.0089915,0.013234,-0.10715,0.29046,0.26276,0.1309,0,0.098026,0.31865,0.20033,0.33742,0.65201,-0.0051704,-0.19683,-0.1913,0.027317,-0.092685,-0.080332,-0.016976,0.062946,0.13209,-0.22948,-0.004111,-0.082837,-0.079896,-0.061903,-0.18097,-0.093309,-0.13818,-0.079185,0.12491,0.16086,0.01948,-0.17039,-0.024497,-0.010359,-0.025746,0.036222,0.06687,0.20734,0.17785,0.006683,-0.037178,-0.004335,-0.085316,-0.016663,-0.12142,-0.13766,0.0021662,-0.067095,-0.075517,-0.008865,-0.12361,-0.011624,-0.034177,0.085564,0.084191,-0.0087016,0.095056,0.13541,0.072045,0.11464,-0.14718,-0.093789,0.0012676,-0.1043,-0.13982,-0.21488,-0.16981,-0.31181,-0.18616,-0.38857,-0.14953,-0.26409,0.060729,0.06229,-0.30597,-0.32203
-0.061353,-0.17184,0.38733,0.14638,-0.038991,-0.11294,0.22105,0.045458,-0.13799,-0.022202,0.39935,0.13465,0.43242,0.25246,-0.16005,0.29201,-0.084918,0.28482,-0.015738,0.30975,0.013311,0.14989,-0.12606,0.062366,-0.013912,0.54576,0.42739,0.23264,-0.24931,0.09025,0.20291,0.25565,0.69895,0.098026,0,0.27897,0.28487,0.21635,0.072448,0.22529,-0.50697,0.024832,0.25225,-0.036148,0.13449,0.11625,-0.0084723,0.062255,-0.53815,0.28152,0.21071,-0.00083538,-0.044472,-0.1864,-0.23463,-0.32195,-0.15095,0.0038527,0.060129,0.063686,-0.15895,0.21915,-0.26096,-0.32609,-0.23887,-0.05588,7.3787e-05,0.41413,0.37205,-0.16522,0.27694,-0.35837,0.26484,-0.05641,-0.13359,0.20869,0.068994,0.22115,0.13932,0.14638,0.18496,0.092832,0.012515,0.80328,-0.058629,0.374,0.019693,0.010649,0.11946,-0.32822,-0.17818,0.086679,-0.019793,0.054734,-0.093949,0.019619,-0.10144,-0.0068253,-0.086181,-0.090508,-0.49722,0.27425,0.31049,-0.25075,-0.11733
-0.088437,-0.19567,0.2114,0.13329,-0.11037,-0.17643,0.12769,-0.02006,0.0071389,0.065713,0.40567,0.02256,0.16803,0.083126,-0.12854,0.19619,-0.17735,0.10237,0.028759,0.1211,-0.093855,0.043189,-0.15828,-0.069792,-0.12049,0.20291,0.20779,0.096624,-0.099918,-0.017967,0.39647,0.431,0.33249,0.31865,0.27897,0,0.35452,0.49129,0.26814,0.09932,-0.34546,-0.092397,0.13672,-0.069008,0.016989,0.051783,0.042335,0.12735,-0.38556,0.11632,0.039081,-0.043214,-0.055907,-0.20681,-0.16979,-0.23628,-0.1212,0.083274,0.14135,0.052091,-0.18531,0.080004,-0.11998,-0.14893,-0.085206,0.015743,0.1192,0.38678,0.13906,-0.10436,0.11158,-0.20243,0.099447,-0.096071,-0.14652,0.098068,-0.00037948,0.044704,0.066408,-0.0072549,0.082433,0.030427,0.063399,0.2557,-0.029373,0.23746,0.098809,0.058078,0.15247,-0.24493,-0.14257,0.047161,-0.069304,-0.053593,-0.17261,-0.08436,-0.22003,-0.10782,-0.23275,-0.13037,-0.44422,0.17598,0.18437,-0.33932,-0.23904
-0.17477,-0.31793,0.16382,0.045582,-0.17002,-0.26027,0.061357,-0.086149,-0.041043,-0.043737,0.44328,-0.019019,0.16917,0.084152,-0.24429,0.15915,-0.23582,0.10831,-0.07846,0.096888,-0.12124,0.016038,-0.26315,-0.06104,-0.10726,0.2196,0.24323,0.078496,-0.13642,-0.043044,0.39748,0.21124,0.31657,0.20033,0.28487,0.35452,0,0.33331,0.17445,0.058655,-0.44117,-0.10758,0.074673,-0.15363,-0.018589,-0.012673,-0.064149,0.0090231,-0.46341,0.082723,0.045245,-0.1189,-0.14214,-0.33225,-0.28619,-0.3818,-0.23481,-0.030313,0.018428,-0.033967,-0.28847,0.083177,-0.10854,-0.19745,-0.12012,-0.091949,0.0094948,0.28772,0.15187,-0.16939,0.1006,-0.29899,0.078064,-0.18382,-0.25467,0.066933,-0.066218,0.064917,0.0063088,0.054075,0.027754,-0.03704,-0.034566,0.25435,-0.13448,0.16273,-0.016776,-0.051185,0.035394,-0.40164,-0.26746,0.030519,-0.13045,-0.056649,-0.22229,0.010214,-0.11276,-0.12741,-0.1441,-0.22609,-0.56431,0.35036,0.32393,-0.45395,-0.22541
-0.12934,-0.22568,0.13977,0.073553,-0.15797,-0.21833,0.070809,-0.059726,0.030118,0.048349,0.29322,-0.017395,0.11157,0.029902,-0.15001,0.11645,-0.20133,0.048265,0.014942,0.074554,-0.14096,-0.013777,-0.18832,-0.11684,-0.18168,0.14404,0.13931,0.035845,-0.059325,-0.071196,0.53143,0.30769,0.25019,0.33742,0.21635,0.49129,0.33331,0,0.26895,0.042781,-0.34324,-0.13956,0.083922,-0.10719,-0.024866,0.00016075,0.039682,0.11504,-0.31342,0.078351,0.0076159,-0.086621,-0.097676,-0.23963,-0.18755,-0.23673,-0.14301,0.073616,0.12024,0.0041163,-0.22951,0.020658,-0.07822,-0.11789,-0.04842,0.0077397,0.13569,0.25704,0.085398,-0.14045,0.05363,-0.18916,0.053411,-0.12392,-0.14785,0.036422,-0.035638,0.0040846,0.013917,-0.036983,0.041323,-0.014539,0.024321,0.20132,-0.048488,0.16831,0.082897,0.041613,0.1202,-0.23787,-0.15223,-0.016744,-0.12143,-0.11039,-0.23369,-0.10447,-0.2357,-0.16332,-0.26114,-0.15436,-0.44275,0.16164,0.14289,-0.40786,-0.31871
-0.097196,-0.16947,0.055722,0.071099,-0.15975,-0.20013,0.014615,-0.089332,0.17212,0.13136,0.16648,-0.08933,0.010022,-0.044541,-0.0732,0.075089,-0.25974,-0.029568,0.042836,-0.024819,-0.18963,-0.050214,-0.15709,-0.18843,-0.19186,0.031987,0.052755,-0.016976,0.023575,-0.11247,0.23997,0.2289,0.10486,0.65201,0.072448,0.26814,0.17445,0.26895,0,-0.017316,-0.167,-0.19956,0.0094948,-0.092779,-0.09567,-0.023625,0.05144,0.11469,-0.21437,-0.027117,-0.10533,-0.080812,-0.055588,-0.16973,-0.074494,-0.12043,-0.0692,0.11842,0.14906,0.018426,-0.15658,-0.03006,0.005505,-0.0076396,0.051351,0.067818,0.19327,0.15624,-0.0092629,-0.0082167,-0.015885,-0.065145,-0.034025,-0.12657,-0.14524,-0.0041558,-0.080274,-0.091512,-0.016557,-0.13759,-0.028906,-0.042766,0.094656,0.058107,-0.0084513,0.073534,0.12963,0.064414,0.096719,-0.13228,-0.087361,0.014109,-0.098147,-0.13818,-0.20305,-0.17049,-0.30138,-0.18376,-0.38888,-0.15463,-0.23044,0.043289,0.050418,-0.27863,-0.29697
0.11386,-0.0043587,0.41034,0.31391,0.15211,0.059636,0.55562,0.25986,-0.1943,0.033823,0.14558,0.39165,0.35687,0.43806,-0.013859,0.34498,0.06123,0.40683,0.07312,0.45627,0.20647,0.48201,0.03799,0.21978,0.12954,0.28603,0.25143,0.52953,-0.3307,0.34619,0.01335,0.16518,0.21404,-0.0051704,0.22529,0.09932,0.058655,0.042781,-0.017316,0,-0.22307,0.20863,0.52555,0.14148,0.40667,0.40564,0.054595,0.10096,-0.29327,0.4014,0.29278,0.19499,0.12544,-0.015053,-0.08099,-0.14122,-0.0058503,0.051298,0.098595,0.24466,0.014813,0.38306,-0.47743,-0.31238,-0.31218,0.016689,-0.01354,0.21881,0.35133,-0.047334,0.50046,-0.20866,0.51008,0.10616,-0.0071415,0.54152,0.27623,0.30988,0.46283,0.14599,0.45817,0.34527,0.11477,0.24229,0.06186,0.36309,0.069766,0.09191,0.18603,-0.14929,-0.039658,0.20293,0.17732,0.24084,0.083764,-0.0095923,-0.091417,0.18012,-0.034974,0.063665,-0.20841,0.064195,0.11621,-0.064667,0.027349
0.031497,0.14071,-0.31768,-0.15628,-0.00065354,0.070633,-0.21725,-0.083065,0.023707,-0.029275,-0.41592,-0.1718,-0.36791,-0.26181,0.13591,-0.26382,0.011334,-0.28557,-0.036884,-0.30352,-0.065424,-0.16694,0.086692,-0.12497,-0.043652,-0.4237,-0.3785,-0.23053,0.093314,-0.12417,-0.36143,-0.27665,-0.47374,-0.19683,-0.50697,-0.34546,-0.44117,-0.34324,-0.167,-0.22307,0,-0.0815,-0.24606,0.0016655,-0.1711,-0.13399,-0.057314,-0.12058,0.30456,-0.29588,-0.27408,-0.030632,0.018283,0.16252,0.23567,0.32943,0.12499,-0.063213,-0.11204,-0.085883,0.13995,-0.23097,0.077503,0.19063,0.092445,-0.00023717,-0.086088,-0.35687,-0.34659,0.15178,-0.2673,0.32516,-0.27159,0.0091285,0.063344,-0.2083,-0.11,-0.27106,-0.1539,-0.25324,-0.20689,-0.11921,-0.044291,-0.49725,0.01519,-0.31869,-0.074004,-0.062091,-0.15813,0.31128,0.14009,-0.11387,-0.0081377,-0.099004,0.05625,-0.15784,-0.042006,-0.040691,-0.040313,0.038717,0.53411,-0.49387,-0.4218,0.22076,0.053915
0.17816,0.10768,0.096595,0.1005,0.32819,0.2178,0.16226,0.27565,-0.33734,-0.056826,-0.043182,0.30329,0.11279,0.20607,0.033528,0.084368,0.24334,0.17548,0.010264,0.16935,0.69257,0.27069,0.14464,0.4788,0.31143,0.073816,0.055101,0.19609,-0.35816,0.42401,-0.16472,-0.038512,0.0074261,-0.1913,0.024832,-0.092397,-0.10758,-0.13956,-0.19956,0.20863,-0.0815,0,0.15564,0.19412,0.33204,0.22068,-0.015466,-0.020713,-0.11326,0.16197,0.22278,0.22816,0.14555,0.098387,-0.021683,-0.048698,0.037863,-0.046627,-0.031334,0.13228,0.12787,0.1884,-0.47261,-0.2694,-0.37183,-0.041436,-0.13557,-0.0017577,0.13053,-0.029981,0.17965,-0.13449,0.19736,0.18526,0.067502,0.19039,0.25132,0.22073,0.21469,0.15145,0.20199,0.23275,0.020284,0.038699,0.043147,0.076562,-0.03768,0.0083722,0.031041,-0.051457,0.013703,0.11192,0.25383,0.38657,0.27876,0.03386,0.025899,0.49176,0.11639,0.16154,-0.046244,-0.054398,-0.015427,0.099958,0.23712
0.1032,-0.010256,0.43023,0.32975,0.12291,0.043442,0.69402,0.25375,-0.16061,0.064695,0.16025,0.37363,0.33747,0.32227,-0.010053,0.30543,0.053875,0.31338,0.11043,0.46749,0.15929,0.32198,0.034127,0.1537,0.065786,0.28245,0.22863,0.35766,-0.26655,0.25269,0.047274,0.21699,0.24258,0.027317,0.25225,0.13672,0.074673,0.083922,0.0094948,0.52555,-0.24606,0.15564,0,0.13649,0.35866,0.37131,0.10051,0.1579,-0.2886,0.47614,0.26895,0.18213,0.1162,-0.023672,-0.082939,-0.14027,-0.0016681,0.094031,0.14787,0.25082,-0.0012965,0.26998,-0.40628,-0.27658,-0.26,0.049,0.033692,0.24534,0.30672,-0.065528,0.36838,-0.20026,0.44449,0.10997,0.010156,0.37044,0.29046,0.24708,0.40825,0.10343,0.52979,0.33961,0.12774,0.27407,0.083762,0.4521,0.11189,0.13425,0.25723,-0.14406,-0.02811,0.14149,0.14096,0.15896,0.046908,-0.050286,-0.13739,0.12228,-0.07724,0.068353,-0.23669,0.063178,0.1028,-0.089997,-0.020363
