,,,,,,,,,,,,,,,,,,,,,,,,,,,,,,,,,,,,,,,,,,,,,,,,,,,,,,,,,,,,,,,,,,,,,,,,,,,,,,,,,,,,,,,,,,,,,,,,,,,,,,,,
0,-0.19457,-0.78421,-0.86815,0.38754,-0.25266,0.14294,-0.29159,-0.32858,-0.50062,-0.5155,-0.46891,-0.50914,-0.48341,-0.22123,-0.33133,-0.67531,-0.49413,-0.67869,-0.66197,-0.33407,-0.28832,-0.23985,-0.35155,-0.43266,-0.52663,-0.26063,-0.43812,0.069323,-0.26441,-0.45681,-0.35408,-0.75196,-0.69756,-0.21814,-0.20434,-0.74713,-0.79779,-0.027004,-0.37641,0.039268,-0.23434,0.047845,-0.05208,-0.13117,-0.18467,-0.313,-0.21442,-0.26919,-0.50126,-0.40747,-0.052633,0.11933,-0.21672,-0.10406,-0.10522,-0.014216,-0.24873,-0.19211,0.098177,-0.26925,0.044431,-0.35203,-0.40451,-0.56663,-0.22172,-0.17817,-0.55968,-0.6907,-0.17632,-0.24366,-0.20409,-0.27001,-0.20529,-0.10793,-0.44774,-0.50565,-0.81453,-0.84384,-0.76927,-0.88798,-0.5848,-0.45514,-0.76525,-0.73919,-0.86819,-0.70946,-0.26256,-0.17376,-0.26879,-0.14825,-0.17102,-0.27895,0.038971,-0.15571,-0.35175,-0.26305,-0.2178,-0.20622,-0.34774,-0.22464,-0.41766,-0.58836,-0.15142,-0.22256
-0.19457,0,-0.56549,-0.75329,-0.28534,0.55063,-0.38745,0.25002,-0.47145,-0.30119,-0.66942,-0.43998,-0.59912,-0.5704,-0.35076,-0.45036,-0.40947,-0.73761,-0.42046,-0.44132,-0.24271,-0.17206,-0.42806,0.070519,-0.46676,-0.4295,-0.23319,-0.15843,-0.21206,-0.02259,-0.55082,-0.45344,-0.66872,-0.66282,-0.49323,-0.068877,-0.74008,-0.73818,-0.55588,-0.19339,-0.24023,0.26912,-0.26995,0.28821,-0.12671,-0.26124,-0.048178,-0.12347,-0.17027,-0.50586,-0.43957,-0.38369,-0.055143,0.25264,-0.018141,-0.066242,-0.057552,-0.11907,-0.16896,-0.30266,0.18128,-0.43089,-0.55472,-0.37419,-0.28015,-0.0030335,-0.10034,-0.75657,-0.37062,-0.20077,-0.3793,-0.25103,-0.28811,0.052384,-0.082647,-0.48096,-0.44908,-0.54964,-0.58928,-0.62882,-0.54031,-0.36728,-0.63904,-0.37242,-0.39057,-0.42962,-0.42415,-0.13221,-0.09578,-0.11814,-0.14848,-0.45551,-0.035004,-0.27355,0.0024268,-0.46819,-0.3349,-0.33647,-0.027432,-0.52926,-0.34448,-0.76987,-0.69416,-0.25523,-0.23767
-0.78421,-0.56549,0,0.28309,-0.72516,-0.53164,-0.70848,-0.42372,-0.56738,-0.35431,-0.20697,-0.25458,-0.055167,-0.18614,-0.49175,-0.32409,-0.1701,-0.235,-0.17976,-0.11948,-0.64352,-0.36296,-0.60331,-0.38191,-0.46615,-0.27276,-0.49993,-0.18767,-0.58493,-0.44305,-0.37387,-0.33776,0.14719,0.072286,-0.39892,-0.40409,0.22305,0.14308,-0.43375,-0.36918,-0.70309,-0.48694,-0.72955,-0.66981,-0.50492,-0.48321,-0.42834,-0.62001,-0.62458,-0.03617,-0.16655,-0.475,-0.57096,-0.51931,-0.45688,-0.50907,-0.59893,-0.47118,-0.48717,-0.78844,-0.64042,-0.49237,-0.38846,-0.58536,-0.34284,-0.51108,-0.62349,-0.34187,-0.16577,-0.61914,-0.40141,-0.62445,-0.40629,-0.56479,-0.62661,-0.072577,-0.28575,0.31902,0.094959,0.22166,0.15735,-0.007768,-0.16401,0.094739,-0.18204,0.039601,-0.20503,-0.55592,-0.58479,-0.56463,-0.63951,-0.58969,-0.53971,-0.79206,-0.68056,-0.29538,-0.38786,-0.32138,-0.47014,-0.41336,-0.59262,-0.36836,-0.24519,-0.47338,-0.421
-0.86815,-0.75329,0.28309,0,-0.72167,-0.7181,-0.59219,-0.63214,-0.33137,-0.31984,-0.037448,-0.32906,-0.12512,-0.19348,-0.38497,-0.27593,-0.089314,-0.062923,-0.10298,-0.10364,-0.44266,-0.44269,-0.40149,-0.4484,-0.23029,-0.19798,-0.45018,-0.34469,-0.60451,-0.48036,-0.28082,-0.37433,0.01669,0.023488,-0.47489,-0.59838,0.20001,0.20223,-0.39153,-0.37193,-0.5898,-0.59022,-0.78917,-0.86331,-0.70341,-0.58868,-0.57604,-0.6186,-0.50015,-0.054251,-0.21243,-0.48859,-0.70789,-0.67777,-0.67798,-0.65803,-0.70363,-0.53301,-0.49362,-0.57495,-0.64211,-0.51571,-0.28662,-0.55763,-0.36644,-0.65205,-0.66703,-0.05079,-0.16077,-0.64576,-0.47719,-0.71105,-0.47148,-0.73232,-0.7528,-0.13921,-0.2369,0.18389,0.1629,0.29511,0.15929,-0.053984,-0.049088,0.042468,-0.034617,0.074421,-0.064297,-0.54577,-0.58263,-0.59976,-0.65905,-0.46765,-0.6245,-0.63528,-0.72974,-0.23349,-0.36831,-0.41467,-0.6271,-0.37244,-0.59939,-0.16455,-0.00048178,-0.57714,-0.56498
0.38754,-0.28534,-0.72516,-0.72167,0,-0.22481,0.23456,-0.34461,-0.3913,-0.71486,-0.58571,-0.5265,-0.41339,-0.44952,-0.19337,-0.40906,-0.52656,-0.36686,-0.53629,-0.57087,-0.18004,-0.31582,-0.12889,-0.38273,-0.39901,-0.57153,-0.24396,-0.46837,0.093216,-0.21731,-0.54556,-0.43804,-0.68444,-0.6726,-0.31013,-0.32986,-0.75264,-0.83849,-0.035087,-0.39028,0.18364,-0.21464,-0.013329,-0.13482,-0.25763,-0.32203,-0.41366,-0.27702,-0.26561,-0.34944,-0.30324,0.13792,0.22926,-0.17814,-0.081891,0.066599,0.15818,-0.39552,-0.31658,-0.012788,-0.40558,0.19644,-0.28544,-0.37224,-0.52115,-0.31688,-0.27732,-0.48565,-0.68921,-0.12756,-0.22178,-0.31198,-0.32889,-0.3203,-0.23751,-0.55337,-0.60062,-0.65867,-0.62103,-0.6819,-0.71071,-0.50605,-0.32558,-0.56705,-0.53578,-0.70467,-0.54945,-0.39095,-0.23912,-0.38805,-0.32569,-0.073326,-0.23184,0.0035152,-0.20554,-0.33404,-0.27708,-0.20051,-0.19891,-0.27816,-0.10379,-0.35665,-0.46721,-0.089303,-0.17302
-0.25266,0.55063,-0.53164,-0.7181,-0.22481,0,-0.39723,0.18236,-0.58966,-0.4499,-0.84245,-0.44591,-0.56796,-0.602,-0.35258,-0.49988,-0.37692,-0.68801,-0.38457,-0.39843,-0.17097,-0.17883,-0.40977,0.04458,-0.52272,-0.48015,-0.23706,-0.1461,-0.25,-0.025213,-0.6677,-0.55814,-0.621,-0.68875,-0.57831,-0.17704,-0.77114,-0.79059,-0.59491,-0.22319,-0.20341,0.33317,-0.31916,0.16771,-0.21568,-0.36094,-0.15084,-0.20447,-0.18364,-0.43096,-0.38287,-0.31303,0.057523,0.46605,0.090528,0.11601,0.060068,-0.24513,-0.29935,-0.37958,-0.0090647,-0.36917,-0.48438,-0.30642,-0.1806,-0.11004,-0.21437,-0.77654,-0.40581,-0.19544,-0.35848,-0.31545,-0.34062,-0.070186,-0.20586,-0.58469,-0.53988,-0.48591,-0.51923,-0.597,-0.49301,-0.33339,-0.56052,-0.30252,-0.31144,-0.40544,-0.40047,-0.27248,-0.19414,-0.18466,-0.28131,-0.36678,0.11359,-0.30224,0.0024684,-0.48886,-0.36125,-0.29664,0.022394,-0.44263,-0.19964,-0.69565,-0.61895,-0.17576,-0.12562
0.14294,-0.38745,-0.70848,-0.59219,0.23456,-0.39723,0,-0.31909,-0.20287,-0.55424,-0.39156,-0.61589,-0.26059,-0.27084,-0.15496,-0.44512,-0.35032,-0.24146,-0.3675,-0.56965,-0.044598,-0.43682,0.1485,-0.43778,-0.21883,-0.50505,-0.34451,-0.64044,0.029954,-0.21083,-0.35957,-0.2987,-0.55984,-0.50939,-0.19427,-0.32856,-0.651,-0.65228,0.090326,-0.34346,0.23318,-0.3574,0.099509,-0.16608,-0.2697,-0.26318,-0.39724,-0.22097,-0.23827,-0.44752,-0.49162,0.017671,-0.15135,-0.43065,-0.42986,-0.15223,-0.065695,-0.36502,-0.23891,0.067206,-0.45473,0.090546,-0.25874,-0.30884,-0.5912,-0.26509,-0.17742,-0.37983,-0.5985,-0.17668,-0.27519,-0.27206,-0.27621,-0.26665,-0.12276,-0.61514,-0.55594,-0.60818,-0.48758,-0.70186,-0.67327,-0.50108,-0.34129,-0.56808,-0.47633,-0.58034,-0.36532,-0.28991,-0.19246,-0.38728,-0.29656,-0.13435,-0.40004,0.05666,-0.23933,-0.27079,-0.2132,-0.37483,-0.35449,-0.24136,-0.21301,-0.28507,-0.32303,-0.15591,-0.28024
-0.29159,0.25002,-0.42372,-0.63214,-0.34461,0.18236,-0.31909,0,-0.3968,-0.23461,-0.50313,-0.28118,-0.35314,-0.25235,-0.28381,-0.43518,-0.3619,-0.58637,-0.38023,-0.32262,-0.20861,-0.13006,-0.34466,0.065326,-0.34729,-0.24696,-0.18571,-0.15086,-0.23823,-0.056202,-0.41546,-0.32801,-0.48584,-0.41677,-0.29686,0.12019,-0.5869,-0.53539,-0.44827,-0.0071375,-0.30793,0.065874,-0.17532,0.24491,-0.035991,-0.14224,0.028967,-0.037847,-0.33356,-0.44141,-0.38449,-0.4041,-0.23119,-0.052259,-0.17415,-0.11791,-0.10986,-0.044562,-0.070721,-0.30873,0.023828,-0.42184,-0.55405,-0.2855,-0.38339,0.10733,0.014483,-0.64931,-0.22483,-0.12908,-0.28139,-0.15328,-0.13473,0.17027,0.036057,-0.42282,-0.34175,-0.43877,-0.41232,-0.59418,-0.4768,-0.46997,-0.78659,-0.31337,-0.42096,-0.37225,-0.36032,-0.08574,-0.036949,-0.19828,-0.19879,-0.51656,-0.063025,-0.30129,0.021567,-0.31762,-0.1401,-0.28816,0.074974,-0.52272,-0.34807,-0.6622,-0.53736,-0.1782,-0.16936
-0.32858,-0.47145,-0.56738,-0.33137,-0.3913,-0.58966,-0.20287,-0.3968,0,0.032167,0.23807,-0.16974,-0.34149,-0.095655,-0.039679,-0.077805,-0.35471,-0.11299,-0.33311,-0.1787,-0.29435,-0.35629,-0.073124,-0.50261,0.21651,-0.041648,-0.20431,-0.4702,-0.2915,-0.47271,-0.097273,-0.26745,-0.45348,-0.22618,-0.1615,-0.32687,-0.341,-0.24076,-0.18792,-0.18112,-0.43258,-0.5708,-0.22623,-0.38824,-0.31266,-0.18939,-0.32918,-0.048345,-0.3888,-0.42035,-0.28654,-0.46574,-0.68708,-0.68845,-0.65307,-0.70473,-0.51851,-0.11594,-0.0082201,0.034094,-0.17445,-0.47255,-0.54008,-0.42424,-0.65755,-0.28983,-0.086721,0.20605,-0.11436,-0.20923,-0.31825,-0.20267,-0.27967,-0.26581,-0.15931,-0.1835,0.089356,-0.61535,-0.392,-0.48101,-0.41619,-0.55969,-0.38676,-0.53577,-0.39277,-0.41594,-0.21972,-0.094501,-0.081451,-0.21254,-0.083396,-0.41267,-0.51225,-0.086251,-0.30026,-0.27434,-0.27436,-0.31251,-0.55725,-0.48869,-0.55071,-0.2328,-0.25833,-0.59341,-0.66916
-0.50062,-0.30119,-0.35431,-0.31984,-0.71486,-0.4499,-0.55424,-0.23461,0.032167,0,-0.018314,-0.044651,-0.47698,-0.19657,-0.31617,-0.15386,-0.44924,-0.37996,-0.41581,-0.25132,-0.50145,-0.32733,-0.45676,-0.2637,-0.15344,-0.0080535,-0.30488,-0.3488,-0.48518,-0.46463,-0.14007,-0.2115,-0.45426,-0.25914,-0.28815,-0.2157,-0.30237,-0.17375,-0.46482,-0.17342,-0.70502,-0.45966,-0.47574,-0.39707,-0.31751,-0.26641,-0.17393,-0.13507,-0.33155,-0.44015,-0.31193,-0.7154,-0.72115,-0.50644,-0.51403,-0.82853,-0.78182,-0.13221,-0.11106,-0.23958,0.054602,-0.8091,-0.69569,-0.43229,-0.55264,-0.24671,-0.18408,-0.14662,-0.04841,-0.3976,-0.41852,-0.26939,-0.31393,-0.21666,-0.22919,-0.17207,0.099236,-0.51528,-0.40777,-0.42534,-0.31782,-0.47537,-0.56194,-0.51063,-0.43698,-0.36685,-0.35932,-0.063209,-0.21307,-0.14832,-0.064934,-0.67083,-0.41953,-0.30348,-0.20657,-0.22563,-0.16316,-0.30403,-0.35111,-0.51249,-0.63973,-0.3132,-0.33923,-0.47907,-0.48921
-0.5155,-0.66942,-0.20697,-0.037448,-0.58571,-0.84245,-0.39156,-0.50313,0.23807,-0.018314,0,-0.08913,-0.1734,0.0044431,-0.1385,0.0019628,-0.28131,-0.044633,-0.27917,-0.049231,-0.52234,-0.29455,-0.26035,-0.56705,0.099848,0.070578,-0.30364,-0.31605,-0.4036,-0.56764,0.060788,-0.13452,-0.12285,0.10194,-0.035396,-0.29045,0.075141,0.17937,-0.15732,-0.16397,-0.64859,-0.70286,-0.32875,-0.56033,-0.30744,-0.16837,-0.37947,-0.2142,-0.63818,-0.30506,-0.22451,-0.51851,-0.95759,-0.9567,-0.75634,-0.8822,-0.67264,-0.15921,-0.071304,-0.2456,-0.36692,-0.535,-0.53129,-0.54765,-0.67158,-0.38348,-0.23207,0.1754,-0.00060669,-0.32375,-0.27854,-0.26906,-0.24582,-0.37301,-0.283,0.16795,0.16556,-0.30573,-0.19167,-0.15988,-0.19233,-0.40743,-0.30597,-0.34547,-0.38861,-0.23217,-0.18238,-0.21259,-0.21428,-0.35547,-0.25088,-0.56607,-0.72312,-0.3559,-0.54448,-0.2291,-0.32195,-0.26366,-0.6372,-0.53252,-0.74517,-0.24125,-0.19055,-0.70065,-0.76955
-0.46891,-0.43998,-0.25458,-0.32906,-0.5265,-0.44591,-0.61589,-0.28118,-0.16974,-0.044651,-0.08913,0,-0.37508,-0.1197,-0.17467,0.019539,-0.58228,-0.33526,-0.56083,-0.0072862,-0.5971,-0.16119,-0.59641,-0.43245,-0.32476,0.088381,-0.21595,-0.19311,-0.54735,-0.6329,-0.14396,-0.2136,-0.23066,-0.10401,-0.096149,-0.22908,-0.16851,-0.065279,-0.47788,-0.20469,-0.86177,-0.55584,-0.36334,-0.45968,-0.13467,-0.075289,-0.30158,-0.1576,-0.65894,-0.38272,-0.090575,-0.53867,-0.56623,-0.45488,-0.29056,-0.66752,-0.61231,-0.066236,-0.11633,-0.33804,-0.22541,-0.53936,-0.56369,-0.32378,-0.4188,-0.35974,-0.26767,-0.13483,-0.058451,-0.25588,-0.1187,-0.072928,-0.082195,-0.29465,-0.27877,-0.0058528,0.33532,-0.43902,-0.37135,-0.37604,-0.35467,-0.58677,-0.54324,-0.41636,-0.58087,-0.48035,-0.49294,-0.25268,-0.20222,-0.12523,-0.14991,-0.51062,-0.28156,-0.41856,-0.2994,-0.34244,-0.26546,-0.10206,-0.25613,-0.43281,-0.35473,-0.25686,-0.28162,-0.45749,-0.39769
-0.50914,-0.59912,-0.055167,-0.12512,-0.41339,-0.56796,-0.26059,-0.35314,-0.34149,-0.47698,-0.1734,-0.37508,0,0.2289,-0.41229,-0.43813,-0.099765,-0.063786,-0.10464,-0.21167,-0.45404,-0.52495,-0.24849,-0.63446,-0.36345,-0.45166,-0.47951,-0.43613,-0.33159,-0.39847,-0.30841,-0.15478,0.084461,0.053175,-0.14139,-0.3411,-0.1052,-0.15182,-0.20182,-0.45719,-0.47025,-0.62971,-0.27794,-0.45979,-0.28211,-0.24375,-0.2585,-0.32077,-0.60651,0.012431,-0.1887,-0.36378,-0.53913,-0.62251,-0.5158,-0.34672,-0.33952,-0.29799,-0.28661,-0.52836,-0.70533,-0.21463,-0.34294,-0.30128,-0.40101,-0.21196,-0.23536,-0.20276,-0.1697,-0.33236,-0.2508,-0.32743,-0.23388,-0.28713,-0.22308,-0.25428,-0.33096,0.086043,0.10725,-0.15086,-0.13013,-0.28745,-0.23257,-0.073445,-0.21258,-0.09484,-0.10018,-0.29689,-0.29235,-0.49615,-0.43477,-0.40862,-0.59927,-0.4398,-0.56847,-0.35959,-0.41649,-0.35533,-0.60079,-0.23106,-0.36819,-0.31061,-0.25309,-0.45208,-0.43761
-0.48341,-0.5704,-0.18614,-0.19348,-0.44952,-0.602,-0.27084,-0.25235,-0.095655,-0.19657,0.0044431,-0.1197,0.2289,0,-0.24821,-0.28693,-0.22295,-0.047262,-0.20573,-0.079114,-0.39465,-0.40064,-0.20422,-0.50878,-0.15889,-0.15532,-0.3241,-0.43054,-0.31949,-0.41393,-0.15964,-0.093377,-0.13841,0.12711,-0.065909,-0.25833,-0.14023,-0.086739,-0.2201,-0.26537,-0.56037,-0.63749,-0.25298,-0.43355,-0.23773,-0.17008,-0.24579,-0.19479,-0.55962,-0.091444,-0.078668,-0.41103,-0.66745,-0.7061,-0.56661,-0.55206,-0.49292,-0.19798,-0.15281,-0.35679,-0.45041,-0.33844,-0.42165,-0.29465,-0.51676,-0.21625,-0.14924,-0.030043,-0.0093561,-0.24302,-0.20948,-0.22098,-0.17314,-0.26003,-0.17748,-0.18388,-0.068229,-0.1629,0.010742,-0.28323,-0.16083,-0.46887,-0.37677,-0.19671,-0.33227,-0.18549,-0.14989,-0.20353,-0.20312,-0.42114,-0.32938,-0.51084,-0.54738,-0.35869,-0.44105,-0.17533,-0.16231,-0.33113,-0.42098,-0.39845,-0.44837,-0.25786,-0.18181,-0.48948,-0.51673
-0.22123,-0.35076,-0.49175,-0.38497,-0.19337,-0.35258,-0.15496,-0.28381,-0.039679,-0.31617,-0.1385,-0.17467,-0.41229,-0.24821,0,0.13207,-0.22457,-0.097023,-0.24313,-0.0036639,-0.20307,-0.055292,0.026766,-0.44304,0.0095286,-0.059236,-0.091527,-0.22148,-0.33373,-0.44711,-0.28025,-0.33929,-0.36935,-0.25911,-0.19901,-0.32132,-0.38856,-0.29916,-0.15811,-0.037181,-0.30167,-0.33961,-0.14533,-0.28855,-0.24362,-0.17831,-0.39987,-0.026034,-0.51479,-0.4513,-0.25718,-0.26094,-0.3557,-0.39773,-0.33528,-0.44209,-0.26557,-0.11861,0.011533,0.021716,-0.30601,-0.33846,-0.44446,-0.41873,-0.43195,-0.34025,-0.14702,-0.16089,-0.31876,-0.27123,-0.26945,-0.23744,-0.22718,-0.25469,-0.21588,-0.21573,-0.088589,-0.52064,-0.29095,-0.44733,-0.36172,-0.39278,-0.28115,-0.31725,-0.36304,-0.34102,-0.17949,-0.20538,-0.01697,-0.149,-0.18214,-0.44362,-0.39016,-0.20032,-0.32018,-0.3789,-0.30039,-0.26232,-0.34148,-0.55127,-0.41893,-0.38775,-0.20871,-0.55988,-0.58082
-0.33133,-0.45036,-0.32409,-0.27593,-0.40906,-0.49988,-0.44512,-0.43518,-0.077805,-0.15386,0.0019628,0.019539,-0.43813,-0.28693,0.13207,0,-0.42914,-0.15072,-0.41627,-0.011349,-0.59613,0.071096,-0.31797,-0.50255,-0.16678,0.065606,-0.10673,-0.03225,-0.53716,-0.72309,-0.15568,-0.25542,-0.25297,-0.12711,-0.13541,-0.28363,-0.1441,-0.07244,-0.14531,-0.086019,-0.59964,-0.44332,-0.35319,-0.47898,-0.26234,-0.12261,-0.46252,-0.15064,-0.79317,-0.42775,-0.17726,-0.53359,-0.52219,-0.53308,-0.34093,-0.64647,-0.48986,-0.066891,-0.018653,-0.11913,-0.2892,-0.54794,-0.55921,-0.50948,-0.45591,-0.46875,-0.29044,-0.11049,-0.21886,-0.42424,-0.2464,-0.18596,-0.20651,-0.37361,-0.33718,0.051652,0.10107,-0.46294,-0.33538,-0.25564,-0.31864,-0.46031,-0.31325,-0.38751,-0.46957,-0.35881,-0.36145,-0.24134,-0.11034,-0.079596,-0.088178,-0.46297,-0.38386,-0.23905,-0.38052,-0.31263,-0.33298,-0.066932,-0.42824,-0.58313,-0.48846,-0.29488,-0.19967,-0.74959,-0.69549
-0.67531,-0.40947,-0.1701,-0.089314,-0.52656,-0.37692,-0.35032,-0.3619,-0.35471,-0.44924,-0.28131,-0.58228,-0.099765,-0.22295,-0.22457,-0.42914,0,0.042873,1,-0.063245,-0.18117,-0.43274,-0.0088387,-0.49515,-0.14825,-0.39655,-0.48154,-0.3797,-0.48309,-0.32888,-0.3969,-0.36873,-0.1074,-0.13522,-0.46912,-0.54803,-0.23847,-0.25067,-0.39694,-0.35154,-0.38007,-0.39746,-0.42478,-0.45686,-0.52371,-0.53171,-0.31295,-0.33862,-0.37995,-0.25341,-0.41323,-0.33941,-0.53062,-0.41843,-0.55877,-0.39956,-0.35827,-0.43742,-0.41454,-0.57312,-0.57643,-0.49472,-0.41128,-0.42942,-0.27072,-0.32071,-0.33471,-0.26925,-0.27563,-0.48459,-0.55077,-0.57394,-0.52861,-0.3497,-0.40119,-0.38582,-0.38508,-0.018718,0.25425,-0.18421,0.14325,0.10607,0.003997,0.2364,0.28607,0.39628,0.78903,-0.34237,-0.36243,-0.41072,-0.49346,-0.54122,-0.59202,-0.56279,-0.60532,-0.50242,-0.56221,-0.64246,-0.61812,-0.42936,-0.56142,-0.53498,-0.27431,-0.60507,-0.62464
-0.49413,-0.73761,-0.235,-0.062923,-0.36686,-0.68801,-0.24146,-0.58637,-0.11299,-0.37996,-0.044633,-0.33526,-0.063786,-0.047262,-0.097023,-0.15072,0.042873,0,0.063762,0.023774,-0.32271,-0.37559,0.012146,-0.76107,-0.037805,-0.21205,-0.36154,-0.46187,-0.45665,-0.57564,-0.23734,-0.23769,-0.17411,0.016422,-0.24853,-0.55082,-0.16347,-0.17318,-0.10948,-0.36124,-0.44684,-0.6663,-0.35911,-0.65813,-0.50581,-0.39494,-0.46537,-0.2881,-0.57554,-0.23098,-0.20919,-0.29018,-0.60389,-0.71082,-0.62671,-0.5653,-0.44441,-0.36951,-0.3022,-0.35586,-0.70783,-0.40751,-0.46989,-0.47661,-0.5049,-0.47773,-0.37811,0.086346,-0.19148,-0.39586,-0.32751,-0.43104,-0.38536,-0.50432,-0.43643,-0.24066,-0.14194,-0.237,0.066361,-0.24844,-0.057564,-0.18408,0.10581,-0.071066,-0.03617,-0.049065,0.13799,-0.34813,-0.28086,-0.36502,-0.34121,-0.43045,-0.64714,-0.39154,-0.6828,-0.39493,-0.46925,-0.40072,-0.7369,-0.36758,-0.48726,-0.26784,-0.12509,-0.6739,-0.74589
-0.67869,-0.42046,-0.17976,-0.10298,-0.53629,-0.38457,-0.3675,-0.38023,-0.33311,-0.41581,-0.27917,-0.56083,-0.10464,-0.20573,-0.24313,-0.41627,1,0.063762,0,-0.041445,-0.22678,-0.44142,-0.005603,-0.52434,-0.15591,-0.40299,-0.51262,-0.38162,-0.50866,-0.37113,-0.40487,-0.39028,-0.13204,-0.14259,-0.4894,-0.59552,-0.24213,-0.25603,-0.40059,-0.37015,-0.42597,-0.42684,-0.45925,-0.49672,-0.55414,-0.57122,-0.31996,-0.34672,-0.38072,-0.24017,-0.3927,-0.37041,-0.54079,-0.42663,-0.54211,-0.41996,-0.39027,-0.45482,-0.44892,-0.58172,-0.56839,-0.53466,-0.45446,-0.43451,-0.27563,-0.33451,-0.34873,-0.25214,-0.27673,-0.5052,-0.57551,-0.58677,-0.59429,-0.3703,-0.42172,-0.38773,-0.36986,-0.044752,0.24015,-0.20072,0.18386,0.088,0.032303,0.18389,0.32086,0.40449,0.79075,-0.35567,-0.39456,-0.38669,-0.48054,-0.51785,-0.5601,-0.51669,-0.5694,-0.48306,-0.55713,-0.60093,-0.63525,-0.4283,-0.55399,-0.50972,-0.28661,-0.62028,-0.63173
-0.66197,-0.44132,-0.11948,-0.10364,-0.57087,-0.39843,-0.56965,-0.32262,-0.1787,-0.25132,-0.049231,-0.0072862,-0.21167,-0.079114,-0.0036639,-0.011349,-0.063245,0.023774,-0.041445,0,-0.40522,-0.13752,-0.27447,-0.48221,-0.12295,0.0081011,-0.3325,-0.1143,-0.50736,-0.46454,-0.21726,-0.28694,-0.076366,0.12199,-0.25179,-0.37488,-0.026587,0.0056268,-0.41039,-0.13753,-0.74837,-0.45413,-0.42447,-0.4708,-0.30669,-0.27111,-0.40857,-0.22448,-0.63723,-0.26752,-0.066433,-0.39648,-0.64342,-0.49641,-0.43765,-0.57759,-0.47095,-0.20037,-0.19033,-0.51637,-0.42342,-0.56823,-0.59798,-0.47449,-0.31923,-0.41566,-0.32808,-0.085502,0.091033,-0.26939,-0.20253,-0.31997,-0.29721,-0.38421,-0.38919,-0.040404,0.062555,-0.19577,0.0084045,-0.19221,0.045329,-0.17412,-0.15706,0.027866,-0.16393,-0.017606,0.030335,-0.35472,-0.23286,-0.25368,-0.34607,-0.66826,-0.45885,-0.555,-0.5487,-0.43608,-0.46366,-0.26987,-0.47198,-0.55938,-0.53066,-0.43101,-0.21182,-0.74799,-0.71549
-0.33407,-0.24271,-0.64352,-0.44266,-0.18004,-0.17097,-0.044598,-0.20861,-0.29435,-0.50145,-0.52234,-0.5971,-0.45404,-0.39465,-0.20307,-0.59613,-0.18117,-0.32271,-0.22678,-0.40522,0,-0.42386,0.028134,-0.13589,-0.1237,-0.3588,-0.27001,-0.5751,-0.18238,0.025154,-0.40732,-0.46207,-0.59803,-0.53581,-0.51781,-0.41437,-0.6691,-0.60723,-0.40342,-0.24074,0.12582,-0.13246,-0.22438,-0.14004,-0.45167,-0.46421,-0.44477,-0.31597,0.026338,-0.47346,-0.51327,-0.10278,-0.25147,-0.24556,-0.4924,-0.17084,-0.14757,-0.47731,-0.38509,-0.20717,-0.29883,-0.19949,-0.13451,-0.17067,-0.27138,-0.36,-0.32483,-0.34626,-0.40029,-0.16445,-0.36353,-0.40264,-0.3421,-0.35292,-0.3452,-0.82512,-0.55658,-0.47729,-0.34309,-0.57687,-0.46968,-0.36289,-0.38969,-0.30899,-0.20249,-0.36087,-0.17563,-0.37895,-0.29894,-0.4541,-0.49129,-0.25664,-0.25793,-0.27972,-0.25364,-0.3137,-0.22,-0.62637,-0.20876,-0.30842,-0.20263,-0.33259,-0.18132,-0.18816,-0.27943
-0.28832,-0.17206,-0.36296,-0.44269,-0.31582,-0.17883,-0.43682,-0.13006,-0.35629,-0.32733,-0.29455,-0.16119,-0.52495,-0.40064,-0.055292,0.071096,-0.43274,-0.37559,-0.44142,-0.13752,-0.42386,0,-0.32692,-0.13827,-0.18879,0.089671,-0.0057041,0.4196,-0.40747,-0.40714,-0.18986,-0.30112,-0.36364,-0.28981,-0.18838,-0.020544,-0.27243,-0.26759,-0.17317,0.30129,-0.41395,-0.022668,-0.24642,-0.16491,-0.15459,-0.15427,-0.33711,-0.16673,-0.72284,-0.49121,-0.30888,-0.44702,-0.32032,-0.26729,-0.16905,-0.28026,-0.18511,-0.09945,-0.11486,-0.24501,-0.15302,-0.55031,-0.54419,-0.4553,-0.44124,-0.31762,-0.24656,-0.47267,-0.28557,-0.25493,-0.23243,-0.15709,-0.20626,-0.23349,-0.29244,-0.08847,-0.22471,-0.43341,-0.39098,-0.29132,-0.3696,-0.51171,-0.55039,-0.3145,-0.46848,-0.32105,-0.40938,-0.27281,-0.12931,-0.22367,-0.24989,-0.42838,-0.11085,-0.27487,-0.20393,-0.17651,-0.18465,-0.011146,-0.025713,-0.7195,-0.43485,-0.4942,-0.34208,-0.44519,-0.4381
-0.23985,-0.42806,-0.60331,-0.40149,-0.12889,-0.40977,0.1485,-0.34466,-0.073124,-0.45676,-0.26035,-0.59641,-0.24849,-0.20422,0.026766,-0.31797,-0.0088387,0.012146,-0.005603,-0.27447,0.028134,-0.32692,0,-0.46255,0.1246,-0.32297,-0.2373,-0.46722,-0.23362,-0.32505,-0.34573,-0.41035,-0.44923,-0.35579,-0.32959,-0.44786,-0.51479,-0.47978,-0.018683,-0.19506,-0.032868,-0.34384,-0.1263,-0.29999,-0.45638,-0.41451,-0.38858,-0.19537,-0.32758,-0.38337,-0.4482,-0.21089,-0.36703,-0.48227,-0.53122,-0.28423,-0.16289,-0.37983,-0.28251,-0.06312,-0.45149,-0.27293,-0.31838,-0.33297,-0.48247,-0.29614,-0.17759,-0.19662,-0.45131,-0.30675,-0.47141,-0.3933,-0.47017,-0.29916,-0.25567,-0.51184,-0.42663,-0.44277,-0.19706,-0.47296,-0.32008,-0.37184,-0.20563,-0.30618,-0.14126,-0.20855,0.026974,-0.27256,-0.22289,-0.39281,-0.36449,-0.25297,-0.43026,-0.084062,-0.32129,-0.27538,-0.28338,-0.47527,-0.45181,-0.44386,-0.39575,-0.36148,-0.24034,-0.44162,-0.52236
-0.35155,0.070519,-0.38191,-0.4484,-0.38273,0.04458,-0.43778,0.065326,-0.50261,-0.2637,-0.56705,-0.43245,-0.63446,-0.50878,-0.44304,-0.50255,-0.49515,-0.76107,-0.52434,-0.48221,-0.13589,-0.13827,-0.46255,0,-0.33566,-0.21805,-0.17568,-0.1496,-0.20761,0.11449,-0.45021,-0.50526,-0.65111,-0.55946,-0.57523,-0.070495,-0.50978,-0.48457,-0.48296,0.0014454,-0.18233,0.33466,-0.45488,0.00096357,-0.37186,-0.44785,-0.3203,-0.42101,-0.12142,-0.3962,-0.39175,-0.36162,-0.20454,-0.081648,-0.25966,-0.14989,-0.22631,-0.39144,-0.36591,-0.33477,0.042183,-0.42894,-0.32295,-0.4022,-0.35577,-0.29981,-0.38686,-0.6639,-0.31544,-0.27004,-0.40866,-0.44634,-0.36627,-0.29583,-0.39729,-0.48664,-0.53967,-0.40646,-0.49928,-0.38286,-0.43107,-0.40966,-0.70126,-0.36645,-0.42421,-0.39166,-0.50531,-0.39296,-0.38328,-0.49866,-0.50402,-0.44644,-0.065963,-0.36734,-0.085508,-0.064964,0.033606,-0.34381,0.24229,-0.58715,-0.42084,-0.4998,-0.40848,-0.10966,-0.14455
-0.43266,-0.46676,-0.46615,-0.23029,-0.39901,-0.52272,-0.21883,-0.34729,0.21651,-0.15344,0.099848,-0.32476,-0.36345,-0.15889,0.0095286,-0.16678,-0.14825,-0.037805,-0.15591,-0.12295,-0.1237,-0.18879,0.1246,-0.33566,0,0.098272,-0.10145,-0.31326,-0.3036,-0.36137,-0.11566,-0.3415,-0.41711,-0.20579,-0.25772,-0.29238,-0.29505,-0.21775,-0.13245,0.062239,-0.31307,-0.36639,-0.24995,-0.35296,-0.4303,-0.34735,-0.35122,-0.16266,-0.4142,-0.39511,-0.35133,-0.3928,-0.6474,-0.62217,-0.67345,-0.53839,-0.38097,-0.26542,-0.16328,-0.10088,-0.25464,-0.52958,-0.44798,-0.46239,-0.63307,-0.32399,-0.17847,0.016404,-0.16208,-0.23649,-0.41847,-0.35774,-0.39674,-0.31627,-0.30245,-0.19225,-0.12591,-0.44506,-0.22171,-0.32085,-0.24325,-0.4337,-0.34801,-0.31939,-0.21726,-0.18441,-0.033166,-0.21022,-0.19857,-0.42584,-0.33977,-0.45509,-0.49304,-0.24554,-0.37047,-0.15778,-0.20216,-0.38122,-0.40747,-0.65103,-0.66711,-0.34931,-0.21874,-0.53934,-0.64576
-0.52663,-0.4295,-0.27276,-0.19798,-0.57153,-0.48015,-0.50505,-0.24696,-0.041648,-0.0080535,0.070578,0.088381,-0.45166,-0.15532,-0.059236,0.065606,-0.39655,-0.21205,-0.40299,0.0081011,-0.3588,0.089671,-0.32297,-0.21805,0.098272,0,-0.056351,-0.071268,-0.50321,-0.4766,0.038531,-0.22066,-0.30733,-0.064291,-0.14634,-0.13675,-0.10968,0.0096595,-0.27878,0.23854,-0.59409,-0.34955,-0.3594,-0.39053,-0.28479,-0.18307,-0.38177,-0.19091,-0.62672,-0.46942,-0.26204,-0.54459,-0.70662,-0.5804,-0.53133,-0.67117,-0.5516,-0.13445,-0.099039,-0.23806,-0.17187,-0.69011,-0.51797,-0.43554,-0.54722,-0.41037,-0.28821,-0.10853,-0.011926,-0.26606,-0.24202,-0.19588,-0.17103,-0.3497,-0.35972,-0.0045918,0.13068,-0.41559,-0.27777,-0.25782,-0.27184,-0.53652,-0.5368,-0.32268,-0.42536,-0.28599,-0.30202,-0.25284,-0.19506,-0.29506,-0.27314,-0.54939,-0.32714,-0.38534,-0.33008,-0.090778,-0.082653,-0.20085,-0.20504,-0.6745,-0.58173,-0.29579,-0.14317,-0.51989,-0.55402
-0.26063,-0.23319,-0.49993,-0.45018,-0.24396,-0.23706,-0.34451,-0.18571,-0.20431,-0.30488,-0.30364,-0.21595,-0.47951,-0.3241,-0.091527,-0.10673,-0.48154,-0.36154,-0.51262,-0.3325,-0.27001,-0.0057041,-0.2373,-0.17568,-0.10145,-0.056351,0,-0.11696,-0.35239,-0.41622,-0.44348,-0.52571,-0.54032,-0.38912,-0.37516,-0.15105,-0.50022,-0.43167,-0.23556,-0.034558,-0.24616,-0.11312,-0.32019,-0.22651,-0.36142,-0.27195,-0.26062,-0.18119,-0.52927,-0.28864,-0.17706,-0.49198,-0.26989,-0.24987,-0.20339,-0.29292,-0.18558,-0.17049,-0.15254,-0.0040981,-0.117,-0.41548,-0.31729,-0.38629,-0.47319,-0.27248,-0.19789,-0.23253,-0.34987,-0.33319,-0.43336,-0.27997,-0.26127,-0.23635,-0.30784,-0.23482,-0.1956,-0.4752,-0.37855,-0.3304,-0.43602,-0.66323,-0.56833,-0.35838,-0.37885,-0.39213,-0.4135,-0.20299,-0.12317,-0.34982,-0.26114,-0.28137,-0.14813,-0.21579,-0.19979,-0.19343,-0.12838,-0.26969,-0.10333,-0.71643,-0.41916,-0.45292,-0.38164,-0.44892,-0.41424
-0.43812,-0.15843,-0.18767,-0.34469,-0.46837,-0.1461,-0.64044,-0.15086,-0.4702,-0.3488,-0.31605,-0.19311,-0.43613,-0.43054,-0.22148,-0.03225,-0.3797,-0.46187,-0.38162,-0.1143,-0.5751,0.4196,-0.46722,-0.1496,-0.31326,-0.071268,-0.11696,0,-0.46526,-0.40435,-0.30997,-0.39593,-0.21174,-0.23794,-0.28523,-0.057713,-0.15627,-0.18193,-0.29936,0.11467,-0.54336,-0.026641,-0.3935,-0.21866,-0.2129,-0.2375,-0.30697,-0.28653,-0.76934,-0.35292,-0.25263,-0.54473,-0.35733,-0.23437,-0.12974,-0.25385,-0.21497,-0.16512,-0.22368,-0.44206,-0.20575,-0.5999,-0.54166,-0.49952,-0.32834,-0.30811,-0.30849,-0.53132,-0.23938,-0.34749,-0.30957,-0.27447,-0.31604,-0.24836,-0.35615,0.00048773,-0.2798,-0.24672,-0.31041,-0.10832,-0.22245,-0.37363,-0.49792,-0.21312,-0.39407,-0.19637,-0.37887,-0.34649,-0.26097,-0.30268,-0.36043,-0.49644,-0.15784,-0.41962,-0.28247,-0.26418,-0.32493,-0.020592,-0.12888,-0.74047,-0.50574,-0.59133,-0.44065,-0.50088,-0.42612
0.069323,-0.21206,-0.58493,-0.60451,0.093216,-0.25,0.029954,-0.23823,-0.2915,-0.48518,-0.4036,-0.54735,-0.33159,-0.31949,-0.33373,-0.53716,-0.48309,-0.45665,-0.50866,-0.50736,-0.18238,-0.40747,-0.23362,-0.20761,-0.3036,-0.50321,-0.35239,-0.46526,0,0.18502,-0.43688,-0.33117,-0.61949,-0.4762,-0.25945,-0.1031,-0.54361,-0.61347,-0.11585,-0.29872,0.027836,-0.16002,-0.034189,0.051985,-0.17881,-0.25459,-0.36862,-0.32941,-0.12407,-0.2808,-0.22217,0.18093,-0.12718,-0.32767,-0.32746,-0.0773,0.0046037,-0.3816,-0.23757,-0.19845,-0.2856,0.1485,-0.3357,-0.48478,-0.57767,-0.23958,-0.22684,-0.46894,-0.33574,0.11221,-0.11845,-0.33379,-0.30026,-0.2685,-0.15577,-0.4284,-0.56828,-0.55117,-0.59085,-0.5741,-0.56459,-0.38736,-0.38431,-0.51685,-0.60443,-0.58291,-0.48879,-0.38023,-0.25435,-0.58916,-0.4224,-0.42721,-0.47662,-0.23112,-0.35035,-0.27958,-0.25903,-0.30975,-0.23483,-0.44021,-0.40355,-0.51645,-0.56202,-0.17653,-0.31167
-0.26441,-0.02259,-0.44305,-0.48036,-0.21731,-0.025213,-0.21083,-0.056202,-0.47271,-0.46463,-0.56764,-0.6329,-0.39847,-0.41393,-0.44711,-0.72309,-0.32888,-0.57564,-0.37113,-0.46454,0.025154,-0.40714,-0.32505,0.11449,-0.36137,-0.4766,-0.41622,-0.40435,0.18502,0,-0.47759,-0.39217,-0.56779,-0.48581,-0.47319,-0.12984,-0.52893,-0.57353,-0.41122,-0.23735,-0.014733,0.084062,-0.25323,0.1327,-0.28212,-0.38326,-0.37073,-0.42348,0.057481,-0.33592,-0.3517,0.0045442,-0.18123,-0.17801,-0.37934,-0.041124,-0.06908,-0.45609,-0.3512,-0.4159,-0.2087,-0.10363,-0.2768,-0.39544,-0.32901,-0.26705,-0.34028,-0.61597,-0.25123,-0.013425,-0.21388,-0.43456,-0.3213,-0.29018,-0.27877,-0.59292,-0.68271,-0.38524,-0.45558,-0.48735,-0.43619,-0.22156,-0.44062,-0.30712,-0.40106,-0.38784,-0.36124,-0.43717,-0.34288,-0.60061,-0.5591,-0.51876,-0.35593,-0.43136,-0.32682,-0.29661,-0.24437,-0.47531,-0.12001,-0.43243,-0.38642,-0.57896,-0.45969,-0.13537,-0.24525
-0.45681,-0.55082,-0.37387,-0.28082,-0.54556,-0.6677,-0.35957,-0.41546,-0.097273,-0.14007,0.060788,-0.14396,-0.30841,-0.15964,-0.28025,-0.15568,-0.3969,-0.23734,-0.40487,-0.21726,-0.40732,-0.18986,-0.34573,-0.45021,-0.11566,0.038531,-0.44348,-0.30997,-0.43688,-0.47759,0,0.26668,-0.1731,-0.09192,0.17592,-0.17812,-0.047524,0.0033784,-0.2207,-0.13346,-0.5673,-0.5737,-0.12181,-0.38299,-0.077555,0.014245,-0.37308,-0.16575,-0.55169,-0.63364,-0.51867,-0.47902,-0.82337,-0.76439,-0.70196,-0.68758,-0.58056,-0.11475,-0.10024,-0.33101,-0.30843,-0.53003,-0.45163,-0.22291,-0.46697,-0.3444,-0.21062,-0.17043,-0.094269,-0.16792,-0.063964,0.054644,-0.019955,-0.29328,-0.18897,-0.12495,-0.079988,-0.40618,-0.35171,-0.33515,-0.42173,-0.57313,-0.53918,-0.4715,-0.5465,-0.38328,-0.34975,-0.17244,-0.17435,-0.2424,-0.18388,-0.47414,-0.51076,-0.34716,-0.41515,-0.22581,-0.27532,-0.26862,-0.41065,-0.31874,-0.40821,-0.14399,-0.079215,-0.46643,-0.54835
-0.35408,-0.45344,-0.33776,-0.37433,-0.43804,-0.55814,-0.2987,-0.32801,-0.26745,-0.2115,-0.13452,-0.2136,-0.15478,-0.093377,-0.33929,-0.25542,-0.36873,-0.23769,-0.39028,-0.28694,-0.46207,-0.30112,-0.41035,-0.50526,-0.3415,-0.22066,-0.52571,-0.39593,-0.33117,-0.39217,0.26668,0,-0.16089,-0.10749,0.25442,-0.093657,-0.16525,-0.15646,-0.226,-0.29655,-0.53378,-0.5655,-0.028175,-0.28379,0.099771,0.14285,-0.22677,-0.07523,-0.50744,-0.51039,-0.42624,-0.36701,-0.60996,-0.60695,-0.53157,-0.54261,-0.46163,-0.045246,-0.0038007,-0.38912,-0.35661,-0.37198,-0.49293,-0.18596,-0.41886,-0.19204,-0.10961,-0.29138,-0.09989,-0.13376,0.066736,0.10105,0.1453,-0.15619,-0.020485,-0.20156,-0.17025,-0.35154,-0.31647,-0.41317,-0.44121,-0.46697,-0.48733,-0.40289,-0.5649,-0.39705,-0.36673,-0.053252,-0.04361,-0.19211,-0.081469,-0.59846,-0.59737,-0.40466,-0.46143,-0.36931,-0.34543,-0.28138,-0.41352,-0.19226,-0.3334,-0.24774,-0.18091,-0.40653,-0.47936
-0.75196,-0.66872,0.14719,0.01669,-0.68444,-0.621,-0.55984,-0.48584,-0.45348,-0.45426,-0.12285,-0.23066,0.084461,-0.13841,-0.36935,-0.25297,-0.1074,-0.17411,-0.13204,-0.076366,-0.59803,-0.36364,-0.44923,-0.65111,-0.41711,-0.30733,-0.54032,-0.21174,-0.61949,-0.56779,-0.1731,-0.16089,0,0.21872,-0.12174,-0.38303,0.29029,0.23022,-0.35615,-0.39104,-0.69434,-0.64815,-0.39769,-0.60424,-0.29285,-0.2252,-0.42327,-0.4413,-0.81047,-0.24777,-0.32207,-0.47956,-0.72042,-0.6553,-0.5506,-0.52324,-0.52743,-0.33593,-0.36487,-0.73084,-0.7465,-0.41853,-0.32514,-0.32676,-0.21733,-0.4351,-0.42478,-0.27255,-0.17105,-0.472,-0.24904,-0.30779,-0.23393,-0.41737,-0.39781,-0.084925,-0.24735,0.16432,0.067593,0.06428,-0.030626,-0.17637,-0.21612,-0.048666,-0.27839,-0.037871,-0.15245,-0.44572,-0.42316,-0.41918,-0.49447,-0.51335,-0.61615,-0.70135,-0.7241,-0.47052,-0.58907,-0.35781,-0.63332,-0.30355,-0.43607,-0.34262,-0.19348,-0.59512,-0.51869
-0.69756,-0.66282,0.072286,0.023488,-0.6726,-0.68875,-0.50939,-0.41677,-0.22618,-0.25914,0.10194,-0.10401,0.053175,0.12711,-0.25911,-0.12711,-0.13522,0.016422,-0.14259,0.12199,-0.53581,-0.28981,-0.35579,-0.55946,-0.20579,-0.064291,-0.38912,-0.23794,-0.4762,-0.48581,-0.09192,-0.10749,0.21872,0,-0.059158,-0.27063,0.33038,0.3233,-0.24611,-0.24328,-0.71962,-0.62418,-0.39413,-0.56244,-0.30752,-0.17453,-0.4685,-0.39628,-0.78189,-0.22304,-0.12213,-0.4189,-0.92319,-0.87066,-0.71336,-0.7042,-0.61514,-0.29484,-0.24889,-0.59281,-0.61133,-0.45726,-0.43632,-0.47719,-0.41417,-0.47968,-0.40591,-0.089772,0.11656,-0.34834,-0.1626,-0.28643,-0.19086,-0.45952,-0.39036,0.012491,-0.0357,-0.041874,0.083099,-0.048517,0.030953,-0.22148,-0.19233,-0.037865,-0.31658,-0.028598,-0.095869,-0.42306,-0.3369,-0.45425,-0.43628,-0.6914,-0.70931,-0.66319,-0.79498,-0.31555,-0.40987,-0.37298,-0.58592,-0.53494,-0.63429,-0.39451,-0.18354,-0.75863,-0.7715
-0.21814,-0.49323,-0.39892,-0.47489,-0.31013,-0.57831,-0.19427,-0.29686,-0.1615,-0.28815,-0.035396,-0.096149,-0.14139,-0.065909,-0.19901,-0.13541,-0.46912,-0.24853,-0.4894,-0.25179,-0.51781,-0.18838,-0.32959,-0.57523,-0.25772,-0.14634,-0.37516,-0.28523,-0.25945,-0.47319,0.17592,0.25442,-0.12174,-0.059158,0,0.025826,-0.16108,-0.15321,-0.036848,-0.18869,-0.48322,-0.57093,0.20549,-0.23221,0.24193,0.41193,-0.25589,-0.047709,-0.73038,-0.55095,-0.38926,-0.31807,-0.57429,-0.67825,-0.48916,-0.47199,-0.34375,0.019307,0.067902,-0.26775,-0.40635,-0.27249,-0.49786,-0.25854,-0.55042,-0.1834,-0.037246,-0.29358,-0.16572,-0.036354,0.13225,0.26846,0.16908,-0.10876,0.076913,-0.070584,-0.11083,-0.46291,-0.42377,-0.46176,-0.54229,-0.61073,-0.54157,-0.52473,-0.75171,-0.52034,-0.45344,-0.12897,-0.020604,-0.21595,-0.087899,-0.48723,-0.53327,-0.31022,-0.4152,-0.36708,-0.35574,-0.1568,-0.40044,-0.3298,-0.35903,-0.33207,-0.32525,-0.40443,-0.45637
-0.20434,-0.068877,-0.40409,-0.59838,-0.32986,-0.17704,-0.32856,0.12019,-0.32687,-0.2157,-0.29045,-0.22908,-0.3411,-0.25833,-0.32132,-0.28363,-0.54803,-0.55082,-0.59552,-0.37488,-0.41437,-0.020544,-0.44786,-0.070495,-0.29238,-0.13675,-0.15105,-0.057713,-0.1031,-0.12984,-0.17812,-0.093657,-0.38303,-0.27063,0.025826,0,-0.36179,-0.359,-0.18782,0.068497,-0.34908,-0.071709,-0.015756,0.19592,0.16105,0.13717,-0.092229,-0.084628,-0.5151,-0.47949,-0.33477,-0.35468,-0.37042,-0.33182,-0.30149,-0.22285,-0.13637,0.017344,0.073582,-0.28409,-0.075242,-0.34645,-0.54176,-0.37201,-0.5352,-0.013996,-0.0082914,-0.56455,-0.11176,0.016904,-0.043688,0.013752,0.04596,0.065338,0.071625,-0.16159,-0.28684,-0.48032,-0.53197,-0.46333,-0.55691,-0.56361,-0.80412,-0.46784,-0.71188,-0.49121,-0.54245,-0.10355,-0.00023792,-0.32274,-0.17253,-0.6289,-0.31829,-0.36238,-0.23243,-0.26847,-0.19255,-0.15644,-0.057648,-0.5833,-0.47885,-0.62851,-0.54939,-0.27037,-0.3092
-0.74713,-0.74008,0.22305,0.20001,-0.75264,-0.77114,-0.651,-0.5869,-0.341,-0.30237,0.075141,-0.16851,-0.1052,-0.14023,-0.38856,-0.1441,-0.23847,-0.16347,-0.24213,-0.026587,-0.6691,-0.27243,-0.51479,-0.50978,-0.29505,-0.10968,-0.50022,-0.15627,-0.54361,-0.52893,-0.047524,-0.16525,0.29029,0.33038,-0.16108,-0.36179,0,0.69921,-0.2934,-0.28293,-0.77256,-0.6201,-0.52707,-0.69109,-0.38734,-0.29675,-0.57366,-0.56266,-0.75108,-0.22589,-0.21875,-0.48146,-0.87202,-0.84101,-0.66639,-0.71016,-0.69897,-0.397,-0.38657,-0.67529,-0.62346,-0.50512,-0.3673,-0.52378,-0.37257,-0.60832,-0.56671,-0.17422,-0.053419,-0.46282,-0.24237,-0.39471,-0.31048,-0.60756,-0.55818,0.1055,-0.15969,0.063506,-0.026593,0.22139,0.040077,-0.19292,-0.19534,-0.11446,-0.34825,-0.059319,-0.23224,-0.54172,-0.51504,-0.53389,-0.5576,-0.588,-0.68106,-0.68909,-0.79943,-0.25301,-0.42734,-0.29777,-0.58325,-0.47157,-0.63503,-0.28155,-0.14471,-0.67697,-0.66614
-0.79779,-0.73818,0.14308,0.20223,-0.83849,-0.79059,-0.65228,-0.53539,-0.24076,-0.17375,0.17937,-0.065279,-0.15182,-0.086739,-0.29916,-0.07244,-0.25067,-0.17318,-0.25603,0.0056268,-0.60723,-0.26759,-0.47978,-0.48457,-0.21775,0.0096595,-0.43167,-0.18193,-0.61347,-0.57353,0.0033784,-0.15646,0.23022,0.3233,-0.15321,-0.359,0.69921,0,-0.3358,-0.21915,-0.81606,-0.65357,-0.53021,-0.70344,-0.38729,-0.27082,-0.53829,-0.47477,-0.71847,-0.26428,-0.22976,-0.56463,-1,-0.86783,-0.70543,-0.84533,-0.81426,-0.34122,-0.31726,-0.55971,-0.52536,-0.57287,-0.36339,-0.45495,-0.3647,-0.58022,-0.49944,-0.087191,-0.017987,-0.48955,-0.27341,-0.35798,-0.27211,-0.55516,-0.51625,0.090278,-0.04568,-0.0079584,-0.021074,0.1434,0.0087019,-0.26758,-0.27483,-0.16672,-0.36116,-0.087679,-0.22448,-0.45702,-0.45737,-0.46272,-0.49285,-0.61279,-0.65182,-0.63512,-0.68288,-0.2181,-0.34351,-0.31161,-0.54181,-0.47573,-0.62896,-0.21969,-0.053353,-0.67955,-0.65396
-0.027004,-0.55588,-0.43375,-0.39153,-0.035087,-0.59491,0.090326,-0.44827,-0.18792,-0.46482,-0.15732,-0.47788,-0.20182,-0.2201,-0.15811,-0.14531,-0.39694,-0.10948,-0.40059,-0.41039,-0.40342,-0.17317,-0.018683,-0.48296,-0.13245,-0.27878,-0.23556,-0.29936,-0.11585,-0.41122,-0.2207,-0.226,-0.35615,-0.24611,-0.036848,-0.18782,-0.2934,-0.3358,0,-0.16475,-0.1261,-0.38725,-0.070049,-0.32311,-0.29971,-0.21262,-0.47854,-0.30623,-0.60927,-0.34717,-0.33208,-0.18436,-0.35008,-0.67086,-0.47587,-0.28452,-0.1705,-0.32968,-0.20578,-0.057249,-0.53893,-0.14703,-0.37538,-0.5136,-0.73731,-0.38473,-0.27936,-0.30735,-0.43162,-0.27895,-0.23537,-0.286,-0.29982,-0.37912,-0.2616,-0.24093,-0.4227,-0.45486,-0.38614,-0.35208,-0.45818,-0.4868,-0.27952,-0.49696,-0.51967,-0.42863,-0.39071,-0.3539,-0.2425,-0.47958,-0.33088,-0.27604,-0.50414,-0.074528,-0.41375,-0.12162,-0.21503,-0.1476,-0.42207,-0.46043,-0.45044,-0.30976,-0.30891,-0.38534,-0.47726
-0.37641,-0.19339,-0.36918,-0.37193,-0.39028,-0.22319,-0.34346,-0.0071375,-0.18112,-0.17342,-0.16397,-0.20469,-0.45719,-0.26537,-0.037181,-0.086019,-0.35154,-0.36124,-0.37015,-0.13753,-0.24074,0.30129,-0.19506,0.0014454,0.062239,0.23854,-0.034558,0.11467,-0.29872,-0.23735,-0.13346,-0.29655,-0.39104,-0.24328,-0.18869,0.068497,-0.28293,-0.21915,-0.16475,0,-0.34798,-0.023512,-0.22856,-0.099396,-0.20853,-0.19299,-0.31716,-0.13794,-0.54252,-0.46527,-0.33092,-0.42138,-0.46583,-0.38771,-0.39029,-0.32716,-0.23839,-0.14842,-0.067985,-0.18985,-0.07928,-0.55199,-0.53671,-0.44451,-0.54152,-0.26519,-0.17557,-0.38208,-0.13952,-0.16751,-0.25254,-0.21844,-0.221,-0.19271,-0.23402,-0.16667,-0.22219,-0.437,-0.34238,-0.32573,-0.34042,-0.50358,-0.6201,-0.34037,-0.43615,-0.2821,-0.30306,-0.23879,-0.12949,-0.34545,-0.32926,-0.53338,-0.20934,-0.25931,-0.15943,-0.035194,-0.016054,-0.10961,-0.020401,-0.74705,-0.54339,-0.46086,-0.27262,-0.36495,-0.41011
0.039268,-0.24023,-0.70309,-0.5898,0.18364,-0.20341,0.23318,-0.30793,-0.43258,-0.70502,-0.64859,-0.86177,-0.47025,-0.56037,-0.30167,-0.59964,-0.38007,-0.44684,-0.42597,-0.74837,0.12582,-0.41395,-0.032868,-0.18233,-0.31307,-0.59409,-0.24616,-0.54336,0.027836,-0.014733,-0.5673,-0.53378,-0.69434,-0.71962,-0.48322,-0.34908,-0.77256,-0.81606,-0.1261,-0.34798,0,-0.065945,-0.14206,-0.090974,-0.44018,-0.46194,-0.47547,-0.42829,-0.062917,-0.43137,-0.53571,0.035884,0.043194,-0.21252,-0.33431,0.057541,0.071994,-0.54925,-0.43461,-0.065041,-0.38875,0.07956,-0.069722,-0.33177,-0.41833,-0.36862,-0.36828,-0.55437,-0.72497,-0.2606,-0.41165,-0.45811,-0.40993,-0.37561,-0.33697,-0.78924,-0.85999,-0.55002,-0.54863,-0.57902,-0.65589,-0.4068,-0.36278,-0.4964,-0.39929,-0.54565,-0.4335,-0.45181,-0.36015,-0.54911,-0.4951,-0.088738,-0.27713,-0.11988,-0.24624,-0.27218,-0.22823,-0.49168,-0.21137,-0.32184,-0.20959,-0.39593,-0.38884,-0.076978,-0.18271
-0.23434,0.26912,-0.48694,-0.59022,-0.21464,0.33317,-0.3574,0.065874,-0.5708,-0.45966,-0.70286,-0.55584,-0.62971,-0.63749,-0.33961,-0.44332,-0.39746,-0.6663,-0.42684,-0.45413,-0.13246,-0.022668,-0.34384,0.33466,-0.36639,-0.34955,-0.11312,-0.026641,-0.16002,0.084062,-0.5737,-0.5655,-0.64815,-0.62418,-0.57093,-0.071709,-0.6201,-0.65357,-0.38725,-0.023512,-0.065945,0,-0.34331,0.15998,-0.3177,-0.41199,-0.29969,-0.33998,-0.21766,-0.41531,-0.38909,-0.27459,-0.021847,0.10801,-0.091783,0.093948,0.071423,-0.34915,-0.33249,-0.3173,-0.033285,-0.36098,-0.38241,-0.43349,-0.30158,-0.24853,-0.32101,-0.77667,-0.40964,-0.22715,-0.38974,-0.40833,-0.3883,-0.21758,-0.33061,-0.50739,-0.63757,-0.44939,-0.50745,-0.43062,-0.44989,-0.34125,-0.5569,-0.30706,-0.3542,-0.35618,-0.42662,-0.37379,-0.27685,-0.40512,-0.43252,-0.39131,-0.010688,-0.30861,-0.10646,-0.25762,-0.20592,-0.29524,0.11967,-0.62873,-0.36631,-0.68998,-0.53652,-0.20372,-0.21605
