,,,,,,,,,,,,,,,,,,,,,,,,,,,,,,,,,,,,,,,,,,,,,,,,,,,,,,,,,,,,,,,,,,,,,,,,,,,,,,,,,,,,,,,,,,,,,,,,,,,,,,,,
0,0.052361,-0.52088,-0.71786,0.48629,-0.1286,0.2448,0.026042,-0.08884,-0.29109,-0.12326,-0.1215,-0.17182,-0.26555,-0.095357,0.021341,-0.4546,-0.11347,-0.39973,-0.2473,-0.49638,0.1059,-0.11609,-0.25463,-0.20383,-0.084231,0.044528,0.10949,0.19634,-0.15183,-0.057623,0.084791,-0.25567,-0.18583,0.28146,0.30592,-0.26002,-0.32776,0.26307,0.10198,-0.080711,-0.1004,0.46352,0.14919,0.41514,0.34278,0.1942,0.19329,-0.50961,-0.35952,-0.25544,-0.17774,0.15592,-0.10386,0.15529,-0.035211,0.12875,0.31565,0.2434,0.25723,-0.022941,0.031544,-0.32942,-0.12163,-0.29952,0.23553,0.22926,-0.40305,-0.36567,0.16507,0.051937,0.25834,0.030731,0.30332,0.33595,0.068349,-0.15779,-0.63258,-0.62436,-0.41097,-0.63478,-0.42297,-0.35727,-0.46554,-0.52699,-0.52351,-0.4026,0.14654,0.22121,0.081259,0.24,-0.082619,-0.18629,0.062909,-0.1348,-0.19148,-0.20245,0.076508,-0.015415,-0.32056,-0.14935,-0.36935,-0.50217,-0.03011,-0.06294
0.052361,0,-0.36283,-0.53803,-0.005286,0.60481,-0.20422,0.4123,-0.41738,-0.2345,-0.58215,-0.41035,-0.33202,-0.35992,-0.23816,-0.36429,-0.29165,-0.44664,-0.29078,-0.37904,-0.08761,-0.066041,-0.29513,0.23896,-0.41774,-0.3728,-0.034257,-0.034467,-0.013095,0.18048,-0.56342,-0.34193,-0.60644,-0.52571,-0.37427,-0.01072,-0.59866,-0.68801,-0.28283,-0.11835,0.044645,0.44925,-0.18923,0.37335,-0.13749,-0.21012,-0.01003,-0.12011,0.030836,-0.16943,-0.15943,-0.18734,0.34431,0.46543,0.22093,0.20569,0.16911,-0.099277,-0.12317,-0.12083,0.2705,-0.11094,-0.21357,-0.15178,-0.0048183,0.039119,-0.10269,-0.55004,-0.24049,-0.06849,-0.18182,-0.23009,-0.19377,0.041371,-0.055401,-0.34871,-0.49208,-0.34027,-0.42658,-0.40182,-0.42223,-0.073881,-0.33722,-0.18268,-0.22672,-0.30018,-0.32821,-0.095412,-0.054614,-0.059518,-0.046503,-0.34457,0.067604,-0.17932,-0.0098335,-0.32282,-0.22921,-0.21199,0.10006,-0.29332,-0.12153,-0.51838,-0.44261,-0.036663,-0.011803
-0.52088,-0.36283,0,0.59509,-0.41564,-0.29417,-0.36355,-0.23645,-0.32105,-0.27165,-0.057426,-0.28278,0.078982,-0.030184,-0.42894,-0.43485,0.029802,-0.1471,-0.00011077,0.0068429,-0.19175,-0.3181,-0.28066,-0.10659,-0.15188,-0.1464,-0.36979,-0.15974,-0.26375,-0.059967,-0.21356,-0.22343,0.13438,0.038448,-0.31493,-0.30508,0.16158,0.15488,-0.26576,-0.19235,-0.3204,-0.23961,-0.46028,-0.36966,-0.3919,-0.40841,-0.2947,-0.55959,-0.19892,0.11805,-0.073702,-0.23963,-0.31078,-0.29362,-0.3449,-0.23342,-0.2903,-0.37909,-0.39611,-0.50961,-0.37076,-0.21234,-0.055069,-0.29987,-0.16775,-0.30037,-0.45478,-0.16464,-0.010621,-0.31178,-0.26184,-0.5427,-0.29396,-0.42374,-0.47853,-0.022584,-0.25684,0.46851,0.17891,0.40177,0.20249,0.11478,-0.019267,0.24461,0.059641,0.18171,0.010412,-0.3895,-0.48143,-0.56927,-0.64698,-0.23585,-0.30674,-0.43533,-0.36858,-0.071801,-0.15945,-0.18685,-0.25908,-0.16156,-0.34928,-0.10507,-0.021273,-0.17333,-0.17502
-0.71786,-0.53803,0.59509,0,-0.54259,-0.4478,-0.39758,-0.43708,-0.16798,-0.18428,0.053038,-0.28373,0.014135,-0.060614,-0.3331,-0.29562,0.15147,-0.0040245,0.11163,0.061955,-0.15574,-0.35039,-0.17305,-0.2249,0.0097843,-0.062146,-0.33349,-0.23795,-0.42265,-0.21687,-0.10848,-0.19926,0.15339,0.0627,-0.32995,-0.43622,0.20161,0.24874,-0.26582,-0.20708,-0.37592,-0.36185,-0.53662,-0.59273,-0.54465,-0.47957,-0.34024,-0.47263,-0.21137,0.056146,-0.13132,-0.35058,-0.5079,-0.41082,-0.49639,-0.41097,-0.43409,-0.40594,-0.3994,-0.44784,-0.3995,-0.38345,-0.093148,-0.29642,-0.20392,-0.39761,-0.46247,0.057961,0.0020184,-0.423,-0.36325,-0.56516,-0.34414,-0.51447,-0.57106,-0.047008,-0.12485,0.40026,0.29998,0.48229,0.32942,0.081364,0.078127,0.24373,0.21846,0.3196,0.16188,-0.32931,-0.44573,-0.49344,-0.56771,-0.20647,-0.37926,-0.39878,-0.41428,-0.067426,-0.18272,-0.2503,-0.39658,-0.14236,-0.37774,0.013858,0.12416,-0.34191,-0.34367
0.48629,-0.005286,-0.41564,-0.54259,0,-0.013003,0.29274,0.08732,-0.15909,-0.49455,-0.20775,-0.14636,0.0063075,-0.1158,0.033987,-0.033605,-0.31042,-0.0055137,-0.28996,-0.049598,-0.26775,0.16668,0.0069906,-0.23555,-0.15841,-0.094951,0.1508,0.12848,0.18046,-0.061204,-0.18553,0.0082644,-0.18271,-0.11262,0.13884,0.16748,-0.29685,-0.36804,0.17643,0.12081,0.042196,-0.020701,0.39329,0.17842,0.21378,0.17319,0.016984,0.10069,-0.46564,-0.11857,-0.030202,-0.052885,0.29874,-0.012067,0.25493,0.19339,0.4418,0.080748,0.079179,0.1443,-0.071475,0.22146,-0.17455,0.022941,-0.15901,0.094317,0.091739,-0.27957,-0.24925,0.37731,0.18604,0.16665,0.062503,0.13341,0.15412,-0.0088243,-0.25245,-0.38598,-0.33544,-0.31009,-0.44626,-0.36642,-0.25799,-0.23087,-0.35022,-0.37071,-0.25526,-0.011513,0.15824,-0.093,-0.0062521,0.030214,-0.065186,0.043389,-0.13396,-0.15337,-0.19437,0.16014,0.071622,-0.24062,0.022067,-0.2893,-0.29955,0.010572,0.0042829
-0.1286,0.60481,-0.29417,-0.4478,-0.013003,0,-0.27458,0.38727,-0.58273,-0.34115,-0.87871,-0.36404,-0.28933,-0.26905,-0.14946,-0.41822,-0.25321,-0.50027,-0.27686,-0.31512,0.12835,-0.082834,-0.29661,0.25882,-0.49739,-0.47299,-0.072958,-0.12479,-0.13136,0.16208,-0.8245,-0.50134,-0.60764,-0.59032,-0.56999,-0.18346,-0.74398,-0.82007,-0.4633,-0.23902,0.11065,0.48617,-0.3001,0.29952,-0.26204,-0.35568,-0.20467,-0.22668,0.1635,-0.034024,-0.020793,-0.053771,0.45934,0.74788,0.26661,0.44426,0.2556,-0.28434,-0.28693,-0.24118,0.13269,-0.030491,-0.095757,-0.069955,0.12788,-0.12764,-0.24894,-0.49096,-0.22178,-0.080059,-0.14374,-0.31221,-0.19851,-0.12178,-0.20651,-0.52737,-0.59418,-0.19121,-0.25746,-0.40279,-0.33053,-0.06153,-0.3068,-0.079819,-0.15346,-0.27279,-0.30922,-0.27816,-0.17462,-0.16436,-0.22218,-0.24844,0.29405,-0.20709,0.072601,-0.33833,-0.20982,-0.19511,0.15908,-0.14808,0.06374,-0.38751,-0.27885,0.0439,0.1132
0.2448,-0.20422,-0.36355,-0.39758,0.29274,-0.27458,0,0.014443,0.043297,-0.29046,-0.0077228,-0.30486,0.13242,0.01611,0.045937,-0.10867,-0.077179,0.13913,-0.068263,-0.1264,-0.23929,-0.060817,0.34848,-0.36379,0.042694,-0.082096,-0.063709,-0.12471,0.12974,-0.10603,0.028387,0.19873,-0.030448,0.080902,0.29822,0.17372,-0.19361,-0.19045,0.33694,0.10798,0.13432,-0.21495,0.5362,0.059635,0.22227,0.24997,0.076348,0.20897,-0.49205,-0.27931,-0.28154,-0.078902,-0.12745,-0.35772,-0.22486,-0.08545,0.066946,0.11136,0.22633,0.2011,-0.2568,0.056607,-0.27309,-0.084397,-0.36158,0.17955,0.26691,-0.25679,-0.23142,0.10005,0.017599,0.1885,0.085844,0.26612,0.36986,-0.068152,-0.20079,-0.34499,-0.17643,-0.35894,-0.32274,-0.34368,-0.22673,-0.23542,-0.26519,-0.21,-0.034368,0.11616,0.2444,-0.080533,0.013058,-0.045174,-0.29835,0.13373,-0.15403,-0.047826,-0.077401,-0.023987,-0.15802,-0.25748,-0.17882,-0.28641,-0.22075,-0.086791,-0.17752
0.026042,0.4123,-0.23645,-0.43708,0.08732,0.38727,0.014443,0,-0.32355,-0.20765,-0.48088,-0.32143,-0.072656,-0.030338,-0.10268,-0.37904,-0.25585,-0.36159,-0.27797,-0.32159,0.052571,-0.03878,-0.13099,0.27737,-0.28183,-0.24629,0.03211,-0.10955,0.043266,0.25023,-0.51439,-0.2578,-0.47072,-0.32609,-0.28381,0.079222,-0.56998,-0.56303,-0.21427,-0.025716,0.17974,0.32241,-0.079314,0.48359,-0.096557,-0.14572,-0.030368,-0.087967,-0.0082028,-0.003526,-0.028104,-0.12009,0.24725,0.19463,0.092625,0.27494,0.23762,-0.13065,-0.060232,-0.025673,0.1873,0.056761,-0.099603,-0.029501,-0.048319,0.08756,-0.027845,-0.44112,-0.12872,0.033273,-0.067475,-0.16629,-0.038208,0.089499,0.041759,-0.35654,-0.46737,-0.19882,-0.22024,-0.38884,-0.36699,-0.2017,-0.47737,-0.13341,-0.27052,-0.2714,-0.28021,-0.096089,-0.026522,-0.22675,-0.15865,-0.30423,0.088914,-0.084982,0.092157,-0.11356,0.019919,-0.12757,0.26844,-0.24467,-0.063826,-0.36332,-0.24515,0.15894,0.13406
-0.08884,-0.41738,-0.32105,-0.16798,-0.15909,-0.58273,0.043297,-0.32355,0,0.1983,0.45829,-0.035187,-0.017415,0.0079813,-0.13025,0.12838,-0.15679,0.1916,-0.09212,-0.061137,-0.46731,-0.26004,0.087899,-0.52542,0.28715,0.10312,-0.037248,-0.21924,-0.13119,-0.42233,0.11667,0.082761,-0.087825,0.10204,0.13017,-0.062521,-0.049715,0.02731,0.14465,-0.0073782,-0.41263,-0.53329,-0.025685,-0.36529,-0.10865,0.00083074,0.096717,0.19706,-0.47749,-0.18417,-0.1427,-0.54847,-0.53102,-0.58662,-0.37115,-0.57934,-0.37487,0.077062,0.1359,0.20662,-0.092477,-0.38758,-0.51183,-0.24404,-0.51162,0.020646,0.17387,0.24606,-0.0053598,-0.13612,-0.23033,-0.0067321,-0.19172,0.035304,0.082496,0.13243,0.39564,-0.39045,-0.17992,-0.18997,-0.14304,-0.40277,-0.16113,-0.35294,-0.16713,-0.14794,-0.010037,0.20857,0.0838,-0.034017,0.12583,-0.15032,-0.43689,0.15152,-0.18002,-0.016067,-0.12017,-0.007729,-0.41398,-0.33926,-0.42331,-0.10951,-0.2245,-0.41813,-0.45658
-0.29109,-0.2345,-0.27165,-0.18428,-0.49455,-0.34115,-0.29046,-0.20765,0.1983,0,-0.0013353,-0.045119,-0.31365,-0.085425,-0.30819,-0.04886,-0.33483,-0.33478,-0.3008,-0.41306,-0.29277,-0.30919,-0.26027,-0.12641,-0.050128,-0.062201,-0.19917,-0.36469,-0.29722,-0.32707,-0.10673,-0.16244,-0.40695,-0.23233,-0.25892,-0.17017,-0.26661,-0.12716,-0.26233,-0.20722,-0.38515,-0.30768,-0.38691,-0.28651,-0.27837,-0.25051,-0.059272,-0.069352,-0.048325,-0.21632,-0.18886,-0.58973,-0.49296,-0.36225,-0.38474,-0.59735,-0.62131,-0.14007,-0.066927,0.034922,0.14132,-0.58345,-0.45292,-0.32321,-0.43129,-0.13124,-0.071462,-0.058312,-0.086988,-0.42018,-0.42919,-0.21339,-0.27584,-0.096102,-0.12188,-0.17125,0.14646,-0.33174,-0.22372,-0.30939,-0.14335,-0.40956,-0.46392,-0.473,-0.26256,-0.25502,-0.25112,0.010049,-0.16827,-0.09964,-0.017015,-0.29429,-0.19524,0.079068,0.13513,0.06065,0.12488,-0.13577,-0.20723,-0.30495,-0.42199,-0.089825,-0.19662,-0.23088,-0.24711
-0.12326,-0.58215,-0.057426,0.053038,-0.20775,-0.87871,-0.0077228,-0.48088,0.45829,-0.0013353,0,-0.082576,0.031661,-0.082274,-0.31723,0.020362,-0.10879,0.25008,-0.052251,0.040073,-0.67626,-0.22545,-0.0051075,-0.51627,0.30732,0.22739,-0.12783,-0.048423,-0.047771,-0.33892,0.38939,0.21753,0.22983,0.37477,0.30339,0.014781,0.39673,0.45294,0.33073,0.11291,-0.46009,-0.5599,-0.023489,-0.47061,-0.057401,0.034214,0.044509,-0.031907,-0.71891,-0.21377,-0.21896,-0.47696,-0.63124,-0.81841,-0.4701,-0.64181,-0.43126,0.044823,0.057611,0.0032122,-0.28612,-0.36253,-0.43252,-0.35317,-0.60146,-0.047266,0.016806,0.096569,-0.005969,-0.14087,-0.21371,-0.070416,-0.2054,-0.072496,-0.053512,0.4802,0.2464,-0.23026,-0.14542,0.11983,-0.021039,-0.29588,-0.078662,-0.23324,-0.15049,-0.02907,0.03099,0.06169,-0.054921,-0.21223,-0.10573,-0.13643,-0.64046,-0.050798,-0.39584,0.069696,-0.13494,0.010418,-0.43706,-0.41446,-0.57595,-0.12816,-0.2198,-0.38812,-0.45739
-0.1215,-0.41035,-0.28278,-0.28373,-0.14636,-0.36404,-0.30486,-0.32143,-0.035187,-0.045119,-0.082576,0,-0.25696,-0.11929,-0.13441,0.13477,-0.68491,-0.26474,-0.58717,-0.16353,-0.41933,-0.19699,-0.43162,-0.34208,-0.2883,0.017353,-0.006326,-0.19496,-0.30974,-0.52086,-0.10749,-0.16221,-0.18077,-0.16939,-0.052429,-0.20872,-0.15165,-0.053937,-0.19846,-0.20887,-0.55808,-0.48186,-0.19591,-0.42817,-0.092963,-0.045623,-0.20521,-0.10354,-0.36867,-0.17249,0.022535,-0.38695,-0.21278,-0.25543,-0.020498,-0.39374,-0.39884,-0.075456,-0.13793,0.017809,-0.13403,-0.1657,-0.14119,-0.02571,-0.20492,-0.27487,-0.18039,0.046952,-0.18764,-0.17762,-0.070189,0.033974,-0.066798,-0.241,-0.20474,-0.065967,0.27944,-0.37811,-0.36294,-0.24318,-0.36667,-0.67168,-0.4289,-0.50112,-0.48714,-0.56586,-0.54313,-0.16901,-0.18592,-0.052189,-0.071653,0.029494,-0.045445,-0.065709,-0.051045,-0.10981,-0.041709,0.036768,-0.058177,-0.091449,0.018855,0.15046,-0.11217,-0.086791,0.018036
-0.17182,-0.33202,0.078982,0.014135,0.0063075,-0.28933,0.13242,-0.072656,-0.017415,-0.31365,0.031661,-0.25696,0,0.4874,-0.17998,-0.25802,0.028953,0.11582,0.027495,0.096379,-0.19871,-0.3123,0.061321,-0.37789,-0.075684,-0.2167,-0.16383,-0.21361,0.018861,-0.030498,-0.12861,0.11248,0.21767,0.32323,0.010301,-0.083917,-0.014726,-0.0055014,-0.0068059,-0.12817,-0.18057,-0.33516,0.026461,-0.10814,-0.0094889,0.021033,-0.070804,-0.083714,-0.34539,0.28913,0.16016,-0.21636,-0.22259,-0.35727,-0.2316,-0.11598,-0.017686,-0.066946,0.0049229,-0.14836,-0.26952,0.15798,-0.030073,0.036073,-0.11089,0.039913,0.027956,0.039759,0.18145,0.078896,0.082348,-0.042263,0.052029,-0.023808,0.052238,0.0095812,-0.15984,0.20329,0.25181,0.052565,0.006449,-0.1861,-0.082151,0.12178,-0.066201,0.056798,0.099548,-0.036768,0.002363,-0.3485,-0.25934,-0.10736,-0.35732,-0.07873,-0.2932,-0.036442,-0.13937,-0.017827,-0.26719,-0.097185,-0.12416,-0.093659,0.01283,-0.3083,-0.28941
-0.26555,-0.35992,-0.030184,-0.060614,-0.1158,-0.26905,0.01611,-0.030338,0.0079813,-0.085425,-0.082274,-0.11929,0.4874,0,-0.14018,-0.25768,-0.099702,-0.068238,-0.1005,-0.086108,-0.05494,-0.33476,0.0038768,-0.2719,-0.069832,-0.18303,-0.12746,-0.42044,-0.11709,-0.10563,-0.19442,0.01168,-0.080564,0.12388,-0.15133,-0.16971,-0.20847,-0.11136,-0.19876,-0.24986,-0.18228,-0.34529,-0.095074,-0.1158,-0.11,-0.090016,-0.12347,-0.098422,-0.14195,0.31418,0.26653,-0.23866,-0.2664,-0.33619,-0.26553,-0.20085,-0.15428,-0.1623,-0.071493,-0.094249,-0.14799,0.039937,0.021919,0.093849,-0.10359,-0.035131,-0.0074767,0.096348,0.18157,-0.034516,0.0046399,-0.052694,0.036245,-0.077475,-0.013901,-0.14177,-0.060761,0.14967,0.29683,-0.11525,-0.0048922,-0.35198,-0.27138,0.0063137,-0.13554,-0.041599,-0.034627,-0.058146,-0.075752,-0.37491,-0.26543,-0.13896,-0.21662,-0.025199,-0.10079,0.06454,0.083013,-0.08049,-0.12947,-0.090551,-0.093222,-0.0039076,0.094016,-0.26102,-0.25967
-0.095357,-0.23816,-0.42894,-0.3331,0.033987,-0.14946,0.045937,-0.10268,-0.13025,-0.30819,-0.31723,-0.13441,-0.17998,-0.14018,0,0.026375,-0.080976,-0.0013353,-0.12262,-0.094403,0.070939,-0.10653,0.13846,-0.32446,-0.095942,-0.19195,-0.038411,-0.31518,-0.34358,-0.40318,-0.34883,-0.31512,-0.30447,-0.36553,-0.20833,-0.34131,-0.49525,-0.46087,-0.20221,-0.20638,-0.038534,-0.27463,-0.030368,-0.20099,-0.26613,-0.22569,-0.16277,0.089025,-0.17201,-0.19586,-0.23648,-0.072096,-0.02115,-0.08524,-0.053432,-0.052269,0.0019015,-0.16745,-0.10968,0.048934,-0.26927,-0.056601,-0.11355,0.0075136,-0.10155,-0.13479,-0.027322,-0.020812,-0.44266,-0.20482,-0.21462,-0.18001,-0.14996,-0.1151,-0.086287,-0.40232,-0.17255,-0.28941,-0.14503,-0.43831,-0.33107,-0.24049,-0.1509,-0.23034,-0.16498,-0.27554,-0.14065,-0.092108,-0.048509,-0.059192,-0.041113,-0.17546,-0.13878,-0.13018,-0.12905,-0.36839,-0.24634,-0.27731,-0.1797,-0.0016738,0.03582,-0.081831,-0.065087,-0.093123,-0.059241
0.021341,-0.36429,-0.43485,-0.29562,-0.033605,-0.41822,-0.10867,-0.37904,0.12838,-0.04886,0.020362,0.13477,-0.25802,-0.25768,0.026375,0,-0.45952,-0.019913,-0.4289,-0.14281,-0.45085,0.10932,-0.18443,-0.42561,-0.12553,0.061617,-0.02323,-0.03923,-0.35828,-0.73764,0.023673,-0.0958,-0.21252,-0.22554,0.03523,-0.17431,-0.15773,-0.16851,0.02291,-0.074847,-0.42093,-0.41859,-0.093511,-0.39887,-0.11296,-0.014609,-0.16258,0.10116,-0.501,-0.28822,-0.23992,-0.52016,-0.23512,-0.33347,-0.089406,-0.3534,-0.26181,0.066398,0.051992,0.20391,-0.098742,-0.3292,-0.43231,-0.18159,-0.38822,-0.20637,-0.054398,0.063038,-0.3575,-0.21956,-0.17659,0.043334,-0.088656,-0.15939,-0.085524,-0.0447,0.17466,-0.48329,-0.39423,-0.2682,-0.4193,-0.60146,-0.32499,-0.56639,-0.38031,-0.46582,-0.36603,0.0078582,0.015852,0.12706,0.24522,0.11284,-0.10397,0.21334,-0.034177,-0.11632,-0.17252,0.10785,-0.26763,-0.10877,-0.083585,0.13584,-0.11908,-0.22393,-0.16901
-0.4546,-0.29165,0.029802,0.15147,-0.31042,-0.25321,-0.077179,-0.25585,-0.15679,-0.33483,-0.10879,-0.68491,0.028953,-0.099702,-0.080976,-0.45952,0,0.20673,1,0.14276,-0.00014769,-0.39486,0.31939,-0.31308,0.1098,-0.27906,-0.33906,-0.3064,-0.23508,-0.08524,-0.24336,-0.22868,0.019218,0.0089597,-0.3128,-0.40618,-0.092459,-0.10741,-0.17192,-0.19786,-0.068201,-0.22931,-0.26965,-0.31358,-0.46735,-0.45833,-0.17323,-0.25868,-0.15112,-0.098102,-0.27443,-0.089874,-0.34676,-0.28834,-0.4612,-0.21952,-0.18377,-0.37163,-0.33858,-0.3961,-0.4801,-0.28188,-0.19425,-0.29933,-0.18752,-0.17548,-0.2198,-0.10302,-0.14541,-0.32857,-0.43817,-0.52755,-0.46052,-0.24357,-0.30445,-0.23646,-0.32333,0.1276,0.31832,0.0023322,0.33301,0.32025,0.40023,0.38219,0.51509,0.63546,0.84684,-0.22455,-0.26863,-0.35081,-0.42711,-0.30856,-0.4621,-0.3553,-0.45587,-0.2525,-0.33529,-0.47173,-0.47834,-0.27622,-0.41298,-0.35943,-0.12496,-0.46487,-0.51268
-0.11347,-0.44664,-0.1471,-0.0040245,-0.0055137,-0.50027,0.13913,-0.36159,0.1916,-0.33478,0.25008,-0.26474,0.11582,-0.068238,-0.0013353,-0.019913,0.20673,0,0.28415,0.40214,-0.33871,-0.14089,0.39754,-0.58986,0.32478,0.095548,-0.074336,-0.060854,-0.148,-0.3073,0.10207,0.083948,0.15312,0.25517,0.13078,-0.17743,0.10645,0.066023,0.26779,0.082447,-0.27673,-0.4268,0.039574,-0.4091,-0.18327,-0.095622,-0.037882,0.012578,-0.64429,-0.16815,-0.21245,-0.29369,-0.34614,-0.46901,-0.30531,-0.33276,-0.1477,-0.045352,-0.075918,-0.062546,-0.41015,-0.24207,-0.29953,-0.17114,-0.30746,-0.086803,-0.035291,0.14075,-0.1004,-0.072712,-0.16766,-0.12282,-0.24735,-0.13812,-0.1272,0.12003,0.010074,-0.17656,0.014369,0.019766,0.013637,-0.10461,0.26357,0.03987,0.12727,0.15865,0.34612,0.00021538,-0.01443,-0.13686,-0.11963,-0.055204,-0.47514,-0.11069,-0.49454,-0.12613,-0.30472,-0.11392,-0.43108,-0.30048,-0.31256,-0.16328,-0.11271,-0.47264,-0.51886
-0.39973,-0.29078,-0.00011077,0.11163,-0.28996,-0.27686,-0.068263,-0.27797,-0.09212,-0.3008,-0.052251,-0.58717,0.027495,-0.1005,-0.12262,-0.4289,1,0.28415,0,0.2294,-0.11518,-0.40769,0.35355,-0.36764,0.1379,-0.23437,-0.32792,-0.25634,-0.2137,-0.10566,-0.18613,-0.16817,0.034054,0.05494,-0.25289,-0.38511,-0.05014,-0.052921,-0.10423,-0.14981,-0.16394,-0.2652,-0.25224,-0.35502,-0.42097,-0.42314,-0.10851,-0.20625,-0.22405,-0.12166,-0.2544,-0.16719,-0.35068,-0.30102,-0.41183,-0.26493,-0.2194,-0.30472,-0.31989,-0.35304,-0.46108,-0.32665,-0.24766,-0.27719,-0.19206,-0.13261,-0.18146,-0.08572,-0.1135,-0.30964,-0.41957,-0.46544,-0.51307,-0.20967,-0.28701,-0.16925,-0.25805,0.049426,0.25257,0.0087874,0.34716,0.26799,0.48771,0.33331,0.57041,0.66161,0.96092,-0.17113,-0.24178,-0.26724,-0.37417,-0.2612,-0.45057,-0.29225,-0.44011,-0.21812,-0.31589,-0.38619,-0.4696,-0.30617,-0.41078,-0.34215,-0.15028,-0.49794,-0.53292
-0.2473,-0.37904,0.0068429,0.061955,-0.049598,-0.31512,-0.1264,-0.32159,-0.061137,-0.41306,0.040073,-0.16353,0.096379,-0.086108,-0.094403,-0.14281,0.14276,0.40214,0.2294,0,-0.31424,-0.1775,0.092982,-0.41073,0.045494,-0.017784,-0.13914,0.046128,-0.14027,-0.1832,-0.12245,-0.11758,0.18377,0.2003,-0.075678,-0.28694,0.1284,0.070841,0.025168,0.032485,-0.40628,-0.3175,-0.18312,-0.43385,-0.30963,-0.28682,-0.19498,-0.23698,-0.47055,0.027655,0.0072367,-0.23013,-0.22496,-0.28084,-0.13349,-0.2134,-0.13583,-0.26605,-0.3245,-0.29468,-0.37433,-0.15907,-0.18525,-0.13004,-0.13181,-0.24251,-0.26085,0.076564,-0.030559,-0.058749,-0.15754,-0.29565,-0.39407,-0.32166,-0.35268,0.044005,-0.12909,-0.027673,0.076028,0.14699,0.19859,-0.0031999,0.31173,0.14648,0.14867,0.19892,0.25196,-0.25968,-0.27147,-0.29139,-0.3776,-0.08708,-0.32083,-0.23793,-0.45221,-0.10811,-0.29406,-0.070558,-0.28226,-0.28934,-0.20539,-0.14337,-0.092773,-0.36793,-0.31159
-0.49638,-0.08761,-0.19175,-0.15574,-0.26775,0.12835,-0.23929,0.052571,-0.46731,-0.29277,-0.67626,-0.41933,-0.19871,-0.05494,0.070939,-0.45085,-0.00014769,-0.33871,-0.11518,-0.31424,0,-0.22932,-0.098489,0.079998,-0.24925,-0.3863,-0.2166,-0.52358,-0.3882,-0.032202,-0.58449,-0.5011,-0.43984,-0.43368,-0.66173,-0.44375,-0.60648,-0.55964,-0.63893,-0.40663,0.20494,0.029439,-0.35011,-0.026473,-0.52169,-0.51285,-0.50364,-0.3614,0.37261,-0.035857,-0.13641,0.10075,-0.088139,0.0383,-0.25195,0.069635,-0.026996,-0.61023,-0.45064,-0.36272,-0.17122,-0.073764,0.12854,-0.018744,0.10253,-0.40001,-0.39558,-0.19519,-0.19202,-0.23915,-0.21613,-0.41697,-0.16232,-0.38626,-0.36386,-0.81871,-0.51809,0.03894,0.078884,-0.35096,-0.15462,-0.031525,-0.22919,0.024738,-0.066964,-0.11152,-0.12857,-0.43082,-0.34464,-0.41184,-0.43116,-0.35994,-0.004406,-0.37566,-0.10928,-0.30654,-0.1613,-0.51322,-0.059204,0.0054398,0.0096735,-0.16873,0.073284,-0.076884,-0.10891
0.1059,-0.066041,-0.3181,-0.35039,0.16668,-0.082834,-0.060817,-0.03878,-0.26004,-0.30919,-0.22545,-0.19699,-0.3123,-0.33476,-0.10653,0.10932,-0.39486,-0.14089,-0.40769,-0.1775,-0.22932,0,-0.14198,0.062183,-0.081007,0.16212,0.1049,0.3501,-0.074982,-0.17492,-0.10014,-0.18336,-0.35963,-0.27597,-0.068632,0.092102,-0.20818,-0.31475,0.081148,0.24092,-0.0057537,0.15269,-0.048183,-0.015187,-0.12737,-0.13125,-0.22008,-0.15949,-0.40298,-0.25523,-0.23584,-0.17339,0.03867,-0.11002,0.014289,0.071124,0.11498,-0.13443,-0.13084,-0.010861,-0.036005,-0.21315,-0.32219,-0.2656,-0.36607,-0.20718,-0.21196,-0.36099,-0.34563,-7.3844e-05,-0.10826,-0.11131,-0.14376,-0.19158,-0.2089,-0.10052,-0.32577,-0.37671,-0.39385,-0.19982,-0.37076,-0.40576,-0.41162,-0.31446,-0.34936,-0.33049,-0.36561,-0.21764,-0.12291,-0.24218,-0.14387,-0.013907,0.07449,0.0043876,-0.042756,0.049291,-0.021692,0.10189,0.15137,-0.38078,-0.16444,-0.1979,-0.23232,0.081474,0.00063383
-0.11609,-0.29513,-0.28066,-0.17305,0.0069906,-0.29661,0.34848,-0.13099,0.087899,-0.26027,-0.0051075,-0.43162,0.061321,0.0038768,0.13846,-0.18443,0.31939,0.39754,0.35355,0.092982,-0.098489,-0.14198,0,-0.37515,0.34174,-0.061469,-0.0854,-0.19185,-0.084717,-0.17903,-0.079659,-0.046614,-0.083241,0.044534,-0.029371,-0.14516,-0.18804,-0.17265,0.13894,0.043962,0.038017,-0.23109,0.062743,-0.18418,-0.20463,-0.17722,-0.0010523,0.080551,-0.36875,-0.18696,-0.25159,-0.12462,-0.26757,-0.35903,-0.33546,-0.16787,-0.050245,-0.12935,-0.068927,-0.0024615,-0.35105,-0.21741,-0.31358,-0.18685,-0.34793,0.025027,0.086459,-0.077118,-0.19576,-0.12793,-0.27759,-0.17903,-0.28181,0.012837,-0.014289,-0.15713,-0.18684,-0.19295,0.080004,-0.2127,0.010566,-0.13812,0.054171,0.010474,0.12816,0.16063,0.38081,0.003083,0.012147,-0.19157,-0.16875,-0.13838,-0.33704,-0.0084982,-0.23627,-0.080348,-0.12963,-0.20884,-0.28051,-0.34021,-0.31206,-0.29381,-0.15321,-0.29654,-0.38315
-0.25463,0.23896,-0.10659,-0.2249,-0.23555,0.25882,-0.36379,0.27737,-0.52542,-0.12641,-0.51627,-0.34208,-0.37789,-0.2719,-0.32446,-0.42561,-0.31308,-0.58986,-0.36764,-0.41073,0.079998,0.062183,-0.37515,0,-0.27848,-0.13129,-0.059432,-0.02379,-0.11349,0.23439,-0.44037,-0.41555,-0.54174,-0.43999,-0.49912,-0.039217,-0.39196,-0.39876,-0.37685,-0.030307,0.07809,0.56137,-0.40604,0.15203,-0.35472,-0.41888,-0.28228,-0.42941,0.13065,-0.091296,-0.13427,-0.14153,0.029827,0.1403,-0.068386,0.094994,-0.040916,-0.40942,-0.34355,-0.26997,0.18356,-0.21904,-0.084834,-0.22799,-0.11086,-0.25278,-0.38304,-0.51962,-0.15826,-0.17582,-0.25504,-0.42596,-0.23978,-0.26042,-0.35916,-0.3909,-0.57539,-0.12046,-0.24141,-0.18639,-0.21714,-0.14324,-0.5358,-0.14157,-0.25137,-0.20775,-0.36527,-0.36316,-0.35715,-0.45927,-0.42938,-0.39687,0.11411,-0.28813,0.03627,-0.0046275,0.097769,-0.22167,0.36356,-0.35225,-0.21537,-0.31176,-0.18925,0.18511,0.11861
-0.20383,-0.41774,-0.15188,0.0097843,-0.15841,-0.49739,0.042694,-0.28183,0.28715,-0.050128,0.30732,-0.2883,-0.075684,-0.069832,-0.095942,-0.12553,0.1098,0.32478,0.1379,0.045494,-0.24925,-0.081007,0.34174,-0.27848,0,0.3095,0.021421,-0.087751,-0.078047,-0.20882,0.097246,-0.011212,-0.093659,0.11777,0.0018584,-0.046042,0.013458,0.052768,0.18466,0.20018,-0.14752,-0.25848,-0.073585,-0.31806,-0.28222,-0.2229,0.016049,-0.033956,-0.44028,-0.18343,-0.21851,-0.2825,-0.46755,-0.51627,-0.45132,-0.38134,-0.23204,-0.15061,-0.091671,0.00087997,-0.23328,-0.4377,-0.39699,-0.35769,-0.54746,-0.065906,-0.026135,0.043279,-0.049075,-0.13748,-0.33317,-0.25962,-0.35381,-0.10336,-0.16634,0.1123,0.01627,-0.21786,-0.012664,-0.003766,0.078675,-0.18593,-0.036836,-0.065124,0.066712,0.15556,0.23419,-0.006449,-0.09668,-0.34321,-0.23397,-0.23478,-0.45009,-0.1024,-0.31464,0.086754,-0.045722,-0.12714,-0.25498,-0.54751,-0.61004,-0.26155,-0.19429,-0.29387,-0.44053
-0.084231,-0.3728,-0.1464,-0.062146,-0.094951,-0.47299,-0.082096,-0.24629,0.10312,-0.062201,0.22739,0.017353,-0.2167,-0.18303,-0.19195,0.061617,-0.27906,0.095548,-0.23437,-0.017784,-0.3863,0.16212,-0.061469,-0.13129,0.3095,0,0.16121,0.13154,-0.14197,-0.25425,0.23341,0.044688,-0.11579,0.06433,0.1061,0.061672,0.10712,0.14876,0.21417,0.41649,-0.27947,-0.21143,-0.093917,-0.34778,-0.19058,-0.10606,-0.10576,-0.12983,-0.57587,-0.26005,-0.21059,-0.42282,-0.34312,-0.43401,-0.26239,-0.40553,-0.29254,-0.097425,-0.10791,0.078311,-0.10246,-0.39606,-0.27677,-0.23022,-0.45431,-0.21632,-0.18615,-0.032614,-0.11141,-0.09164,-0.1746,-0.11009,-0.18902,-0.228,-0.26673,0.18147,0.068478,-0.34121,-0.2513,0.021969,-0.16728,-0.40842,-0.28774,-0.24822,-0.21797,-0.15167,-0.16357,-0.08665,-0.14931,-0.26364,-0.19293,-0.083425,-0.23312,-0.08532,-0.23357,0.24949,0.10965,0.037802,0.0087751,-0.478,-0.37236,-0.055014,-0.096834,-0.086607,-0.18615
0.044528,-0.034257,-0.36979,-0.33349,0.1508,-0.072958,-0.063709,0.03211,-0.037248,-0.19917,-0.12783,-0.006326,-0.16383,-0.12746,-0.038411,-0.02323,-0.33906,-0.074336,-0.32792,-0.13914,-0.2166,0.1049,-0.0854,-0.059432,0.021421,0.16121,0,0.065383,-0.02811,-0.1287,-0.20792,-0.11758,-0.33251,-0.14805,-0.076022,0.10813,-0.30887,-0.26882,0.007409,0.14461,-0.052595,0.023384,-0.042676,-0.033519,-0.089751,-0.029987,0.1107,0.10389,-0.39638,-0.054128,0.065241,-0.35982,0.037328,-0.015581,0.1095,-0.070182,0.044245,0.075112,0.074225,0.25802,0.1084,-0.13331,-0.13654,-0.064355,-0.23835,0.045592,0.057592,-0.046614,-0.1178,0.020922,-0.12403,-0.024159,-0.024233,0.050146,-0.057518,-0.01883,-0.0043014,-0.33727,-0.2364,-0.15399,-0.30128,-0.50315,-0.40767,-0.1602,-0.18998,-0.24427,-0.22589,0.093634,0.16022,-0.16333,-0.050626,-0.035242,-0.021538,-0.03659,-0.085979,-0.0067013,0.030676,-0.012252,0.17041,-0.43682,-0.14249,-0.2335,-0.21479,-0.12796,-0.10289
0.10949,-0.034467,-0.15974,-0.23795,0.12848,-0.12479,-0.12471,-0.10955,-0.21924,-0.36469,-0.048423,-0.19496,-0.21361,-0.42044,-0.31518,-0.03923,-0.3064,-0.060854,-0.25634,0.046128,-0.52358,0.3501,-0.19185,-0.02379,-0.087751,0.13154,0.065383,0,0.13252,-0.028085,-0.045137,-0.08772,-0.09452,-0.079031,0.053968,0.197,0.055888,-0.072755,0.25415,0.46894,-0.20311,0.10671,-0.068718,-0.088853,-0.055204,-0.08668,-0.06561,-0.18041,-0.59662,-0.19563,-0.16121,-0.2739,0.0057229,-0.12304,0.078834,0.0047691,0.056183,-0.051801,-0.11081,-0.10525,-0.074028,-0.19325,-0.35815,-0.30395,-0.3375,-0.096089,-0.1743,-0.35912,-0.18694,0.063241,-0.10486,-0.15672,-0.25977,-0.12264,-0.20324,0.15561,-0.30884,-0.31778,-0.3992,0.051118,-0.21117,-0.23649,-0.21603,-0.2055,-0.23501,-0.17654,-0.22716,-0.17389,-0.12871,-0.244,-0.21991,-0.070306,-0.11625,-0.095216,-0.21753,0.039808,-0.13141,0.19671,0.046682,-0.51022,-0.27482,-0.30119,-0.35363,-0.025488,-0.033082
0.19634,-0.013095,-0.26375,-0.42265,0.18046,-0.13136,0.12974,0.043266,-0.13119,-0.29722,-0.047771,-0.30974,0.018861,-0.11709,-0.34358,-0.35828,-0.23508,-0.148,-0.2137,-0.14027,-0.3882,-0.074982,-0.084717,-0.11349,-0.078047,-0.14197,-0.02811,0.13252,0,0.28707,-0.075358,0.098957,-0.069992,0.072792,0.18417,0.55884,-0.083394,-0.14626,0.20959,0.16753,0.0054275,0.031556,0.2736,0.2845,0.29392,0.17768,0.12424,-0.058675,-0.38945,-0.13744,-0.057531,0.0030214,-0.062478,-0.21915,-0.087191,0.035402,0.14755,0.012621,0.085604,-0.097419,-0.09164,0.12989,-0.24572,-0.20646,-0.31285,0.21139,0.13303,-0.40311,0.028756,0.39644,0.088982,0.044152,-0.056484,0.22341,0.19849,0.10239,-0.34482,-0.28078,-0.30049,-0.15815,-0.21974,-0.24888,-0.28659,-0.21218,-0.36028,-0.19867,-0.17641,-0.039457,0.035685,-0.36392,-0.21582,-0.31961,-0.36733,-0.1423,-0.2757,-0.023267,-0.11725,0.019987,-0.008369,-0.53889,-0.34659,-0.57829,-0.50317,-0.087154,-0.15989
-0.15183,0.18048,-0.059967,-0.21687,-0.061204,0.16208,-0.10603,0.25023,-0.42233,-0.32707,-0.33892,-0.52086,-0.030498,-0.10563,-0.40318,-0.73764,-0.08524,-0.3073,-0.10566,-0.1832,-0.032202,-0.17492,-0.17903,0.23439,-0.20882,-0.25425,-0.1287,-0.028085,0.28707,0,-0.30547,-0.093911,-0.17928,-0.076675,-0.22437,0.13379,-0.21802,-0.23975,-0.16927,0.019901,0.13895,0.33028,-0.10535,0.35435,-0.077911,-0.164,-0.11629,-0.31721,-0.031347,-0.011624,-0.03107,0.021119,0.019316,0.022756,-0.10865,0.1523,0.12459,-0.2762,-0.20269,-0.32385,-0.0039691,0.083825,0.0069106,-0.088016,-0.0053045,-0.041445,-0.19283,-0.47923,0.11145,0.15696,0.015267,-0.2254,-0.10918,-0.059955,-0.13163,-0.20064,-0.64932,-0.022615,-0.0974,-0.092625,-0.094643,0.017261,-0.24481,0.069235,-0.14659,-0.026122,-0.094028,-0.23418,-0.18157,-0.48945,-0.46967,-0.42724,-0.193,-0.34438,-0.23714,-0.049488,-0.069315,-0.17844,0.13923,-0.37212,-0.22493,-0.49245,-0.2365,-0.016264,-0.078478
-0.057623,-0.56342,-0.21356,-0.10848,-0.18553,-0.8245,0.028387,-0.51439,0.11667,-0.10673,0.38939,-0.10749,-0.12861,-0.19442,-0.34883,0.023673,-0.24336,0.10207,-0.18613,-0.12245,-0.58449,-0.10014,-0.079659,-0.44037,0.097246,0.23341,-0.20792,-0.045137,-0.075358,-0.30547,0,0.47829,0.15656,0.23623,0.453,0.067056,0.34901,0.38436,0.34336,0.11014,-0.33911,-0.47246,0.096391,-0.38357,0.090114,0.18087,-0.11977,-0.067543,-0.67276,-0.46688,-0.40857,-0.35053,-0.57611,-0.8059,-0.49211,-0.57964,-0.43149,0.039082,0.031667,-0.027064,-0.3347,-0.30392,-0.29745,-0.20133,-0.45802,-0.17066,-0.077536,-0.094372,-0.096194,-0.095,-0.04043,0.15439,-0.040737,-0.14267,-0.076262,0.19707,0.028627,-0.34156,-0.27368,-0.021058,-0.21064,-0.41072,-0.19752,-0.35627,-0.31344,-0.18457,-0.14817,-0.0031384,-0.048011,-0.12926,-0.08313,-0.071081,-0.50933,-0.06142,-0.38075,0.096495,-0.068232,-0.015329,-0.29587,-0.29128,-0.34727,-0.030079,-0.092428,-0.28817,-0.39898
0.084791,-0.34193,-0.22343,-0.19926,0.0082644,-0.50134,0.19873,-0.2578,0.082761,-0.16244,0.21753,-0.16221,0.11248,0.01168,-0.31512,-0.0958,-0.22868,0.083948,-0.16817,-0.11758,-0.5011,-0.18336,-0.046614,-0.41555,-0.011212,0.044688,-0.11758,-0.08772,0.098957,-0.093911,0.47829,0,0.14138,0.30637,0.47989,0.19954,0.11772,0.17982,0.31142,0.077924,-0.22971,-0.36718,0.28876,-0.1265,0.36406,0.43645,0.069641,0.097449,-0.55033,-0.25471,-0.19568,-0.33647,-0.30976,-0.49525,-0.28019,-0.37054,-0.21554,0.22941,0.24812,0.089123,-0.18525,-0.046872,-0.14348,0.036903,-0.23957,0.076533,0.12885,-0.10445,0.049518,0.1094,0.18767,0.37988,0.19427,0.10021,0.16335,0.21127,-0.029482,-0.25162,-0.17987,-0.062435,-0.248,-0.40058,-0.2288,-0.23141,-0.29088,-0.17971,-0.11262,0.22026,0.19716,-0.077013,-0.0056491,-0.064066,-0.45601,0.0039876,-0.31963,0.07769,-0.040996,0.068632,-0.18331,-0.21004,-0.19091,-0.077715,-0.060638,-0.27464,-0.33545
-0.25567,-0.60644,0.13438,0.15339,-0.18271,-0.60764,-0.030448,-0.47072,-0.087825,-0.40695,0.22983,-0.18077,0.21767,-0.080564,-0.30447,-0.21252,0.019218,0.15312,0.034054,0.18377,-0.43984,-0.35963,-0.083241,-0.54174,-0.093659,-0.11579,-0.33251,-0.09452,-0.069992,-0.17928,0.15656,0.14138,0,0.4826,0.17901,-0.14392,0.50998,0.46229,0.10265,-0.070022,-0.34183,-0.52184,-0.042774,-0.43403,-0.042762,0.011169,-0.22182,-0.25786,-0.59104,-0.13739,-0.19082,-0.19191,-0.45207,-0.6013,-0.41349,-0.35868,-0.29624,-0.14528,-0.14038,-0.30825,-0.59752,-0.029464,-0.10369,-0.15827,-0.24185,-0.2195,-0.19997,-0.042977,-0.025827,-0.096939,-0.03539,-0.095689,-0.088914,-0.23918,-0.17638,0.11766,-0.13412,0.043734,0.020504,0.22234,0.034424,-0.10763,0.077025,-0.016055,-0.1062,0.030842,0.072712,-0.21773,-0.19401,-0.31216,-0.36745,-0.066884,-0.57187,-0.26815,-0.5608,-0.095677,-0.27914,-0.10009,-0.4458,-0.15026,-0.24069,-0.077598,-0.040866,-0.32733,-0.31077
-0.18583,-0.52571,0.038448,0.0627,-0.11262,-0.59032,0.080902,-0.32609,0.10204,-0.23233,0.37477,-0.16939,0.32323,0.12388,-0.36553,-0.22554,0.0089597,0.25517,0.05494,0.2003,-0.43368,-0.27597,0.044534,-0.43999,0.11777,0.06433,-0.14805,-0.079031,0.072792,-0.076675,0.23623,0.30637,0.4826,0,0.24594,0.020486,0.38521,0.42162,0.22545,0.069044,-0.2841,-0.41954,0.024861,-0.30632,0.00087997,0.068084,-0.093837,-0.18426,-0.59756,-0.070896,-0.058269,-0.25504,-0.48966,-0.6642,-0.44469,-0.41021,-0.28425,-0.09636,-0.067481,-0.17731,-0.37244,-0.083696,-0.15823,-0.1569,-0.33544,-0.1136,-0.095609,0.011415,0.16259,0.031131,-0.011027,-0.0030645,-0.063684,-0.13251,-0.095431,0.23481,-0.019187,-0.025562,0.084514,0.15186,0.11222,-0.23342,-0.028362,0.01107,-0.088693,0.10251,0.15838,-0.105,-0.10263,-0.36542,-0.32867,-0.065401,-0.52796,-0.13934,-0.45605,0.15133,-0.074693,-0.038436,-0.29504,-0.3808,-0.35452,-0.1725,-0.089105,-0.38449,-0.43144
0.28146,-0.37427,-0.31493,-0.32995,0.13884,-0.56999,0.29822,-0.28381,0.13017,-0.25892,0.30339,-0.052429,0.010301,-0.15133,-0.20833,0.03523,-0.3128,0.13078,-0.25289,-0.075678,-0.66173,-0.068632,-0.029371,-0.49912,0.0018584,0.1061,-0.076022,0.053968,0.18417,-0.22437,0.453,0.47989,0.17901,0.24594,0,0.30014,0.17328,0.13854,0.65447,0.18917,-0.2458,-0.40847,0.52235,-0.16628,0.43282,0.57361,0.056134,0.11208,-0.89034,-0.38773,-0.29318,-0.23174,-0.29749,-0.57245,-0.24094,-0.32003,-0.15303,0.25018,0.2501,0.11686,-0.29687,-0.02163,-0.29682,-0.1256,-0.42111,0.059278,0.1579,-0.15644,-0.12762,0.16176,0.13725,0.38244,0.094957,0.10629,0.22706,0.27584,-0.0067198,-0.44978,-0.39245,-0.15183,-0.38029,-0.45343,-0.23064,-0.40758,-0.4518,-0.32844,-0.21663,0.1007,0.15416,-0.065093,0.044916,-0.059955,-0.48652,-0.0031199,-0.36642,-0.031279,-0.16101,0.090631,-0.23341,-0.30182,-0.2498,-0.17906,-0.27122,-0.18538,-0.25203
0.30592,-0.01072,-0.30508,-0.43622,0.16748,-0.18346,0.17372,0.079222,-0.062521,-0.17017,0.014781,-0.20872,-0.083917,-0.16971,-0.34131,-0.17431,-0.40618,-0.17743,-0.38511,-0.28694,-0.44375,0.092102,-0.14516,-0.039217,-0.046042,0.061672,0.10813,0.197,0.55884,0.13379,0.067056,0.19954,-0.14392,0.020486,0.30014,0,-0.089234,-0.11675,0.33377,0.33535,0.019064,0.04742,0.28956,0.2534,0.37782,0.33563,0.16625,0.049709,-0.49187,-0.2603,-0.17152,-0.17632,-0.089536,-0.2609,-0.11068,-0.0527,0.056675,0.1827,0.28307,0.12248,0.015347,-0.008572,-0.30582,-0.21508,-0.42848,0.21592,0.17467,-0.4077,-0.037014,0.27122,0.085548,0.17573,0.099098,0.2802,0.25448,0.13691,-0.22634,-0.41329,-0.4266,-0.19815,-0.39492,-0.4388,-0.50774,-0.35607,-0.47428,-0.33812,-0.31291,0.08977,0.17987,-0.23067,-0.05894,-0.20692,-0.25924,-0.0029045,-0.14753,0.10296,0.039882,0.12696,0.08577,-0.51487,-0.3268,-0.41396,-0.41098,0.027076,-0.076219
-0.26002,-0.59866,0.16158,0.20161,-0.29685,-0.74398,-0.19361,-0.56998,-0.049715,-0.26661,0.39673,-0.15165,-0.014726,-0.20847,-0.49525,-0.15773,-0.092459,0.10645,-0.05014,0.1284,-0.60648,-0.20818,-0.18804,-0.39196,0.013458,0.10712,-0.30887,0.055888,-0.083394,-0.21802,0.34901,0.11772,0.50998,0.38521,0.17328,-0.089234,0,0.78678,0.1636,0.052866,-0.49363,-0.45749,-0.14672,-0.53182,-0.12862,-0.077616,-0.23399,-0.3674,-0.65075,-0.22594,-0.26275,-0.30984,-0.58131,-0.71431,-0.46845,-0.50333,-0.42869,-0.17739,-0.222,-0.34473,-0.47385,-0.26901,-0.22854,-0.32413,-0.37995,-0.29518,-0.30133,-0.075727,-0.022947,-0.15059,-0.14204,-0.1779,-0.24743,-0.35012,-0.31424,0.29122,-0.080225,-0.052478,-0.12205,0.38284,0.052952,-0.13176,0.018639,-0.10216,-0.15054,0.034664,-0.024965,-0.25809,-0.31865,-0.37681,-0.38481,-0.1507,-0.59855,-0.30917,-0.60618,0.019384,-0.21948,-0.085856,-0.38832,-0.33751,-0.44828,-0.10147,-0.13448,-0.34686,-0.39386
-0.32776,-0.68801,0.15488,0.24874,-0.36804,-0.82007,-0.19045,-0.56303,0.02731,-0.12716,0.45294,-0.053937,-0.0055014,-0.11136,-0.46087,-0.16851,-0.10741,0.066023,-0.052921,0.070841,-0.55964,-0.31475,-0.17265,-0.39876,0.052768,0.14876,-0.26882,-0.072755,-0.14626,-0.23975,0.38436,0.17982,0.46229,0.42162,0.13854,-0.11675,0.78678,0,0.097603,0.020812,-0.50765,-0.53391,-0.18917,-0.59236,-0.13563,-0.078225,-0.18283,-0.29029,-0.57176,-0.20329,-0.21304,-0.39781,-0.65807,-0.74438,-0.50982,-0.63719,-0.57087,-0.15157,-0.17664,-0.24278,-0.42251,-0.30656,-0.17943,-0.24178,-0.36436,-0.2648,-0.24868,0.0012553,0.027027,-0.22225,-0.16853,-0.14834,-0.20403,-0.30121,-0.2964,0.24506,0.036934,-0.040639,-0.045051,0.33413,0.090939,-0.21949,-0.062183,-0.11419,-0.12181,0.035494,-0.0084674,-0.17501,-0.2749,-0.33165,-0.37436,-0.11511,-0.54854,-0.24234,-0.46301,0.11529,-0.072053,-0.073216,-0.33345,-0.29166,-0.40618,0.0023384,-0.024688,-0.31681,-0.34572
0.26307,-0.28283,-0.26576,-0.26582,0.17643,-0.4633,0.33694,-0.21427,0.14465,-0.26233,0.33073,-0.19846,-0.0068059,-0.19876,-0.20221,0.02291,-0.17192,0.26779,-0.10423,0.025168,-0.63893,0.081148,0.13894,-0.37685,0.18466,0.21417,0.007409,0.25415,0.20959,-0.16927,0.34336,0.31142,0.10265,0.22545,0.65447,0.33377,0.1636,0.097603,0,0.46242,-0.16818,-0.24015,0.34,-0.15051,0.20515,0.25179,0.13808,0.11556,-1,-0.34531,-0.30254,-0.27835,-0.25111,-0.4919,-0.21548,-0.24016,-0.073616,0.20921,0.19486,0.13631,-0.25624,-0.16911,-0.4414,-0.26157,-0.54313,0.11783,0.15587,-0.20968,-0.15802,0.098428,-0.042688,0.12902,-0.093363,0.12942,0.13404,0.32867,-0.075032,-0.41897,-0.32048,-0.073592,-0.2425,-0.35604,-0.15639,-0.27565,-0.25013,-0.15122,-0.058915,0.1123,0.14519,-0.10824,-0.014572,-0.028559,-0.40516,0.069087,-0.30716,0.068084,-0.11014,0.14273,-0.19309,-0.47645,-0.37609,-0.27867,-0.32697,-0.17779,-0.26552
0.10198,-0.11835,-0.19235,-0.20708,0.12081,-0.23902,0.10798,-0.025716,-0.0073782,-0.20722,0.11291,-0.20887,-0.12817,-0.24986,-0.20638,-0.074847,-0.19786,0.082447,-0.14981,0.032485,-0.40663,0.24092,0.043962,-0.030307,0.20018,0.41649,0.14461,0.46894,0.16753,0.019901,0.11014,0.077924,-0.070022,0.069044,0.18917,0.33535,0.052866,0.020812,0.46242,0,-0.095751,0.030485,0.05974,-0.075185,-0.043556,-0.023735,0.016639,-0.056927,-0.599,-0.2362,-0.2127,-0.29569,-0.14711,-0.27904,-0.12177,-0.13023,-0.027981,-0.03211,-0.0071013,0.078816,-0.044023,-0.2242,-0.34047,-0.22822,-0.41452,-0.02307,-0.053131,-0.26124,-0.10314,0.096188,-0.10093,-0.090551,-0.18967,-0.022332,-0.092053,0.15428,-0.21731,-0.36294,-0.30193,-0.014855,-0.18784,-0.28577,-0.2619,-0.20914,-0.20844,-0.11344,-0.096249,-0.042405,-0.034873,-0.25663,-0.19698,-0.13803,-0.21932,-0.020959,-0.19545,0.22456,0.053051,0.13923,0.089757,-0.56577,-0.35201,-0.26144,-0.23675,0.027895,-0.070509
-0.080711,0.044645,-0.3204,-0.37592,0.042196,0.11065,0.13432,0.17974,-0.41263,-0.38515,-0.46009,-0.55808,-0.18057,-0.18228,-0.038534,-0.42093,-0.068201,-0.27673,-0.16394,-0.40628,0.20494,-0.0057537,0.038017,0.07809,-0.14752,-0.27947,-0.052595,-0.20311,0.0054275,0.13895,-0.33911,-0.22971,-0.34183,-0.2841,-0.2458,0.019064,-0.49363,-0.50765,-0.16818,-0.095751,0,0.25535,0.0088428,0.31621,-0.10493,-0.14676,-0.17004,-0.14235,-0.063684,-0.24831,-0.28753,0.20411,0.046091,-0.015932,-0.19852,0.22413,0.20737,-0.23978,-0.11324,-0.11334,-0.17547,0.012012,-0.1103,-0.1993,-0.22937,-0.072299,-0.10213,-0.54056,-0.3174,-0.059524,-0.15254,-0.1675,-0.014744,0.0023569,-0.039759,-0.42479,-0.57979,-0.19299,-0.13137,-0.40306,-0.28416,-0.17829,-0.35245,-0.086514,-0.18561,-0.18502,-0.13539,-0.20404,-0.043069,-0.32571,-0.28267,-0.19145,-0.049112,-0.16226,-0.059346,-0.15644,-0.062361,-0.28043,0.047808,-0.28464,-0.16025,-0.48,-0.23704,0.069782,-0.044583
-0.1004,0.44925,-0.23961,-0.36185,-0.020701,0.48617,-0.21495,0.32241,-0.53329,-0.30768,-0.5599,-0.48186,-0.33516,-0.34529,-0.27463,-0.41859,-0.22931,-0.4268,-0.2652,-0.3175,0.029439,0.15269,-0.23109,0.56137,-0.25848,-0.21143,0.023384,0.10671,0.031556,0.33028,-0.47246,-0.36718,-0.52184,-0.41954,-0.40847,0.04742,-0.45749,-0.53391,-0.24015,0.030485,0.25535,0,-0.24772,0.34889,-0.23257,-0.31886,-0.16977,-0.28081,-0.0057906,-0.12709,-0.1314,-0.048675,0.2265,0.28957,0.066841,0.35193,0.23,-0.28389,-0.24864,-0.22149,0.12961,-0.14169,-0.18107,-0.24257,-0.12258,-0.1225,-0.25788,-0.617,-0.1918,-0.036171,-0.18949,-0.32829,-0.22423,-0.11552,-0.23954,-0.34718,-0.67504,-0.2076,-0.272,-0.24452,-0.24426,-0.10362,-0.38071,-0.076551,-0.16113,-0.1733,-0.25604,-0.27827,-0.18348,-0.33984,-0.33075,-0.27388,0.15296,-0.20689,0.006289,-0.095782,-0.0503,-0.14394,0.28979,-0.41522,-0.17864,-0.49645,-0.32384,0.10364,0.05606
