,,,,,,,,,,,,,,,,,,,,,,,,,,,,,,,,,,,,,,,,,,,,,,,,,,,,,,,,,,,,,,,,,,,,,,,,,,,,,,,,,,,,,,,,,,,,,,,,,,,,,,,,
0,0.075329,-0.29058,-0.35111,0.5261,-0.23066,0.2889,-0.023621,0.31768,-0.36537,0.2911,-0.16364,0.16715,0.039623,-0.075592,-0.046699,0.0015099,0.29468,0.039469,0.10565,-0.33302,0.12536,0.1338,-0.26682,0.18779,0.074856,0.044715,0.13644,0.29414,0.042783,0.055374,0.10296,-0.067051,0.092111,0.24104,0.16631,0.037031,-0.11208,0.37249,0.082354,-0.082169,-0.10015,0.43922,0.11127,0.34914,0.30747,0.16182,0.13667,-0.47448,-0.078285,-0.089335,-0.23815,0.11017,-0.18445,0.0085413,-0.044402,0.19949,0.22164,0.20826,0.12011,-0.1155,-0.044152,-0.40496,-0.28494,-0.42815,0.11811,0.033832,-0.16334,-0.13928,0.47665,0.06771,0.15221,0.13094,0.26869,0.32743,0.18896,-0.052482,-0.3054,-0.217,-0.012534,-0.24912,-0.30803,-0.26234,-0.17856,-0.27,-0.044178,0.066302,0.21207,0.28411,0.08636,0.25396,-0.042406,-0.31678,-0.015867,-0.27868,-0.15474,-0.29147,0.006398,-0.0066475,-0.58335,-0.41592,-0.50474,-0.51573,-0.13188,-0.21446
0.075329,0,-0.57813,-0.60496,0.074139,0.53193,-0.1829,0.28436,-0.13129,-0.034434,-0.29952,0.21472,-0.20238,-0.11964,-0.1224,-0.10039,-0.35623,-0.31609,-0.50663,-0.067959,-0.057774,0.067287,-0.25417,0.24665,-0.055074,0.029885,-0.10786,0.070761,0.0079463,0.17541,-0.2685,-0.20584,-0.57321,-0.38567,-0.31456,-0.12363,-0.41428,-0.42946,-0.21705,-0.057537,-0.076807,0.33395,-0.23231,0.25655,-0.22742,-0.27809,-0.26193,-0.28433,-0.013576,-0.12457,0.05366,-0.21407,0.19,0.43237,0.17136,0.17342,0.22224,-0.29058,-0.31498,-0.26699,0.27918,-0.1391,-0.24213,-0.28514,-0.046999,-0.26644,-0.32056,-0.25099,-0.17219,0.061446,-0.050064,-0.29715,-0.21736,-0.21859,-0.22837,-0.32834,-0.093922,-0.38517,-0.47833,-0.38931,-0.6478,-0.32896,-0.48504,-0.49538,-0.69372,-0.60648,-0.53372,-0.254,-0.22189,-0.016743,-0.013967,-0.3429,0.082342,-0.36368,-0.025118,-0.55889,-0.62045,-0.20677,-0.032905,-0.2852,-0.15773,-0.51791,-0.49418,-0.25275,-0.19358
-0.29058,-0.57813,0,0.88004,-0.26213,-0.40387,-0.16848,-0.2532,-0.28024,-0.29095,-0.017319,-0.29623,0.040672,-0.098023,-0.51716,-0.35786,-0.015432,-0.129,0.091971,-0.036436,-0.56061,-0.43461,-0.18006,-0.35024,-0.36678,-0.22533,-0.15047,-0.18107,-0.10626,-0.18274,-0.095521,-0.021465,0.1702,0.15607,-0.018145,-0.072406,0.1515,0.16659,-0.067191,-0.089706,-0.39477,-0.30724,-0.13894,-0.4081,-0.14313,-0.18267,0.040678,0.021683,-0.5091,0.00028791,-0.062777,-0.34271,-0.37992,-0.51488,-0.27003,-0.52236,-0.46688,0.029795,0.016244,0.039463,-0.23951,-0.33628,-0.17894,-0.19838,-0.36786,-0.0085029,-0.015317,-0.084984,0.015342,-0.2069,-0.20231,-0.22792,-0.16414,-0.041907,-0.14419,0.28048,-0.0006142,0.13506,0.17246,0.16329,0.33955,0.079341,0.097684,0.39124,0.36811,0.31892,0.18168,0.0098656,0.016104,-0.51505,-0.54017,0.046379,-0.23736,0.095656,-0.17836,0.15451,0.17277,0.1491,0.0095585,-0.28251,-0.37611,-0.077562,-0.11822,-0.14434,-0.19929
-0.35111,-0.60496,0.88004,0,-0.29125,-0.39523,-0.16588,-0.23687,-0.2162,-0.17706,0.016679,-0.19693,-0.032924,-0.15295,-0.4873,-0.26142,0.038369,-0.11417,0.12023,0.023916,-0.53339,-0.40556,-0.12956,-0.31852,-0.3221,-0.14537,-0.164,-0.16041,-0.14888,-0.20953,-0.00090851,0.012758,0.19573,0.17967,-0.0040435,-0.12353,0.22561,0.28467,-0.0735,-0.033896,-0.41554,-0.30643,-0.19856,-0.52285,-0.2565,-0.28927,-0.010646,0.023493,-0.48235,-0.1112,-0.1406,-0.33804,-0.49557,-0.54984,-0.35555,-0.67047,-0.60618,-0.010467,-0.025489,0.093858,-0.17165,-0.40051,-0.18122,-0.21225,-0.34085,-0.092489,-0.057633,-0.013762,0.0011452,-0.26335,-0.23225,-0.25995,-0.2414,-0.11608,-0.23227,0.20107,0.091759,0.034914,0.13048,0.089501,0.35253,0.067895,0.1585,0.28094,0.35349,0.25823,0.20911,-0.0020026,-0.017818,-0.49415,-0.59189,0.10208,-0.17296,0.14442,-0.094626,0.14001,0.15017,0.13052,-0.026302,-0.26916,-0.3725,-0.0083621,-0.035406,-0.19137,-0.25738
0.5261,0.074139,-0.26213,-0.29125,0,-0.045477,0.37461,0.11409,0.311,-0.40772,0.15035,-0.065221,0.22451,0.11395,0.043109,0.012917,-0.053596,0.21487,-0.030192,0.12644,-0.11559,0.24169,0.25226,-0.1646,0.30931,0.13759,0.28222,0.090787,0.22315,0.10112,0.015733,0.075688,-0.11999,0.054792,0.14254,0.09904,-0.072534,-0.1564,0.25187,0.17102,0.072444,0.048023,0.30298,0.19566,0.1966,0.15054,0.033935,0.16104,-0.38347,0.00097889,0.01691,-0.04842,0.21834,-0.073871,0.053768,0.06357,0.37763,0.12813,0.15848,0.25647,-0.0076967,0.055803,-0.34381,-0.17282,-0.28714,-0.0095841,-0.040768,-0.059776,-0.12148,0.70384,0.28206,0.19399,0.26387,0.12317,0.19901,0.048388,-0.088209,-0.2744,-0.16925,-0.038241,-0.2774,-0.33168,-0.24492,-0.15887,-0.24543,-0.13205,0.03602,0.1633,0.32422,-0.015579,-0.0053679,0.074504,-0.092559,0.1121,-0.050576,-0.14917,-0.24256,-0.017147,0.10409,-0.38884,-0.21353,-0.31155,-0.24077,0.094978,-0.003231
-0.23066,0.53193,-0.40387,-0.39523,-0.045477,0,-0.2677,0.37139,-0.32469,-0.017614,-0.50763,0.28493,-0.25477,-0.15549,-0.15231,-0.15865,-0.40052,-0.49148,-0.58972,-0.10243,0.062207,-0.037313,-0.29388,0.39903,-0.17048,-0.02055,-0.080198,-0.048868,-0.11946,0.16522,-0.36272,-0.279,-0.59247,-0.44097,-0.44845,-0.22104,-0.51248,-0.42052,-0.38457,-0.063532,-0.048695,0.46027,-0.41207,0.16386,-0.43853,-0.51455,-0.3737,-0.30746,0.069015,-0.11091,0.089539,-0.10659,0.089066,0.46488,0.094882,0.12273,0.098663,-0.39822,-0.40061,-0.28375,0.32179,-0.15599,-0.12722,-0.19856,0.10641,-0.37261,-0.36768,-0.21801,-0.15496,-0.083589,-0.044466,-0.41222,-0.26387,-0.35986,-0.39795,-0.47685,-0.12914,-0.2842,-0.38138,-0.46008,-0.5583,-0.26185,-0.40473,-0.39332,-0.54288,-0.66748,-0.59117,-0.34943,-0.28683,-0.22983,-0.3429,-0.30862,0.32702,-0.32846,0.17472,-0.52115,-0.46882,-0.24228,0.025912,-0.10919,0.0034165,-0.31092,-0.22889,-0.16596,-0.085061
0.2889,-0.1829,-0.16848,-0.16588,0.37461,-0.2677,0,0.16377,0.34685,-0.21689,0.28761,-0.14088,0.21193,0.16058,-0.19309,-0.2345,0.29041,0.43543,0.22381,0.13527,-0.28553,-0.064971,0.45873,-0.31969,0.34985,0.28198,-0.051286,-0.10463,0.21647,0.087402,0.23861,0.38312,-0.0057582,0.3174,0.40441,0.29363,0.068752,0.085617,0.52329,0.32086,0.073512,-0.12144,0.5334,0.09341,0.20772,0.18312,0.15173,0.36103,-0.63892,-0.2119,-0.16586,-0.13622,-0.21611,-0.45876,-0.36832,-0.20975,0.0094818,0.21777,0.31841,0.1402,-0.23851,-0.2119,-0.49699,-0.35768,-0.54783,0.073679,0.12801,-0.22182,-0.19748,0.27602,0.10699,0.1299,0.25857,0.23408,0.28801,0.073935,0.054677,-0.31038,-0.038253,-0.23227,-0.089002,-0.33097,-0.1862,-0.081056,-0.14742,0.012003,0.28793,0.28909,0.46564,-0.16324,-0.15084,0.02009,-0.29274,0.21841,-0.14115,0.043084,-0.026788,-0.069309,0.045925,-0.64258,-0.48404,-0.46982,-0.302,-0.069181,-0.3156
-0.023621,0.28436,-0.2532,-0.23687,0.11409,0.37139,0.16377,0,-0.061228,0.093218,-0.14645,0.28424,-0.038042,0.031049,-0.37268,-0.34366,-0.056564,-0.14598,-0.24596,0.13788,-0.21546,-0.16143,-0.054344,0.098644,0.039814,0.35548,-0.15647,-0.062258,0.1392,0.37138,-0.029898,0.1302,-0.33349,-0.042175,-0.047409,0.15457,-0.18645,-0.07286,0.012054,0.34726,-0.059731,0.28932,-0.064568,0.26395,-0.18938,-0.25186,-0.088004,0.036353,-0.32246,-0.18331,0.063666,-0.21233,-0.15956,-0.05341,-0.19871,-0.1318,-0.0057518,-0.11075,-0.064223,-0.15102,0.1653,-0.36413,-0.37979,-0.41581,-0.24317,-0.14351,-0.081145,-0.28585,-0.14858,0.082879,0.026705,-0.27672,-0.076807,-0.077185,-0.12415,-0.19546,0.18257,-0.35004,-0.23991,-0.4841,-0.32997,-0.26877,-0.3302,-0.26953,-0.4463,-0.37958,-0.21077,-0.037524,0.048074,-0.3173,-0.39159,-0.25278,0.028157,-0.077524,0.11581,-0.27571,-0.27017,-0.15817,0.16599,-0.4828,-0.35523,-0.59424,-0.39873,-0.22829,-0.3425
0.31768,-0.13129,-0.28024,-0.2162,0.311,-0.32469,0.34685,-0.061228,0,-0.10374,0.56526,-0.077012,0.026699,0.0093666,-0.12058,-0.021702,0.0035765,0.2774,0.06325,0.038868,-0.27857,0.06755,0.2156,-0.34711,0.58196,0.24409,0.03398,-0.037588,0.12026,-0.067882,0.36816,0.28106,-0.082917,0.16612,0.25977,0.10397,0.12024,0.053519,0.35844,0.18203,-0.081747,-0.16585,0.1983,-0.062092,0.18141,0.16079,0.070499,0.12243,-0.45938,-0.26223,-0.19827,-0.14604,-0.18835,-0.33541,-0.28477,-0.26923,-0.061548,0.13183,0.13971,0.23587,-0.072348,-0.2133,-0.55864,-0.3756,-0.49529,-0.081983,-0.080262,-0.074146,-0.18396,0.2718,0.074658,0.2041,0.093909,0.057857,0.10052,0.15271,0.10939,-0.46646,-0.23338,-0.085541,-0.1502,-0.31349,-0.13444,-0.28294,-0.22355,-0.095976,0.1299,0.23285,0.22246,0.030448,0.03222,0.058663,-0.28455,0.18331,-0.11798,-0.065406,-0.21357,-0.087684,-0.18355,-0.55907,-0.50055,-0.38382,-0.32276,-0.11525,-0.30494
-0.36537,-0.034434,-0.29095,-0.17706,-0.40772,-0.017614,-0.21689,0.093218,-0.10374,0,-0.16886,0.10726,-0.34148,-0.20267,-0.57647,-0.33894,-0.20322,-0.3727,-0.37514,-0.14256,-0.34141,-0.37123,-0.3507,0.014018,-0.16506,0.06721,-0.48344,-0.22946,-0.12722,0.040051,-0.01428,0.040813,-0.3293,-0.12438,-0.2164,-0.056148,-0.15841,0.0028919,-0.23685,-0.017089,-0.28418,-0.039757,-0.39399,-0.11823,-0.39396,-0.41926,-0.22418,-0.27276,-0.15214,-0.41642,-0.18362,-0.3868,-0.5761,-0.2393,-0.50464,-0.46292,-0.48914,-0.31442,-0.2725,-0.33434,0.12668,-0.59198,-0.33954,-0.49114,-0.25689,-0.30033,-0.24154,-0.32152,-0.11525,-0.34017,-0.29345,-0.4021,-0.36782,-0.28868,-0.38549,-0.2728,0.16988,-0.39688,-0.30031,-0.55643,-0.17523,-0.27268,-0.31303,-0.4173,-0.43903,-0.41683,-0.3116,-0.23652,-0.29711,-0.35026,-0.38393,-0.34441,-0.1043,-0.1365,0.034216,-0.16136,-0.17661,-0.19591,-0.20899,-0.42611,-0.46875,-0.45332,-0.36102,-0.5618,-0.6679
0.2911,-0.29952,-0.017319,0.016679,0.15035,-0.50763,0.28761,-0.14645,0.56526,-0.16886,0,-0.13705,0.086417,-0.058381,-0.32263,-0.13496,0.08659,0.33296,0.22226,0.16047,-0.59864,-0.081446,0.16324,-0.42748,0.24811,0.20976,0.0022777,0.05096,0.224,-0.083186,0.51977,0.34726,0.20791,0.46635,0.57281,0.25888,0.55899,0.33294,0.68042,0.26679,-0.23428,-0.24364,0.28097,-0.20135,0.255,0.2361,0.2332,0.26301,-0.78416,-0.23326,-0.19236,-0.30921,-0.34214,-0.5801,-0.33839,-0.46926,-0.2448,0.31847,0.33356,0.29953,-0.16534,-0.33532,-0.55081,-0.44152,-0.70795,0.06714,0.094427,-0.14527,-0.13498,0.15849,-0.089699,0.11984,-0.0009277,0.22671,0.17982,0.57748,0.21413,-0.33602,-0.12458,0.12148,0.078708,-0.26713,-0.0846,-0.09721,-0.05444,0.16345,0.35746,0.33304,0.34324,-0.1232,-0.098138,0.086814,-0.40532,0.28085,-0.19005,0.089514,-0.050237,0.059488,-0.096392,-0.74118,-0.69174,-0.40328,-0.40296,-0.18408,-0.34507
-0.16364,0.21472,-0.29623,-0.19693,-0.065221,0.28493,-0.14088,0.28424,-0.077012,0.10726,-0.13705,0,-0.25568,-0.16448,-0.24759,-0.072975,-0.20089,-0.2684,-0.26168,0.22925,-0.21229,-0.035829,-0.11824,0.12633,0.0042738,0.31726,-0.052463,0.15659,-0.055694,0.064044,0.025976,-0.063058,-0.3298,-0.17977,-0.19112,-0.1744,-0.13601,-0.09128,-0.10077,0.19857,-0.20481,0.28037,-0.3646,-0.17169,-0.35759,-0.43912,-0.29564,-0.11172,-0.2232,-0.24161,0.048874,-0.28745,-0.19518,0.064178,-0.05071,-0.20596,-0.18957,-0.26567,-0.30182,-0.079251,0.25771,-0.42169,-0.3363,-0.38565,-0.18861,-0.45028,-0.35232,-0.09968,-0.23122,-0.072649,-0.14177,-0.37447,-0.31815,-0.29743,-0.40134,-0.20151,0.30801,-0.43479,-0.3074,-0.3399,-0.28122,-0.36805,-0.30138,-0.3878,-0.36676,-0.39217,-0.28798,-0.17522,-0.13532,-0.054344,-0.32303,-0.081727,0.22198,-0.14153,0.22713,-0.42168,-0.41095,-0.13468,0.072482,-0.36861,-0.22161,-0.36765,-0.34147,-0.24816,-0.19351
0.16715,-0.20238,0.040672,-0.032924,0.22451,-0.25477,0.21193,-0.038042,0.026699,-0.34148,0.086417,-0.25568,0,0.60512,-0.20246,-0.25007,0.18705,0.14784,0.18026,0.11328,-0.29908,-0.15933,0.12897,-0.29628,-0.11326,-0.13809,-0.015841,-0.056603,0.16738,0.093417,-0.10763,0.12808,0.14304,0.31848,0.075368,0.089328,-0.065752,-0.059514,0.10463,-0.075912,-0.07348,-0.21413,0.29331,0.074088,0.25948,0.24322,0.11008,0.16526,-0.39348,0.3915,0.28161,-0.36919,0.010512,-0.27373,-0.056129,-0.10461,0.034811,0.081107,0.23557,0.16556,-0.14001,0.0090979,-0.098337,-0.020326,-0.3161,0.23535,0.16601,0.0085157,0.198,0.2542,0.043084,0.12893,0.36262,0.32976,0.3204,0.17222,-0.056852,0.25829,0.42717,0.076148,0.11385,-0.38639,-0.33799,0.18081,-0.015931,0.32872,0.3136,0.14953,0.31068,-0.23794,-0.11633,0.02499,-0.20238,0.26496,-0.080282,0.13702,0.16603,0.242,0.25235,-0.31956,-0.21757,-0.21568,-0.21698,-0.16333,-0.13268
0.039623,-0.11964,-0.098023,-0.15295,0.11395,-0.15549,0.16058,0.031049,0.0093666,-0.20267,-0.058381,-0.16448,0.60512,0,-0.20432,-0.31443,0.12086,0.0069738,0.069047,-0.0208,-0.15033,-0.18186,0.041452,-0.29061,-0.052495,-0.12168,-0.16955,-0.19862,-0.019936,0.017051,-0.1466,0.075541,-0.16361,0.09245,-0.1418,-0.062937,-0.28305,-0.19959,-0.050019,-0.16617,-0.027754,-0.19564,0.058688,0.090461,0.17548,0.11963,-0.068145,0.0054255,-0.23579,0.31941,0.35102,-0.34044,0.019795,-0.16011,-0.10734,-0.031644,0.039834,-0.1201,-0.014165,-0.02231,-0.16108,-0.10436,-0.19904,-0.10897,-0.32342,-0.0090147,-0.074875,0.00095969,0.083001,0.19458,0.070621,0.067377,0.43105,0.081599,0.093903,-0.028132,-0.011017,0.17066,0.3937,-0.16434,0.0085285,-0.43999,-0.42917,-0.0042546,-0.11842,0.12348,0.12019,0.01666,0.12459,-0.10669,-0.077806,0.0054319,-0.084517,0.18445,0.032079,-0.0087396,0.054997,0.086711,0.19068,-0.2798,-0.20425,-0.285,-0.28531,-0.14187,-0.15129
-0.075592,-0.1224,-0.51716,-0.4873,0.043109,-0.15231,-0.19309,-0.37268,-0.12058,-0.57647,-0.32263,-0.24759,-0.20246,-0.20432,0,0.42473,-0.2202,-0.15582,-0.17988,-0.28981,0.43742,0.36225,0.097179,-0.12081,-0.032943,-0.36,0.1467,-0.071388,-0.29075,-0.33534,-0.35429,-0.49452,-0.3275,-0.48987,-0.36187,-0.55406,-0.48517,-0.65759,-0.32229,-0.41819,0.19282,-0.13588,-0.1579,-0.18308,-0.24272,-0.23047,-0.41152,-0.29294,0.15256,-0.14135,-0.30785,0.21384,0.21456,0.092412,0.08881,0.25528,0.21573,-0.33919,-0.33919,-0.0097889,-0.20503,0.42925,0.015054,0.11646,0.067115,-0.37012,-0.39866,0.075509,-0.30125,-0.058413,-0.048874,-0.036052,-0.11287,-0.30242,-0.16549,-0.4522,-0.57736,-0.20947,-0.25123,-0.19044,-0.45974,-0.28786,-0.22288,-0.32536,-0.25164,-0.29973,-0.28172,-0.29186,-0.2554,0.15843,0.13001,-0.04952,-0.061926,-0.33108,-0.20139,-0.43647,-0.45193,-0.30603,-0.32805,0.14762,0.24224,0.081907,0.076084,0.083442,0.19113
-0.046699,-0.10039,-0.35786,-0.26142,0.012917,-0.15865,-0.2345,-0.34366,-0.021702,-0.33894,-0.13496,-0.072975,-0.25007,-0.31443,0.42473,0,-0.25143,-0.17213,-0.2134,-0.11422,0.067242,0.508,0.040454,0.023711,-0.056468,-0.20307,0.1805,0.23955,-0.14651,-0.23308,-0.17751,-0.37161,-0.19583,-0.33427,-0.24119,-0.43496,-0.19176,-0.35744,-0.20733,-0.23442,0.027338,-0.014095,-0.23661,-0.32019,-0.34109,-0.35428,-0.37,-0.28409,0.014837,-0.18775,-0.29763,0.0064044,0.019079,-0.0079974,0.069187,0.0080934,-0.017236,-0.29221,-0.31387,0.14937,0.028484,0.17073,-0.085381,-0.051273,-0.063756,-0.4212,-0.44273,0.15469,-0.1752,-0.040966,-0.091484,-0.1381,-0.26453,-0.3053,-0.25537,-0.25858,-0.3282,-0.29731,-0.30807,-0.071791,-0.31691,-0.28974,-0.19837,-0.32837,-0.23101,-0.27187,-0.2383,-0.25598,-0.2355,0.12839,0.059437,0.14709,0.058413,-0.17163,-0.085937,-0.30022,-0.41525,-0.041004,-0.20892,-0.07952,0.017978,0.071382,0.00021753,0.021977,0.094485
0.0015099,-0.35623,-0.015432,0.038369,-0.053596,-0.40052,0.29041,-0.056564,0.0035765,-0.20322,0.08659,-0.20089,0.18705,0.12086,-0.2202,-0.25143,0,0.34519,0.62764,0.19324,-0.3633,-0.26537,0.34282,-0.39029,-0.062566,0.00037748,-0.30374,-0.17616,-0.061798,-0.12972,0.021177,0.12415,0.11788,0.23393,0.12042,-0.060473,0.030198,0.082949,0.12029,-0.010531,-0.12041,-0.35544,0.19267,-0.22699,-0.06856,-0.067921,0.08348,0.18711,-0.50413,-0.16841,-0.21723,-0.34385,-0.33599,-0.51756,-0.39118,-0.38784,-0.26656,0.082668,0.11637,0.013282,-0.35478,-0.28779,-0.2519,-0.26968,-0.45145,0.097268,0.13648,-0.16274,-0.20857,-0.15421,-0.27111,-0.16483,-0.072706,0.14266,0.090122,0.014715,0.098061,-0.032028,0.23681,-0.21858,0.15456,-0.22505,-0.082834,0.17479,0.12279,0.30274,0.50441,0.10945,0.14351,-0.20416,-0.16031,-0.0089123,-0.31622,0.06254,-0.23254,0.017946,0.026788,-0.04659,-0.074363,-0.44553,-0.43024,-0.30491,-0.23845,-0.37783,-0.50103
0.29468,-0.31609,-0.129,-0.11417,0.21487,-0.49148,0.43543,-0.14598,0.2774,-0.3727,0.33296,-0.2684,0.14784,0.0069738,-0.15582,-0.17213,0.34519,0,0.43833,0.21642,-0.41253,-0.10741,0.32358,-0.49401,0.13285,0.11892,-0.12729,-0.1071,-0.035483,-0.15806,0.12881,0.20057,0.17488,0.29072,0.35924,0.058714,0.17961,0.10765,0.41283,0.11214,-0.16988,-0.37006,0.42202,-0.18648,0.14306,0.21431,0.11787,0.18109,-0.73463,-0.20163,-0.25917,-0.3438,-0.17993,-0.49025,-0.24964,-0.30484,-0.10301,0.25186,0.20241,0.082636,-0.37272,-0.21735,-0.39085,-0.23431,-0.49309,0.082233,0.071766,-0.19698,-0.28065,0.056404,-0.11358,0.0735,0.051235,0.13154,0.15417,0.17431,0.00038388,-0.24095,-0.016225,-0.02428,0.0047089,-0.26651,-0.042591,0.089469,0.072508,0.18617,0.46571,0.17038,0.21726,-0.033884,0.036283,0.067933,-0.39985,0.12422,-0.39188,0.10997,-0.027665,-0.031606,-0.083538,-0.53222,-0.39936,-0.27148,-0.22877,-0.20893,-0.35014
0.039469,-0.50663,0.091971,0.12023,-0.030192,-0.58972,0.22381,-0.24596,0.06325,-0.37514,0.22226,-0.26168,0.18026,0.069047,-0.17988,-0.2134,0.62764,0.43833,0,0.15347,-0.42398,-0.24591,0.33159,-0.59392,-0.025758,-0.054971,-0.14524,-0.15453,-0.087236,-0.23707,0.12404,0.15859,0.23747,0.30212,0.20972,-0.097614,0.15377,0.14497,0.20212,-0.046436,-0.21373,-0.47095,0.23106,-0.3706,0.082175,0.0746,0.16241,0.28951,-0.60424,-0.16261,-0.23313,-0.32199,-0.29072,-0.5613,-0.31385,-0.4388,-0.30222,0.21693,0.17163,0.1707,-0.44102,-0.23458,-0.24033,-0.17066,-0.44328,0.097255,0.11186,-0.04769,-0.18025,-0.085752,-0.17899,0.026097,0.0020154,0.16532,0.10715,0.20364,0.066315,-0.048068,0.23278,-0.0084581,0.21915,-0.16387,0.068976,0.24153,0.33919,0.56219,0.76948,0.25045,0.25243,-0.084946,-0.10883,0.13456,-0.38386,0.095176,-0.30546,0.051305,0.054613,-0.01279,-0.095675,-0.38903,-0.37581,-0.19072,-0.1794,-0.2691,-0.35335
0.10565,-0.067959,-0.036436,0.023916,0.12644,-0.10243,0.13527,0.13788,0.038868,-0.14256,0.16047,0.22925,0.11328,-0.0208,-0.28981,-0.11422,0.19324,0.21642,0.15347,0,-0.49946,-0.078337,0.12465,-0.1184,-0.044536,0.3358,-0.041542,0.24969,0.092207,0.098772,0.10951,0.1464,0.14058,0.27173,0.1717,0.030358,0.20193,0.16609,0.23173,0.34395,-0.26478,-0.010307,0.032751,-0.1815,-0.11714,-0.13209,-0.013775,0.15558,-0.60777,-0.089814,0.029917,-0.52054,-0.19065,-0.25034,-0.063314,-0.34091,-0.19076,0.077556,0.066827,0.12406,0.032514,-0.33475,-0.27717,-0.28718,-0.35743,-0.079341,-0.011836,-0.12283,-0.16414,0.027869,-0.18823,-0.21426,-0.15315,0.03247,-0.080569,0.16832,0.35477,-0.18762,0.0040755,-0.077837,0.048996,-0.35273,-0.19648,0.044479,-0.044549,0.058017,0.21313,0.05444,0.15525,-0.1435,-0.22705,0.082444,-0.059904,0.12697,-0.043225,-0.035221,-0.090806,0.14062,0.24081,-0.57105,-0.33128,-0.318,-0.30047,-0.35435,-0.2979
-0.33302,-0.057774,-0.56061,-0.53339,-0.11559,0.062207,-0.28553,-0.21546,-0.27857,-0.34141,-0.59864,-0.21229,-0.29908,-0.15033,0.43742,0.067242,-0.3633,-0.41253,-0.42398,-0.49946,0,0.13027,-0.10139,0.013033,-0.087402,-0.37009,-0.050589,-0.30455,-0.44698,-0.29738,-0.47846,-0.57088,-0.64409,-0.70116,-0.63868,-0.60902,-0.87537,-0.87115,-0.56786,-0.47583,0.26932,-0.04382,-0.36402,-0.058317,-0.40147,-0.39764,-0.64676,-0.4818,0.45566,-0.14515,-0.22721,0.29669,0.11182,0.20021,-0.065854,0.30171,0.17348,-0.62532,-0.55457,-0.24306,-0.14569,0.18531,0.0072617,0.05428,0.1596,-0.54397,-0.54845,-0.056276,-0.31159,-0.17,-0.047607,-0.1795,-0.12381,-0.5172,-0.34738,-0.76889,-0.6021,-0.19119,-0.27345,-0.43488,-0.59572,-0.27846,-0.34862,-0.44159,-0.40978,-0.52594,-0.5202,-0.49184,-0.44864,-0.055202,-0.11746,-0.2341,0.070013,-0.39709,-0.041299,-0.5201,-0.43521,-0.47108,-0.3237,0.32513,0.3064,0.046174,0.11244,0.11334,0.15452
0.12536,0.067287,-0.43461,-0.40556,0.24169,-0.037313,-0.064971,-0.16143,0.06755,-0.37123,-0.081446,-0.035829,-0.15933,-0.18186,0.36225,0.508,-0.26537,-0.10741,-0.24591,-0.078337,0.13027,0,0.14806,0.11427,0.1905,-0.022476,0.28503,0.32298,-0.058752,-0.10608,-0.10237,-0.30493,-0.30633,-0.30585,-0.19395,-0.26087,-0.24636,-0.4481,-0.058349,-0.094408,0.28147,0.21843,-0.10987,-0.056148,-0.18704,-0.19967,-0.40002,-0.28466,-0.07929,-0.1679,-0.21232,0.032617,0.15035,0.063743,0.07913,0.23347,0.29523,-0.3004,-0.28439,0.13631,0.044459,0.11204,-0.21574,-0.17973,-0.19319,-0.42596,-0.45706,-0.066884,-0.25893,0.15138,-0.016827,-0.070736,-0.12616,-0.27047,-0.19385,-0.20836,-0.30387,-0.35511,-0.33533,-0.1408,-0.45693,-0.42665,-0.37649,-0.39789,-0.36695,-0.3208,-0.26312,-0.27882,-0.17344,0.12316,0.06206,0.090083,0.11784,-0.10447,-0.0051887,-0.30083,-0.40402,-0.061126,-0.11601,-0.19854,-0.054562,-0.15294,-0.17177,0.13419,0.14964
0.1338,-0.25417,-0.18006,-0.12956,0.25226,-0.29388,0.45873,-0.054344,0.2156,-0.3507,0.16324,-0.11824,0.12897,0.041452,0.097179,0.040454,0.34282,0.32358,0.33159,0.12465,-0.10139,0.14806,0,-0.20552,0.30321,0.11609,0.12677,0.045752,0.062815,-0.039725,0.15063,0.079859,0.032035,0.10414,0.18099,-0.040825,-0.010915,-0.076737,0.26448,0.11095,0.26471,-0.083161,0.30304,-0.10569,-0.029194,-0.022463,-0.064197,0.14912,-0.4174,-0.20973,-0.2501,-0.043333,-0.17333,-0.35502,-0.25493,-0.12261,0.027281,0.010077,0.063225,0.3494,-0.2147,-0.046059,-0.24939,-0.18295,-0.37299,-0.096635,-0.044734,-0.083852,-0.22796,0.097006,-0.038887,0.024926,0.023832,0.055912,0.10474,-0.029047,-0.08659,-0.22793,0.0010557,-0.14386,-0.10848,-0.36172,-0.15274,-0.048247,-0.037313,0.065266,0.24779,0.0735,0.19525,-0.085905,-0.12452,0.13123,-0.17592,0.097051,-0.13013,-0.051472,-0.085841,-0.055765,-0.050313,-0.36246,-0.25753,-0.21341,-0.10071,-0.019699,-0.16293
-0.26682,0.24665,-0.35024,-0.31852,-0.1646,0.39903,-0.31969,0.098644,-0.34711,0.014018,-0.42748,0.12633,-0.29628,-0.29061,-0.12081,0.023711,-0.39029,-0.49401,-0.59392,-0.1184,0.013033,0.11427,-0.20552,0,-0.22839,-0.062546,-0.049878,0.1815,-0.063954,0.22114,-0.32031,-0.33878,-0.38923,-0.40365,-0.3872,-0.20616,-0.37464,-0.40132,-0.33772,-0.08769,0.11932,0.63385,-0.38153,0.054747,-0.59511,-0.6072,-0.50356,-0.4694,0.068906,-0.16805,-0.084351,-0.17147,-0.097172,0.15738,-0.0066987,0.085061,0.010774,-0.51842,-0.45617,-0.1963,0.37777,-0.097594,-0.011241,-0.18523,0.02588,-0.43729,-0.41749,-0.28614,-0.10788,-0.19064,-0.21453,-0.51843,-0.43356,-0.38456,-0.41475,-0.42724,-0.25565,-0.24774,-0.36123,-0.35993,-0.46226,-0.37784,-0.52668,-0.34731,-0.50841,-0.55433,-0.56814,-0.50984,-0.41438,-0.31919,-0.33968,-0.26043,0.26182,-0.30004,0.065067,-0.30713,-0.31941,-0.072054,0.0127,-0.15553,-0.032988,-0.21297,-0.15637,-0.17507,-0.10099
0.18779,-0.055074,-0.36678,-0.3221,0.30931,-0.17048,0.34985,0.039814,0.58196,-0.16506,0.24811,0.0042738,-0.11326,-0.052495,-0.032943,-0.056468,-0.062566,0.13285,-0.025758,-0.044536,-0.087402,0.1905,0.30321,-0.22839,0,0.346,0.094235,-0.057953,0.020774,-0.084562,0.31047,0.11452,-0.28546,-0.04492,0.10086,0.022163,-0.063666,-0.12361,0.26815,0.21612,0.13205,0.011356,0.10105,0.0072489,0.058797,0.025093,-0.10571,0.027338,-0.38546,-0.37011,-0.25701,0.046385,-0.15105,-0.22357,-0.29718,-0.11562,0.076686,-0.030013,-0.032821,0.13694,-0.11384,-0.24111,-0.61466,-0.4534,-0.46973,-0.25387,-0.21987,-0.20159,-0.3753,0.21567,0.069315,0.08277,0.032246,-0.10008,-0.0346,-0.030473,0.024063,-0.59237,-0.33756,-0.24686,-0.33493,-0.31919,-0.17366,-0.39066,-0.30483,-0.24888,-0.044197,0.055733,0.10263,0.029386,-0.077601,-0.0052975,-0.17252,0.03556,-0.050934,-0.23409,-0.3263,-0.25766,-0.21505,-0.47545,-0.42337,-0.45016,-0.32667,0.034171,-0.20073
0.074856,0.029885,-0.22533,-0.14537,0.13759,-0.02055,0.28198,0.35548,0.24409,0.06721,0.20976,0.31726,-0.13809,-0.12168,-0.36,-0.20307,0.00037748,0.11892,-0.054971,0.3358,-0.37009,-0.022476,0.11609,-0.062546,0.346,0,-0.078106,0.08167,0.074511,0.12069,0.40527,0.27818,-0.16299,0.12204,0.19622,0.16678,0.13466,0.14603,0.34391,0.78989,-0.12036,0.1494,-0.00020473,-0.053308,-0.13344,-0.15602,-0.099994,0.065502,-0.59745,-0.40122,-0.16211,-0.29261,-0.33049,-0.27562,-0.3207,-0.33203,-0.15703,-0.020358,-0.035042,0.020352,0.056916,-0.54182,-0.59305,-0.56555,-0.47526,-0.25537,-0.16076,-0.30086,-0.31905,0.06881,-0.075317,-0.18311,-0.15326,-0.12718,-0.18115,0.029706,0.39083,-0.5935,-0.30754,-0.31809,-0.22676,-0.32309,-0.20235,-0.28076,-0.2966,-0.2472,-0.026782,0.011791,0.076251,-0.14787,-0.29456,-0.050563,-0.067863,0.075515,0.017345,-0.14195,-0.22741,-0.11028,0.04174,-0.71515,-0.51924,-0.5371,-0.40107,-0.2149,-0.38978
0.044715,-0.10786,-0.15047,-0.164,0.28222,-0.080198,-0.051286,-0.15647,0.03398,-0.48344,0.0022777,-0.052463,-0.015841,-0.16955,0.1467,0.1805,-0.30374,-0.12729,-0.14524,-0.041542,-0.050589,0.28503,0.12677,-0.049878,0.094235,-0.078106,0,0.23009,0.12874,0.015253,-0.014862,-0.11351,-0.051216,-0.098663,0.0059629,-0.091344,-0.070749,-0.20669,0.029264,0.015457,0.067793,0.12782,0.010109,-0.069667,-0.032841,-0.062943,-0.12301,0.019616,-0.23412,-0.066615,-0.068273,0.08833,0.084664,-0.035157,0.11687,0.027198,0.14569,-0.043077,-0.027153,0.48516,0.071382,0.20571,-0.076769,0.027115,-0.068541,-0.18775,-0.17014,0.087434,-0.022751,0.26173,0.19365,0.13325,-0.0072041,-0.066142,-0.035521,-0.0066475,-0.25673,-0.24844,-0.24223,0.13461,-0.291,-0.26219,-0.14956,-0.19772,-0.17754,-0.16542,-0.13512,0.0035381,0.10438,-0.12276,-0.21795,0.071241,-0.031606,-0.036193,-0.022047,-0.20625,-0.23198,-0.025234,-0.01318,-0.1248,0.0045489,-0.041177,-0.004389,0.18898,0.2669
0.13644,0.070761,-0.18107,-0.16041,0.090787,-0.048868,-0.10463,-0.062258,-0.037588,-0.22946,0.05096,0.15659,-0.056603,-0.19862,-0.071388,0.23955,-0.17616,-0.1071,-0.15453,0.24969,-0.30455,0.32298,0.045752,0.1815,-0.057953,0.08167,0.23009,0,0.20582,0.12369,0.019469,-0.11683,-0.018381,-0.050921,0.0036148,-0.052482,0.058618,-0.12894,0.10454,0.10208,-0.046129,0.27823,-0.073071,-0.14311,-0.18016,-0.20179,-0.20654,-0.12061,-0.32085,-0.10198,-0.04826,-0.32655,-0.059258,-0.073186,0.11867,-0.056187,-0.011708,-0.15078,-0.13931,0.21502,0.19821,-0.085298,-0.15518,-0.22092,-0.25715,-0.24585,-0.23918,-0.06602,-0.043596,0.10038,-0.13251,-0.19584,-0.253,-0.089028,-0.14863,0.045809,-0.044792,-0.25943,-0.22985,0.014773,-0.2235,-0.42978,-0.37049,-0.22361,-0.27248,-0.13584,-0.1455,-0.15346,-0.045304,-0.051657,-0.098554,0.065291,0.056116,-0.046148,-0.026871,-0.16881,-0.25422,0.24804,0.14681,-0.41276,-0.20703,-0.25475,-0.32384,-0.14328,-0.036993
0.29414,0.0079463,-0.10626,-0.14888,0.22315,-0.11946,0.21647,0.1392,0.12026,-0.12722,0.224,-0.055694,0.16738,-0.019936,-0.29075,-0.14651,-0.061798,-0.035483,-0.087236,0.092207,-0.44698,-0.058752,0.062815,-0.063954,0.020774,0.074511,0.12874,0.20582,0,0.46136,0.11379,0.25946,0.068349,0.24338,0.35114,0.5245,0.14548,0.080275,0.32891,0.25404,-0.039821,0.10357,0.31321,0.2031,0.16885,0.093967,0.28518,0.28629,-0.48155,-0.089565,-0.0014843,-0.19273,-0.16466,-0.29106,-0.14106,-0.17777,-0.011875,0.2372,0.38242,0.22339,0.08412,-0.078912,-0.29454,-0.30285,-0.37778,0.21335,0.23582,-0.18178,0.12919,0.31795,0.085029,0.03231,0.039335,0.44677,0.35687,0.18885,0.010109,-0.24648,-0.17192,-0.041996,-0.1153,-0.31211,-0.29505,-0.14976,-0.29695,-0.074152,0.01142,0.29106,0.42784,-0.30489,-0.21172,-0.11339,-0.26768,0.064082,-0.095336,-0.034056,-0.10294,0.12194,0.1368,-0.64189,-0.47589,-0.53095,-0.42574,-0.16749,-0.24914
0.042783,0.17541,-0.18274,-0.20953,0.10112,0.16522,0.087402,0.37138,-0.067882,0.040051,-0.083186,0.064044,0.093417,0.017051,-0.33534,-0.23308,-0.12972,-0.15806,-0.23707,0.098772,-0.29738,-0.10608,-0.039725,0.22114,-0.084562,0.12069,0.015253,0.12369,0.46136,0,-0.057825,0.20054,-0.1106,0.075477,0.051094,0.29069,-0.10479,-0.052892,0.040243,0.2037,0.022438,0.32617,0.070294,0.36731,-0.10012,-0.13942,0.020409,0.027492,-0.29502,-0.066833,0.096635,-0.28539,-0.1243,-0.10112,-0.087505,-0.092067,0.02,-0.023077,0.057217,0.017985,0.29807,-0.10187,-0.12833,-0.18412,-0.14424,0.020864,0.034165,-0.25659,0.15241,0.14466,0.072431,-0.14146,-0.040729,0.11386,0.037358,-0.063276,-0.01602,-0.2039,-0.15518,-0.24304,-0.21646,-0.36591,-0.40303,-0.12639,-0.35152,-0.2381,-0.15782,0.024306,0.11463,-0.36997,-0.319,-0.19722,-0.059533,-0.039648,-0.021043,-0.044453,-0.07547,0.099277,0.28154,-0.46989,-0.27239,-0.44484,-0.28359,-0.26336,-0.29652
0.055374,-0.2685,-0.095521,-0.00090851,0.015733,-0.36272,0.23861,-0.029898,0.36816,-0.01428,0.51977,0.025976,-0.10763,-0.1466,-0.35429,-0.17751,0.021177,0.12881,0.12404,0.10951,-0.47846,-0.10237,0.15063,-0.32031,0.31047,0.40527,-0.014862,0.019469,0.11379,-0.057825,0,0.4483,0.037236,0.31338,0.4404,0.20208,0.39837,0.34996,0.49706,0.4153,-0.20059,-0.12718,0.11106,-0.23789,0.048369,0.032642,0.038522,0.20505,-0.66862,-0.4788,-0.3002,-0.23076,-0.50303,-0.53532,-0.4964,-0.53821,-0.35235,0.085285,0.10278,0.24356,-0.095624,-0.47271,-0.51418,-0.44879,-0.54607,-0.15672,-0.060288,-0.13109,-0.15405,0.068669,-0.026219,0.083615,-0.063884,-0.022047,-0.069047,0.21548,0.28036,-0.54806,-0.24345,-0.15584,-0.10119,-0.22482,-0.047556,-0.28502,-0.18358,-0.040742,0.14023,0.1874,0.20261,-0.15482,-0.27249,0.0044978,-0.27484,0.18005,-0.059104,-0.030672,-0.091126,-0.070819,-0.094696,-0.61875,-0.59511,-0.39898,-0.33486,-0.1803,-0.37204
0.10296,-0.20584,-0.021465,0.012758,0.075688,-0.279,0.38312,0.1302,0.28106,0.040813,0.34726,-0.063058,0.12808,0.075541,-0.49452,-0.37161,0.12415,0.20057,0.15859,0.1464,-0.57088,-0.30493,0.079859,-0.33878,0.11452,0.27818,-0.11351,-0.11683,0.25946,0.20054,0.4483,0,0.083448,0.56526,0.48036,0.42527,0.25468,0.42284,0.40742,0.36131,-0.23902,-0.16959,0.26445,-0.031216,0.16106,0.13031,0.30523,0.36583,-0.68736,-0.26988,-0.10903,-0.3522,-0.3843,-0.48483,-0.40615,-0.48526,-0.28221,0.27578,0.30104,0.14897,-0.069085,-0.37239,-0.40056,-0.30743,-0.42502,0.11255,0.15017,-0.14869,0.058106,0.14406,0.1158,0.13473,0.11832,0.1973,0.10187,0.23684,0.28571,-0.33528,-0.075841,-0.17055,0.0021753,-0.19753,-0.052873,-0.067806,-0.10489,0.030441,0.24441,0.41486,0.41906,-0.25711,-0.27209,-0.04412,-0.31354,0.23028,-0.13295,0.14347,0.068356,0.048337,0.067121,-0.66276,-0.56373,-0.44615,-0.31181,-0.29018,-0.50342
-0.067051,-0.57321,0.1702,0.19573,-0.11999,-0.59247,-0.0057582,-0.33349,-0.082917,-0.3293,0.20791,-0.3298,0.14304,-0.16361,-0.3275,-0.19583,0.11788,0.17488,0.23747,0.14058,-0.64409,-0.30633,0.032035,-0.38923,-0.28546,-0.16299,-0.051216,-0.018381,0.068349,-0.1106,0.037236,0.083448,0,0.46929,0.35278,0.096206,0.44047,0.33907,0.17663,-0.0034357,-0.33401,-0.40019,0.17811,-0.34685,0.012546,0.078618,0.16606,0.19244,-0.66703,-0.097019,-0.18453,-0.43153,-0.39545,-0.67064,-0.27335,-0.52433,-0.40588,0.2209,0.31222,0.16706,-0.27796,-0.15626,-0.074274,-0.06389,-0.34869,0.22637,0.31348,-0.12031,0.038311,-0.15181,-0.26568,-0.014101,-0.12208,0.23589,0.13687,0.26091,-0.086072,0.014619,0.12234,0.25954,0.32633,-0.26432,-0.075566,0.23846,0.17901,0.40592,0.4083,0.11045,0.16154,-0.39694,-0.30002,-0.0062636,-0.42518,0.15835,-0.29886,0.3237,0.29821,0.15645,-0.0062892,-0.36884,-0.29582,-0.052994,-0.065304,-0.30588,-0.25111
0.092111,-0.38567,0.15607,0.17967,0.054792,-0.44097,0.3174,-0.042175,0.16612,-0.12438,0.46635,-0.17977,0.31848,0.09245,-0.48987,-0.33427,0.23393,0.29072,0.30212,0.27173,-0.70116,-0.30585,0.10414,-0.40365,-0.04492,0.12204,-0.098663,-0.050921,0.24338,0.075477,0.31338,0.56526,0.46929,0,0.59002,0.38417,0.47722,0.55988,0.45745,0.2594,-0.28483,-0.27918,0.32642,-0.13905,0.21147,0.21145,0.32306,0.42429,-0.84543,-0.11038,-0.060006,-0.45435,-0.40051,-0.66749,-0.38253,-0.55196,-0.33984,0.35137,0.51894,0.21744,-0.16843,-0.32203,-0.31251,-0.25984,-0.52627,0.24962,0.33341,-0.14094,0.075086,0.082073,-0.062041,0.11167,0.11426,0.35757,0.2188,0.44498,0.21689,-0.10447,0.14916,0.036923,0.28949,-0.28486,-0.12311,0.12902,0.04897,0.34153,0.59565,0.36102,0.473,-0.34962,-0.30566,0.045688,-0.35469,0.45157,-0.12588,0.36212,0.30566,0.1974,0.14404,-0.63544,-0.52361,-0.3118,-0.25793,-0.29865,-0.39102
0.24104,-0.31456,-0.018145,-0.0040435,0.14254,-0.44845,0.40441,-0.047409,0.25977,-0.2164,0.57281,-0.19112,0.075368,-0.1418,-0.36187,-0.24119,0.12042,0.35924,0.20972,0.1717,-0.63868,-0.19395,0.18099,-0.3872,0.10086,0.19622,0.0059629,0.0036148,0.35114,0.051094,0.4404,0.48036,0.35278,0.59002,0,0.51203,0.60441,0.45528,0.81452,0.41008,-0.22275,-0.22293,0.53551,-0.11593,0.21374,0.23596,0.36622,0.48765,-0.95432,-0.31613,-0.2701,-0.26187,-0.39403,-0.66516,-0.3879,-0.48651,-0.24712,0.47274,0.56046,0.2348,-0.2048,-0.27502,-0.4106,-0.32493,-0.5256,0.21391,0.32829,-0.21638,-0.088394,0.13228,-0.020345,0.13593,0.017876,0.3405,0.2904,0.35481,0.082175,-0.36697,-0.16244,0.0094882,0.0015291,-0.19764,-0.028439,-0.048145,-0.086456,0.099552,0.32132,0.42052,0.49047,-0.28735,-0.23099,-0.060141,-0.49479,0.15858,-0.28791,0.12735,0.019507,-0.0021881,-0.020077,-0.70447,-0.58429,-0.39861,-0.30295,-0.20433,-0.37979
0.16631,-0.12363,-0.072406,-0.12353,0.09904,-0.22104,0.29363,0.15457,0.10397,-0.056148,0.25888,-0.1744,0.089328,-0.062937,-0.55406,-0.43496,-0.060473,0.058714,-0.097614,0.030358,-0.60902,-0.26087,-0.040825,-0.20616,0.022163,0.16678,-0.091344,-0.052482,0.5245,0.29069,0.20208,0.42527,0.096206,0.38417,0.51203,0,0.23773,0.24894,0.45489,0.38168,-0.15567,-0.046801,0.34489,0.18919,0.21409,0.2105,0.29106,0.23917,-0.73791,-0.22802,-0.104,-0.28752,-0.33976,-0.48362,-0.37006,-0.32465,-0.13804,0.25637,0.41865,0.005771,-0.092649,-0.31658,-0.44484,-0.42612,-0.52607,0.24274,0.29823,-0.40447,0.0033845,0.14466,-0.0071465,0.027262,0.044261,0.32276,0.25478,0.20642,0.045029,-0.3221,-0.20426,-0.1184,-0.093333,-0.27584,-0.25289,-0.14047,-0.28873,-0.084901,0.043532,0.20812,0.32158,-0.46094,-0.32943,-0.23338,-0.39298,0.13452,-0.17523,0.12556,0.047287,0.0077415,0.058503,-0.77646,-0.63762,-0.61836,-0.46067,-0.21916,-0.39231
0.037031,-0.41428,0.1515,0.22561,-0.072534,-0.51248,0.068752,-0.18645,0.12024,-0.15841,0.55899,-0.13601,-0.065752,-0.28305,-0.48517,-0.19176,0.030198,0.17961,0.15377,0.20193,-0.87537,-0.24636,-0.010915,-0.37464,-0.063666,0.13466,-0.070749,0.058618,0.14548,-0.10479,0.39837,0.25468,0.44047,0.47722,0.60441,0.23773,0,0.71056,0.45093,0.30064,-0.42847,-0.27212,0.11788,-0.37921,0.010115,0.016507,0.2224,0.24948,-0.9476,-0.32592,-0.2822,-0.40024,-0.52342,-0.71367,-0.38509,-0.71724,-0.48554,0.31367,0.28299,0.18281,-0.17516,-0.43651,-0.41532,-0.39353,-0.56727,0.066942,0.15134,-0.18286,-0.10353,-0.068253,-0.20938,-0.063877,-0.20654,0.13242,0.017895,0.48413,0.19138,-0.32235,-0.16411,0.14746,0.14816,-0.13677,0.040851,-0.0056174,0.032233,0.15875,0.28271,0.22242,0.2092,-0.30448,-0.30745,0.02206,-0.40536,0.16784,-0.24295,0.13857,0.020595,0.085963,-0.058823,-0.66184,-0.6291,-0.28484,-0.29573,-0.26859,-0.38132
-0.11208,-0.42946,0.16659,0.28467,-0.1564,-0.42052,0.085617,-0.07286,0.053519,0.0028919,0.33294,-0.09128,-0.059514,-0.19959,-0.65759,-0.35744,0.082949,0.10765,0.14497,0.16609,-0.87115,-0.4481,-0.076737,-0.40132,-0.12361,0.14603,-0.20669,-0.12894,0.080275,-0.052892,0.34996,0.42284,0.33907,0.55988,0.45528,0.24894,0.71056,0,0.27978,0.29912,-0.48816,-0.3142,0.034766,-0.35226,-0.040819,-0.05364,0.2791,0.31873,-0.86545,-0.34364,-0.22799,-0.43417,-0.63279,-0.72141,-0.50675,-0.88829,-0.62434,0.30543,0.27945,0.062783,-0.17776,-0.54647,-0.40283,-0.37834,-0.49053,0.10294,0.21106,-0.19252,-0.03865,-0.14455,-0.17499,-0.085733,-0.16643,0.12133,-0.03453,0.27865,0.31415,-0.28994,-0.089155,-0.020761,0.22108,-0.1252,0.064427,0.026328,0.058311,0.12123,0.28996,0.26862,0.22424,-0.3896,-0.44782,-0.015553,-0.34967,0.21209,-0.15521,0.18492,0.13013,0.040192,-0.015042,-0.61865,-0.60846,-0.28686,-0.23785,-0.34839,-0.49928
0.37249,-0.21705,-0.067191,-0.0735,0.25187,-0.38457,0.52329,0.012054,0.35844,-0.23685,0.68042,-0.10077,0.10463,-0.050019,-0.32229,-0.20733,0.12029,0.41283,0.20212,0.23173,-0.56786,-0.058349,0.26448,-0.33772,0.26815,0.34391,0.029264,0.10454,0.32891,0.040243,0.49706,0.40742,0.17663,0.45745,0.81452,0.45489,0.45093,0.27978,0,0.481,-0.12689,-0.11981,0.47083,-0.079143,0.26451,0.26369,0.2055,0.34303,-1,-0.27078,-0.19269,-0.28802,-0.30364,-0.54654,-0.31687,-0.33633,-0.12258,0.30985,0.34952,0.22733,-0.20629,-0.325,-0.55203,-0.44077,-0.69341,0.071683,0.12609,-0.24374,-0.16984,0.23635,-0.018369,0.10425,0.053404,0.24633,0.21594,0.38608,0.14406,-0.39234,-0.15544,-0.0095266,-0.04888,-0.31029,-0.14336,-0.10672,-0.12785,0.082073,0.2769,0.28702,0.43489,-0.15747,-0.14939,0.026552,-0.36651,0.2193,-0.21461,0.078804,-0.039392,0.04675,0.036846,-0.84005,-0.6266,-0.50017,-0.43676,-0.11947,-0.30405
0.082354,-0.057537,-0.089706,-0.033896,0.17102,-0.063532,0.32086,0.34726,0.18203,-0.017089,0.26679,0.19857,-0.075912,-0.16617,-0.41819,-0.23442,-0.010531,0.11214,-0.046436,0.34395,-0.47583,-0.094408,0.11095,-0.08769,0.21612,0.78989,0.015457,0.10208,0.25404,0.2037,0.4153,0.36131,-0.0034357,0.2594,0.41008,0.38168,0.30064,0.29912,0.481,0,-0.15446,0.13464,0.10882,-0.031631,-0.076148,-0.098663,0.042713,0.22917,-0.74789,-0.35882,-0.15068,-0.24156,-0.36878,-0.37159,-0.32609,-0.38605,-0.1817,0.12372,0.14282,0.11703,0.051081,-0.46182,-0.53374,-0.50315,-0.47127,-0.11118,0.0068266,-0.28365,-0.21053,0.1144,-0.021555,-0.13587,-0.12159,0.0047793,-0.059846,0.1302,0.30667,-0.52507,-0.28975,-0.20211,-0.15673,-0.24406,-0.12988,-0.19202,-0.24663,-0.18677,0.030608,0.12842,0.22805,-0.31292,-0.42125,-0.066443,-0.1507,0.12858,-0.017991,-0.056148,-0.14016,-0.053544,0.10263,-0.73873,-0.54311,-0.49878,-0.34592,-0.16067,-0.33821
-0.082169,-0.076807,-0.39477,-0.41554,0.072444,-0.048695,0.073512,-0.059731,-0.081747,-0.28418,-0.23428,-0.20481,-0.07348,-0.027754,0.19282,0.027338,-0.12041,-0.16988,-0.21373,-0.26478,0.26932,0.28147,0.26471,0.11932,0.13205,-0.12036,0.067793,-0.046129,-0.039821,0.022438,-0.20059,-0.23902,-0.33401,-0.28483,-0.22275,-0.15567,-0.42847,-0.48816,-0.12689,-0.15446,0,0.17476,-0.017095,0.16518,-0.18856,-0.19196,-0.3564,-0.2507,-0.039207,-0.1659,-0.21788,0.16576,-0.03588,-0.095784,-0.19006,0.28864,0.29739,-0.33822,-0.22827,-0.015886,-0.13729,0.12166,-0.15487,-0.16733,-0.2135,-0.28726,-0.28471,-0.26931,-0.23004,-0.0010557,-0.044434,-0.11497,-0.030736,-0.16771,-0.066763,-0.36986,-0.42623,-0.20154,-0.1539,-0.34532,-0.37127,-0.48544,-0.47262,-0.27572,-0.332,-0.28784,-0.2388,-0.28641,-0.15353,-0.17615,-0.16398,-0.090806,-0.0062188,-0.11845,-0.035637,-0.17681,-0.1689,-0.1721,-0.12106,-0.17306,-0.08142,-0.22966,-0.096116,0.13367,0.012514
-0.10015,0.33395,-0.30724,-0.30643,0.048023,0.46027,-0.12144,0.28932,-0.16585,-0.039757,-0.24364,0.28037,-0.21413,-0.19564,-0.13588,-0.014095,-0.35544,-0.37006,-0.47095,-0.010307,-0.04382,0.21843,-0.083161,0.63385,0.011356,0.1494,0.12782,0.27823,0.10357,0.32617,-0.12718,-0.16959,-0.40019,-0.27918,-0.22293,-0.046801,-0.27212,-0.3142,-0.11981,0.13464,0.17476,0,-0.24384,0.16845,-0.34722,-0.40705,-0.35268,-0.25635,-0.11968,-0.18637,-0.014728,-0.085617,-0.042418,0.14398,0.0061356,0.11456,0.13688,-0.33524,-0.29798,-0.051369,0.37588,-0.14897,-0.21817,-0.31623,-0.13187,-0.39668,-0.36527,-0.27137,-0.14602,0.036411,-0.035649,-0.3382,-0.25595,-0.27298,-0.30305,-0.25735,-0.10951,-0.37137,-0.38571,-0.33324,-0.46898,-0.37335,-0.45587,-0.38287,-0.50541,-0.51421,-0.44834,-0.30107,-0.18145,-0.24463,-0.35161,-0.15372,0.27187,-0.16906,0.17115,-0.31864,-0.34663,-0.06016,0.095419,-0.31603,-0.15868,-0.38074,-0.28662,-0.043576,-0.044351
0.43922,-0.23231,-0.13894,-0.19856,0.30298,-0.41207,0.5334,-0.064568,0.1983,-0.39399,0.28097,-0.3646,0.29331,0.058688,-0.1579,-0.23661,0.19267,0.42202,0.23106,0.032751,-0.36402,-0.10987,0.30304,-0.38153,0.10105,-0.00020473,0.010109,-0.073071,0.31321,0.070294,0.11106,0.26445,0.17811,0.32642,0.53551,0.34489,0.11788,0.034766,0.47083,0.10882,-0.017095,-0.24384,0,0.10225,0.37564,0.43477,0.29459,0.34493,-0.60892,-0.13522,-0.19986,-0.17674,-0.14414,-0.48141,-0.25735,-0.19848,0.03087,0.33719,0.49642,0.16708,-0.28145,-0.025771,-0.27087,-0.16709,-0.4144,0.33251,0.34218,-0.21201,-0.075585,0.2626,0.055739,0.24732,0.22779,0.47057,0.64267,0.17862,-0.14422,-0.19434,-0.053333,-0.036571,-0.10655,-0.25338,-0.16583,-0.0049264,-0.13335,0.12368,0.27945,0.33312,0.45598,-0.21569,-0.040102,-0.13097,-0.53175,0.046679,-0.37467,0.056244,-0.014331,-0.050934,-0.024165,-0.51019,-0.40872,-0.39235,-0.288,-0.14634,-0.2936
