,,,,,,,,,,,,,,,,,,,,,,,,,,,,,,,,,,,,,,,,,,,,,,,,,,,,,,,,,,,,,,,,,,,,,,,,,,,,,,,,,,,,,,,,,,,,,,,,,,,,,,,,
0,0.044306,-0.2869,-0.29936,0.60783,-0.21974,0.31236,-0.064739,0.29375,-0.34328,0.25067,-0.11729,0.12354,-0.052485,-0.067483,0.0053023,0.020706,0.33895,0.089995,0.15582,-0.32803,0.12896,0.31325,-0.2009,0.16409,0.12077,0.069057,0.15718,0.23512,0.042528,0.03494,0.042882,-0.044537,0.10155,0.16561,0.045944,0.062811,-0.079373,0.35777,0.082747,-0.10356,-0.086226,0.31124,-0.016225,0.16747,0.10844,0.070423,0.15294,-0.47012,-0.16147,-0.16865,-0.33861,0.12251,-0.16892,0.033637,-0.11934,0.14586,0.18478,0.16315,0.10793,-0.057417,-0.073856,-0.37911,-0.23892,-0.34257,-0.023664,-0.026413,-0.11273,-0.17767,0.36824,0.083766,0.061393,0.053179,0.085335,0.21536,0.10432,-0.072594,-0.34093,-0.22323,0.0096553,-0.25605,-0.36207,-0.30286,-0.16459,-0.22229,-0.063732,0.076721,0.16152,0.25536,0.22816,0.25318,0.10272,-0.2064,0.01571,-0.18011,-0.12376,-0.23745,0.013389,-0.0020491,-0.49449,-0.32365,-0.35579,-0.38445,-0.16117,-0.20714
0.044306,0,-0.55262,-0.51583,0.077092,0.51098,-0.12177,0.27059,-0.069092,0.035964,-0.24453,0.17995,-0.21436,-0.15059,-0.021794,-0.0048682,-0.23088,-0.17509,-0.45388,-0.020017,0.0036873,0.10796,-0.072808,0.22367,0.039333,0.088744,-0.097502,0.052016,-0.030141,0.13232,-0.20791,-0.21565,-0.44471,-0.32893,-0.27258,-0.16664,-0.34452,-0.3729,-0.1905,-0.034303,0.021227,0.29199,-0.2518,0.26979,-0.31722,-0.32003,-0.31609,-0.23006,-0.059159,-0.2668,-0.10929,-0.19757,0.11044,0.35661,0.034361,0.098521,0.21203,-0.29314,-0.30824,-0.20634,0.23408,-0.18317,-0.28632,-0.35883,-0.15182,-0.39845,-0.36311,-0.2317,-0.22196,-0.025991,-0.10936,-0.35303,-0.2764,-0.32866,-0.2851,-0.3464,-0.13578,-0.43184,-0.48338,-0.39292,-0.64229,-0.31299,-0.48699,-0.49784,-0.63356,-0.56684,-0.44447,-0.24756,-0.20737,-0.0045035,-0.025452,-0.28731,0.15365,-0.25118,-0.020955,-0.46202,-0.49126,-0.25399,-0.10133,-0.33854,-0.19306,-0.50498,-0.38993,-0.26414,-0.27792
-0.2869,-0.55262,0,1,-0.2761,-0.44961,-0.19417,-0.29029,-0.27579,-0.34051,-0.045955,-0.25916,0.051182,-0.089543,-0.51687,-0.38152,-0.032265,-0.21197,0.13701,-0.089433,-0.56401,-0.39162,-0.12614,-0.33342,-0.31424,-0.2015,-0.15986,-0.20967,-0.18801,-0.26293,0.0047061,0.011809,0.14128,0.078695,-0.0055281,-0.051483,0.10887,0.050563,-0.066806,-0.093508,-0.40863,-0.32089,-0.13887,-0.49137,-0.15632,-0.13188,-0.14816,-0.10841,-0.49892,-0.040392,-0.065798,-0.31135,-0.41929,-0.48691,-0.1877,-0.57609,-0.5146,-0.092345,-0.050725,0.10028,-0.18631,-0.38725,-0.16666,-0.1354,-0.30875,-0.13021,-0.14723,-0.11122,-0.068641,-0.22208,-0.27408,-0.15583,-0.1536,-0.19106,-0.28549,0.24897,0.038378,0.086979,0.16986,0.12561,0.26811,-0.026448,0.051941,0.37374,0.46838,0.28762,0.21918,-0.16817,-0.076582,-0.50506,-0.52952,0.061023,-0.15579,0.16694,-0.05014,0.12613,0.12888,0.14684,-0.024839,-0.19892,-0.38189,0.037058,-0.071222,-0.069949,-0.075853
-0.29936,-0.51583,1,0,-0.26972,-0.40322,-0.17323,-0.23743,-0.24237,-0.28225,-0.022882,-0.17917,0.013869,-0.11891,-0.52327,-0.35326,-0.014222,-0.23326,0.12409,-0.056502,-0.57521,-0.3759,-0.10183,-0.29743,-0.29177,-0.15697,-0.15359,-0.18015,-0.14765,-0.23779,0.070632,0.05344,0.1423,0.093039,0.033423,-0.019484,0.15397,0.11387,-0.053521,-0.036792,-0.41278,-0.27942,-0.13154,-0.48436,-0.18923,-0.17305,-0.13652,-0.087158,-0.50299,-0.089369,-0.084339,-0.28356,-0.48204,-0.49964,-0.21924,-0.64005,-0.55829,-0.079019,-0.030934,0.1374,-0.12929,-0.40561,-0.17302,-0.14992,-0.28781,-0.11939,-0.12786,-0.090625,-0.065694,-0.21111,-0.27293,-0.1479,-0.17014,-0.16998,-0.29375,0.22298,0.11363,0.014344,0.12113,0.06471,0.259,-0.053295,0.071222,0.28589,0.40094,0.21468,0.22286,-0.15408,-0.060681,-0.53778,-0.596,0.073127,-0.11687,0.17149,-0.0037626,0.090359,0.083008,0.15223,0.0042372,-0.21192,-0.40758,0.03307,-0.062071,-0.095957,-0.10279
0.60783,0.077092,-0.2761,-0.26972,0,-0.099314,0.32808,0.021313,0.40378,-0.29488,0.21333,-0.05799,0.11166,-0.027976,-0.010466,0.046766,-0.089097,0.21203,-0.027872,0.11537,-0.19225,0.19582,0.3469,-0.14383,0.3028,0.16226,0.17913,0.098342,0.23716,0.087089,0.048114,0.050777,-0.12479,0.054667,0.11355,0.038436,-0.0036931,-0.11266,0.2391,0.13569,-0.019131,0.013198,0.23005,0.11293,0.10214,0.037984,0.014489,0.13255,-0.3723,-0.13816,-0.12074,-0.17217,0.15716,-0.10012,0.021557,-0.097757,0.24058,0.12724,0.13608,0.18414,0.081937,-0.027154,-0.38588,-0.22413,-0.27838,-0.10357,-0.087656,-0.043744,-0.16854,0.55411,0.22118,0.078464,0.1069,0.0098058,0.15249,0.061405,-0.065046,-0.37483,-0.26093,-0.031449,-0.29353,-0.30125,-0.25225,-0.20378,-0.25678,-0.1668,0.020578,0.15263,0.25148,0.09411,0.072901,0.10959,-0.11363,0.046818,-0.081202,-0.15913,-0.27376,-0.051078,-0.0029522,-0.42238,-0.28039,-0.30013,-0.24658,-0.052786,-0.13664
-0.21974,0.51098,-0.44961,-0.40322,-0.099314,0,-0.23653,0.33365,-0.22306,0.18607,-0.40494,0.16953,-0.31102,-0.20237,-0.098527,-0.078579,-0.30869,-0.3876,-0.62325,-0.13458,0.10251,-0.034378,-0.19649,0.33931,-0.080797,-0.0021128,-0.15192,-0.092403,-0.11429,0.1383,-0.29034,-0.27184,-0.52831,-0.40667,-0.39822,-0.23903,-0.44239,-0.38966,-0.3644,-0.082666,0.038922,0.35443,-0.44498,0.22695,-0.52913,-0.55336,-0.38897,-0.28482,0.075211,-0.27879,-0.10854,-0.082458,-0.05179,0.31614,-0.11117,0.0039941,0.025296,-0.4035,-0.39395,-0.26483,0.30408,-0.22489,-0.21296,-0.3505,-0.054302,-0.48896,-0.39285,-0.23538,-0.19407,-0.17591,-0.13298,-0.49135,-0.36987,-0.44183,-0.42562,-0.47217,-0.1724,-0.36978,-0.45979,-0.50965,-0.59101,-0.18111,-0.40176,-0.48655,-0.62304,-0.68722,-0.56541,-0.31502,-0.30198,-0.23155,-0.27953,-0.37421,0.22734,-0.29663,0.053098,-0.49677,-0.45683,-0.34542,-0.15429,-0.22622,-0.14414,-0.41942,-0.23538,-0.24494,-0.289
0.31236,-0.12177,-0.19417,-0.17323,0.32808,-0.23653,0,0.10976,0.35135,-0.16881,0.29412,-0.041295,0.050152,-0.0078724,-0.31952,-0.22977,0.16339,0.24684,0.18904,0.15272,-0.43624,-0.10668,0.2378,-0.28795,0.19199,0.2797,-0.094712,-0.066586,0.23245,0.099719,0.17304,0.31614,-0.10511,0.26422,0.27814,0.18386,0.11923,0.14971,0.45339,0.27075,-0.1617,-0.11729,0.35244,-0.010535,0.14752,0.0038899,0.23209,0.3621,-0.63163,-0.25244,-0.19343,-0.32613,-0.21084,-0.42543,-0.29814,-0.35143,-0.10258,0.35092,0.33991,0.020775,-0.13138,-0.27782,-0.54313,-0.34989,-0.39039,0.074551,0.12458,-0.1981,-0.26387,0.31293,0.16911,0.10392,0.18053,0.24015,0.25456,0.09455,0.14025,-0.4206,-0.13905,-0.2108,-0.10245,-0.35976,-0.19609,-0.11588,-0.15334,-0.074776,0.20383,0.39174,0.45524,0.010246,-0.073561,0.11784,-0.2867,0.032069,-0.16859,-0.07117,-0.17841,-0.060068,0.077092,-0.60905,-0.51135,-0.46241,-0.397,-0.23353,-0.40409
-0.064739,0.27059,-0.29029,-0.23743,0.021313,0.33365,0.10976,0,-0.0072588,0.25513,-0.10299,0.33961,-0.16589,-0.096107,-0.369,-0.25874,0.0030853,-0.11464,-0.26517,0.14129,-0.25644,-0.15146,-0.090313,0.054939,0.047153,0.36144,-0.19863,-0.073995,0.08794,0.26353,-0.0082024,0.066238,-0.33956,-0.068328,-0.071963,0.092854,-0.13218,-0.02896,-0.03729,0.28457,-0.18209,0.21012,-0.14112,0.20434,-0.26249,-0.32679,-0.099835,0.0087639,-0.3192,-0.33135,-0.096536,-0.2688,-0.26338,-0.10591,-0.29527,-0.29883,-0.14117,-0.10043,-0.093329,-0.19472,0.17942,-0.46958,-0.46095,-0.52877,-0.29166,-0.21978,-0.1301,-0.27204,-0.22399,0.0072009,-0.046719,-0.31433,-0.1654,-0.14967,-0.1963,-0.1927,0.18347,-0.46574,-0.33856,-0.49417,-0.3427,-0.23232,-0.2983,-0.31964,-0.45161,-0.42532,-0.21904,-0.037707,-0.0039825,-0.25119,-0.33803,-0.24253,0.0098289,-0.14456,0.0044109,-0.30226,-0.32177,-0.21668,0.10494,-0.54341,-0.49102,-0.66663,-0.43284,-0.36431,-0.5206
0.29375,-0.069092,-0.27579,-0.24237,0.40378,-0.22306,0.35135,-0.0072588,0,-0.20995,0.50896,0.013678,-0.029504,-0.10003,-0.13019,-0.082713,-0.032792,0.33031,0.061526,0.19028,-0.30213,0.14393,0.25636,-0.21971,0.56048,0.28898,0.15759,0.055813,0.14562,-0.010066,0.23359,0.11744,-0.1369,0.13161,0.18269,0.1053,0.09323,0.05902,0.30959,0.24069,-0.12245,-0.016318,0.26883,0.014014,0.25367,0.13194,0.15496,0.14989,-0.52556,-0.33117,-0.26827,-0.2459,-0.11889,-0.2631,-0.23529,-0.25877,0.02228,0.2442,0.18661,0.10587,-0.03909,-0.19082,-0.52117,-0.36372,-0.47147,-0.00051518,-0.047368,-0.12706,-0.23636,0.42132,0.090093,0.1934,0.17179,0.15856,0.13686,0.15573,0.099129,-0.48594,-0.28218,-0.092779,-0.22856,-0.42999,-0.22194,-0.21546,-0.24327,-0.15274,0.090371,0.26724,0.32639,0.018437,-0.043362,0.089346,-0.19244,0.0058869,-0.15401,-0.071193,-0.17592,-0.067917,0.0073225,-0.58098,-0.50023,-0.38896,-0.34684,-0.23574,-0.28832
-0.34328,0.035964,-0.34051,-0.28225,-0.29488,0.18607,-0.16881,0.25513,-0.20995,0,-0.27256,0.090625,-0.27834,-0.16753,-0.40077,-0.26343,-0.030465,-0.28193,-0.39511,-0.08963,-0.2346,-0.28151,-0.27848,0.04874,-0.17163,0.0088449,-0.35528,-0.19545,-0.03226,0.1517,-0.17275,-0.073086,-0.30779,-0.14973,-0.25547,-0.0066105,-0.25099,-0.084889,-0.26649,-0.03465,-0.15308,0.067217,-0.3919,0.080895,-0.40299,-0.43302,-0.17939,-0.18053,-0.15831,-0.38505,-0.14514,-0.25595,-0.40892,-0.14109,-0.4595,-0.31371,-0.34365,-0.2713,-0.24187,-0.34786,0.029828,-0.48019,-0.3527,-0.58013,-0.32189,-0.25901,-0.17613,-0.41227,-0.1052,-0.33189,-0.27393,-0.48942,-0.36838,-0.2455,-0.32316,-0.36358,-0.037087,-0.3384,-0.28848,-0.58095,-0.21927,-0.25435,-0.33893,-0.35563,-0.43944,-0.42791,-0.32142,-0.22787,-0.21969,-0.39979,-0.44806,-0.32317,0.020688,-0.1542,0.0023038,-0.16276,-0.12238,-0.21672,-0.10928,-0.48116,-0.43829,-0.63359,-0.34894,-0.47673,-0.62341
0.25067,-0.24453,-0.045955,-0.022882,0.21333,-0.40494,0.29412,-0.10299,0.50896,-0.27256,0,-0.026436,0.071685,-0.12124,-0.29166,-0.1635,0.12207,0.40378,0.34559,0.33627,-0.58518,-0.011971,0.27486,-0.30816,0.25057,0.26274,0.12983,0.11583,0.22205,-0.049278,0.43266,0.22492,0.14615,0.43122,0.47718,0.26927,0.48638,0.3121,0.62843,0.32473,-0.28492,-0.12853,0.3874,-0.18969,0.31097,0.22311,0.24441,0.28187,-0.84278,-0.28348,-0.22675,-0.36893,-0.27297,-0.47067,-0.24776,-0.48544,-0.20182,0.40453,0.37374,0.22922,-0.10672,-0.30722,-0.48045,-0.36358,-0.59331,0.099725,0.092391,-0.15552,-0.18594,0.24164,-0.070649,0.14437,0.073503,0.24987,0.17331,0.54988,0.21853,-0.35044,-0.14596,0.097676,-0.010512,-0.37709,-0.1434,-0.021088,-0.036856,0.10682,0.394,0.29701,0.45813,-0.10772,-0.15916,0.16883,-0.27349,0.13823,-0.15655,0.085178,-0.011988,0.082759,0.097091,-0.66261,-0.63937,-0.33723,-0.35512,-0.25618,-0.28649
-0.11729,0.17995,-0.25916,-0.17917,-0.05799,0.16953,-0.041295,0.33961,0.013678,0.090625,-0.026436,0,-0.249,-0.18368,-0.24912,-0.13026,-0.10333,-0.1855,-0.21215,0.20181,-0.26121,-0.014709,0.0083934,0.076305,0.11716,0.35386,-0.048618,0.13527,0.059558,0.071031,0.16545,-0.0065874,-0.27608,-0.13189,-0.049052,0.001013,-0.060994,-0.04999,-0.016138,0.2782,-0.16647,0.30069,-0.17851,-0.043154,-0.24923,-0.28812,-0.2306,-0.074458,-0.32913,-0.36539,-0.097259,-0.21554,-0.31958,-0.089479,-0.17962,-0.28622,-0.17812,-0.17537,-0.17882,-0.055674,0.19089,-0.44855,-0.41453,-0.4932,-0.3348,-0.35987,-0.2806,-0.18164,-0.27843,-0.0035715,-0.18322,-0.27149,-0.23448,-0.19897,-0.29993,-0.1194,0.293,-0.51968,-0.36193,-0.37586,-0.31053,-0.38304,-0.31134,-0.37687,-0.37374,-0.375,-0.21165,-0.13748,-0.05744,-0.18011,-0.36548,-0.14355,0.11306,-0.15099,0.062389,-0.36295,-0.37083,-0.15662,0.1394,-0.50588,-0.45688,-0.51823,-0.43035,-0.29116,-0.29682
0.12354,-0.21436,0.051182,0.013869,0.11166,-0.31102,0.050152,-0.16589,-0.029504,-0.27834,0.071685,-0.249,0,0.42196,-0.30572,-0.21574,0.15861,0.048566,0.18261,0.035686,-0.41048,-0.17788,0.034668,-0.29832,-0.17621,-0.13779,-0.123,-0.057,0.071326,-0.012,-0.056855,0.10791,0.09374,0.25872,0.0060027,0.03351,-0.013968,-0.059089,0.058198,-0.12175,-0.22319,-0.25806,0.12137,-0.068467,0.1309,0.124,-0.047877,-0.025105,-0.37889,0.3102,0.25719,-0.46481,-0.0045903,-0.26442,0.0071778,-0.23369,-0.10816,-0.037382,0.058812,0.1077,-0.065428,-0.13728,-0.15109,-0.059553,-0.30044,0.025678,-0.038285,-0.01024,0.16082,0.13054,-0.047275,0.016804,0.13339,0.034309,0.077161,0.19764,-0.0305,0.14295,0.30865,0.098602,0.1235,-0.32089,-0.29748,0.13465,0.031686,0.3139,0.28751,-0.037452,0.07704,-0.15941,-0.090591,0.13089,-0.12227,0.26357,-0.045591,0.1494,0.10786,0.35802,0.20711,-0.30171,-0.24897,-0.15136,-0.23434,-0.16276,-0.13442
-0.052485,-0.15059,-0.089543,-0.11891,-0.027976,-0.20237,-0.0078724,-0.096107,-0.10003,-0.16753,-0.12124,-0.18368,0.42196,0,-0.34097,-0.33368,0.055605,-0.13673,0.0020318,-0.1494,-0.25497,-0.26534,-0.13521,-0.34772,-0.17948,-0.19885,-0.31785,-0.24608,-0.12489,-0.12182,-0.149,0.031206,-0.24052,-0.012544,-0.22511,-0.12514,-0.27525,-0.2153,-0.12411,-0.24414,-0.18688,-0.27564,-0.092773,-0.02074,0.065133,0.0090591,-0.1906,-0.1876,-0.22207,0.33497,0.44169,-0.39954,-0.013262,-0.16417,-0.077265,-0.10206,-0.080432,-0.2409,-0.17778,-0.12819,-0.16736,-0.24317,-0.26138,-0.15108,-0.30298,-0.1302,-0.23627,-0.024642,0.038424,0.068658,-0.026778,-0.038152,0.19118,-0.089555,-0.08589,-0.056762,-0.016955,0.084484,0.28823,-0.177,0.024271,-0.37623,-0.36701,-0.082718,-0.10347,0.06449,0.026946,-0.16013,-0.096495,-0.086672,-0.094492,0.015936,-0.054789,0.081283,-0.024121,-0.067361,-0.067373,0.11113,0.13152,-0.23449,-0.23443,-0.27505,-0.38402,-0.13455,-0.14288
-0.067483,-0.021794,-0.51687,-0.52327,-0.010466,-0.098527,-0.31952,-0.369,-0.13019,-0.40077,-0.29166,-0.24912,-0.30572,-0.34097,0,0.51851,-0.53968,-0.24527,-0.43377,-0.31109,0.34045,0.39712,-0.038945,0.011751,-0.052305,-0.29966,0.13844,0.0078087,-0.19935,-0.22,-0.37391,-0.54539,-0.32568,-0.50045,-0.35887,-0.49643,-0.40435,-0.61089,-0.3524,-0.37473,0.22188,-0.019166,-0.26261,-0.089624,-0.27509,-0.25994,-0.40259,-0.31135,0.15392,-0.21515,-0.34289,0.16239,0.26003,0.15158,0.10483,0.27991,0.2754,-0.30576,-0.31488,-0.088432,-0.073624,0.44743,-0.076027,-0.072334,-0.044277,-0.47122,-0.44949,-0.028127,-0.24324,-0.079755,-0.077792,-0.17965,-0.2304,-0.37489,-0.18319,-0.3897,-0.5892,-0.30373,-0.45154,-0.16935,-0.55875,-0.24129,-0.3406,-0.4442,-0.40254,-0.43078,-0.43849,-0.28814,-0.27082,0.098782,0.10999,-0.11685,-0.047049,-0.31675,-0.19038,-0.39351,-0.42831,-0.29873,-0.37305,-0.084825,0.13192,-0.042633,0.025857,0.030963,0.089352
0.0053023,-0.0048682,-0.38152,-0.35326,0.046766,-0.078579,-0.22977,-0.25874,-0.082713,-0.26343,-0.1635,-0.13026,-0.21574,-0.33368,0.51851,0,-0.29684,-0.16777,-0.31285,-0.13666,0.068415,0.41981,0.10794,0.10067,-0.056369,-0.18229,0.17861,0.2347,0.038534,-0.062134,-0.24664,-0.37549,-0.15468,-0.30389,-0.20605,-0.31473,-0.1991,-0.36977,-0.20932,-0.21255,0.16932,0.079089,-0.21094,-0.13708,-0.31972,-0.31645,-0.29329,-0.18065,0.001314,-0.21662,-0.29206,0.067888,0.10642,0.0341,0.089016,0.060768,0.092015,-0.2118,-0.20673,0.057735,0.070198,0.26308,-0.12822,-0.17631,-0.14944,-0.40788,-0.34288,0.014541,-0.11979,-0.054841,-0.091332,-0.2602,-0.31356,-0.29262,-0.13788,-0.26551,-0.41618,-0.30966,-0.39893,-0.10631,-0.38812,-0.20893,-0.28289,-0.34309,-0.32353,-0.32265,-0.29506,-0.20514,-0.15752,0.025336,0.015855,0.033672,0.039918,-0.17308,-0.10518,-0.2662,-0.33597,-0.10034,-0.22176,-0.25162,-0.050766,-0.10707,-0.0062343,0.00086828,-0.012683
0.020706,-0.23088,-0.032265,-0.014222,-0.089097,-0.30869,0.16339,0.0030853,-0.032792,-0.030465,0.12207,-0.10333,0.15861,0.055605,-0.53968,-0.29684,0,0.13843,0.2521,0.19088,-0.68279,-0.309,-0.029226,-0.25608,-0.21091,0.013441,-0.32286,-0.053805,0.16257,0.067454,-0.025794,0.1602,0.056514,0.34207,0.087818,0.12811,0.13804,0.25886,0.13723,0.040167,-0.34927,-0.23019,0.07954,-0.20535,-0.029689,-0.11005,0.19424,0.121,-0.57331,-0.096715,-0.05983,-0.65418,-0.36576,-0.51774,-0.33702,-0.49927,-0.39314,0.11464,0.12609,-0.12225,-0.18528,-0.41668,-0.36833,-0.38392,-0.52559,0.19149,0.16134,-0.2217,-0.021626,-0.063356,-0.19198,-0.1936,-0.080495,0.26032,0.11706,0.099065,0.15253,-0.091007,0.11692,-0.13835,0.19602,-0.3462,-0.25884,0.1112,-0.037591,0.17201,0.26443,0.11795,0.13748,-0.20137,-0.18063,0.042702,-0.24988,0.033209,-0.20379,0.12612,0.064496,0.23009,0.28177,-0.64892,-0.61404,-0.43534,-0.46433,-0.44817,-0.55722
0.33895,-0.17509,-0.21197,-0.23326,0.21203,-0.3876,0.24684,-0.11464,0.33031,-0.28193,0.40378,-0.1855,0.048566,-0.13673,-0.24527,-0.16777,0.13843,0,0.15712,0.22904,-0.51972,-0.063917,0.073543,-0.32288,0.09161,0.11947,-0.033614,0.0074499,0.13608,-0.018946,0.040751,0.095939,0.064577,0.24585,0.27016,0.21081,0.20118,0.136,0.34513,0.1346,-0.31765,-0.21353,0.44795,-0.077115,0.25747,0.24343,0.26388,0.14155,-0.69907,-0.24601,-0.25443,-0.45708,-0.14202,-0.40175,-0.20238,-0.33769,-0.08611,0.32607,0.23336,-0.052195,-0.21337,-0.21946,-0.46172,-0.33687,-0.55451,0.17361,0.101,-0.24731,-0.19027,0.17105,-0.06504,0.022541,0.044554,0.23901,0.29542,0.2223,-0.02595,-0.336,-0.21359,0.029597,-0.1131,-0.33024,-0.1806,-0.011108,-0.14264,-0.0036989,0.1766,0.21573,0.24481,-0.052554,0.026795,-0.017748,-0.41877,-0.045064,-0.40043,0.11092,-0.048346,0.010634,0.050505,-0.71517,-0.54268,-0.40885,-0.3741,-0.33989,-0.41328
0.089995,-0.45388,0.13701,0.12409,-0.027872,-0.62325,0.18904,-0.26517,0.061526,-0.39511,0.34559,-0.21215,0.18261,0.0020318,-0.43377,-0.31285,0.2521,0.15712,0,0.079928,-0.73964,-0.25799,0.12722,-0.47393,-0.10436,-0.045504,-0.10353,-0.052728,0.073248,-0.13541,0.19297,0.24774,0.19203,0.41304,0.29065,0.076067,0.31417,0.26554,0.36159,0.014361,-0.36099,-0.35677,0.31586,-0.3983,0.24925,0.13765,0.23283,0.21595,-0.77954,-0.10657,-0.13638,-0.50506,-0.32168,-0.63382,-0.23052,-0.50767,-0.35396,0.29302,0.26028,0.13219,-0.30508,-0.28588,-0.29186,-0.1528,-0.41856,0.21114,0.13494,-0.091882,-0.085856,0.066053,-0.077138,0.16013,0.095013,0.3127,0.16527,0.43388,0.12042,-0.11628,0.14989,0.11654,0.22475,-0.3293,-0.079448,0.20489,0.24958,0.51093,0.62722,0.23999,0.30129,-0.085416,-0.13941,0.24313,-0.37217,0.082383,-0.25207,0.12265,0.059663,0.2235,0.12572,-0.4317,-0.45874,-0.18921,-0.32363,-0.23913,-0.25952
0.15582,-0.020017,-0.089433,-0.056502,0.11537,-0.13458,0.15272,0.14129,0.19028,-0.08963,0.33627,0.20181,0.035686,-0.1494,-0.31109,-0.13666,0.19088,0.22904,0.079928,0,-0.53317,0.022888,0.1872,-0.0037683,0.093369,0.44986,0.073248,0.33154,0.26807,0.19783,0.20999,0.11143,0.08541,0.28094,0.25379,0.23133,0.28577,0.18415,0.30137,0.48193,-0.24739,0.12556,0.15503,-0.061932,-0.017557,-0.038297,0.045226,0.14466,-0.64931,-0.27966,-0.169,-0.50468,-0.28675,-0.30532,-0.17088,-0.43565,-0.18878,0.15124,0.17443,0.10111,0.1347,-0.35084,-0.35186,-0.40398,-0.49427,-0.043761,0.012631,-0.2173,-0.16902,0.12122,-0.18615,-0.13471,-0.08875,0.086255,-0.0092038,0.26973,0.28496,-0.30374,-0.1613,-0.070499,-0.098486,-0.42785,-0.3357,-0.025429,-0.18652,-0.047084,0.1503,0.095771,0.23921,-0.20953,-0.2286,-0.0032763,-0.10239,0.047541,-0.081074,0.02569,-0.035686,0.11559,0.34417,-0.74967,-0.58298,-0.41879,-0.3823,-0.43486,-0.3821
-0.32803,0.0036873,-0.56401,-0.57521,-0.19225,0.10251,-0.43624,-0.25644,-0.30213,-0.2346,-0.58518,-0.26121,-0.41048,-0.25497,0.34045,0.068415,-0.68279,-0.51972,-0.73964,-0.53317,0,0.063523,-0.28569,0.032549,-0.16098,-0.40062,-0.12287,-0.27989,-0.42987,-0.27078,-0.58926,-0.68812,-0.69237,-0.79051,-0.72859,-0.71646,-0.83207,-0.89708,-0.67133,-0.51962,0.24332,-0.031148,-0.54357,-0.0010535,-0.44601,-0.466,-0.56627,-0.50536,0.58062,-0.16887,-0.25167,0.20583,0.15429,0.29228,-0.075714,0.37096,0.1948,-0.55787,-0.55456,-0.33618,-0.10829,0.16549,-0.073341,-0.11289,0.060554,-0.59184,-0.5812,-0.12153,-0.29527,-0.23465,-0.11381,-0.31721,-0.26242,-0.53366,-0.37246,-0.68294,-0.61621,-0.22743,-0.40828,-0.40171,-0.63389,-0.19387,-0.40048,-0.5519,-0.53856,-0.63981,-0.72712,-0.43649,-0.4877,-0.076293,-0.080299,-0.33514,0.0031895,-0.45232,-0.14154,-0.57281,-0.50937,-0.51873,-0.47351,0.10245,0.21748,-0.096044,-0.010309,-0.010715,0.015502
0.12896,0.10796,-0.39162,-0.3759,0.19582,-0.034378,-0.10668,-0.15146,0.14393,-0.28151,-0.011971,-0.014709,-0.17788,-0.26534,0.39712,0.41981,-0.309,-0.063917,-0.25799,0.022888,0.063523,0,0.24977,0.17265,0.2467,0.034847,0.39018,0.33789,-0.011386,-0.030118,-0.11526,-0.32246,-0.2347,-0.2486,-0.16209,-0.26734,-0.1801,-0.36452,-0.092397,-0.064033,0.25653,0.27565,-0.11894,0.0038667,-0.1668,-0.18334,-0.27636,-0.15986,-0.12208,-0.28139,-0.31949,-0.060432,0.13103,0.079905,0.054835,0.087094,0.29999,-0.1422,-0.14863,0.10643,0.15527,0.11506,-0.21647,-0.24795,-0.24226,-0.39903,-0.36518,-0.085323,-0.26776,0.10546,-0.081948,-0.13185,-0.15797,-0.24305,-0.14784,-0.1281,-0.24455,-0.3661,-0.39637,-0.11248,-0.47681,-0.38541,-0.43507,-0.3438,-0.37799,-0.32728,-0.23967,-0.13764,-0.065659,0.084171,0.052855,0.018772,0.07965,-0.14041,-0.054273,-0.26275,-0.31601,-0.13231,-0.16432,-0.32804,-0.15446,-0.2025,-0.15106,-0.10862,-0.046858
0.31325,-0.072808,-0.12614,-0.10183,0.3469,-0.19649,0.2378,-0.090313,0.25636,-0.27848,0.27486,0.0083934,0.034668,-0.13521,-0.038945,0.10794,-0.029226,0.073543,0.12722,0.1872,-0.28569,0.24977,0,-0.029197,0.25602,0.19888,0.29139,0.31611,0.28297,0.12726,0.16241,0.052751,0.014778,0.099302,0.17327,-0.0075946,0.12927,-0.049261,0.30355,0.16975,0.12191,0.11692,0.12873,-0.10876,-0.031252,-0.096084,-0.03483,0.13955,-0.43625,-0.2202,-0.205,-0.19976,-0.061775,-0.21096,-0.0030969,-0.18894,0.025238,0.15327,0.15393,0.45866,0.10027,-0.067008,-0.30657,-0.2325,-0.30073,-0.17357,-0.11236,-0.12923,-0.2134,0.19528,-0.0027785,-0.0058985,-0.073671,-0.012538,0.021667,0.16394,-0.0024312,-0.32878,-0.16445,0.027305,-0.13794,-0.39085,-0.25948,-0.068478,-0.048329,-0.031918,0.13952,0.10962,0.25428,0.061532,-0.047559,0.39689,-0.023415,0.12757,-0.0029522,-0.059275,-0.15266,0.091858,-0.0051692,-0.45684,-0.31414,-0.21863,-0.1808,-0.068102,-0.12095
-0.2009,0.22367,-0.33342,-0.29743,-0.14383,0.33931,-0.28795,0.054939,-0.21971,0.04874,-0.30816,0.076305,-0.29832,-0.34772,0.011751,0.10067,-0.25608,-0.32288,-0.47393,-0.0037683,0.032549,0.17265,-0.029197,0,-0.10069,-0.0010709,0.019722,0.16326,-0.085775,0.18783,-0.29357,-0.37298,-0.29271,-0.33733,-0.33509,-0.29459,-0.30164,-0.36845,-0.3214,-0.081879,0.20535,0.58189,-0.40314,0.044948,-0.60188,-0.59211,-0.39422,-0.29173,0.008897,-0.31887,-0.2747,-0.17277,-0.10582,0.15473,-0.068293,-0.032937,-0.0093774,-0.32374,-0.311,-0.12183,0.38873,-0.098799,-0.053828,-0.28624,-0.087494,-0.46857,-0.35821,-0.29178,-0.21258,-0.25509,-0.2979,-0.52448,-0.48083,-0.3974,-0.40952,-0.33071,-0.22908,-0.25261,-0.36668,-0.31457,-0.45175,-0.28867,-0.49959,-0.27388,-0.42299,-0.4623,-0.41721,-0.31896,-0.27655,-0.25156,-0.24791,-0.23163,0.25456,-0.24164,0.021227,-0.28754,-0.26469,-0.1813,-0.1512,-0.26675,-0.12866,-0.2478,-0.099528,-0.32204,-0.26368
0.16409,0.039333,-0.31424,-0.29177,0.3028,-0.080797,0.19199,0.047153,0.56048,-0.17163,0.25057,0.11716,-0.17621,-0.17948,-0.052305,-0.056369,-0.21091,0.09161,-0.10436,0.093369,-0.16098,0.2467,0.25602,-0.10069,0,0.38236,0.23911,0.049151,0.043756,-0.018859,0.20013,-0.0065468,-0.26098,-0.060554,0.051067,0.012526,-0.028069,-0.098602,0.16692,0.23883,0.017088,0.15508,0.036375,0.069185,0.071477,-0.0033284,-0.052166,0.052751,-0.40949,-0.42743,-0.29285,-0.091395,-0.092952,-0.12378,-0.1933,-0.16977,0.10463,0.081526,0.032688,0.084906,0.023027,-0.23085,-0.5774,-0.46413,-0.44028,-0.24231,-0.21505,-0.22717,-0.38366,0.2504,0.027519,0.027415,0.016937,-0.092443,-0.0693,0.037892,0.051211,-0.59953,-0.41679,-0.17439,-0.37091,-0.37257,-0.26064,-0.32524,-0.3021,-0.30109,-0.084872,0.086573,0.16786,0.024543,-0.11243,0.022419,-0.069237,-0.038974,-0.044132,-0.21437,-0.27643,-0.2224,-0.11732,-0.53622,-0.46382,-0.44756,-0.3315,-0.13281,-0.21605
0.12077,0.088744,-0.2015,-0.15697,0.16226,-0.0021128,0.2797,0.36144,0.28898,0.0088449,0.26274,0.35386,-0.13779,-0.19885,-0.29966,-0.18229,0.013441,0.11947,-0.045504,0.44986,-0.40062,0.034847,0.19888,-0.0010709,0.38236,0,0.058007,0.14217,0.19923,0.19859,0.31636,0.16134,-0.12724,0.11198,0.2259,0.25716,0.15923,0.12357,0.30301,0.80944,-0.15326,0.24222,0.08376,0.063228,-0.063234,-0.11007,0.0053776,0.16852,-0.60526,-0.45801,-0.24383,-0.29604,-0.30325,-0.2503,-0.26594,-0.38853,-0.11873,0.14824,0.13006,0.039675,0.13308,-0.44258,-0.54876,-0.56178,-0.46142,-0.16357,-0.064658,-0.32628,-0.34415,0.12921,-0.094533,-0.13795,-0.10441,-0.035663,-0.089607,0.099899,0.3241,-0.57272,-0.35283,-0.25447,-0.26656,-0.35466,-0.26932,-0.21081,-0.27885,-0.2549,-0.0029811,0.10572,0.22737,-0.16398,-0.27572,-0.055362,-0.073538,-0.013678,-0.027519,-0.14819,-0.207,-0.12572,0.10161,-0.77894,-0.6604,-0.59367,-0.42227,-0.33963,-0.43883
0.069057,-0.097502,-0.15986,-0.15359,0.17913,-0.15192,-0.094712,-0.19863,0.15759,-0.35528,0.12983,-0.048618,-0.123,-0.31785,0.13844,0.17861,-0.32286,-0.033614,-0.10353,0.073248,-0.12287,0.39018,0.29139,0.019722,0.23911,0.058007,0,0.27281,0.076826,-0.0090822,0.065654,-0.15412,-0.031125,-0.069515,0.025082,-0.11563,0.025782,-0.15731,0.026743,0.058244,0.037099,0.16366,-0.018257,-0.11252,-0.060959,-0.072675,-0.11541,0.016827,-0.28984,-0.32125,-0.32389,-0.046708,-0.019542,-0.075431,0.0015224,-0.16829,0.041006,0.02988,0.020625,0.38809,0.1641,0.053058,-0.15996,-0.15231,-0.21792,-0.26472,-0.20672,-0.029979,-0.15215,0.12636,-0.015201,0.0010882,-0.1137,-0.15844,-0.1084,0.08978,-0.16459,-0.34095,-0.34491,0.097502,-0.33222,-0.23586,-0.19602,-0.17609,-0.18174,-0.17246,-0.083332,0.012052,0.10843,-0.099337,-0.16258,0.061752,-0.02896,-0.035895,-0.040809,-0.13841,-0.15713,-0.089306,-0.12965,-0.30246,-0.19028,-0.088553,-0.0032069,-0.074765,-0.0046887
0.15718,0.052016,-0.20967,-0.18015,0.098342,-0.092403,-0.066586,-0.073995,0.055813,-0.19545,0.11583,0.13527,-0.057,-0.24608,0.0078087,0.2347,-0.053805,0.0074499,-0.052728,0.33154,-0.27989,0.33789,0.31611,0.16326,0.049151,0.14217,0.27281,0,0.25078,0.13953,0.050835,-0.12321,0.020208,-0.013539,0.039455,-0.068172,0.083396,-0.10773,0.1017,0.11049,-0.017748,0.26096,-0.018975,-0.14167,-0.17484,-0.18018,-0.16136,-0.027611,-0.33553,-0.24631,-0.20452,-0.31332,-0.093219,-0.10082,0.052097,-0.16717,-0.032723,-0.058256,-0.052855,0.21662,0.23007,-0.0846,-0.1631,-0.2561,-0.29673,-0.26438,-0.19865,-0.070701,-0.1102,0.059512,-0.17293,-0.19836,-0.2554,-0.11402,-0.11538,0.053521,-0.051605,-0.30334,-0.26333,-0.021574,-0.26361,-0.38743,-0.36815,-0.18608,-0.25071,-0.12666,-0.073115,-0.071836,0.032381,-0.036543,-0.078828,0.056548,0.032092,-0.063691,-0.066198,-0.14278,-0.19406,0.11865,0.082163,-0.47301,-0.2785,-0.26437,-0.25749,-0.26377,-0.1758
0.23512,-0.030141,-0.18801,-0.14765,0.23716,-0.11429,0.23245,0.08794,0.14562,-0.03226,0.22205,0.059558,0.071326,-0.12489,-0.19935,0.038534,0.16257,0.13608,0.073248,0.26807,-0.42987,-0.011386,0.28297,-0.085775,0.043756,0.19923,0.076826,0.25078,0,0.38601,0.15744,0.22639,0.11604,0.30137,0.28561,0.26319,0.234,0.17998,0.29879,0.25947,-0.13928,0.045851,0.15662,-0.033267,-0.044554,-0.10635,0.16609,0.36683,-0.46655,-0.24525,-0.12647,-0.2693,-0.17775,-0.28007,-0.15385,-0.36441,-0.17494,0.20382,0.24476,0.19234,0.12731,-0.16869,-0.32001,-0.31875,-0.33274,-0.022344,0.11313,-0.088681,0.0385,0.15463,0.057567,-0.1076,-0.1233,0.1111,0.16166,0.073983,0.024173,-0.36749,-0.21085,-0.088692,-0.10837,-0.25212,-0.18195,-0.14224,-0.19659,-0.071344,0.09855,0.23136,0.35479,-0.10092,-0.16472,0.11303,-0.12412,0.079888,-0.060322,-0.027137,-0.098637,0.10042,0.14631,-0.6365,-0.41113,-0.41148,-0.25411,-0.24581,-0.35891
0.042528,0.13232,-0.26293,-0.23779,0.087089,0.1383,0.099719,0.26353,-0.010066,0.1517,-0.049278,0.071031,-0.012,-0.12182,-0.22,-0.062134,0.067454,-0.018946,-0.13541,0.19783,-0.27078,-0.030118,0.12726,0.18783,-0.018859,0.19859,-0.0090822,0.13953,0.38601,0,-0.068183,0.079153,-0.088692,0.077769,-0.0017366,0.091476,-0.053723,-0.023866,0.014616,0.16024,0.011207,0.26009,-0.04335,0.19753,-0.24481,-0.2948,0.0027669,0.094648,-0.28907,-0.25934,-0.13451,-0.32666,-0.14934,-0.11622,-0.16719,-0.2379,-0.091297,0.015826,0.034181,-0.011919,0.28746,-0.16498,-0.18989,-0.2891,-0.18615,-0.11843,-0.0031142,-0.24731,-0.0020549,-0.011097,-0.013279,-0.26791,-0.20621,-0.043015,-0.042227,-0.11366,-0.052519,-0.29761,-0.21687,-0.25867,-0.23063,-0.28215,-0.33618,-0.12863,-0.29408,-0.22898,-0.10216,0.052601,0.099326,-0.19299,-0.21452,-0.078498,-0.0077451,-0.056907,-0.051657,-0.06335,-0.09161,-0.0027033,0.10693,-0.52669,-0.2986,-0.4349,-0.1992,-0.39118,-0.48675
0.03494,-0.20791,0.0047061,0.070632,0.048114,-0.29034,0.17304,-0.0082024,0.23359,-0.17275,0.43266,0.16545,-0.056855,-0.149,-0.37391,-0.24664,-0.025794,0.040751,0.19297,0.20999,-0.58926,-0.11526,0.16241,-0.29357,0.20013,0.31636,0.065654,0.050835,0.15744,-0.068183,0,0.39018,0.055275,0.25552,0.46074,0.32934,0.38989,0.29603,0.4318,0.42329,-0.33525,-0.077167,0.18309,-0.20689,0.12162,0.088698,0.043611,0.19935,-0.768,-0.3745,-0.18199,-0.25282,-0.4037,-0.4206,-0.25292,-0.55282,-0.30562,0.17396,0.1896,0.2527,-0.035796,-0.43529,-0.45261,-0.35061,-0.42739,-0.084466,-0.04096,-0.13432,-0.20285,0.13959,-0.069885,0.11792,-0.0012503,0.015328,-0.085636,0.32137,0.41964,-0.47263,-0.21391,-0.091638,-0.072907,-0.30024,-0.044722,-0.15393,-0.04878,-0.033058,0.21151,0.10836,0.27562,-0.19999,-0.35641,0.080247,-0.16149,0.13139,-0.0089665,-0.068901,-0.121,-0.001696,0.06948,-0.53545,-0.60163,-0.34824,-0.34279,-0.20842,-0.24244
0.042882,-0.21565,0.011809,0.05344,0.050777,-0.27184,0.31614,0.066238,0.11744,-0.073086,0.22492,-0.0065874,0.10791,0.031206,-0.54539,-0.37549,0.1602,0.095939,0.24774,0.11143,-0.68812,-0.32246,0.052751,-0.37298,-0.0065468,0.16134,-0.15412,-0.12321,0.22639,0.079153,0.39018,0,0.050754,0.4164,0.38445,0.48644,0.23501,0.36468,0.35363,0.26266,-0.38065,-0.20226,0.24759,-0.10794,0.10954,0.061741,0.18638,0.22762,-0.72538,-0.2269,-0.048109,-0.37238,-0.35572,-0.45244,-0.2701,-0.53731,-0.32639,0.19981,0.21419,0.08618,-0.090782,-0.41688,-0.40027,-0.25669,-0.33106,0.090961,0.08607,-0.15102,-0.031125,0.11189,0.055194,0.091141,0.066921,0.11545,0.012283,0.19721,0.30082,-0.34162,-0.072577,-0.14929,0.039547,-0.23335,0.0063153,-0.026755,0.0098289,0.026708,0.27781,0.1708,0.27867,-0.22471,-0.31197,0.059084,-0.23017,0.15655,-0.10242,0.060704,-0.034326,0.096588,0.14789,-0.51596,-0.53465,-0.37778,-0.32387,-0.25829,-0.38765
-0.044537,-0.44471,0.14128,0.1423,-0.12479,-0.52831,-0.10511,-0.33956,-0.1369,-0.30779,0.14615,-0.27608,0.09374,-0.24052,-0.32568,-0.15468,0.056514,0.064577,0.19203,0.08541,-0.69237,-0.2347,0.014778,-0.29271,-0.26098,-0.12724,-0.031125,0.020208,0.11604,-0.088692,0.055275,0.050754,0,0.33157,0.30972,0.18582,0.4377,0.20585,0.12992,-0.012052,-0.38404,-0.30882,0.12787,-0.34617,-0.030801,0.055402,0.034951,0.084715,-0.60102,-0.15526,-0.18288,-0.36239,-0.33835,-0.5398,-0.14363,-0.58663,-0.43329,0.14246,0.24134,0.16798,-0.15537,-0.19644,-0.12022,-0.12861,-0.33767,0.071332,0.16167,-0.21619,-0.0026627,-0.1743,-0.30934,-0.10062,-0.21397,0.02151,0.036497,0.26829,-0.089676,-0.073445,-0.016144,0.23908,0.20026,-0.20161,-0.081775,0.21235,0.18643,0.28432,0.33431,-0.040381,0.081867,-0.36779,-0.30277,0.040057,-0.31101,0.16791,-0.1703,0.29469,0.2356,0.17454,-0.019201,-0.40334,-0.35327,-0.073497,-0.057579,-0.24785,-0.21135
0.10155,-0.32893,0.078695,0.093039,0.054667,-0.40667,0.26422,-0.068328,0.13161,-0.14973,0.43122,-0.13189,0.25872,-0.012544,-0.50045,-0.30389,0.34207,0.24585,0.41304,0.28094,-0.79051,-0.2486,0.099302,-0.33733,-0.060554,0.11198,-0.069515,-0.013539,0.30137,0.077769,0.25552,0.4164,0.33157,0,0.45837,0.43348,0.46612,0.50085,0.42196,0.22208,-0.37573,-0.2259,0.32936,-0.16966,0.19826,0.13877,0.32967,0.36145,-0.81917,-0.16989,-0.10823,-0.50139,-0.3649,-0.59319,-0.31508,-0.64608,-0.37547,0.36951,0.50381,0.13681,-0.11283,-0.34472,-0.32869,-0.27239,-0.47194,0.25764,0.32398,-0.17885,0.0094411,0.077329,-0.079702,0.059298,0.058893,0.31252,0.20928,0.42902,0.18911,-0.16653,0.060172,0.034633,0.20262,-0.30373,-0.13769,0.13732,0.04353,0.27022,0.60325,0.28147,0.44036,-0.27551,-0.27497,0.099059,-0.30702,0.24233,-0.12786,0.28841,0.21999,0.20258,0.19784,-0.60399,-0.56856,-0.31608,-0.29297,-0.35698,-0.39836
0.16561,-0.27258,-0.0055281,0.033423,0.11355,-0.39822,0.27814,-0.071963,0.18269,-0.25547,0.47718,-0.049052,0.0060027,-0.22511,-0.35887,-0.20605,0.087818,0.27016,0.29065,0.25379,-0.72859,-0.16209,0.17327,-0.33509,0.051067,0.2259,0.025082,0.039455,0.28561,-0.0017366,0.46074,0.38445,0.30972,0.45837,0,0.503,0.75445,0.4601,0.61628,0.38937,-0.39375,-0.19356,0.49281,-0.20398,0.12875,0.13083,0.22748,0.40297,-0.95664,-0.34252,-0.25731,-0.30544,-0.36669,-0.56891,-0.24295,-0.63146,-0.31466,0.48366,0.51857,0.20309,-0.11623,-0.31407,-0.39157,-0.27765,-0.39374,0.11133,0.21851,-0.1986,-0.17972,0.11114,-0.062406,0.084594,-0.030187,0.16089,0.15002,0.34471,0.16746,-0.42153,-0.20782,-0.0026569,-0.01769,-0.22557,0.0066047,-0.00635,0.01523,0.04713,0.36354,0.24068,0.42294,-0.21181,-0.26254,0.071865,-0.34696,0.1036,-0.18689,0.05792,-0.051541,0.022095,0.070256,-0.61361,-0.56328,-0.30327,-0.24333,-0.25098,-0.33893
0.045944,-0.16664,-0.051483,-0.019484,0.038436,-0.23903,0.18386,0.092854,0.1053,-0.0066105,0.26927,0.001013,0.03351,-0.12514,-0.49643,-0.31473,0.12811,0.21081,0.076067,0.23133,-0.71646,-0.26734,-0.0075946,-0.29459,0.012526,0.25716,-0.11563,-0.068172,0.26319,0.091476,0.32934,0.48644,0.18582,0.43348,0.503,0,0.37524,0.41322,0.3362,0.39145,-0.43427,-0.15542,0.22324,-0.030239,0.062939,0.1077,0.14774,0.22014,-0.78432,-0.31875,-0.12056,-0.34528,-0.38141,-0.44884,-0.29523,-0.62205,-0.33598,0.21818,0.27923,0.027009,-0.050725,-0.4713,-0.466,-0.4144,-0.46923,0.052085,0.14366,-0.31181,-0.10175,0.0083355,-0.1291,-0.076061,-0.088449,0.037707,0.022587,0.20438,0.21686,-0.39594,-0.21438,-0.12249,-0.021065,-0.19751,-0.056305,-0.063269,-0.095436,-0.053081,0.20167,0.082643,0.22593,-0.34683,-0.36525,-0.080675,-0.25924,0.16096,-0.10929,0.11726,0.025881,-0.0031258,0.084947,-0.71786,-0.67501,-0.48158,-0.32023,-0.32833,-0.46375
0.062811,-0.34452,0.10887,0.15397,-0.0036931,-0.44239,0.11923,-0.13218,0.09323,-0.25099,0.48638,-0.060994,-0.013968,-0.27525,-0.40435,-0.1991,0.13804,0.20118,0.31417,0.28577,-0.83207,-0.1801,0.12927,-0.30164,-0.028069,0.15923,0.025782,0.083396,0.234,-0.053723,0.38989,0.23501,0.4377,0.46612,0.75445,0.37524,0,0.55799,0.47284,0.33131,-0.43515,-0.19504,0.27266,-0.33487,0.0501,0.052299,0.20846,0.31983,-0.9721,-0.33484,-0.27221,-0.35519,-0.44979,-0.62142,-0.27419,-0.75677,-0.4307,0.38665,0.40615,0.21187,-0.12097,-0.37321,-0.36547,-0.32495,-0.47707,0.10055,0.20099,-0.20031,-0.14955,-0.0069926,-0.18868,-0.02819,-0.13661,0.13924,0.068247,0.45298,0.17974,-0.32299,-0.16202,0.10076,0.071326,-0.20083,0.0049376,0.07381,0.077694,0.14035,0.39128,0.17965,0.32057,-0.29309,-0.33316,0.079697,-0.32077,0.12022,-0.1689,0.10993,0.025643,0.08622,0.066412,-0.60949,-0.63346,-0.26165,-0.24443,-0.27375,-0.32656
-0.079373,-0.3729,0.050563,0.11387,-0.11266,-0.38966,0.14971,-0.02896,0.05902,-0.084889,0.3121,-0.04999,-0.059089,-0.2153,-0.61089,-0.36977,0.25886,0.136,0.26554,0.18415,-0.89708,-0.36452,-0.049261,-0.36845,-0.098602,0.12357,-0.15731,-0.10773,0.17998,-0.023866,0.29603,0.36468,0.20585,0.50085,0.4601,0.41322,0.55799,0,0.28762,0.28746,-0.54543,-0.25757,0.1917,-0.29555,0.036867,-0.018205,0.4032,0.34955,-0.89378,-0.36709,-0.25436,-0.41276,-0.61427,-0.72688,-0.49197,-1,-0.58869,0.37339,0.35464,-0.0037683,-0.18796,-0.49841,-0.40683,-0.37124,-0.47188,0.2691,0.34686,-0.22496,-0.091824,-0.061937,-0.14715,-0.038557,-0.089942,0.27752,0.084779,0.23365,0.26728,-0.32926,-0.12715,-0.087749,0.11837,-0.19813,0.037487,0.038876,0.0090938,0.072189,0.30719,0.2744,0.29989,-0.37481,-0.4329,-0.037255,-0.38105,0.021493,-0.21733,0.096709,0.049301,0.013094,0.11075,-0.62407,-0.73021,-0.35911,-0.30412,-0.4148,-0.53076
0.35777,-0.1905,-0.066806,-0.053521,0.2391,-0.3644,0.45339,-0.03729,0.30959,-0.26649,0.62843,-0.016138,0.058198,-0.12411,-0.3524,-0.20932,0.13723,0.34513,0.36159,0.30137,-0.67133,-0.092397,0.30355,-0.3214,0.16692,0.30301,0.026743,0.1017,0.29879,0.014616,0.4318,0.35363,0.12992,0.42196,0.61628,0.3362,0.47284,0.28762,0,0.38937,-0.28851,-0.13662,0.43411,-0.19001,0.21542,0.1447,0.20805,0.34945,-0.95606,-0.28791,-0.19878,-0.40258,-0.26676,-0.47025,-0.19987,-0.45728,-0.19497,0.3834,0.35606,0.18277,-0.1262,-0.34618,-0.49571,-0.34495,-0.48304,0.054019,0.10911,-0.19889,-0.23098,0.21733,-0.020549,0.092206,0.018541,0.18709,0.15376,0.39463,0.20643,-0.41548,-0.16742,0.012764,-0.046905,-0.33087,-0.11876,-0.055055,-0.0483,0.067726,0.32952,0.27812,0.43811,-0.042743,-0.11855,0.13115,-0.31333,0.10662,-0.18048,0.0036641,-0.1077,0.048641,0.069272,-0.65421,-0.58115,-0.4065,-0.42332,-0.22912,-0.31055
0.082747,-0.034303,-0.093508,-0.036792,0.13569,-0.082666,0.27075,0.28457,0.24069,-0.03465,0.32473,0.2782,-0.12175,-0.24414,-0.37473,-0.21255,0.040167,0.1346,0.014361,0.48193,-0.51962,-0.064033,0.16975,-0.081879,0.23883,0.80944,0.058244,0.11049,0.25947,0.16024,0.42329,0.26266,-0.012052,0.22208,0.38937,0.39145,0.33131,0.28746,0.38937,0,-0.26796,0.12515,0.13887,-0.046714,-0.057787,-0.092675,0.078597,0.25203,-0.73157,-0.451,-0.24739,-0.29315,-0.38681,-0.34963,-0.28865,-0.53652,-0.23319,0.21964,0.21495,0.10179,0.11211,-0.46453,-0.51508,-0.49544,-0.44233,-0.093583,0.019392,-0.27131,-0.28376,0.1128,-0.085167,-0.10987,-0.11306,0.0075193,-0.067078,0.18684,0.37281,-0.54906,-0.3275,-0.17897,-0.17853,-0.26312,-0.13541,-0.13961,-0.19752,-0.19118,0.078875,0.15367,0.28539,-0.26256,-0.36728,-0.045909,-0.14349,0.029047,-0.051865,-0.09073,-0.16428,-0.08688,0.11922,-0.72866,-0.68675,-0.49016,-0.34964,-0.31444,-0.41314
-0.10356,0.021227,-0.40863,-0.41278,-0.019131,0.038922,-0.1617,-0.18209,-0.12245,-0.15308,-0.28492,-0.16647,-0.22319,-0.18688,0.22188,0.16932,-0.34927,-0.31765,-0.36099,-0.24739,0.24332,0.25653,0.12191,0.20535,0.017088,-0.15326,0.037099,-0.017748,-0.13928,0.011207,-0.33525,-0.38065,-0.38404,-0.37573,-0.39375,-0.43427,-0.43515,-0.54543,-0.28851,-0.26796,0,0.18823,-0.34825,0.031559,-0.36276,-0.42042,-0.38975,-0.27933,0.09947,-0.19716,-0.24657,-0.0015861,0.10038,0.1159,-0.036717,0.22997,0.21583,-0.29813,-0.28573,-0.069474,0.040549,0.11635,-0.14352,-0.19766,-0.087957,-0.49605,-0.41692,-0.24784,-0.28834,-0.15564,-0.1142,-0.27995,-0.26133,-0.3584,-0.25368,-0.35747,-0.40085,-0.22736,-0.25144,-0.26686,-0.37881,-0.36909,-0.49915,-0.31326,-0.31259,-0.36284,-0.34666,-0.25653,-0.23146,0.036283,-0.018101,-0.018842,0.12176,-0.16925,-0.0035657,-0.27674,-0.27722,-0.22694,-0.33682,-0.16164,0.012845,-0.17916,-0.060571,-0.044994,-0.072594
-0.086226,0.29199,-0.32089,-0.27942,0.013198,0.35443,-0.11729,0.21012,-0.016318,0.067217,-0.12853,0.30069,-0.25806,-0.27564,-0.019166,0.079089,-0.23019,-0.21353,-0.35677,0.12556,-0.031148,0.27565,0.11692,0.58189,0.15508,0.24222,0.16366,0.26096,0.045851,0.26009,-0.077167,-0.20226,-0.30882,-0.2259,-0.19356,-0.15542,-0.19504,-0.25757,-0.13662,0.12515,0.18823,0,-0.27655,0.11086,-0.38996,-0.42543,-0.29922,-0.15083,-0.13997,-0.37968,-0.23511,-0.13891,-0.11972,0.11264,-0.097925,-0.080374,0.043003,-0.21534,-0.2168,-0.0051865,0.49379,-0.18697,-0.23939,-0.39735,-0.20978,-0.47606,-0.35271,-0.23219,-0.24598,-0.061411,-0.14995,-0.36546,-0.32485,-0.32588,-0.34114,-0.19677,-0.065943,-0.41755,-0.41583,-0.31466,-0.46678,-0.30782,-0.4219,-0.33938,-0.44042,-0.45621,-0.32856,-0.17759,-0.11268,-0.17027,-0.25999,-0.14076,0.26087,-0.16453,0.079378,-0.29802,-0.29823,-0.17369,-0.066568,-0.40337,-0.26427,-0.38487,-0.21424,-0.26027,-0.2588
0.31124,-0.2518,-0.13887,-0.13154,0.23005,-0.44498,0.35244,-0.14112,0.26883,-0.3919,0.3874,-0.17851,0.12137,-0.092773,-0.26261,-0.21094,0.07954,0.44795,0.31586,0.15503,-0.54357,-0.11894,0.12873,-0.40314,0.036375,0.08376,-0.018257,-0.018975,0.15662,-0.04335,0.18309,0.24759,0.12787,0.32936,0.49281,0.22324,0.27266,0.1917,0.43411,0.13887,-0.34825,-0.27655,0,-0.11279,0.3035,0.26904,0.24235,0.25212,-0.71897,-0.18917,-0.21407,-0.38353,-0.18494,-0.49612,-0.18523,-0.39946,-0.12944,0.4061,0.39261,0.076287,-0.19838,-0.14813,-0.3035,-0.12308,-0.30975,0.24324,0.20758,-0.11585,-0.15942,0.29515,0.057046,0.26756,0.18069,0.31571,0.3801,0.2402,0.024995,-0.33028,-0.13878,-0.012613,-0.089404,-0.32317,-0.097398,-0.017082,-0.06368,0.061474,0.3044,0.28334,0.35086,-0.069324,-0.047078,0.025869,-0.4565,-0.036833,-0.34937,0.013198,-0.11293,0.01362,0.10302,-0.4857,-0.3897,-0.25411,-0.26683,-0.28985,-0.3277
