,,,,,,,,,,,,,,,,,,,,,,,,,,,,,,,,,,,,,,,,,,,,,,,,,,,,,,,,,,,,,,,,,,,,,,,,,,,,,,,,,,,,,,,,,,,,,,,,,,,,,,,,
0,0.17057,-0.39815,-0.4113,0.56376,-0.12068,0.35357,-0.029618,0.027634,-0.37822,0.065562,-0.17825,0.036628,-0.062301,-0.3011,-0.2486,-0.38174,-0.1866,-0.22739,-0.053692,-0.37012,0.0048164,0.0088264,-0.15625,-0.027133,-0.073866,-0.050459,0.055356,0.20435,0.070691,-0.10618,-0.10517,-0.30898,-0.16185,-0.082053,-0.13774,-0.17688,-0.28527,0.26928,-0.054382,0.11376,-0.018132,-0.0075115,-0.064306,0.11958,-0.042454,-0.22877,-0.057848,-0.45292,-0.28489,-0.32552,-0.36575,0.07667,-0.11028,-0.1279,-0.14485,0.10682,0.038742,0.0095965,-0.052508,-0.10913,-0.14722,-0.58251,-0.44155,-0.61523,-0.29232,-0.26994,-0.25032,-0.32405,0.21821,-0.047655,-0.12058,-0.0094003,-0.18736,-0.051535,-0.046464,-0.11968,-0.40915,-0.29294,-0.3525,-0.44065,-0.64121,-0.55185,-0.36201,-0.47985,-0.30145,-0.20631,-0.060848,0.1027,0.20977,0.13352,0.12127,-0.042607,0.14055,0.046413,-0.14162,-0.11498,-0.070408,-0.018045,-0.56982,-0.46115,-0.53383,-0.53447,-0.2171,-0.32477
0.17057,0,-0.72614,-0.60218,0.081472,0.66053,-0.032276,0.38336,-0.1555,0.16562,-0.32602,0.19766,-0.35468,-0.2291,-0.31885,-0.22364,-0.45309,-0.49069,-0.57973,-0.098573,-0.19204,-0.035502,-0.16963,0.22519,-0.058937,0.020762,-0.19302,0.051157,0.15473,0.25872,-0.11106,-0.12405,-0.58249,-0.378,-0.20415,-0.052646,-0.48667,-0.40463,-0.15854,-0.019571,0.19235,0.40453,-0.18963,0.38116,-0.27952,-0.31702,-0.50138,-0.33391,-0.13417,-0.47599,-0.18258,-0.24361,-0.096015,0.20008,-0.12753,0.028179,0.18875,-0.39776,-0.40605,-0.2775,0.23463,-0.29351,-0.49945,-0.55974,-0.36897,-0.59966,-0.53556,-0.34727,-0.23737,-0.10141,-0.22468,-0.44011,-0.3728,-0.51826,-0.45635,-0.46218,-0.096117,-0.66314,-0.60891,-0.62941,-0.69287,-0.62091,-0.65234,-0.72493,-0.8019,-0.71316,-0.57741,-0.38559,-0.28397,-0.052958,-0.12922,-0.32249,0.24033,-0.19926,0.13335,-0.43235,-0.3831,-0.26692,-0.031957,-0.51831,-0.36133,-0.72087,-0.57855,-0.40647,-0.46558
-0.39815,-0.72614,0,0.94523,-0.38857,-0.61087,-0.33349,-0.44866,-0.2645,-0.45908,0.053387,-0.34034,0.076038,-0.1146,-0.38885,-0.31572,-0.01774,-0.10589,0.20347,-0.060913,-0.61712,-0.42065,-0.087836,-0.43828,-0.33245,-0.25166,-0.17364,-0.26497,-0.40944,-0.43808,-0.16417,-0.11078,0.20726,0.13649,-0.20684,-0.24671,0.30287,0.063151,-0.031114,-0.10309,-0.59383,-0.4544,-0.36677,-0.78489,-0.24644,-0.22229,-0.031499,-0.016178,-0.61212,-0.069849,-0.13922,-0.37997,-0.36138,-0.45047,-0.10636,-0.64197,-0.68654,0.0091315,0.037935,0.17959,-0.2332,-0.50581,-0.20267,-0.12448,-0.34278,-0.026523,-0.056082,-0.26417,-0.20695,-0.36133,-0.41665,-0.21392,-0.22379,-0.081639,-0.23587,0.48349,0.01312,0.11492,0.25141,0.15676,0.30713,0.037441,0.13792,0.4051,0.48197,0.32891,0.32195,-0.089288,0.0050198,-0.47119,-0.46437,0.14756,-0.18101,0.21653,-0.09064,0.14219,0.0981,0.11087,-0.27082,-0.20969,-0.42182,0.0938,-0.057165,0.020239,0.014195
-0.4113,-0.60218,0.94523,0,-0.35273,-0.46627,-0.28038,-0.32517,-0.17506,-0.37763,0.1096,-0.21747,0.060782,-0.090436,-0.37872,-0.2831,0.085358,-0.13764,0.33308,0.00034143,-0.59112,-0.4116,0.034361,-0.38777,-0.27642,-0.18968,-0.19085,-0.24975,-0.35287,-0.37967,-0.089979,-0.023544,0.19539,0.28928,-0.15991,-0.18079,0.35953,0.21035,0.009858,-0.0026588,-0.52905,-0.36294,-0.29519,-0.62415,-0.28769,-0.27124,-0.0020995,0.067982,-0.54053,-0.047917,-0.036083,-0.28816,-0.38869,-0.40756,-0.090233,-0.60209,-0.59096,0.034724,0.083426,0.27987,-0.094788,-0.52185,-0.19259,-0.067582,-0.23925,0.0034724,-0.00073372,-0.30616,-0.20056,-0.37359,-0.4706,-0.24334,-0.29288,-0.056482,-0.19272,0.39453,0.14518,0.0069304,0.2553,0.073103,0.33774,0.066158,0.26433,0.31844,0.52395,0.29781,0.44653,-0.032494,0.046558,-0.47918,-0.49761,0.1187,-0.11612,0.091664,-0.093117,0.056874,0.0092768,0.062773,-0.21699,-0.19481,-0.38405,0.11935,-0.013105,0.014718,-0.026036
0.56376,0.081472,-0.38857,-0.35273,0,-0.015045,0.28358,-0.034049,0.22861,-0.36302,0.17108,-0.16613,-0.038923,-0.13889,-0.087349,-0.078254,-0.23532,-0.062802,-0.1234,-0.055872,-0.13927,0.15033,0.24948,-0.12106,0.24298,-0.012604,0.11608,0.037165,0.1669,0.091243,-0.13716,-0.16953,-0.34638,-0.14451,-0.20638,-0.26304,-0.14102,-0.2396,0.21805,0.03086,0.21303,0.062686,-0.17977,-0.13672,-0.089739,-0.24622,-0.071803,0.034521,-0.31743,-0.22847,-0.31479,-0.13543,0.15328,-0.031201,-0.15067,-0.12777,0.17019,0.057535,0.015779,0.066398,0.00015982,-0.079619,-0.57087,-0.49833,-0.50266,-0.22388,-0.1943,-0.27776,-0.37491,0.25011,0.030787,-0.20092,-0.13173,-0.09648,0.029487,-0.070807,-0.18418,-0.37879,-0.3011,-0.17765,-0.31149,-0.36111,-0.3093,-0.3008,-0.36154,-0.22874,-0.11742,0.073379,0.13747,0.1865,0.020123,0.15225,-0.041604,0.052784,0.052929,-0.22249,-0.24877,-0.22785,-0.17533,-0.49478,-0.39026,-0.4834,-0.34278,-0.028361,-0.14726
-0.12068,0.66053,-0.61087,-0.46627,-0.015045,0,-0.17738,0.38979,-0.18859,0.38265,-0.36844,0.18311,-0.47361,-0.35625,-0.23569,-0.13382,-0.29868,-0.45874,-0.50313,-0.11331,-0.069173,-0.07643,-0.091293,0.36079,-0.049915,0.013011,-0.16607,-0.0029785,0.076292,0.34188,-0.22104,-0.19775,-0.57881,-0.34678,-0.35916,-0.17009,-0.45757,-0.32903,-0.26813,0.028339,0.16246,0.50855,-0.42129,0.17341,-0.58179,-0.63419,-0.34568,-0.26056,0.0048527,-0.46066,-0.18045,-0.13313,-0.12965,0.27239,-0.17306,-0.037296,0.02977,-0.40469,-0.42552,-0.22795,0.42276,-0.32607,-0.38684,-0.5601,-0.21253,-0.49306,-0.39892,-0.43254,-0.21111,-0.28666,-0.25863,-0.6637,-0.62915,-0.4395,-0.45177,-0.52369,-0.15533,-0.55821,-0.57083,-0.47476,-0.51065,-0.30205,-0.3853,-0.59057,-0.6331,-0.60965,-0.52958,-0.30547,-0.31035,-0.19297,-0.28809,-0.38148,0.23306,-0.29352,0.096684,-0.47861,-0.43775,-0.38796,-0.20632,-0.41173,-0.27587,-0.64385,-0.38463,-0.3027,-0.38505
0.35357,-0.032276,-0.33349,-0.28038,0.28358,-0.17738,0,0.2396,0.094199,-0.24223,0.14767,-0.025934,-0.1024,-0.10544,-0.56816,-0.50087,-0.27092,-0.19499,-0.1129,0.0076205,-0.59507,-0.26414,-0.041873,-0.32275,0.019629,0.17703,-0.25406,-0.17178,0.22973,0.065439,0.19122,0.33625,-0.2917,0.058581,0.23912,0.14408,0.035291,0.10669,0.66438,0.26329,-0.083499,-0.075573,0.27445,0.00034143,0.10101,-0.091889,-0.16876,0.11203,-0.77362,-0.41549,-0.31225,-0.32401,-0.37233,-0.49715,-0.51967,-0.45572,-0.15334,0.12944,0.13153,-0.17816,-0.22414,-0.44232,-0.81032,-0.55818,-0.58425,-0.2607,-0.16144,-0.29012,-0.46439,0.24808,0.041749,-0.061669,0.051738,-0.1533,-0.041764,-0.067262,0.12318,-0.65745,-0.32302,-0.56727,-0.38466,-0.51359,-0.34922,-0.368,-0.40388,-0.3611,-0.10675,0.076597,0.22006,-0.095863,-0.25019,-0.039025,-0.29481,-0.092492,-0.16087,-0.20832,-0.23004,-0.20722,0.14141,-0.74964,-0.72702,-0.65934,-0.59058,-0.36983,-0.60724
-0.029618,0.38336,-0.44866,-0.32517,-0.034049,0.38979,0.2396,0,-0.076423,0.41483,-0.13413,0.4365,-0.33955,-0.21783,-0.61843,-0.45559,-0.26089,-0.37747,-0.37101,0.12325,-0.50847,-0.29908,-0.1947,0.0039737,-0.023908,0.38299,-0.32884,-0.099873,0.21414,0.28695,0.17593,0.30601,-0.41454,-0.049195,0.074665,0.29658,-0.12108,0.076655,0.12115,0.46656,-0.14622,0.26179,-0.030729,0.29198,-0.2394,-0.31969,-0.30542,-0.054034,-0.50293,-0.5884,-0.16396,-0.30319,-0.49655,-0.24019,-0.47847,-0.42368,-0.21984,-0.19377,-0.16635,-0.30316,0.12775,-0.69553,-0.73108,-0.79911,-0.48729,-0.43675,-0.29767,-0.38036,-0.29426,-0.053482,-0.16966,-0.39904,-0.28013,-0.36177,-0.36464,-0.28729,0.26092,-0.7823,-0.52099,-0.71382,-0.48732,-0.44009,-0.41884,-0.55664,-0.60311,-0.60285,-0.34264,-0.15797,-0.048534,-0.33505,-0.48256,-0.35463,-0.018757,-0.20957,0.037035,-0.36137,-0.33581,-0.28116,0.17311,-0.81903,-0.7621,-0.91583,-0.66744,-0.53126,-0.73688
0.027634,-0.1555,-0.2645,-0.17506,0.22861,-0.18859,0.094199,-0.076423,0,-0.28084,0.55803,0.025622,-0.15843,-0.057223,-0.013774,-0.045047,-0.020239,0.22469,0.085169,0.16036,-0.11978,0.21143,0.25299,-0.20806,0.73644,0.26363,0.12175,-0.063332,-0.29434,-0.26453,-0.065846,-0.1831,-0.41582,-0.0044314,-0.21046,-0.26347,-0.016527,-0.065395,0.17186,0.17669,-0.19144,-0.038822,-0.1559,-0.13997,0.025506,-0.11819,0.10324,0.19348,-0.40514,-0.36881,-0.32308,-0.14939,-0.071912,-0.14979,-0.19655,-0.19191,0.083542,0.2863,0.17972,0.14103,-0.014711,-0.32944,-0.57562,-0.36214,-0.41329,-0.017282,-0.064233,-0.31865,-0.56976,0.20627,-0.10706,0.01891,0.040965,0.11089,0.092485,0.081261,0.11006,-0.41669,-0.26127,-0.18717,-0.2322,-0.31755,-0.11872,-0.23833,-0.16898,-0.15429,0.067277,0.30515,0.36041,0.067328,-0.048607,0.096756,-0.070757,-0.18252,-0.19903,-0.33439,-0.38911,-0.31937,-0.27188,-0.50657,-0.47027,-0.348,-0.34215,-0.096321,-0.22701
-0.37822,0.16562,-0.45908,-0.37763,-0.36302,0.38265,-0.24223,0.41483,-0.28084,0,-0.39793,0.15917,-0.44205,-0.30157,-0.43406,-0.29251,-0.16159,-0.32721,-0.4844,-0.032073,-0.31891,-0.32213,-0.35207,0.13001,-0.21606,0.10121,-0.421,-0.17131,-0.10189,0.16143,-0.19846,-0.060187,-0.42599,-0.22011,-0.25004,0.0093567,-0.30399,-0.11316,-0.31654,0.048425,-0.28645,0.11627,-0.37272,0.1303,-0.56297,-0.55073,-0.2719,-0.22694,-0.22503,-0.56674,-0.19627,-0.34373,-0.4477,-0.12741,-0.43077,-0.33877,-0.34523,-0.35898,-0.35324,-0.42739,0.11164,-0.62792,-0.40688,-0.66672,-0.28598,-0.36033,-0.27454,-0.43371,-0.1233,-0.39242,-0.30726,-0.63639,-0.53389,-0.37955,-0.46896,-0.49787,-0.06586,-0.50396,-0.51871,-0.564,-0.42535,-0.21456,-0.35331,-0.47398,-0.53733,-0.56129,-0.46577,-0.30189,-0.29236,-0.47363,-0.4919,-0.5231,-0.0091097,-0.34321,-0.10491,-0.36649,-0.3486,-0.30493,-0.15195,-0.61206,-0.52089,-0.76089,-0.48995,-0.55425,-0.71158
0.065562,-0.32602,0.053387,0.1096,0.17108,-0.36844,0.14767,-0.13413,0.55803,-0.39793,0,-0.057499,0.11029,-0.017784,-0.22339,-0.19916,0.02969,0.24861,0.31364,0.34682,-0.43876,0.00029785,0.25624,-0.30508,0.27418,0.19846,0.10857,0.0026734,-0.16291,-0.2176,0.035226,-0.060063,-0.06881,0.2945,-0.062838,-0.14201,0.42036,0.19298,0.49417,0.294,-0.3119,-0.13429,-0.074679,-0.32596,0.099321,-0.029073,0.15798,0.32788,-0.69372,-0.22309,-0.24523,-0.31217,-0.18383,-0.35099,-0.232,-0.47721,-0.2023,0.49867,0.44197,0.29122,-0.063281,-0.4317,-0.52903,-0.36623,-0.59972,0.07197,0.075479,-0.33248,-0.46466,0.13361,-0.25256,-0.039214,0.011078,0.19117,0.17057,0.58483,0.23525,-0.2528,-0.04236,-0.069979,-0.028092,-0.28012,-0.062264,0.0019614,-0.0081,0.092557,0.35965,0.33402,0.55003,-0.13336,-0.21322,0.22817,-0.15243,0.050953,-0.14919,-0.044895,-0.066638,-0.10011,-0.097781,-0.59951,-0.63322,-0.30358,-0.31494,-0.10171,-0.2257
-0.17825,0.19766,-0.34034,-0.21747,-0.16613,0.18311,-0.025934,0.4365,0.025622,0.15917,-0.057499,0,-0.36972,-0.17162,-0.37826,-0.22871,-0.288,-0.39258,-0.3282,0.22554,-0.36087,-0.054041,-0.10779,0.064051,0.11599,0.49766,-0.11418,0.12528,-0.061574,-0.048825,0.30277,0.10294,-0.42102,-0.17505,0.038001,0.097824,-0.096037,-0.079045,0.038669,0.39,-0.21176,0.32624,-0.067778,0.11691,-0.22719,-0.25472,-0.45928,-0.14746,-0.43258,-0.54944,-0.080389,-0.18442,-0.48177,-0.19332,-0.24121,-0.30873,-0.15001,-0.2658,-0.24484,-0.099292,0.23637,-0.63466,-0.56224,-0.51695,-0.36624,-0.55828,-0.46447,-0.18474,-0.39263,0.033112,-0.24465,-0.24786,-0.23141,-0.41709,-0.47589,-0.1922,0.40982,-0.76968,-0.52011,-0.64679,-0.5112,-0.51898,-0.38689,-0.58892,-0.46608,-0.56317,-0.33104,-0.26729,-0.084661,-0.28139,-0.48794,-0.21409,0.178,-0.26383,0.049036,-0.56519,-0.5453,-0.20645,0.11822,-0.63578,-0.5826,-0.57821,-0.5599,-0.3948,-0.47724
0.036628,-0.35468,0.076038,0.060782,-0.038923,-0.47361,-0.1024,-0.33955,-0.15843,-0.44205,0.11029,-0.36972,0,0.41805,-0.31115,-0.2596,0.10047,-0.019062,0.27461,-0.0083615,-0.54095,-0.25875,0.010541,-0.4194,-0.30624,-0.27586,-0.27869,-0.087392,-0.12868,-0.2282,-0.18333,-0.089993,0.16744,0.26101,-0.18204,-0.19963,0.079503,-0.056656,0.10275,-0.24234,-0.32044,-0.39653,-0.14942,-0.39352,-0.025796,-0.046457,-0.079576,-0.049718,-0.45711,0.32368,0.15198,-0.56755,-0.097476,-0.33571,-0.071621,-0.32493,-0.27471,-0.07667,0.019847,0.036221,-0.22326,-0.29637,-0.21444,-0.18794,-0.44686,-0.018793,-0.05213,-0.22148,-0.013585,-0.11027,-0.36111,-0.19972,-0.12629,-0.025244,0.017951,0.21457,-0.097432,0.12751,0.39964,0.0048963,0.12944,-0.26817,-0.25753,0.083375,0.055683,0.34226,0.31404,-0.10688,0.00023247,-0.13506,-0.091911,0.11063,-0.18118,0.15661,-0.098638,0.1017,0.10249,0.28971,-0.056307,-0.35718,-0.35063,-0.21287,-0.38737,-0.16937,-0.13281
-0.062301,-0.2291,-0.1146,-0.090436,-0.13889,-0.35625,-0.10544,-0.21783,-0.057223,-0.30157,-0.017784,-0.17162,0.41805,0,-0.31189,-0.30748,0.064618,-0.084138,0.14747,-0.13299,-0.39832,-0.2991,-0.087196,-0.52931,-0.18184,-0.20868,-0.46143,-0.25685,-0.33703,-0.41086,-0.17343,-0.056366,-0.30177,0.020711,-0.29661,-0.23837,-0.21843,-0.20307,0.0089572,-0.26812,-0.39743,-0.4109,-0.20238,-0.27274,0.03957,-0.012466,-0.17946,-0.14595,-0.35224,0.22089,0.40869,-0.48256,-0.083767,-0.20577,-0.013265,-0.10478,-0.12173,-0.22421,-0.1957,-0.10508,-0.28315,-0.49441,-0.42437,-0.21644,-0.39108,-0.13452,-0.23718,-0.19735,-0.19478,-0.051673,-0.26716,-0.12513,-0.01041,-0.10693,-0.10834,-0.019164,0.047881,-0.09619,0.19388,-0.20633,-0.033613,-0.32608,-0.23424,-0.19775,-0.067044,0.069217,0.07946,-0.16999,-0.10159,0.060078,0.014522,0.0011986,-0.11163,-0.074251,-0.17719,-0.26771,-0.29389,0.02799,-0.1377,-0.31039,-0.33584,-0.35701,-0.6709,-0.10866,-0.15264
-0.3011,-0.31885,-0.38885,-0.37872,-0.087349,-0.23569,-0.56816,-0.61843,-0.013774,-0.43406,-0.22339,-0.37826,-0.31115,-0.31189,0,0.8348,-0.074156,0.035233,-0.1507,-0.3158,0.73521,0.43018,0.11699,-0.054615,0.050104,-0.34481,0.14938,-0.055261,-0.53681,-0.38964,-0.66654,-0.92769,-0.38063,-0.47224,-0.74563,-0.91208,-0.4414,-0.65102,-0.52621,-0.49266,-0.039265,-0.19666,-0.67057,-0.41308,-0.50473,-0.51065,-0.074607,-0.19619,0.32204,-0.11798,-0.34834,0.072195,0.29782,0.14995,0.17192,0.24429,0.13946,-0.20911,-0.26414,0.0072064,-0.11785,0.29421,-0.0040391,-0.056772,0.029872,-0.13827,-0.19402,-0.24917,-0.3562,-0.24614,-0.20761,-0.3071,-0.38567,-0.071163,-0.02361,-0.364,-0.62285,-0.038488,-0.24333,0.14833,-0.16577,-0.071817,-0.14555,-0.18009,-0.088126,-0.093771,-0.20523,-0.11974,-0.22249,0.16461,0.15804,-0.018481,-0.094308,-0.37967,-0.3004,-0.48359,-0.55824,-0.40218,-0.75016,-0.033083,0.22447,0.013621,0.10725,0.16496,0.24536
-0.2486,-0.22364,-0.31572,-0.2831,-0.078254,-0.13382,-0.50087,-0.45559,-0.045047,-0.29251,-0.19916,-0.22871,-0.2596,-0.30748,0.8348,0,-0.044713,-0.039461,-0.15073,-0.1798,0.40125,0.47841,0.1862,0.10821,0.002746,-0.25,0.19799,0.14489,-0.35854,-0.23481,-0.53965,-0.7136,-0.28102,-0.38335,-0.58465,-0.70364,-0.31369,-0.51783,-0.43951,-0.36479,-0.0084995,-0.054382,-0.59987,-0.37486,-0.57549,-0.59809,-0.10418,-0.11896,0.23728,-0.1628,-0.30388,0.062795,0.18415,0.12701,0.20337,0.13623,0.053351,-0.18009,-0.22242,0.11585,0.058312,0.22392,-0.021728,-0.11122,-0.0070757,-0.20626,-0.21735,-0.15626,-0.21077,-0.21938,-0.1864,-0.38684,-0.45504,-0.12471,-0.083012,-0.3222,-0.49535,-0.099364,-0.25827,0.055625,-0.18395,-0.054201,-0.15209,-0.17678,-0.091606,-0.12331,-0.19254,-0.10441,-0.14074,0.097977,0.05601,0.11002,0.082808,-0.29181,-0.17731,-0.43863,-0.5101,-0.21545,-0.54757,-0.16594,0.08809,-0.026937,0.099117,0.11238,0.1122
-0.38174,-0.45309,-0.01774,0.085358,-0.23532,-0.29868,-0.27092,-0.26089,-0.020239,-0.16159,0.02969,-0.288,0.10047,0.064618,-0.074156,-0.044713,0,0.35739,0.55418,0.091511,-0.24017,-0.26154,0.16535,-0.28265,-0.16639,-0.15691,-0.38489,-0.25544,-0.42299,-0.25519,-0.47567,-0.30912,-0.060136,0.2908,-0.47109,-0.42306,0.0020704,0.070052,-0.1461,-0.15401,-0.42669,-0.36565,-0.46248,-0.45626,-0.44709,-0.50354,0.38985,0.17712,-0.2269,0.15439,0.041851,-0.42928,-0.18283,-0.27065,-0.15132,-0.29136,-0.33301,0.015641,0.036112,-0.079845,-0.17951,-0.39775,-0.18966,-0.25417,-0.20352,0.35189,0.32805,-0.51867,-0.24923,-0.39497,-0.47608,-0.48914,-0.3983,0.36183,0.22837,-0.06023,-0.12243,0.17448,0.38243,0.16858,0.54255,0.058835,0.044016,0.29785,0.30829,0.43041,0.47644,0.20243,0.027671,-0.16768,-0.12797,-0.084225,-0.28422,-0.30771,-0.40193,-0.15207,-0.23853,-0.16723,-0.34613,-0.33571,-0.26291,-0.20064,-0.23548,-0.11892,-0.14085
-0.1866,-0.49069,-0.10589,-0.13764,-0.062802,-0.45874,-0.19499,-0.37747,0.22469,-0.32721,0.24861,-0.39258,-0.019062,-0.084138,0.035233,-0.039461,0.35739,0,0.24017,0.092078,-0.17757,-0.060753,0.058668,-0.33286,0.061008,-0.081566,-0.17035,-0.23479,-0.48805,-0.33344,-0.51268,-0.45725,-0.16597,0.024663,-0.4787,-0.48641,0.00097345,-0.087421,-0.092841,-0.14173,-0.44078,-0.4019,-0.44928,-0.48498,-0.20383,-0.26471,0.4877,0.13349,-0.38453,-0.10528,-0.33144,-0.43882,-0.03248,-0.27563,-0.2103,-0.31431,-0.24947,0.26788,0.16415,-0.11455,-0.33802,-0.31093,-0.38549,-0.42002,-0.49867,0.40455,0.26192,-0.54056,-0.48655,-0.18822,-0.34412,-0.29261,-0.15121,0.49824,0.36933,0.080644,-0.21466,0.090175,0.06108,0.23018,0.20876,-0.11707,-0.087116,0.25501,0.10472,0.25445,0.27427,0.28686,0.1459,-0.046362,0.027656,0.0090226,-0.3694,-0.17369,-0.44406,-0.045832,-0.155,-0.25798,-0.43058,-0.51526,-0.44153,-0.31002,-0.27032,-0.09388,-0.15245
-0.22739,-0.57973,0.20347,0.33308,-0.1234,-0.50313,-0.1129,-0.37101,0.085169,-0.4844,0.31364,-0.3282,0.27461,0.14747,-0.1507,-0.15073,0.55418,0.24017,0,0.051447,-0.36939,-0.25095,0.32656,-0.45133,-0.1174,-0.1909,-0.23862,-0.22988,-0.36607,-0.35051,-0.28503,-0.19383,0.034485,0.46402,-0.31093,-0.38021,0.18594,0.14414,0.10878,-0.10747,-0.37317,-0.41207,-0.26367,-0.5623,-0.19514,-0.27934,0.31589,0.27277,-0.40479,0.23185,0.025753,-0.37195,-0.16373,-0.36985,-0.10231,-0.34337,-0.29352,0.19691,0.21669,0.17642,-0.22685,-0.34669,-0.21884,-0.076743,-0.25426,0.31963,0.28231,-0.41889,-0.33273,-0.24255,-0.41239,-0.23594,-0.21236,0.36971,0.31368,0.25381,-0.0075406,0.11856,0.59391,0.17605,0.5528,-0.027656,0.1614,0.35726,0.49809,0.69264,1,0.29679,0.19592,-0.10655,-0.12037,0.15402,-0.30405,-0.15951,-0.37038,-0.049501,-0.12033,-0.079271,-0.26802,-0.25669,-0.26493,-0.03625,-0.17035,0.02361,-0.033395
-0.053692,-0.098573,-0.060913,0.00034143,-0.055872,-0.11331,0.0076205,0.12325,0.16036,-0.032073,0.34682,0.22554,-0.0083615,-0.13299,-0.3158,-0.1798,0.091511,0.092078,0.051447,0,-0.50542,-0.0003269,0.12285,0.072122,0.090967,0.4795,-0.014195,0.25543,-0.08477,0.034071,0.029618,-0.048963,-0.026995,0.24474,-0.036722,-0.028136,0.30384,0.15391,0.25573,0.46003,-0.28918,0.12864,-0.13633,-0.15517,-0.1764,-0.23259,-0.041502,0.13761,-0.63602,-0.35604,-0.20599,-0.53421,-0.36937,-0.30761,-0.24331,-0.49247,-0.28803,0.10982,0.14977,0.043573,0.15011,-0.56825,-0.42421,-0.5405,-0.56708,-0.11477,-0.045817,-0.38915,-0.34733,-0.039948,-0.42391,-0.3051,-0.20633,0.0026225,-0.11756,0.24256,0.31567,-0.26993,-0.1101,-0.20097,-0.10571,-0.44431,-0.37359,-0.039744,-0.14993,-0.079699,0.12486,0.06201,0.25253,-0.28437,-0.33338,-0.018416,0.0012858,-0.046217,-0.033221,-0.095478,-0.089753,0.018575,0.076997,-0.8257,-0.7085,-0.46749,-0.46491,-0.41741,-0.41064
-0.37012,-0.19204,-0.61712,-0.59112,-0.13927,-0.069173,-0.59507,-0.50847,-0.11978,-0.31891,-0.43876,-0.36087,-0.54095,-0.39832,0.73521,0.40125,-0.24017,-0.17757,-0.36939,-0.50542,0,0.24574,-0.064458,-0.044844,0.013076,-0.39815,0.015335,-0.20615,-0.5368,-0.36881,-0.69952,-0.94019,-0.66486,-0.69264,-0.85194,-0.91031,-0.74768,-0.8412,-0.68691,-0.5619,0.044132,-0.14757,-0.72988,-0.28584,-0.56805,-0.58727,-0.2133,-0.35661,0.59246,-0.2355,-0.37213,0.14165,0.24185,0.27494,0.031891,0.41299,0.22298,-0.40569,-0.48348,-0.19709,-0.14827,0.22073,-0.06695,-0.11894,0.11107,-0.2889,-0.33994,-0.26744,-0.38582,-0.30721,-0.14416,-0.35301,-0.44718,-0.23907,-0.20223,-0.63077,-0.72201,-0.20232,-0.43249,-0.059664,-0.35751,-0.1011,-0.20885,-0.41366,-0.30936,-0.33136,-0.46295,-0.25372,-0.41301,0.12337,0.089085,-0.25978,-0.13006,-0.55011,-0.32849,-0.70072,-0.74563,-0.63571,-0.86859,0.068635,0.32544,-0.12259,-0.010969,0.067517,0.13147
0.0048164,-0.035502,-0.42065,-0.4116,0.15033,-0.07643,-0.26414,-0.29908,0.21143,-0.32213,0.00029785,-0.054041,-0.25875,-0.2991,0.43018,0.47841,-0.26154,-0.060753,-0.25095,-0.0003269,0.24574,0,0.2169,0.23751,0.34645,0.012066,0.58272,0.41257,-0.24291,-0.13798,-0.27466,-0.55614,-0.3864,-0.399,-0.39264,-0.51956,-0.28434,-0.54446,-0.19994,-0.15844,0.16514,0.21704,-0.37401,-0.17284,-0.29015,-0.33905,-0.24345,-0.17605,-0.045578,-0.36407,-0.42906,-0.066885,0.15248,0.1264,0.079409,0.13026,0.29902,-0.13019,-0.18585,0.14424,0.15217,0.10977,-0.20395,-0.252,-0.23163,-0.35314,-0.36964,-0.16399,-0.38655,0.059642,-0.13136,-0.18329,-0.24087,-0.21089,-0.18596,-0.17629,-0.32274,-0.31427,-0.4151,-0.1285,-0.43347,-0.40609,-0.40724,-0.33945,-0.31598,-0.2909,-0.27891,-0.1315,-0.057804,0.15962,0.055298,0.10585,0.166,-0.1997,-0.060884,-0.41566,-0.43589,-0.20829,-0.38153,-0.34358,-0.12194,-0.22152,-0.14623,-0.080426,-0.041328
0.0088264,-0.16963,-0.087836,0.034361,0.24948,-0.091293,-0.041873,-0.1947,0.25299,-0.35207,0.25624,-0.10779,0.010541,-0.087196,0.11699,0.1862,0.16535,0.058668,0.32656,0.12285,-0.064458,0.2169,0,0.014682,0.22413,0.010105,0.16191,0.13163,-0.16429,-0.052276,-0.25187,-0.29247,-0.16862,0.07444,-0.34627,-0.42636,-0.00069013,-0.15184,0.12679,0.043674,0.13126,0.081624,-0.34219,-0.31207,-0.36852,-0.47196,0.064596,0.18949,-0.19298,-0.044183,-0.12474,-0.10857,0.10233,0.0030148,0.13067,-0.049319,0.11556,0.13449,0.099909,0.51981,0.21009,-0.1393,-0.25952,-0.17023,-0.17924,-0.063637,-0.018474,-0.44986,-0.44447,-0.14863,-0.31718,-0.35678,-0.40043,0.045498,0.078762,0.061683,-0.087792,-0.15475,0.02151,0.044844,0.034761,-0.13336,-0.014529,0.024983,0.11554,0.11097,0.24507,0.1679,0.17648,0.10491,-0.020697,0.34184,0.094432,-0.095296,-0.088867,-0.22173,-0.28079,-0.15739,-0.34763,-0.30201,-0.15373,-0.1402,-0.073946,0.16904,0.034027
-0.15625,0.22519,-0.43828,-0.38777,-0.12106,0.36079,-0.32275,0.0039737,-0.20806,0.13001,-0.30508,0.064051,-0.4194,-0.52931,-0.054615,0.10821,-0.28265,-0.33286,-0.45133,0.072122,-0.044844,0.23751,0.014682,0,-0.079118,0.029676,0.12202,0.4174,-0.040921,0.32154,-0.30236,-0.40529,-0.32058,-0.37359,-0.3616,-0.32222,-0.32094,-0.41924,-0.30799,-0.04249,0.22442,0.65014,-0.45206,-0.042418,-0.69038,-0.69236,-0.3562,-0.30041,-0.042098,-0.51167,-0.41823,-0.27291,-0.12945,0.14931,-0.075878,-0.058414,-0.024242,-0.31678,-0.34453,-0.083804,0.49504,-0.12353,-0.094846,-0.37688,-0.15419,-0.45756,-0.38085,-0.37908,-0.21528,-0.33172,-0.36538,-0.60638,-0.66458,-0.38622,-0.46528,-0.3644,-0.27742,-0.35952,-0.48101,-0.30788,-0.46784,-0.40235,-0.51021,-0.33829,-0.4539,-0.45876,-0.45339,-0.32308,-0.27844,-0.22156,-0.24265,-0.20631,0.28352,-0.24272,0.033889,-0.30749,-0.28304,-0.15782,-0.25565,-0.40933,-0.18798,-0.37518,-0.17923,-0.37056,-0.33524
-0.027133,-0.058937,-0.33245,-0.27642,0.24298,-0.049915,0.019629,-0.023908,0.73644,-0.21606,0.27418,0.11599,-0.30624,-0.18184,0.050104,0.002746,-0.16639,0.061008,-0.1174,0.090967,0.013076,0.34645,0.22413,-0.079118,0,0.39444,0.25593,-0.017929,-0.28266,-0.20893,-0.03787,-0.22899,-0.49519,-0.17196,-0.22909,-0.25959,-0.12525,-0.23061,0.0934,0.21441,-0.058523,0.13195,-0.24837,-0.05107,-0.097011,-0.19092,-0.094228,0.063238,-0.33926,-0.47368,-0.33613,-0.0055937,-0.076961,-0.05784,-0.16127,-0.1136,0.18498,0.061894,0.0030003,0.092114,0.053147,-0.32756,-0.62919,-0.49582,-0.40224,-0.2662,-0.24672,-0.35396,-0.68202,0.18089,-0.074258,-0.085525,-0.065512,-0.13043,-0.11675,-0.032472,0.009473,-0.51281,-0.42487,-0.21982,-0.35013,-0.30875,-0.21429,-0.35026,-0.25556,-0.3024,-0.11691,0.086274,0.18369,0.042047,-0.14052,0.014979,0.011841,-0.17533,-0.064262,-0.44378,-0.48932,-0.43831,-0.33756,-0.51934,-0.44041,-0.42855,-0.32745,-0.048919,-0.15801
-0.073866,0.020762,-0.25166,-0.18968,-0.012604,0.013011,0.17703,0.38299,0.26363,0.10121,0.19846,0.49766,-0.27586,-0.20868,-0.34481,-0.25,-0.15691,-0.081566,-0.1909,0.4795,-0.39815,0.012066,0.010105,0.029676,0.39444,0,-0.017115,0.065381,-0.10575,-0.0013657,0.24333,0.10762,-0.2939,0.0093059,0.095456,0.12144,0.11912,0.053242,0.29049,0.77015,-0.23228,0.23428,-0.050634,0.094141,-0.13748,-0.1973,-0.20625,0.10077,-0.66224,-0.65273,-0.29407,-0.27125,-0.46271,-0.32544,-0.37297,-0.44564,-0.17527,0.047496,0.074062,-0.062671,0.11778,-0.6682,-0.68212,-0.68141,-0.49942,-0.3361,-0.21624,-0.37975,-0.56621,0.098732,-0.18968,-0.17908,-0.10992,-0.21661,-0.2619,-0.0032618,0.35817,-0.64368,-0.44483,-0.46912,-0.39061,-0.45467,-0.38181,-0.35404,-0.33611,-0.40381,-0.13265,-0.013374,0.21538,-0.2719,-0.43123,-0.12404,-0.0012858,-0.12908,0.016563,-0.35328,-0.36233,-0.25898,-0.013156,-0.89015,-0.79187,-0.64545,-0.52254,-0.40277,-0.53195
-0.050459,-0.19302,-0.17364,-0.19085,0.11608,-0.16607,-0.25406,-0.32884,0.12175,-0.421,0.10857,-0.11418,-0.27869,-0.46143,0.14938,0.19799,-0.38489,-0.17035,-0.23862,-0.014195,0.015335,0.58272,0.16191,0.12202,0.25593,-0.017115,0,0.31878,-0.16058,-0.14168,-0.13592,-0.44173,-0.21769,-0.2972,-0.26486,-0.40325,-0.076539,-0.36978,-0.10072,-0.037311,0.070502,0.19191,-0.33934,-0.30362,-0.23375,-0.2848,-0.21681,-0.090647,-0.22789,-0.45685,-0.54122,0.0063274,-0.0040246,-0.023719,-0.051934,-0.17123,0.00020341,-0.022091,-0.064422,0.33798,0.17361,0.019229,-0.21206,-0.24421,-0.303,-0.3563,-0.32098,-0.12945,-0.34301,0.022694,-0.11918,-0.1308,-0.23583,-0.24794,-0.24287,0.035357,-0.26346,-0.32214,-0.42006,-0.074033,-0.39359,-0.26548,-0.24884,-0.25925,-0.25665,-0.24987,-0.22556,-0.082867,0.038517,-0.11819,-0.21676,0.13437,0.10391,-0.03086,0.053235,-0.25818,-0.21995,-0.20463,-0.36313,-0.30636,-0.2235,-0.12255,0.010105,-0.024394,-0.0034507
0.055356,0.051157,-0.26497,-0.24975,0.037165,-0.0029785,-0.17178,-0.099873,-0.063332,-0.17131,0.0026734,0.12528,-0.087392,-0.25685,-0.055261,0.14489,-0.25544,-0.23479,-0.22988,0.25543,-0.20615,0.41257,0.13163,0.4174,-0.017929,0.065381,0.31878,0,0.083971,0.17202,-0.097112,-0.29244,-0.15671,-0.21731,-0.19753,-0.28409,-0.07444,-0.30468,-0.039163,0.0044677,0.11026,0.42171,-0.25092,-0.19845,-0.34536,-0.39479,-0.33674,-0.18239,-0.25665,-0.30203,-0.28163,-0.33697,-0.10791,-0.051128,-0.025077,-0.15813,-0.053329,-0.18909,-0.19622,0.13476,0.32667,-0.088889,-0.15346,-0.333,-0.36274,-0.42462,-0.37664,-0.10178,-0.14983,0.010744,-0.25085,-0.34634,-0.35444,-0.26611,-0.292,-0.055617,-0.13392,-0.29559,-0.29766,-0.24347,-0.381,-0.51757,-0.51178,-0.28309,-0.3675,-0.25644,-0.25278,-0.21637,-0.07088,-0.088438,-0.18753,0.096299,0.2463,-0.074861,0.068287,-0.22741,-0.19922,0.14679,0.0016708,-0.52082,-0.30671,-0.34006,-0.28357,-0.29409,-0.24601
0.20435,0.15473,-0.40944,-0.35287,0.1669,0.076292,0.22973,0.21414,-0.29434,-0.10189,-0.16291,-0.061574,-0.12868,-0.33703,-0.53681,-0.35854,-0.42299,-0.48805,-0.36607,-0.08477,-0.5368,-0.24291,-0.16429,-0.040921,-0.28266,-0.10575,-0.16058,0.083971,0,0.54568,0.073728,0.1307,-0.12231,-0.09895,0.1253,0.13392,-0.070684,-0.024598,0.098282,0.052428,0.12848,0.16147,0.067698,0.0059715,-0.2306,-0.31727,-0.37665,-0.16457,-0.43863,-0.33789,-0.26116,-0.26848,-0.34422,-0.32215,-0.46649,-0.43624,-0.23413,-0.23367,-0.19326,-0.22177,0.0029421,-0.20952,-0.44947,-0.59128,-0.54714,-0.49737,-0.34586,-0.15723,-0.0032618,-0.0074607,-0.090974,-0.42493,-0.354,-0.41475,-0.27074,-0.24811,-0.16714,-0.56334,-0.43178,-0.54416,-0.4698,-0.40954,-0.44099,-0.4499,-0.60955,-0.46625,-0.35494,-0.23938,-0.13771,-0.31764,-0.43179,-0.19301,-0.14773,-0.086826,-0.0087102,-0.090131,-0.041372,-0.03763,0.32368,-0.67097,-0.5462,-0.63631,-0.39112,-0.45739,-0.57443
0.070691,0.25872,-0.43808,-0.37967,0.091243,0.34188,0.065439,0.28695,-0.26453,0.16143,-0.2176,-0.048825,-0.2282,-0.41086,-0.38964,-0.23481,-0.25519,-0.33344,-0.35051,0.034071,-0.36881,-0.13798,-0.052276,0.32154,-0.20893,-0.0013657,-0.14168,0.17202,0.54568,0,-0.17295,-0.064357,-0.21951,-0.13014,-0.1585,-0.071149,-0.16562,-0.11294,-0.034252,0.096379,0.2213,0.39559,-0.23097,0.0036904,-0.51317,-0.60774,-0.23021,-0.14778,-0.29393,-0.39798,-0.34754,-0.38623,-0.24283,-0.12379,-0.37711,-0.32018,-0.18978,-0.20728,-0.20971,-0.22247,0.20431,-0.2245,-0.31733,-0.62543,-0.40348,-0.36448,-0.22941,-0.41637,-0.088366,-0.21482,-0.21174,-0.66259,-0.55774,-0.29398,-0.26986,-0.31078,-0.21455,-0.41509,-0.3862,-0.40833,-0.37779,-0.36213,-0.45611,-0.31678,-0.54685,-0.40765,-0.35019,-0.17821,-0.16167,-0.2761,-0.33635,-0.23266,-0.031746,-0.13731,-0.0067124,-0.077237,-0.055523,-0.10241,0.04573,-0.65789,-0.44925,-0.67637,-0.34172,-0.46596,-0.56593
-0.10618,-0.11106,-0.16417,-0.089979,-0.13716,-0.22104,0.19122,0.17593,-0.065846,-0.19846,0.035226,0.30277,-0.18333,-0.17343,-0.66654,-0.53965,-0.47567,-0.51268,-0.28503,0.029618,-0.69952,-0.27466,-0.25187,-0.30236,-0.03787,0.24333,-0.13592,-0.097112,0.073728,-0.17295,0,0.57982,-0.13599,-0.0040536,0.68167,0.51458,0.14271,0.12505,0.27932,0.31465,-0.29529,-0.019178,0.42365,0.074106,0.12365,0.11433,-0.54744,-0.14872,-0.82128,-0.52852,-0.16372,-0.17898,-0.73055,-0.58833,-0.49146,-0.61078,-0.31578,-0.20084,-0.096916,-0.1145,-0.084276,-0.59165,-0.5946,-0.42913,-0.48102,-0.59637,-0.4753,-0.026312,-0.29409,0.20657,-0.11483,0.088133,0.051891,-0.52428,-0.47777,-0.00095892,0.36398,-0.8196,-0.45657,-0.70832,-0.51925,-0.52116,-0.35848,-0.5286,-0.40008,-0.50735,-0.22049,-0.29422,-0.01997,-0.49457,-0.71661,-0.19894,-0.13766,-0.091337,0.030162,-0.29084,-0.25388,-0.10189,0.33657,-0.60312,-0.7415,-0.42937,-0.46881,-0.48429,-0.53584
-0.10517,-0.12405,-0.11078,-0.023544,-0.16953,-0.19775,0.33625,0.30601,-0.1831,-0.060187,-0.060063,0.10294,-0.089993,-0.056366,-0.92769,-0.7136,-0.30912,-0.45725,-0.19383,-0.048963,-0.94019,-0.55614,-0.29247,-0.40529,-0.22899,0.10762,-0.44173,-0.29244,0.1307,-0.064357,0.57982,0,-0.12871,0.1371,0.49308,0.59972,0.12338,0.31341,0.29568,0.2591,-0.36575,-0.16655,0.30962,0.016941,0.00029058,-0.037921,-0.37671,-0.088148,-0.86619,-0.40933,-0.086862,-0.32636,-0.74393,-0.63984,-0.5657,-0.69745,-0.45457,-0.16007,-0.068831,-0.23013,-0.17288,-0.72067,-0.64148,-0.47671,-0.47247,-0.40817,-0.31875,-0.16715,-0.18994,0.018772,-0.10976,-0.079852,-0.025535,-0.40724,-0.39096,-0.065483,0.36541,-0.65909,-0.29314,-0.68611,-0.33931,-0.38209,-0.25012,-0.38106,-0.31658,-0.39952,-0.1286,-0.2202,-0.027068,-0.50644,-0.664,-0.21104,-0.21625,-0.043275,-0.037529,-0.14445,-0.15889,-0.036926,0.34552,-0.62769,-0.82788,-0.51392,-0.52728,-0.4919,-0.6594
-0.30898,-0.58249,0.20726,0.19539,-0.34638,-0.57881,-0.2917,-0.41454,-0.41582,-0.42599,-0.06881,-0.42102,0.16744,-0.30177,-0.38063,-0.28102,-0.060136,-0.16597,0.034485,-0.026995,-0.66486,-0.3864,-0.16862,-0.32058,-0.49519,-0.2939,-0.21769,-0.15671,-0.12231,-0.21951,-0.13599,-0.12871,0,0.24036,0.052988,-0.02653,0.39869,0.13832,-0.093313,-0.17763,-0.42583,-0.40907,-0.07064,-0.40918,-0.26103,-0.15383,-0.17752,-0.068192,-0.55316,-0.063528,-0.18559,-0.36663,-0.48197,-0.64556,-0.29331,-0.71572,-0.61879,-0.071984,0.09866,-0.060347,-0.24984,-0.25823,-0.042556,-0.17329,-0.33809,-0.10781,0.015735,-0.31755,-0.047888,-0.39991,-0.56568,-0.32645,-0.36185,-0.18923,-0.11755,0.11647,-0.22012,0.0089136,0.071723,-0.036868,0.10179,-0.1206,-0.18009,0.21175,0.13156,0.13031,0.19873,-0.22296,-0.095935,-0.65414,-0.5345,-0.13359,-0.3726,0.0038575,-0.20184,0.26403,0.28444,0.087087,-0.060579,-0.38039,-0.3844,-0.0094657,0.029538,-0.33515,-0.26206
-0.16185,-0.378,0.13649,0.28928,-0.14451,-0.34678,0.058581,-0.049195,-0.0044314,-0.22011,0.2945,-0.17505,0.26101,0.020711,-0.47224,-0.38335,0.2908,0.024663,0.46402,0.24474,-0.69264,-0.399,0.07444,-0.37359,-0.17196,0.0093059,-0.2972,-0.21731,-0.09895,-0.13014,-0.0040536,0.1371,0.24036,0,0.040638,0.065018,0.4779,0.61876,0.29517,0.16649,-0.42031,-0.27634,-0.0015183,-0.23869,-0.083964,-0.14398,0.14871,0.39196,-0.65323,-0.077019,-0.015626,-0.43653,-0.45018,-0.53679,-0.36095,-0.63464,-0.43589,0.20777,0.38582,0.02045,-0.12117,-0.55432,-0.35211,-0.31431,-0.41373,0.11862,0.26758,-0.44524,-0.1853,-0.20896,-0.4172,-0.25056,-0.18642,0.10186,0.12514,0.26683,0.19935,-0.13569,0.22373,-0.12485,0.20548,-0.12143,-0.054528,0.1313,0.12042,0.21307,0.59943,0.22729,0.31675,-0.39614,-0.39059,-0.081399,-0.30017,-0.071251,-0.20285,0.079707,0.091875,-0.046755,0.016062,-0.53144,-0.56671,-0.26164,-0.29481,-0.31327,-0.37627
-0.082053,-0.20415,-0.20684,-0.15991,-0.20638,-0.35916,0.23912,0.074665,-0.21046,-0.25004,-0.062838,0.038001,-0.18204,-0.29661,-0.74563,-0.58465,-0.47109,-0.4787,-0.31093,-0.036722,-0.85194,-0.39264,-0.34627,-0.3616,-0.22909,0.095456,-0.26486,-0.19753,0.1253,-0.1585,0.68167,0.49308,0.052988,0.040638,0,0.73593,0.20192,0.19391,0.22468,0.1594,-0.32607,-0.17468,0.80001,0.09449,0.12556,0.14568,-0.52028,-0.11323,-0.92019,-0.55473,-0.28372,-0.22412,-0.85232,-0.84269,-0.6185,-0.73274,-0.4084,-0.12657,0.010737,-0.25284,-0.25986,-0.50095,-0.5588,-0.42046,-0.49776,-0.52156,-0.35277,-0.10877,-0.27813,0.053801,-0.16918,0.030373,0.010577,-0.50465,-0.36011,-0.085199,0.13302,-0.78089,-0.45897,-0.75859,-0.50718,-0.51426,-0.41804,-0.44494,-0.38521,-0.50791,-0.20988,-0.28651,-0.019956,-0.5719,-0.68621,-0.25706,-0.33623,-0.14095,-0.13929,-0.17513,-0.14188,-0.11477,0.35354,-0.68865,-0.76089,-0.41049,-0.39772,-0.61761,-0.72269
-0.13774,-0.052646,-0.24671,-0.18079,-0.26304,-0.17009,0.14408,0.29658,-0.26347,0.0093567,-0.14201,0.097824,-0.19963,-0.23837,-0.91208,-0.70364,-0.42306,-0.48641,-0.38021,-0.028136,-0.91031,-0.51956,-0.42636,-0.32222,-0.25959,0.12144,-0.40325,-0.28409,0.13392,-0.071149,0.51458,0.59972,-0.02653,0.065018,0.73593,0,0.09348,0.22378,0.12678,0.21554,-0.37297,-0.12665,0.43257,0.27037,0.040173,0.10625,-0.51048,-0.1588,-0.82749,-0.55976,-0.15769,-0.2731,-0.81892,-0.64144,-0.61291,-0.71004,-0.42107,-0.20809,-0.080404,-0.34323,-0.17753,-0.71952,-0.66128,-0.58292,-0.57521,-0.52461,-0.35793,-0.28102,-0.21737,-0.11232,-0.29608,-0.17808,-0.13359,-0.56881,-0.44097,-0.14657,0.20582,-0.78438,-0.48527,-0.81295,-0.49323,-0.43304,-0.40197,-0.48354,-0.45353,-0.55833,-0.26207,-0.35634,-0.11121,-0.67849,-0.75131,-0.40679,-0.25306,-0.11571,-0.075689,-0.13118,-0.077847,-0.1693,0.32367,-0.78477,-0.89354,-0.59802,-0.50536,-0.65722,-0.83941
-0.17688,-0.48667,0.30287,0.35953,-0.14102,-0.45757,0.035291,-0.12108,-0.016527,-0.30399,0.42036,-0.096037,0.079503,-0.21843,-0.4414,-0.31369,0.0020704,0.00097345,0.18594,0.30384,-0.74768,-0.28434,-0.00069013,-0.32094,-0.12525,0.11912,-0.076539,-0.07444,-0.070684,-0.16562,0.14271,0.12338,0.39869,0.4779,0.20192,0.09348,0,0.57277,0.3424,0.31882,-0.49583,-0.24093,0.0060949,-0.38079,-0.10256,-0.12467,0.02839,0.30963,-0.89911,-0.27483,-0.252,-0.32621,-0.53882,-0.67732,-0.3956,-0.9457,-0.61018,0.31661,0.47935,0.13314,-0.11949,-0.51648,-0.38307,-0.36822,-0.5085,-0.010548,0.13004,-0.28999,-0.27632,-0.092122,-0.33319,-0.16005,-0.14076,0.011841,-0.0011115,0.46097,0.20023,-0.22655,-0.034398,-0.12743,0.055436,-0.15336,-0.045047,0.12157,0.087371,0.072624,0.3622,0.12393,0.36134,-0.52645,-0.58137,0.060594,-0.27226,0.092151,-0.10943,0.093531,0.0789,0.013381,0.045941,-0.63099,-0.73231,-0.21623,-0.16243,-0.26498,-0.35341
-0.28527,-0.40463,0.063151,0.21035,-0.2396,-0.32903,0.10669,0.076655,-0.065395,-0.11316,0.19298,-0.079045,-0.056656,-0.20307,-0.65102,-0.51783,0.070052,-0.087421,0.14414,0.15391,-0.8412,-0.54446,-0.15184,-0.41924,-0.23061,0.053242,-0.36978,-0.30468,-0.024598,-0.11294,0.12505,0.31341,0.13832,0.61876,0.19391,0.22378,0.57277,0,0.21574,0.30197,-0.5566,-0.28573,0.076052,-0.24428,-0.13768,-0.19505,0.077411,0.26464,-0.80995,-0.29325,-0.18063,-0.36936,-0.72346,-0.74275,-0.63841,-1,-0.67084,0.16503,0.26789,-0.14462,-0.19029,-0.66681,-0.45868,-0.43492,-0.46609,0.041836,0.17997,-0.35277,-0.19972,-0.18518,-0.32184,-0.24215,-0.1852,0.022716,-0.00084995,0.11063,0.25962,-0.34159,-0.07141,-0.3039,0.030359,-0.11301,0.014871,-0.021314,-0.054855,-0.057426,0.23296,0.15096,0.19855,-0.62269,-0.66748,-0.21642,-0.41353,-0.17417,-0.28623,0.014667,-0.0024772,-0.13328,0.13725,-0.6348,-0.78914,-0.35333,-0.28887,-0.43741,-0.58095
0.26928,-0.15854,-0.031114,0.009858,0.21805,-0.26813,0.66438,0.12115,0.17186,-0.31654,0.49417,0.038669,0.10275,0.0089572,-0.52621,-0.43951,-0.1461,-0.092841,0.10878,0.25573,-0.68691,-0.19994,0.12679,-0.30799,0.0934,0.29049,-0.10072,-0.039163,0.098282,-0.034252,0.27932,0.29568,-0.093313,0.29517,0.22468,0.12678,0.3424,0.21574,0,0.45099,-0.19011,-0.06156,0.16248,-0.15521,0.14496,-0.016505,-0.1065,0.25826,-0.93883,-0.29721,-0.17844,-0.36943,-0.3478,-0.47636,-0.34121,-0.53431,-0.22366,0.26578,0.31552,0.090908,-0.11012,-0.56321,-0.71697,-0.48954,-0.65012,-0.19427,-0.08801,-0.32417,-0.47937,0.19387,-0.15037,-0.064611,0.03009,-0.082576,-0.026537,0.32954,0.35315,-0.4552,-0.12443,-0.3503,-0.19131,-0.436,-0.25587,-0.16806,-0.17559,-0.12215,0.14897,0.13429,0.43314,-0.15364,-0.30471,0.14154,-0.17176,0.11332,-0.027707,-0.094308,-0.088075,-0.069296,0.12656,-0.73184,-0.76888,-0.50413,-0.52345,-0.23733,-0.41114
-0.054382,-0.019571,-0.10309,-0.0026588,0.03086,0.028339,0.26329,0.46656,0.17669,0.048425,0.294,0.39,-0.24234,-0.26812,-0.49266,-0.36479,-0.15401,-0.14173,-0.10747,0.46003,-0.5619,-0.15844,0.043674,-0.04249,0.21441,0.77015,-0.037311,0.0044677,0.052428,0.096379,0.31465,0.2591,-0.17763,0.16649,0.1594,0.21554,0.31882,0.30197,0.45099,0,-0.24291,0.20866,-0.030889,-0.023312,-0.15669,-0.23456,-0.12037,0.20436,-0.77013,-0.5849,-0.27748,-0.25529,-0.50042,-0.36153,-0.41303,-0.62877,-0.31177,0.14578,0.17338,0.025956,0.16876,-0.71759,-0.69317,-0.66641,-0.54935,-0.25988,-0.11963,-0.41869,-0.48103,0.017152,-0.23622,-0.25057,-0.18816,-0.1686,-0.22144,0.12658,0.50347,-0.6058,-0.36379,-0.41242,-0.27165,-0.33952,-0.21355,-0.25113,-0.27223,-0.32175,-0.031862,0.062962,0.28459,-0.39008,-0.56318,-0.092572,-0.02754,-0.022106,0.06735,-0.1987,-0.1954,-0.22093,0.07558,-0.83682,-0.88446,-0.58352,-0.42014,-0.33877,-0.50682
0.11376,0.19235,-0.59383,-0.52905,0.21303,0.16246,-0.083499,-0.14622,-0.19144,-0.28645,-0.3119,-0.21176,-0.32044,-0.39743,-0.039265,-0.0084995,-0.42669,-0.44078,-0.37317,-0.28918,0.044132,0.16514,0.13126,0.22442,-0.058523,-0.23228,0.070502,0.11026,0.12848,0.2213,-0.29529,-0.36575,-0.42583,-0.42031,-0.32607,-0.37297,-0.49583,-0.5566,-0.19011,-0.24291,0,0.32725,-0.25767,-0.01134,-0.44104,-0.50914,-0.44342,-0.35289,0.023929,-0.27349,-0.33001,-0.066405,0.078319,0.1258,-0.068911,0.21807,0.40489,-0.36016,-0.40276,-0.096647,0.087233,0.15031,-0.23107,-0.27876,-0.18006,-0.57566,-0.50284,-0.34581,-0.3068,-0.1983,-0.18337,-0.46941,-0.53762,-0.47864,-0.32969,-0.43772,-0.47431,-0.45113,-0.44149,-0.35213,-0.51844,-0.3994,-0.43212,-0.44689,-0.47319,-0.4552,-0.45381,-0.33103,-0.33237,0.059998,-0.044546,-0.12057,0.026167,-0.28248,-0.11813,-0.31134,-0.30946,-0.27409,-0.27832,-0.26103,-0.016905,-0.34748,-0.16643,-0.16143,-0.20473
-0.018132,0.40453,-0.4544,-0.36294,0.062686,0.50855,-0.075573,0.26179,-0.038822,0.11627,-0.13429,0.32624,-0.39653,-0.4109,-0.19666,-0.054382,-0.36565,-0.4019,-0.41207,0.12864,-0.14757,0.21704,0.081624,0.65014,0.13195,0.23428,0.19191,0.42171,0.16147,0.39559,-0.019178,-0.16655,-0.40907,-0.27634,-0.17468,-0.12665,-0.24093,-0.28573,-0.06156,0.20866,0.32725,0,-0.25097,0.11831,-0.4383,-0.49749,-0.41393,-0.21742,-0.20464,-0.55548,-0.31079,-0.16326,-0.19788,0.082983,-0.173,-0.10659,0.079888,-0.27541,-0.3032,-0.018699,0.58701,-0.26454,-0.36436,-0.51852,-0.3259,-0.59831,-0.4786,-0.32125,-0.29207,-0.11142,-0.2414,-0.48242,-0.50135,-0.46062,-0.4719,-0.26282,-0.071214,-0.61757,-0.57005,-0.46975,-0.5728,-0.44638,-0.45501,-0.50388,-0.55449,-0.55789,-0.44013,-0.26398,-0.16167,-0.19215,-0.33638,-0.16886,0.31824,-0.20895,0.1086,-0.35327,-0.31202,-0.20044,-0.076459,-0.55387,-0.36462,-0.5474,-0.32862,-0.33869,-0.39704
-0.0075115,-0.18963,-0.36677,-0.29519,-0.17977,-0.42129,0.27445,-0.030729,-0.1559,-0.37272,-0.074679,-0.067778,-0.14942,-0.20238,-0.67057,-0.59987,-0.46248,-0.44928,-0.26367,-0.13633,-0.72988,-0.37401,-0.34219,-0.45206,-0.24837,-0.050634,-0.33934,-0.25092,0.067698,-0.23097,0.42365,0.30962,-0.07064,-0.0015183,0.80001,0.43257,0.0060949,0.076052,0.16248,-0.030889,-0.25767,-0.25097,0,0.14871,0.28097,0.26363,-0.51938,-0.18276,-0.7493,-0.435,-0.25503,-0.27042,-0.69227,-0.78355,-0.59545,-0.51623,-0.24156,-0.15495,-0.049195,-0.32578,-0.36841,-0.37643,-0.51192,-0.29414,-0.456,-0.45926,-0.35476,-0.11579,-0.30591,0.079685,-0.18576,0.11951,0.086237,-0.43674,-0.24969,-0.17056,0.039468,-0.76818,-0.40761,-0.81898,-0.54291,-0.65281,-0.46714,-0.51048,-0.43872,-0.49546,-0.22403,-0.28099,-0.086368,-0.39709,-0.45391,-0.30091,-0.43361,-0.29951,-0.32822,-0.22117,-0.18891,-0.16297,0.32958,-0.58145,-0.58761,-0.38769,-0.46166,-0.65913,-0.7404
